name	cpu_time	wall_time	tot_en	cutoff
Ethybenzene	8.39	8.61	-107.11846264	30
Ethybenzene	12.69	12.98	-107.52928892	35
Ethybenzene	17.28	17.61	-107.78946916	40
Ethybenzene	23.12	23.52	-107.94785531	45
Ethybenzene	24.33	24.87	-108.04773436	50
Ethybenzene	25.32	25.76	-108.10192648	55
Ethybenzene	31.47	32.0	-108.13059758	60
Ethybenzene	40.93	41.53	-108.14605356	65
Ethybenzene	48.61	49.35	-108.15370625	70
Ethybenzene	53.77	54.74	-108.15716173	75
Ethybenzene	52.12	53.0	-108.15859784	80
Ethybenzene	60.3	61.27	-108.15903114	85
Ethybenzene	63.45	64.53	-108.15913611	90
Ethybenzene	71.84	73.02	-108.15915574	95
Ozon	5.7	5.94	-97.10359771	30
Ozon	8.27	8.52	-97.73131208	35
Ozon	12.12	12.49	-98.11983341	40
Ozon	22.58	23.21	-98.35528901	45
Ozon	27.23	28.01	-98.50332505	50
Ozon	29.56	30.25	-98.57934876	55
Ozon	24.45	25.15	-98.61575374	60
Ozon	30.2	30.9	-98.63254170	65
Ozon	44.41	45.37	-98.63917239	70
Ozon	43.56	44.97	-98.64148848	75
Ozon	44.09	45.24	-98.64225228	80
Ozon	65.44	67.25	-98.64243664	85
Ozon	43.46	44.61	-98.64247428	90
Ozon	65.18	66.87	-98.64248825	95
Boron_nitride	16.98	17.86	0	30
Boron_nitride	22.78	23.62	0	35
Boron_nitride	29.9	31.19	-26.03927536	40
Boron_nitride	40.1	41.35	0	45
Boron_nitride	44.47	46.27	0	50
Boron_nitride	46.97	48.72	0	55
Boron_nitride	54.22	55.82	0	60
Boron_nitride	79.14	81.72	0	65
Boron_nitride	75.99	78.36	0	70
Boron_nitride	85.53999999999999	88.59	0	75
Boron_nitride	91.65	94.89	0	80
Boron_nitride	97.46000000000001	101.42	0	85
Boron_nitride	115.92	119.25999999999999	0	90
Boron_nitride	110.11	113.44	0	95
Buthane	5.36	5.5	-59.50352211	30
Buthane	6.46	6.65	-59.73355137	35
Buthane	9.72	10.01	-59.87315086	40
Buthane	15.68	16.08	-59.95305971	45
Buthane	15.64	16.05	-60.00320566	50
Buthane	17.2	17.64	-60.03180484	55
Buthane	18.77	19.24	-60.04798785	60
Buthane	25.71	26.36	-60.05703485	65
Buthane	23.5	24.06	-60.06137245	70
Buthane	27.89	28.68	-60.06319962	75
Buthane	31.77	32.52	-60.06390776	80
Buthane	34.0	34.69	-60.06411577	85
Buthane	37.52	38.34	-60.06416696	90
Buthane	37.85	38.68	-60.06417999	95
Tuloene	8.05	8.28	-92.83755920	30
Tuloene	9.62	9.86	-93.18729460	35
Tuloene	12.41	12.69	-93.41298146	40
Tuloene	16.5	16.89	-93.55132498	45
Tuloene	19.38	19.79	-93.63896312	50
Tuloene	22.95	23.39	-93.68632556	55
Tuloene	23.55	24.0	-93.71112907	60
Tuloene	32.82	33.47	-93.72429698	65
Tuloene	36.8	37.51	-93.73083187	70
Tuloene	38.86	39.56	-93.73381698	75
Tuloene	44.92	45.71	-93.73506993	80
Tuloene	42.76	43.66	-93.73545037	85
Tuloene	51.15	52.05	-93.73554166	90
Tuloene	54.57	55.48	-93.73555791	95
Phenol	9.08	9.39	-111.04872298	30
Phenol	10.77	11.05	-111.56879537	35
Phenol	13.93	14.22	-111.89879453	40
Phenol	17.89	18.27	-112.09755450	45
Phenol	21.74	22.23	-112.22159183	50
Phenol	23.12	23.62	-112.28709160	55
Phenol	26.9	27.49	-112.31964990	60
Phenol	34.91	35.67	-112.33611627	65
Phenol	35.76	36.43	-112.34383121	70
Phenol	42.19	42.97	-112.34719130	75
Phenol	45.62	46.47	-112.34854698	80
Phenol	46.19	46.99	-112.34894173	85
Phenol	54.49	55.44	-112.34903448	90
Phenol	57.94	58.98	-112.34905214	95
Pyridine	6.48	6.67	-85.88210298	30
Pyridine	8.94	9.18	-86.24516896	35
Pyridine	11.51	11.83	-86.47721084	40
Pyridine	16.53	16.91	-86.62029694	45
Pyridine	17.05	17.52	-86.71031403	50
Pyridine	18.17	18.53	-86.75803256	55
Pyridine	21.41	21.86	-86.78213096	60
Pyridine	27.33	27.91	-86.79420545	65
Pyridine	33.58	34.21	-86.79986502	70
Pyridine	32.02	32.71	-86.80234836	75
Pyridine	37.79	38.61	-86.80335280	80
Pyridine	39.53	40.35	-86.80364376	85
Pyridine	45.63	46.55	-86.80371161	90
Pyridine	45.37	46.29	-86.80372767	95
Tetracarbon	5.79	6.02	-46.90980470	30
Tetracarbon	9.87	10.22	-47.08680050	35
Tetracarbon	11.4	11.79	-47.20537545	40
Tetracarbon	15.25	15.73	-47.27729433	45
Tetracarbon	17.63	18.21	-47.32046737	50
Tetracarbon	24.89	25.51	-47.34232329	55
Tetracarbon	18.76	19.36	-47.35328569	60
Tetracarbon	25.98	26.78	-47.35941042	65
Tetracarbon	36.36	37.31	-47.36260741	70
Tetracarbon	38.92	40.18	-47.36413865	75
Tetracarbon	37.44	38.44	-47.36479067	80
Tetracarbon	36.45	37.3	-47.36498956	85
Tetracarbon	43.1	44.24	-47.36503788	90
Tetracarbon	45.76	47.01	-47.36504520	95
Phosphorus_dimer	5.73	5.95	-27.57234046	30
Phosphorus_dimer	4.63	4.84	-27.57286464	35
Phosphorus_dimer	6.45	6.71	-27.57293903	40
Phosphorus_dimer	15.89	16.39	-27.57295189	45
Phosphorus_dimer	12.65	13.16	-27.57295565	50
Phosphorus_dimer	15.93	16.38	-27.57295926	55
Phosphorus_dimer	15.67	16.23	-27.57296555	60
Phosphorus_dimer	18.9	19.57	-27.57297259	65
Phosphorus_dimer	14.13	14.61	-27.57297676	70
Phosphorus_dimer	19.57	20.38	-27.57297830	75
Phosphorus_dimer	24.02	24.94	-27.57298006	80
Phosphorus_dimer	31.33	32.47	-27.57298399	85
Phosphorus_dimer	27.41	28.26	-27.57299051	90
Phosphorus_dimer	25.3	26.14	-27.57299809	95
Silver_dimer	5.67	5.84	-614.67431765	30
Silver_dimer	7.29	7.5	-617.03335076	35
Silver_dimer	10.14	10.42	-618.31887727	40
Silver_dimer	13.54	13.84	-618.99399853	45
Silver_dimer	13.46	13.77	-619.36807849	50
Silver_dimer	14.81	15.19	-619.54528818	55
Silver_dimer	16.73	17.13	-619.62569711	60
Silver_dimer	22.51	23.02	-619.66139113	65
Silver_dimer	26.53	27.06	-619.67501979	70
Silver_dimer	28.45	29.06	-619.67956066	75
Silver_dimer	31.02	31.69	-619.68086497	80
Silver_dimer	32.16	32.94	-619.68109963	85
Silver_dimer	48.0	48.91	-619.68111986	90
Silver_dimer	51.82	52.82	-619.68112278	95
Copper_dimer	19.54	19.98	-730.36075140	30
Copper_dimer	15.61	16.02	-741.74434043	35
Copper_dimer	14.91	15.29	-748.76927782	40
Copper_dimer	16.95	17.37	-752.90661714	45
Copper_dimer	18.7	19.13	-755.44353652	50
Copper_dimer	19.73	20.22	-756.74645480	55
Copper_dimer	21.66	22.19	-757.37456344	60
Copper_dimer	26.53	27.07	-757.66664394	65
Copper_dimer	32.31	32.94	-757.78305800	70
Copper_dimer	30.79	31.42	-757.82374173	75
Copper_dimer	33.86	34.58	-757.83657642	80
Copper_dimer	37.71	38.48	-757.83947831	85
Copper_dimer	41.07	41.95	-757.83998464	90
Copper_dimer	39.9	40.8	-757.84002892	95
Carbon_dioxide	4.28	4.51	-76.94734489	30
Carbon_dioxide	7.52	7.73	-77.47348146	35
Carbon_dioxide	9.24	9.57	-77.78121248	40
Carbon_dioxide	15.04	15.51	-77.95423581	45
Carbon_dioxide	14.53	14.95	-78.05969066	50
Carbon_dioxide	14.44	14.85	-78.11543799	55
Carbon_dioxide	19.42	20.0	-78.14321939	60
Carbon_dioxide	23.85	24.57	-78.15674068	65
Carbon_dioxide	24.22	24.92	-78.16220748	70
Carbon_dioxide	26.8	27.79	-78.16413322	75
Carbon_dioxide	30.22	31.04	-78.16475493	80
Carbon_dioxide	31.31	32.22	-78.16490098	85
Carbon_dioxide	35.05	36.0	-78.16492347	90
Carbon_dioxide	37.56	38.64	-78.16493476	95
Beryllium_monoxide	7.54	7.87	-59.10220101	30
Beryllium_monoxide	10.37	10.78	-59.80502955	35
Beryllium_monoxide	17.77	18.46	-60.21553415	40
Beryllium_monoxide	17.94	18.55	-60.44524320	45
Beryllium_monoxide	20.17	20.92	-60.58208653	50
Beryllium_monoxide	19.09	19.82	-60.65114912	55
Beryllium_monoxide	24.05	24.92	-60.68442475	60
Beryllium_monoxide	36.29	37.43	-60.70002964	65
Beryllium_monoxide	38.03	39.15	-60.70626722	70
Beryllium_monoxide	39.65	41.01	-60.70844990	75
Beryllium_monoxide	35.61	36.74	-60.70917125	80
Beryllium_monoxide	39.15	40.4	-60.70934162	85
Beryllium_monoxide	61.36	63.14	-60.70936897	90
Beryllium_monoxide	48.69	50.1	-60.70937824	95
Magnesium_monoxide	7.98	8.33	-147.08394905	30
Magnesium_monoxide	11.57	12.0	-149.08067025	35
Magnesium_monoxide	13.5	13.99	-150.25805624	40
Magnesium_monoxide	22.09	22.82	-150.90944450	45
Magnesium_monoxide	32.01	33.01	-151.28039183	50
Magnesium_monoxide	26.58	27.44	-151.45589341	55
Magnesium_monoxide	27.21	28.18	-151.53384211	60
Magnesium_monoxide	43.83	45.17	-151.56675877	65
Magnesium_monoxide	45.09	46.28	-151.57840643	70
Magnesium_monoxide	51.0	52.36	-151.58181617	75
Magnesium_monoxide	73.55	75.81	-151.58264949	80
Magnesium_monoxide	56.11	57.68	-151.58276905	85
Magnesium_monoxide	45.67	46.82	-151.58277941	90
Magnesium_monoxide	68.9	70.6	-151.58279092	95
Borane	2.66	2.82	-9.26463021	30
Borane	3.83	4.0	-9.28193219	35
Borane	6.07	6.3	-9.29284422	40
Borane	7.81	8.2	-9.29992028	45
Borane	9.01	9.41	-9.30461866	50
Borane	9.25	9.65	-9.30720064	55
Borane	9.49	9.95	-9.30851535	60
Borane	13.33	13.85	-9.30915590	65
Borane	13.65	14.13	-9.30943556	70
Borane	16.82	17.46	-9.30954631	75
Borane	18.25	18.94	-9.30958489	80
Borane	15.37	16.03	-9.30959300	85
Borane	20.54	21.34	-9.30959442	90
Borane	19.36	20.15	-9.30959745	95
Hydrogen	9999.0	9999.0	0	30
Hydrogen	9999.0	9999.0	0	35
Hydrogen	9999.0	9999.0	0	40
Hydrogen	9999.0	9999.0	0	45
Hydrogen	9999.0	9999.0	0	50
Hydrogen	9999.0	9999.0	0	55
Hydrogen	9999.0	9999.0	0	60
Hydrogen	9999.0	9999.0	0	65
Hydrogen	9999.0	9999.0	0	70
Hydrogen	9999.0	9999.0	0	75
Hydrogen	9999.0	9999.0	0	80
Hydrogen	9999.0	9999.0	0	85
Hydrogen	9999.0	9999.0	0	90
Hydrogen	9999.0	9999.0	0	95
Fluoroborane	4.2	4.38	-53.99532130	30
Fluoroborane	4.0	4.18	-54.44760570	35
Fluoroborane	5.28	5.55	-54.72525402	40
Fluoroborane	13.33	13.81	-54.88740106	45
Fluoroborane	11.67	12.14	-54.98485732	50
Fluoroborane	12.98	13.45	-55.03336124	55
Fluoroborane	13.47	13.95	-55.05571080	60
Fluoroborane	16.29	16.76	-55.06547937	65
Fluoroborane	21.25	21.98	-55.06904673	70
Fluoroborane	22.84	23.7	-55.07013725	75
Fluoroborane	18.84	19.58	-55.07040427	80
Fluoroborane	21.79	22.57	-55.07043706	85
Fluoroborane	31.44	32.41	-55.07044085	90
Fluoroborane	29.85	30.81	-55.07045038	95
Lithium_dimer	2.55	2.7	-28.06442178	30
Lithium_dimer	3.46	3.59	-28.36431609	35
Lithium_dimer	5.73	5.92	-28.51675206	40
Lithium_dimer	7.04	7.33	-28.58927303	45
Lithium_dimer	7.51	7.86	-28.62453899	50
Lithium_dimer	7.98	8.3	-28.63863689	55
Lithium_dimer	10.1	10.45	-28.64386832	60
Lithium_dimer	13.59	14.09	-28.64565987	65
Lithium_dimer	16.04	16.51	-28.64613730	70
Lithium_dimer	17.92	18.57	-28.64622641	75
Lithium_dimer	19.4	20.1	-28.64623613	80
Lithium_dimer	17.47	18.21	-28.64623992	85
Lithium_dimer	25.11	25.9	-28.64624581	90
Lithium_dimer	23.34	24.12	-28.64625080	95
Pentasilane	8.81	8.98	-54.83904701	30
Pentasilane	10.21	10.43	-54.88368583	35
Pentasilane	11.99	12.26	-54.90965512	40
Pentasilane	22.56	23.07	-54.92450181	45
Pentasilane	21.95	22.4	-54.93369075	50
Pentasilane	21.64	22.1	-54.93875330	55
Pentasilane	22.32	22.68	-54.94150656	60
Pentasilane	34.27	34.92	-54.94302022	65
Pentasilane	40.53	41.18	-54.94376839	70
Pentasilane	35.61	36.3	-54.94410625	75
Pentasilane	39.31	40.13	-54.94425216	80
Pentasilane	42.0	42.77	-54.94430434	85
Pentasilane	51.67	52.78	-54.94432437	90
Pentasilane	51.1	52.13	-54.94433944	95
Disilane	4.25	4.39	-23.86447335	30
Disilane	4.88	5.04	-23.88221693	35
Disilane	5.9	6.1	-23.89265938	40
Disilane	8.15	8.41	-23.89870834	45
Disilane	9.65	10.03	-23.90247106	50
Disilane	10.23	10.55	-23.90452922	55
Disilane	12.06	12.48	-23.90563909	60
Disilane	16.03	16.57	-23.90624383	65
Disilane	16.51	17.05	-23.90653422	70
Disilane	18.69	19.36	-23.90665871	75
Disilane	19.81	20.4	-23.90670775	80
Disilane	21.63	22.23	-23.90672180	85
Disilane	24.72	25.49	-23.90672547	90
Disilane	25.97	26.76	-23.90672861	95
Carbon_oxyselenide	5.77	6.0	-271.88495322	30
Carbon_oxyselenide	7.67	7.88	-278.68693244	35
Carbon_oxyselenide	12.6	12.98	-282.87164739	40
Carbon_oxyselenide	14.99	15.37	-285.21948911	45
Carbon_oxyselenide	21.23	21.8	-286.53023139	50
Carbon_oxyselenide	27.32	28.0	-287.11204034	55
Carbon_oxyselenide	26.03	26.59	-287.34375103	60
Carbon_oxyselenide	34.06	34.8	-287.42901718	65
Carbon_oxyselenide	34.32	35.14	-287.45460024	70
Carbon_oxyselenide	35.07	36.18	-287.46097167	75
Carbon_oxyselenide	43.83	44.9	-287.46230570	80
Carbon_oxyselenide	42.4	43.35	-287.46249367	85
Carbon_oxyselenide	51.97	53.2	-287.46251551	90
Carbon_oxyselenide	46.51	47.52	-287.46252993	95
Gallium_monochloride	5.24	5.42	-176.91703273	30
Gallium_monochloride	5.64	5.83	-180.87768294	35
Gallium_monochloride	7.24	7.48	-183.29916068	40
Gallium_monochloride	11.26	11.61	-184.62650465	45
Gallium_monochloride	12.04	12.39	-185.33266026	50
Gallium_monochloride	11.65	11.99	-185.62487327	55
Gallium_monochloride	14.76	15.2	-185.73138710	60
Gallium_monochloride	17.95	18.46	-185.76631633	65
Gallium_monochloride	19.57	20.1	-185.77524213	70
Gallium_monochloride	22.21	22.97	-185.77697497	75
Gallium_monochloride	24.35	25.11	-185.77720554	80
Gallium_monochloride	24.51	25.12	-185.77722107	85
Gallium_monochloride	30.8	31.65	-185.77722834	90
Gallium_monochloride	32.07	32.96	-185.77723329	95
Phosphorus_mononitride	7.5	7.76	-34.16573372	30
Phosphorus_mononitride	10.89	11.27	-34.28589436	35
Phosphorus_mononitride	14.75	15.34	-34.35965648	40
Phosphorus_mononitride	20.37	21.1	-34.40210147	45
Phosphorus_mononitride	18.67	19.38	-34.42747072	50
Phosphorus_mononitride	25.01	26.04	-34.44037723	55
Phosphorus_mononitride	25.13	25.84	-34.44663437	60
Phosphorus_mononitride	28.55	29.43	-34.44957673	65
Phosphorus_mononitride	39.97	40.88	-34.45075424	70
Phosphorus_mononitride	35.8	36.94	-34.45115476	75
Phosphorus_mononitride	36.21	37.55	-34.45126804	80
Phosphorus_mononitride	41.5	42.78	-34.45128769	85
Phosphorus_mononitride	53.24	54.68	-34.45129388	90
Phosphorus_mononitride	48.25	49.65	-34.45130333	95
Diborane6	3.5	3.65	-18.68621242	30
Diborane6	4.16	4.31	-18.72309061	35
Diborane6	5.4	5.64	-18.74671706	40
Diborane6	7.54	7.81	-18.76147203	45
Diborane6	8.3	8.66	-18.77084454	50
Diborane6	9.08	9.49	-18.77580080	55
Diborane6	10.78	11.12	-18.77832230	60
Diborane6	13.26	13.75	-18.77959407	65
Diborane6	14.38	14.86	-18.78017174	70
Diborane6	17.57	18.15	-18.78040946	75
Diborane6	16.49	17.11	-18.78049225	80
Diborane6	19.4	20.07	-18.78050958	85
Diborane6	20.91	21.56	-18.78051250	90
Diborane6	21.46	22.14	-18.78051880	95
Arsenic_dimer	5.28	5.47	-394.52554614	30
Arsenic_dimer	8.33	8.61	-406.90932474	35
Arsenic_dimer	13.02	13.38	-414.76499319	40
Arsenic_dimer	14.62	14.96	-419.32825786	45
Arsenic_dimer	15.09	15.54	-421.99444851	50
Arsenic_dimer	19.94	20.51	-423.24291658	55
Arsenic_dimer	19.15	19.69	-423.76479044	60
Arsenic_dimer	24.56	25.1	-423.96229802	65
Arsenic_dimer	20.51	20.93	-424.02119637	70
Arsenic_dimer	29.27	29.93	-424.03479471	75
Arsenic_dimer	25.9	26.56	-424.03700874	80
Arsenic_dimer	34.77	35.61	-424.03714114	85
Arsenic_dimer	32.89	33.63	-424.03717211	90
Arsenic_dimer	35.92	36.75	-424.03721536	95
Sodium_dimer	3.72	3.89	-177.39668481	30
Sodium_dimer	5.2	5.37	-179.77294697	35
Sodium_dimer	6.66	6.9	-181.17638310	40
Sodium_dimer	7.12	7.33	-181.95248353	45
Sodium_dimer	7.72	8.04	-182.39356505	50
Sodium_dimer	9.09	9.39	-182.60162148	55
Sodium_dimer	8.69	9.01	-182.69306360	60
Sodium_dimer	12.19	12.58	-182.73112409	65
Sodium_dimer	12.77	13.11	-182.74426883	70
Sodium_dimer	14.55	14.98	-182.74800514	75
Sodium_dimer	17.27	17.81	-182.74882322	80
Sodium_dimer	19.01	19.59	-182.74890745	85
Sodium_dimer	18.4	18.9	-182.74888375	90
Sodium_dimer	20.35	20.91	-182.74890164	95
Dipotassium	5.31	5.51	-119.93501578	30
Dipotassium	5.01	5.16	-120.03990146	35
Dipotassium	6.72	6.92	-120.09422434	40
Dipotassium	8.91	9.21	-120.12083515	45
Dipotassium	9.8	10.16	-120.13422531	50
Dipotassium	10.27	10.62	-120.13975005	55
Dipotassium	13.64	14.11	-120.14183511	60
Dipotassium	17.05	17.49	-120.14255054	65
Dipotassium	18.74	19.25	-120.14273631	70
Dipotassium	19.19	19.76	-120.14276974	75
Dipotassium	20.03	20.66	-120.14277563	80
Dipotassium	22.28	22.86	-120.14278087	85
Dipotassium	25.76	26.47	-120.14278641	90
Dipotassium	34.54	35.4	-120.14278990	95
Dirubidium	3.87	4.06	-108.22042304	30
Dirubidium	5.1	5.28	-108.24485487	35
Dirubidium	6.68	6.91	-108.24994493	40
Dirubidium	9.73	10.01	-108.25058189	45
Dirubidium	10.78	11.18	-108.25061516	50
Dirubidium	15.26	15.68	-108.25065362	55
Dirubidium	11.66	12.1	-108.25068689	60
Dirubidium	20.11	20.66	-108.25069774	65
Dirubidium	18.56	19.08	-108.25070240	70
Dirubidium	21.55	22.25	-108.25071443	75
Dirubidium	21.46	22.09	-108.25073242	80
Dirubidium	21.91	22.59	-108.25074635	85
Dirubidium	28.78	29.56	-108.25075357	90
Dirubidium	27.85	28.63	-108.25075609	95
Hydrazene	3.65	3.78	-45.52723703	30
Hydrazene	4.69	4.84	-45.79223782	35
Hydrazene	6.29	6.48	-45.95264112	40
Hydrazene	8.59	8.85	-46.04487059	45
Hydrazene	9.33	9.67	-46.09867733	50
Hydrazene	9.29	9.66	-46.12565782	55
Hydrazene	11.4	11.8	-46.13882553	60
Hydrazene	15.56	16.02	-46.14521880	65
Hydrazene	16.01	16.51	-46.14788337	70
Hydrazene	18.99	19.64	-46.14880879	75
Hydrazene	19.22	19.84	-46.14906634	80
Hydrazene	20.65	21.21	-46.14910506	85
Hydrazene	21.41	22.08	-46.14911101	90
Hydrazene	24.78	25.54	-46.14912359	95
Hexafluorobenzene	14.79	15.06	-360.77090339	30
Hexafluorobenzene	18.52	18.77	-363.69535470	35
Hexafluorobenzene	21.25	21.55	-365.53705962	40
Hexafluorobenzene	33.35	33.79	-366.62245588	45
Hexafluorobenzene	35.75	36.22	-367.27245844	50
Hexafluorobenzene	39.25	39.78	-367.59905348	55
Hexafluorobenzene	40.77	41.26	-367.74967423	60
Hexafluorobenzene	60.79	61.48	-367.81638765	65
Hexafluorobenzene	61.19	61.83	-367.84202647	70
Hexafluorobenzene	65.36	66.33	-367.85084585	75
Hexafluorobenzene	83.35	84.32	-367.85351550	80
Hexafluorobenzene	73.14	74.03	-367.85404395	85
Hexafluorobenzene	85.11	86.13	-367.85414190	90
Hexafluorobenzene	94.12	95.16	-367.85420165	95
Sodium_tetramer	8.23	8.52	-354.76762337	30
Sodium_tetramer	25.59	26.19	-359.52396370	35
Sodium_tetramer	16.52	16.9	-362.33415241	40
Sodium_tetramer	19.06	19.53	-363.88800650	45
Sodium_tetramer	17.41	17.89	-364.77108540	50
Sodium_tetramer	23.42	24.02	-365.18776089	55
Sodium_tetramer	31.72	32.37	-365.37087487	60
Sodium_tetramer	37.9	38.67	-365.44732553	65
Sodium_tetramer	39.22	39.91	-365.47373635	70
Sodium_tetramer	43.65	44.53	-365.48120048	75
Sodium_tetramer	51.72	52.84	-365.48285469	80
Sodium_tetramer	47.64	48.67	-365.48302687	85
Sodium_tetramer	55.83	56.9	-365.48304173	90
Sodium_tetramer	48.56	49.57	-365.48307864	95
Sodium_hexamer	8.19	8.38	-532.22581723	30
Sodium_hexamer	10.76	10.99	-539.35668556	35
Sodium_hexamer	16.91	17.19	-543.56941376	40
Sodium_hexamer	19.54	19.92	-545.89839611	45
Sodium_hexamer	21.39	21.84	-547.22160990	50
Sodium_hexamer	21.54	21.98	-547.84592317	55
Sodium_hexamer	25.9	26.33	-548.12041426	60
Sodium_hexamer	35.7	36.32	-548.23493954	65
Sodium_hexamer	38.47	38.97	-548.27453348	70
Sodium_hexamer	43.05	43.85	-548.28575281	75
Sodium_hexamer	44.88	45.68	-548.28823041	80
Sodium_hexamer	47.13	47.85	-548.28848781	85
Sodium_hexamer	55.33	56.08	-548.28856041	90
Sodium_hexamer	60.23	61.26	-548.28861674	95
Carbon_oxysulfide	6.75	7.05	-66.48292876	30
Carbon_oxysulfide	7.07	7.31	-66.76962554	35
Carbon_oxysulfide	9.0	9.32	-66.93659449	40
Carbon_oxysulfide	14.38	14.81	-67.03062667	45
Carbon_oxysulfide	18.58	19.27	-67.08878412	50
Carbon_oxysulfide	17.25	17.78	-67.11945752	55
Carbon_oxysulfide	16.41	16.88	-67.13498076	60
Carbon_oxysulfide	23.4	23.97	-67.14264809	65
Carbon_oxysulfide	31.72	32.51	-67.14581179	70
Carbon_oxysulfide	28.87	29.87	-67.14696670	75
Carbon_oxysulfide	32.37	33.3	-67.14735790	80
Carbon_oxysulfide	33.25	34.13	-67.14745730	85
Carbon_oxysulfide	36.36	37.31	-67.14747636	90
Carbon_oxysulfide	42.71	43.84	-67.14748445	95
Formaldehyde	3.75	3.92	-46.71867218	30
Formaldehyde	4.75	4.97	-47.00058406	35
Formaldehyde	7.75	8.05	-47.16627571	40
Formaldehyde	8.1	8.43	-47.26239311	45
Formaldehyde	13.52	14.08	-47.32307167	50
Formaldehyde	13.14	13.58	-47.35542921	55
Formaldehyde	14.64	15.2	-47.37181089	60
Formaldehyde	18.6	19.15	-47.37977586	65
Formaldehyde	20.31	20.89	-47.38304786	70
Formaldehyde	23.75	24.53	-47.38423596	75
Formaldehyde	26.74	27.58	-47.38463655	80
Formaldehyde	26.05	26.78	-47.38473801	85
Formaldehyde	27.3	28.13	-47.38476179	90
Formaldehyde	31.42	32.38	-47.38476856	95
Carbon_tetraiodide	7.42	7.6	-115.25408890	30
Carbon_tetraiodide	9.1	9.3	-115.30339147	35
Carbon_tetraiodide	11.6	11.89	-115.33169584	40
Carbon_tetraiodide	17.57	17.99	-115.35106936	45
Carbon_tetraiodide	19.84	20.32	-115.36603126	50
Carbon_tetraiodide	20.79	21.19	-115.37534022	55
Carbon_tetraiodide	24.23	24.71	-115.38056332	60
Carbon_tetraiodide	33.54	34.2	-115.38322874	65
Carbon_tetraiodide	33.41	33.96	-115.38430971	70
Carbon_tetraiodide	37.85	38.55	-115.38474589	75
Carbon_tetraiodide	38.61	39.42	-115.38497874	80
Carbon_tetraiodide	42.24	43.11	-115.38510729	85
Carbon_tetraiodide	46.46	47.38	-115.38518156	90
Carbon_tetraiodide	51.48	52.47	-115.38521677	95
Cyclopentadiene	6.26	6.46	-66.56018169	30
Cyclopentadiene	7.43	7.6	-66.81996863	35
Cyclopentadiene	8.92	9.14	-66.98336153	40
Cyclopentadiene	12.26	12.58	-67.08133186	45
Cyclopentadiene	14.06	14.42	-67.14202157	50
Cyclopentadiene	17.69	18.1	-67.17568752	55
Cyclopentadiene	17.91	18.36	-67.19386130	60
Cyclopentadiene	23.58	24.09	-67.20374225	65
Cyclopentadiene	26.39	26.89	-67.20856384	70
Cyclopentadiene	27.95	28.62	-67.21070296	75
Cyclopentadiene	31.2	31.88	-67.21158340	80
Cyclopentadiene	33.48	34.2	-67.21185067	85
Cyclopentadiene	36.95	37.8	-67.21191578	90
Cyclopentadiene	43.37	44.26	-67.21192812	95
Copper_cyanide	10.18	10.48	-397.45211742	30
Copper_cyanide	12.9	13.26	-403.31611300	35
Copper_cyanide	23.2	23.76	-406.94044832	40
Copper_cyanide	19.11	19.61	-409.06929019	45
Copper_cyanide	23.94	24.59	-410.37616347	50
Copper_cyanide	26.12	26.83	-411.05028281	55
Copper_cyanide	32.6	33.5	-411.37648384	60
Copper_cyanide	33.04	33.68	-411.52842555	65
Copper_cyanide	42.19	43.09	-411.58896320	70
Copper_cyanide	38.96	40.05	-411.61015725	75
Copper_cyanide	44.23	45.17	-411.61687654	80
Copper_cyanide	56.55	57.68	-411.61840327	85
Copper_cyanide	50.32	51.42	-411.61867291	90
Copper_cyanide	63.58	64.95	-411.61870166	95
Carbon_tetrabromide	7.26	7.49	-137.70201755	30
Carbon_tetrabromide	9.77	10.02	-137.76591096	35
Carbon_tetrabromide	12.62	12.89	-137.79644632	40
Carbon_tetrabromide	15.62	15.95	-137.81274043	45
Carbon_tetrabromide	17.57	18.02	-137.82292613	50
Carbon_tetrabromide	19.83	20.22	-137.82856001	55
Carbon_tetrabromide	30.71	31.34	-137.83162391	60
Carbon_tetrabromide	29.1	29.68	-137.83330124	65
Carbon_tetrabromide	29.93	30.43	-137.83412002	70
Carbon_tetrabromide	33.91	34.58	-137.83449045	75
Carbon_tetrabromide	39.97	40.81	-137.83465313	80
Carbon_tetrabromide	50.93	51.98	-137.83470951	85
Carbon_tetrabromide	42.06	42.9	-137.83472856	90
Carbon_tetrabromide	45.98	46.87	-137.83473647	95
Carbon_tetrachloride	7.86	8.06	-143.10031367	30
Carbon_tetrachloride	10.44	10.69	-143.18628903	35
Carbon_tetrachloride	13.17	13.53	-143.23083581	40
Carbon_tetrachloride	19.32	19.74	-143.25255735	45
Carbon_tetrachloride	17.14	17.5	-143.26436755	50
Carbon_tetrachloride	19.97	20.38	-143.27040571	55
Carbon_tetrachloride	23.29	23.77	-143.27362916	60
Carbon_tetrachloride	31.75	32.41	-143.27535930	65
Carbon_tetrachloride	32.0	32.64	-143.27618900	70
Carbon_tetrachloride	39.54	40.32	-143.27655029	75
Carbon_tetrachloride	40.72	41.55	-143.27670672	80
Carbon_tetrachloride	44.38	45.27	-143.27676342	85
Carbon_tetrachloride	50.35	51.32	-143.27678382	90
Carbon_tetrachloride	52.73	53.72	-143.27679017	95
Urea	5.78	5.96	-90.09946809	30
Urea	7.34	7.54	-90.63759752	35
Urea	10.43	10.71	-90.96309797	40
Urea	13.82	14.22	-91.15170672	45
Urea	14.94	15.37	-91.26635318	50
Urea	17.32	17.78	-91.32555434	55
Urea	20.35	20.85	-91.35468414	60
Urea	24.27	24.81	-91.36859676	65
Urea	25.17	25.71	-91.37424348	70
Urea	28.0	28.72	-91.37625910	75
Urea	29.0	29.67	-91.37689998	80
Urea	30.59	31.27	-91.37703787	85
Urea	35.51	36.34	-91.37706469	90
Urea	36.43	37.27	-91.37708416	95
Vynil_bromide	4.72	4.88	-58.77353989	30
Vynil_bromide	6.16	6.35	-58.88488480	35
Vynil_bromide	7.98	8.29	-58.94844064	40
Vynil_bromide	12.19	12.56	-58.98648465	45
Vynil_bromide	13.25	13.64	-59.01154849	50
Vynil_bromide	13.6	13.95	-59.02565377	55
Vynil_bromide	18.25	18.77	-59.03327698	60
Vynil_bromide	26.27	26.92	-59.03734106	65
Vynil_bromide	25.4	26.04	-59.03927157	70
Vynil_bromide	29.16	30.06	-59.04011445	75
Vynil_bromide	26.44	27.13	-59.04046486	80
Vynil_bromide	34.69	35.56	-59.04057636	85
Vynil_bromide	34.5	35.43	-59.04060597	90
Vynil_bromide	43.46	44.59	-59.04061316	95
Vynil_iodide	5.1	5.28	-53.16097844	30
Vynil_iodide	6.44	6.62	-53.26814619	35
Vynil_iodide	10.25	10.55	-53.33097964	40
Vynil_iodide	14.36	14.74	-53.36973527	45
Vynil_iodide	15.05	15.6	-53.39604224	50
Vynil_iodide	17.5	17.95	-53.41107827	55
Vynil_iodide	16.88	17.34	-53.41921200	60
Vynil_iodide	23.8	24.51	-53.42349724	65
Vynil_iodide	30.95	31.63	-53.42548436	70
Vynil_iodide	34.92	35.93	-53.42634201	75
Vynil_iodide	30.96	31.75	-53.42671115	80
Vynil_iodide	36.72	37.62	-53.42684332	85
Vynil_iodide	37.97	38.93	-53.42688774	90
Vynil_iodide	37.72	38.67	-53.42690172	95
Ethoxy_ethane	6.4	6.6	-91.98322205	30
Ethoxy_ethane	9.1	9.36	-92.41777071	35
Ethoxy_ethane	10.47	10.72	-92.69473162	40
Ethoxy_ethane	15.33	15.68	-92.85823643	45
Ethoxy_ethane	16.56	16.98	-92.95789173	50
Ethoxy_ethane	19.34	19.75	-93.01065411	55
Ethoxy_ethane	21.46	21.89	-93.03800335	60
Ethoxy_ethane	29.93	30.56	-93.05224274	65
Ethoxy_ethane	31.6	32.15	-93.05872948	70
Ethoxy_ethane	36.65	37.38	-93.06136801	75
Ethoxy_ethane	36.78	37.59	-93.06235494	80
Ethoxy_ethane	40.71	41.53	-93.06262313	85
Ethoxy_ethane	43.7	44.54	-93.06268024	90
Ethoxy_ethane	45.84	46.73	-93.06269582	95
Aniline	7.27	7.52	-100.17497831	30
Aniline	9.3	9.52	-100.60370045	35
Aniline	12.74	13.0	-100.87738782	40
Aniline	18.61	18.99	-101.04312255	45
Aniline	20.09	20.59	-101.14568340	50
Aniline	21.61	22.13	-101.19970492	55
Aniline	25.97	26.48	-101.22717459	60
Aniline	34.69	35.28	-101.24129697	65
Aniline	35.84	36.46	-101.24806884	70
Aniline	43.82	44.61	-101.25107163	75
Aniline	46.13	47.03	-101.25228710	80
Aniline	42.42	43.27	-101.25263995	85
Aniline	53.3	54.29	-101.25272328	90
Aniline	58.58	59.55	-101.25274382	95
Cyclooctatetraene	8.17	8.38	-104.56576667	30
Cyclooctatetraene	10.05	10.25	-104.97306380	35
Cyclooctatetraene	14.11	14.4	-105.22525768	40
Cyclooctatetraene	20.18	20.61	-105.38052300	45
Cyclooctatetraene	20.09	20.54	-105.48012748	50
Cyclooctatetraene	23.39	23.92	-105.53409423	55
Cyclooctatetraene	25.13	25.62	-105.56244164	60
Cyclooctatetraene	38.3	38.92	-105.57772169	65
Cyclooctatetraene	41.75	42.44	-105.58526245	70
Cyclooctatetraene	42.97	43.8	-105.58861733	75
Cyclooctatetraene	47.23	48.0	-105.58999982	80
Cyclooctatetraene	54.29	55.16	-105.59042713	85
Cyclooctatetraene	55.45	56.42	-105.59053287	90
Cyclooctatetraene	50.9	51.77	-105.59055179	95
Carbon_monoxide	5.21	5.44	-44.32855350	30
Carbon_monoxide	7.08	7.38	-44.58319102	35
Carbon_monoxide	9.47	9.85	-44.73807610	40
Carbon_monoxide	17.03	17.68	-44.83060187	45
Carbon_monoxide	18.07	18.76	-44.88896509	50
Carbon_monoxide	16.77	17.35	-44.91929078	55
Carbon_monoxide	24.49	25.24	-44.93410434	60
Carbon_monoxide	25.94	26.82	-44.94113952	65
Carbon_monoxide	30.91	31.65	-44.94399494	70
Carbon_monoxide	29.74	30.77	-44.94505056	75
Carbon_monoxide	40.13	41.54	-44.94542392	80
Carbon_monoxide	27.14	28.15	-44.94552185	85
Carbon_monoxide	39.37	40.57	-44.94554497	90
Carbon_monoxide	40.99	42.25	-44.94554967	95
Ethanol	4.58	4.73	-63.41341843	30
Ethanol	5.76	6.0	-63.75436416	35
Ethanol	7.69	7.98	-63.96516431	40
Ethanol	11.05	11.42	-64.08789987	45
Ethanol	12.01	12.41	-64.16203388	50
Ethanol	12.88	13.28	-64.20073432	55
Ethanol	15.08	15.62	-64.22054295	60
Ethanol	19.69	20.25	-64.23067751	65
Ethanol	21.43	22.06	-64.23518991	70
Ethanol	22.89	23.55	-64.23695986	75
Ethanol	24.92	25.58	-64.23759161	80
Ethanol	26.06	26.64	-64.23775483	85
Ethanol	30.22	30.96	-64.23779318	90
Ethanol	29.76	30.52	-64.23780371	95
Formic_Acid	5.0	5.18	-79.29654093	30
Formic_Acid	6.4	6.68	-79.80414078	35
Formic_Acid	8.07	8.37	-80.10952550	40
Formic_Acid	12.48	12.83	-80.28822083	45
Formic_Acid	15.21	15.67	-80.39742861	50
Formic_Acid	15.85	16.28	-80.45429585	55
Formic_Acid	17.34	17.8	-80.48239008	60
Formic_Acid	25.5	26.24	-80.49579903	65
Formic_Acid	25.16	25.85	-80.50124911	70
Formic_Acid	32.95	34.01	-80.50320833	75
Formic_Acid	30.11	30.92	-80.50385825	80
Formic_Acid	31.99	32.76	-80.50401755	85
Formic_Acid	39.74	40.68	-80.50404434	90
Formic_Acid	41.35	42.38	-80.50405479	95
Thymine	10.42	10.71	-172.64812556	30
Thymine	13.98	14.28	-173.58847059	35
Thymine	18.82	19.19	-174.17128271	40
Thymine	24.13	24.65	-174.51454579	45
Thymine	32.12	32.7	-174.72508903	50
Thymine	29.76	30.21	-174.83523578	55
Thymine	33.9	34.43	-174.89018072	60
Thymine	50.14	51.01	-174.91682558	65
Thymine	54.35	55.17	-174.92827813	70
Thymine	57.94	59.01	-174.93267908	75
Thymine	60.14	61.11	-174.93422786	80
Thymine	68.63	69.76	-174.93462057	85
Thymine	73.93	75.08	-174.93470302	90
Thymine	83.83	85.11	-174.93473311	95
Uracil	8.96	9.14	-158.34668537	30
Uracil	12.1	12.33	-159.23493698	35
Uracil	16.39	16.7	-159.78479425	40
Uracil	25.59	26.11	-160.10841064	45
Uracil	28.79	29.37	-160.30610215	50
Uracil	31.2	31.88	-160.41004754	55
Uracil	36.95	37.67	-160.46111802	60
Uracil	51.57	52.57	-160.48570341	65
Uracil	49.77	50.57	-160.49609878	70
Uracil	54.77	55.78	-160.50003217	75
Uracil	61.04	62.12	-160.50140788	80
Uracil	57.21	58.15	-160.50175189	85
Uracil	70.03999999999999	71.16	-160.50182358	90
Uracil	73.03999999999999	74.22	-160.50185082	95
Methanol	3.66	3.82	-49.11713934	30
Methanol	4.84	5.02	-49.40467740	35
Methanol	6.48	6.69	-49.58209976	40
Methanol	9.08	9.35	-49.68625635	45
Methanol	10.61	11.05	-49.74926080	50
Methanol	11.18	11.59	-49.78159103	55
Methanol	12.85	13.25	-49.79766247	60
Methanol	17.24	17.73	-49.80559213	65
Methanol	17.7	18.17	-49.80902483	70
Methanol	19.85	20.58	-49.81033296	75
Methanol	20.71	21.36	-49.81078603	80
Methanol	21.52	22.14	-49.81089846	85
Methanol	24.81	25.55	-49.81091977	90
Methanol	25.76	26.53	-49.81092776	95
Cytosine	9.11	9.31	-147.44535341	30
Cytosine	12.4	12.63	-148.23494363	35
Cytosine	16.93	17.28	-148.72386170	40
Cytosine	21.71	22.18	-149.01476369	45
Cytosine	29.05	29.73	-149.19255536	50
Cytosine	27.48	27.98	-149.28567641	55
Cytosine	29.25	29.83	-149.33113029	60
Cytosine	41.23	41.92	-149.35294576	65
Cytosine	45.15	45.87	-149.36223477	70
Cytosine	47.53	48.48	-149.36580619	75
Cytosine	50.81	51.61	-149.36706839	80
Cytosine	52.61	53.4	-149.36738048	85
Cytosine	61.88	62.88	-149.36744643	90
Cytosine	63.52	64.56	-149.36747533	95
Benzene	5.95	6.14	-78.54850000	30
Benzene	7.6	7.79	-78.84454802	35
Benzene	10.13	10.36	-79.03567787	40
Benzene	15.49	15.9	-79.15390135	45
Benzene	15.1	15.5	-79.22897379	50
Benzene	16.67	17.11	-79.26969526	55
Benzene	18.64	19.12	-79.29063038	60
Benzene	27.93	28.52	-79.30168853	65
Benzene	30.07	30.62	-79.30717884	70
Benzene	34.33	35.14	-79.30972237	75
Benzene	33.87	34.55	-79.31080780	80
Benzene	37.69	38.49	-79.31114219	85
Benzene	41.81	42.63	-79.31122125	90
Benzene	43.1	43.93	-79.31123475	95
Adenine	10.65	10.87	-167.72563913	30
Adenine	16.35	16.57	-168.56536399	35
Adenine	17.88	18.19	-169.09665912	40
Adenine	26.6	27.04	-169.42033928	45
Adenine	30.99	31.54	-169.61988117	50
Adenine	34.23	34.79	-169.72194476	55
Adenine	40.39	41.11	-169.77077950	60
Adenine	51.84	52.61	-169.79403205	65
Adenine	51.13	51.92	-169.80406581	70
Adenine	57.99	58.96	-169.80802184	75
Adenine	64.88	65.85	-169.80942830	80
Adenine	67.99	68.81	-169.80977359	85
Adenine	77.53999999999999	78.69	-169.80984540	90
Adenine	88.85	90.22	-169.80988115	95
Guanine	13.63	13.9	-200.26077418	30
Guanine	19.48	19.77	-201.33159379	35
Guanine	24.99	25.46	-202.00176911	40
Guanine	33.15	33.61	-202.40232323	45
Guanine	35.17	35.84	-202.64725605	50
Guanine	41.25	41.78	-202.77284098	55
Guanine	46.47	47.27	-202.83369085	60
Guanine	70.93	71.71000000000001	-202.86277953	65
Guanine	66.97	67.86	-202.87516246	70
Guanine	75.38	76.56	-202.87990912	75
Guanine	82.08	83.06	-202.88154678	80
Guanine	94.56	95.67	-202.88193701	85
Guanine	105.7	106.96000000000001	-202.88201699	90
Guanine	110.61	112.18	-202.88205723	95
Methane	3.62	3.83	-16.65805398	30
Methane	4.07	4.26	-16.72110428	35
Methane	5.59	5.86	-16.75633102	40
Methane	6.89	7.2	-16.77715931	45
Methane	7.1	7.43	-16.79114753	50
Methane	8.86	9.26	-16.79928631	55
Methane	9.62	9.99	-16.80386120	60
Methane	12.86	13.43	-16.80632003	65
Methane	16.37	17.02	-16.80749381	70
Methane	17.8	18.43	-16.80798621	75
Methane	16.84	17.61	-16.80818209	80
Methane	20.57	21.42	-16.80823940	85
Methane	22.8	23.62	-16.80825347	90
Methane	19.81	20.56	-16.80825796	95
Ethane	3.62	3.76	-30.93685120	30
Ethane	4.63	4.81	-31.05562045	35
Ethane	6.19	6.43	-31.12529420	40
Ethane	8.94	9.28	-31.16597248	45
Ethane	10.32	10.77	-31.19183738	50
Ethane	10.6	11.0	-31.20690899	55
Ethane	10.7	11.07	-31.21538568	60
Ethane	18.19	18.72	-31.22006294	65
Ethane	17.96	18.47	-31.22227159	70
Ethane	20.63	21.39	-31.22320816	75
Ethane	22.82	23.66	-31.22357697	80
Ethane	22.69	23.36	-31.22368452	85
Ethane	26.87	27.68	-31.22371088	90
Ethane	28.04	28.86	-31.22371824	95
Ethylene	2.97	3.14	-28.49191293	30
Ethylene	3.79	3.96	-28.60181454	35
Ethylene	5.07	5.3	-28.66603569	40
Ethylene	7.35	7.66	-28.70512253	45
Ethylene	7.89	8.23	-28.73101424	50
Ethylene	8.81	9.14	-28.74565025	55
Ethylene	9.52	9.89	-28.75359574	60
Ethylene	13.89	14.46	-28.75782997	65
Ethylene	13.95	14.43	-28.75983751	70
Ethylene	15.43	16.03	-28.76070591	75
Ethylene	16.93	17.68	-28.76106162	80
Ethylene	17.44	18.05	-28.76117265	85
Ethylene	20.24	21.0	-28.76120083	90
Ethylene	21.31	22.01	-28.76120717	95
Acetylene	3.36	3.5	-25.99734662	30
Acetylene	4.41	4.62	-26.11002740	35
Acetylene	8.33	8.62	-26.17408419	40
Acetylene	8.36	8.72	-26.21025124	45
Acetylene	9.35	9.77	-26.23383816	50
Acetylene	9.07	9.46	-26.24742248	55
Acetylene	12.69	13.17	-26.25500693	60
Acetylene	17.65	18.38	-26.25917953	65
Acetylene	17.06	17.63	-26.26113583	70
Acetylene	15.99	16.55	-26.26198194	75
Acetylene	18.86	19.57	-26.26232333	80
Acetylene	17.87	18.59	-26.26242715	85
Acetylene	22.37	23.16	-26.26245419	90
Acetylene	24.04	24.9	-26.26245943	95
Hydrogen_cyanide	4.49	4.7	-33.44212496	30
Hydrogen_cyanide	6.43	6.69	-33.62778386	35
Hydrogen_cyanide	7.81	8.13	-33.73539268	40
Hydrogen_cyanide	12.22	12.63	-33.79494503	45
Hydrogen_cyanide	12.56	13.1	-33.83125154	50
Hydrogen_cyanide	18.92	19.56	-33.85070038	55
Hydrogen_cyanide	19.99	20.57	-33.86077985	60
Hydrogen_cyanide	24.02	24.98	-33.86590769	65
Hydrogen_cyanide	22.61	23.46	-33.86808654	70
Hydrogen_cyanide	36.66	38.14	-33.86890597	75
Hydrogen_cyanide	30.8	31.98	-33.86918010	80
Hydrogen_cyanide	36.15	37.48	-33.86924506	85
Hydrogen_cyanide	40.67	41.96	-33.86925952	90
Hydrogen_cyanide	36.3	37.44	-33.86926657	95
Propane	4.05	4.16	-45.21718823	30
Propane	4.82	4.98	-45.39299138	35
Propane	6.46	6.66	-45.49831128	40
Propane	10.0	10.31	-45.55869520	45
Propane	10.33	10.66	-45.59667554	50
Propane	10.56	10.87	-45.61846061	55
Propane	12.63	13.02	-45.63077241	60
Propane	17.6	18.09	-45.63765379	65
Propane	19.72	20.23	-45.64095893	70
Propane	20.93	21.61	-45.64235743	75
Propane	21.83	22.45	-45.64290105	80
Propane	24.39	24.94	-45.64305939	85
Propane	26.9	27.58	-45.64309831	90
Propane	27.17	27.88	-45.64310871	95
Krypton	1.81	1.9	-41.84380772	30
Krypton	2.35	2.48	-41.85701021	35
Krypton	2.43	2.54	-41.86120048	40
Krypton	2.93	3.13	-41.86232481	45
Krypton	4.52	4.74	-41.86257025	50
Krypton	3.9	4.12	-41.86259155	55
Krypton	3.92	4.13	-41.86259428	60
Krypton	6.62	6.95	-41.86260571	65
Krypton	6.84	7.14	-41.86261835	70
Krypton	6.36	6.69	-41.86262544	75
Krypton	7.32	7.66	-41.86262770	80
Krypton	8.53	8.9	-41.86262810	85
Krypton	8.82	9.24	-41.86262939	90
Krypton	9.14	9.58	-41.86263256	95
Neon	1.48	1.6	-65.88181723	30
Neon	1.91	2.03	-66.35420347	35
Neon	2.56	2.71	-66.57355391	40
Neon	3.2	3.38	-66.66315088	45
Neon	3.57	3.79	-66.69777672	50
Neon	3.73	3.93	-66.70761003	55
Neon	3.8	4.02	-66.70982360	60
Neon	5.17	5.43	-66.71015282	65
Neon	4.83	5.08	-66.71016876	70
Neon	5.63	5.91	-66.71017129	75
Neon	6.47	6.83	-66.71018610	80
Neon	7.48	7.88	-66.71019216	85
Neon	8.69	9.08	-66.71019211	90
Neon	8.94	9.35	-66.71019646	95
Argon	1.66	1.79	-45.13071886	30
Argon	2.7	2.88	-45.15726617	35
Argon	3.16	3.3	-45.16917777	40
Argon	4.01	4.26	-45.17412084	45
Argon	4.11	4.31	-45.17616610	50
Argon	4.36	4.6	-45.17683371	55
Argon	6.45	6.75	-45.17702226	60
Argon	7.52	7.9	-45.17706525	65
Argon	8.63	8.96	-45.17707100	70
Argon	7.48	7.85	-45.17707139	75
Argon	6.91	7.27	-45.17707190	80
Argon	8.17	8.54	-45.17707248	85
Argon	10.18	10.62	-45.17707274	90
Argon	9.6	10.1	-45.17707280	95
Helium	9999.0	9999.0	0	30
Helium	9999.0	9999.0	0	35
Helium	9999.0	9999.0	0	40
Helium	9999.0	9999.0	0	45
Helium	9999.0	9999.0	0	50
Helium	9999.0	9999.0	0	55
Helium	9999.0	9999.0	0	60
Helium	9999.0	9999.0	0	65
Helium	9999.0	9999.0	0	70
Helium	9999.0	9999.0	0	75
Helium	9999.0	9999.0	0	80
Helium	9999.0	9999.0	0	85
Helium	9999.0	9999.0	0	90
Helium	9999.0	9999.0	0	95
Xenon	1.74	1.85	-37.50476349	30
Xenon	2.04	2.14	-37.50518156	35
Xenon	2.72	2.82	-37.50523456	40
Xenon	3.62	3.82	-37.50549605	45
Xenon	3.68	3.89	-37.50598474	50
Xenon	4.27	4.5	-37.50643133	55
Xenon	4.44	4.61	-37.50670321	60
Xenon	5.91	6.17	-37.50682264	65
Xenon	6.9	7.2	-37.50685242	70
Xenon	7.09	7.45	-37.50685736	75
Xenon	7.32	7.76	-37.50686511	80
Xenon	7.7	8.05	-37.50687654	85
Xenon	8.84	9.27	-37.50688626	90
Xenon	10.2	10.66	-37.50689092	95
Sulfer_dioxide	4.9	5.05	-87.03579759	30
Sulfer_dioxide	7.57	7.82	-87.49315696	35
Sulfer_dioxide	9.9	10.18	-87.76821736	40
Sulfer_dioxide	13.85	14.28	-87.92709924	45
Sulfer_dioxide	15.26	15.7	-88.02420561	50
Sulfer_dioxide	15.54	15.98	-88.07387004	55
Sulfer_dioxide	17.36	17.91	-88.09767021	60
Sulfer_dioxide	26.52	27.15	-88.10888628	65
Sulfer_dioxide	26.46	27.11	-88.11344673	70
Sulfer_dioxide	28.92	29.84	-88.11504666	75
Sulfer_dioxide	33.0	33.82	-88.11553754	80
Sulfer_dioxide	29.32	30.07	-88.11564607	85
Sulfer_dioxide	36.43	37.39	-88.11565798	90
Sulfer_dioxide	37.6	38.48	-88.11567004	95
Vynil_chloride	5.01	5.16	-60.12467272	30
Vynil_chloride	6.88	7.12	-60.24099473	35
Vynil_chloride	8.06	8.31	-60.30805072	40
Vynil_chloride	12.37	12.71	-60.34756672	45
Vynil_chloride	14.13	14.62	-60.37309619	50
Vynil_chloride	16.25	16.68	-60.38742107	55
Vynil_chloride	16.47	16.98	-60.39505675	60
Vynil_chloride	23.98	24.62	-60.39913468	65
Vynil_chloride	25.03	25.59	-60.40106996	70
Vynil_chloride	28.87	29.74	-60.40191240	75
Vynil_chloride	32.25	33.08	-60.40226401	80
Vynil_chloride	27.39	28.07	-60.40237560	85
Vynil_chloride	32.78	33.66	-60.40240542	90
Vynil_chloride	34.72	35.75	-60.40241230	95
Vynil_fluoride	4.51	4.69	-75.54861409	30
Vynil_fluoride	5.88	6.1	-76.09537111	35
Vynil_fluoride	9.18	9.44	-76.43450762	40
Vynil_fluoride	11.8	12.14	-76.63536686	45
Vynil_fluoride	12.7	13.18	-76.75755024	50
Vynil_fluoride	13.53	13.97	-76.81956474	55
Vynil_fluoride	14.7	15.12	-76.84900463	60
Vynil_fluoride	20.13	20.65	-76.86250090	65
Vynil_fluoride	20.13	20.65	-76.86787888	70
Vynil_fluoride	23.5	24.19	-76.86979580	75
Vynil_fluoride	24.56	25.28	-76.87041506	80
Vynil_fluoride	25.78	26.54	-76.87055879	85
Vynil_fluoride	29.58	30.51	-76.87058972	90
Vynil_fluoride	29.16	30.01	-76.87060352	95
Acetaldehyde	4.81	4.98	-61.03778370	30
Acetaldehyde	5.67	5.87	-61.37253272	35
Acetaldehyde	8.23	8.57	-61.57125917	40
Acetaldehyde	11.8	12.18	-61.68678222	45
Acetaldehyde	12.95	13.35	-61.75908135	50
Acetaldehyde	14.18	14.65	-61.79836969	55
Acetaldehyde	16.26	16.72	-61.81854878	60
Acetaldehyde	21.52	22.06	-61.82855283	65
Acetaldehyde	22.79	23.36	-61.83283783	70
Acetaldehyde	25.46	26.34	-61.83447103	75
Acetaldehyde	28.43	29.23	-61.83504883	80
Acetaldehyde	26.74	27.48	-61.83520109	85
Acetaldehyde	32.1	32.99	-61.83523640	90
Acetaldehyde	33.57	34.48	-61.83524590	95
Carbon_disulfide	5.1	5.35	-55.99768077	30
Carbon_disulfide	6.04	6.25	-56.05137936	35
Carbon_disulfide	13.82	14.31	-56.08227712	40
Carbon_disulfide	14.68	15.16	-56.10020149	45
Carbon_disulfide	18.7	19.32	-56.11132520	50
Carbon_disulfide	16.05	16.57	-56.11740575	55
Carbon_disulfide	22.96	23.65	-56.12068776	60
Carbon_disulfide	22.86	23.49	-56.12246275	65
Carbon_disulfide	26.44	27.21	-56.12332052	70
Carbon_disulfide	31.16	32.41	-56.12370273	75
Carbon_disulfide	30.9	31.84	-56.12386613	80
Carbon_disulfide	32.11	33.11	-56.12392017	85
Carbon_disulfide	43.85	45.04	-56.12393634	90
Carbon_disulfide	44.82	46.1	-56.12394144	95
Cyclopropane	3.86	4.01	-42.75674624	30
Cyclopropane	5.19	5.37	-42.92868361	35
Cyclopropane	7.52	7.78	-43.03399540	40
Cyclopropane	8.96	9.32	-43.09352694	45
Cyclopropane	12.14	12.59	-43.13000494	50
Cyclopropane	12.7	13.02	-43.15054177	55
Cyclopropane	14.24	14.72	-43.16220439	60
Cyclopropane	18.85	19.4	-43.16879684	65
Cyclopropane	21.7	22.29	-43.17203062	70
Cyclopropane	25.26	26.01	-43.17342359	75
Cyclopropane	24.58	25.31	-43.17397078	80
Cyclopropane	24.4	25.06	-43.17412804	85
Cyclopropane	31.35	32.17	-43.17416624	90
Cyclopropane	30.97	31.85	-43.17417531	95
Carbon_tetrafluoride	4.75	4.93	-204.93867999	30
Carbon_tetrafluoride	8.28	8.47	-206.73170961	35
Carbon_tetrafluoride	9.08	9.32	-207.85731151	40
Carbon_tetrafluoride	17.33	17.77	-208.53240239	45
Carbon_tetrafluoride	22.33	22.88	-208.93416197	50
Carbon_tetrafluoride	22.06	22.58	-209.12815928	55
Carbon_tetrafluoride	25.32	25.94	-209.21724500	60
Carbon_tetrafluoride	28.77	29.51	-209.25709313	65
Carbon_tetrafluoride	28.35	28.97	-209.27188748	70
Carbon_tetrafluoride	32.31	33.04	-209.27648078	75
Carbon_tetrafluoride	39.33	40.29	-209.27765404	80
Carbon_tetrafluoride	37.14	37.98	-209.27782833	85
Carbon_tetrafluoride	45.34	46.28	-209.27785307	90
Carbon_tetrafluoride	45.55	46.51	-209.27788842	95
Iodine	3.25	3.44	-51.73914867	30
Iodine	4.01	4.18	-51.74058495	35
Iodine	5.67	5.9	-51.74095562	40
Iodine	7.38	7.65	-51.74238284	45
Iodine	9.23	9.55	-51.74470734	50
Iodine	8.76	9.03	-51.74665511	55
Iodine	10.38	10.82	-51.74776691	60
Iodine	15.19	15.75	-51.74823153	65
Iodine	15.79	16.38	-51.74834615	70
Iodine	16.01	16.71	-51.74836471	75
Iodine	19.29	20.05	-51.74838823	80
Iodine	17.35	18.01	-51.74842124	85
Iodine	21.83	22.57	-51.74844761	90
Iodine	22.13	22.91	-51.74846072	95
Lithium_hydride	2.32	2.47	-15.16756461	30
Lithium_hydride	2.87	3.04	-15.31963842	35
Lithium_hydride	3.61	3.79	-15.39695514	40
Lithium_hydride	4.5	4.75	-15.43367355	45
Lithium_hydride	6.81	7.2	-15.45164886	50
Lithium_hydride	6.62	6.88	-15.45894567	55
Lithium_hydride	7.88	8.32	-15.46171340	60
Lithium_hydride	9.88	10.35	-15.46269938	65
Lithium_hydride	11.42	11.88	-15.46298184	70
Lithium_hydride	12.9	13.49	-15.46304474	75
Lithium_hydride	12.61	13.28	-15.46305554	80
Lithium_hydride	13.46	14.0	-15.46305815	85
Lithium_hydride	14.78	15.44	-15.46306097	90
Lithium_hydride	15.23	15.9	-15.46306343	95
Hydrogen_chloride	2.35	2.51	-34.00341216	30
Hydrogen_chloride	3.59	3.79	-34.01607290	35
Hydrogen_chloride	4.66	4.87	-34.02133013	40
Hydrogen_chloride	6.72	7.02	-34.02352141	45
Hydrogen_chloride	6.69	7.01	-34.02461821	50
Hydrogen_chloride	7.19	7.46	-34.02512018	55
Hydrogen_chloride	8.65	9.07	-34.02535810	60
Hydrogen_chloride	10.84	11.24	-34.02547457	65
Hydrogen_chloride	11.34	11.8	-34.02552529	70
Hydrogen_chloride	13.23	13.77	-34.02554604	75
Hydrogen_chloride	13.52	14.22	-34.02555514	80
Hydrogen_chloride	14.18	14.79	-34.02555910	85
Hydrogen_chloride	14.6	15.15	-34.02556138	90
Hydrogen_chloride	16.73	17.42	-34.02556312	95
Sodium_chloride	3.16	3.32	-121.62890702	30
Sodium_chloride	4.48	4.7	-122.83221555	35
Sodium_chloride	5.27	5.5	-123.54171266	40
Sodium_chloride	7.78	8.07	-123.93408663	45
Sodium_chloride	8.43	8.84	-124.15713452	50
Sodium_chloride	9.74	10.11	-124.26237516	55
Sodium_chloride	10.84	11.27	-124.30865980	60
Sodium_chloride	14.97	15.54	-124.32795597	65
Sodium_chloride	15.61	16.14	-124.33462306	70
Sodium_chloride	16.57	17.14	-124.33650205	75
Sodium_chloride	17.13	17.84	-124.33692272	80
Sodium_chloride	20.48	21.17	-124.33696910	85
Sodium_chloride	23.69	24.46	-124.33697004	90
Sodium_chloride	24.58	25.33	-124.33697982	95
Hydrogen_fluoride	2.66	2.85	-49.41336317	30
Hydrogen_fluoride	3.01	3.14	-49.87873436	35
Hydrogen_fluoride	4.54	4.75	-50.16318489	40
Hydrogen_fluoride	6.47	6.79	-50.32590605	45
Hydrogen_fluoride	6.5	6.83	-50.42194360	50
Hydrogen_fluoride	6.83	7.19	-50.46930563	55
Hydrogen_fluoride	7.52	7.88	-50.49117956	60
Hydrogen_fluoride	9.11	9.54	-50.50084411	65
Hydrogen_fluoride	10.18	10.59	-50.50442815	70
Hydrogen_fluoride	11.77	12.32	-50.50554310	75
Hydrogen_fluoride	12.15	12.74	-50.50581927	80
Hydrogen_fluoride	12.61	13.25	-50.50585578	85
Hydrogen_fluoride	14.54	15.18	-50.50586112	90
Hydrogen_fluoride	14.97	15.61	-50.50587100	95
Amonia	3.49	3.68	-23.99985245	30
Amonia	5.78	6.04	-24.14212160	35
Amonia	5.59	5.84	-24.22407040	40
Amonia	8.4	8.81	-24.26959596	45
Amonia	8.84	9.27	-24.29667339	50
Amonia	9.72	10.1	-24.31071537	55
Amonia	10.02	10.42	-24.31773044	60
Amonia	14.09	14.71	-24.32112806	65
Amonia	12.6	13.12	-24.32251870	70
Amonia	15.28	16.02	-24.32299684	75
Amonia	18.84	19.66	-24.32313097	80
Amonia	19.55	20.31	-24.32315229	85
Amonia	23.29	24.18	-24.32315648	90
Amonia	21.43	22.27	-24.32316430	95
Potassium_hydride	3.89	4.11	-61.06688437	30
Potassium_hydride	4.96	5.15	-61.12200933	35
Potassium_hydride	6.93	7.18	-61.15071493	40
Potassium_hydride	9.45	9.86	-61.16494407	45
Potassium_hydride	11.73	12.3	-61.17223090	50
Potassium_hydride	11.56	11.98	-61.17530195	55
Potassium_hydride	11.02	11.49	-61.17650805	60
Potassium_hydride	16.45	17.09	-61.17695191	65
Potassium_hydride	20.02	20.68	-61.17708579	70
Potassium_hydride	22.01	22.81	-61.17711917	75
Potassium_hydride	21.67	22.45	-61.17712787	80
Potassium_hydride	21.26	22.09	-61.17713169	85
Potassium_hydride	23.41	24.22	-61.17713449	90
Potassium_hydride	25.07	25.84	-61.17713657	95
Hydrogen_peroxide	3.29	3.4	-67.14995278	30
Hydrogen_peroxide	4.12	4.31	-67.62001504	35
Hydrogen_peroxide	6.01	6.21	-67.90967657	40
Hydrogen_peroxide	8.6	8.96	-68.07580182	45
Hydrogen_peroxide	9.32	9.65	-68.17237568	50
Hydrogen_peroxide	9.71	10.06	-68.22098626	55
Hydrogen_peroxide	10.84	11.25	-68.24471398	60
Hydrogen_peroxide	15.02	15.48	-68.25617416	65
Hydrogen_peroxide	15.28	15.76	-68.26097736	70
Hydrogen_peroxide	17.19	17.89	-68.26271511	75
Hydrogen_peroxide	17.91	18.55	-68.26325821	80
Hydrogen_peroxide	18.47	19.1	-68.26337859	85
Hydrogen_peroxide	22.67	23.38	-68.26340231	90
Hydrogen_peroxide	22.36	23.02	-68.26341164	95
Bromine	3.39	3.56	-62.90671487	30
Bromine	4.21	4.36	-62.91468752	35
Bromine	6.01	6.26	-62.91636110	40
Bromine	9.15	9.54	-62.91664812	45
Bromine	9.07	9.5	-62.91668026	50
Bromine	9.96	10.35	-62.91668353	55
Bromine	12.46	13.0	-62.91668947	60
Bromine	17.7	18.33	-62.91669594	65
Bromine	16.7	17.27	-62.91670056	70
Bromine	18.11	18.68	-62.91670394	75
Bromine	18.72	19.38	-62.91670722	80
Bromine	22.84	23.6	-62.91671062	85
Bromine	24.37	25.07	-62.91671386	90
Bromine	24.45	25.23	-62.91671689	95
Nitrogen	3.44	3.6	-40.89309461	30
Nitrogen	4.66	4.82	-41.15824983	35
Nitrogen	6.39	6.68	-41.31255136	40
Nitrogen	10.15	10.52	-41.39616978	45
Nitrogen	11.12	11.58	-41.44482543	50
Nitrogen	12.14	12.67	-41.46964259	55
Nitrogen	9.86	10.32	-41.48190108	60
Nitrogen	18.1	18.72	-41.48783470	65
Nitrogen	20.49	21.2	-41.49019903	70
Nitrogen	20.91	21.81	-41.49098764	75
Nitrogen	27.15	28.28	-41.49119280	80
Nitrogen	22.5	23.4	-41.49121859	85
Nitrogen	23.51	24.33	-41.49122085	90
Nitrogen	27.62	28.57	-41.49122982	95
Water	3.25	3.4	-34.86314362	30
Water	3.21	3.38	-35.10849898	35
Water	5.11	5.33	-35.25391689	40
Water	7.26	7.61	-35.33624728	45
Water	9.18	9.58	-35.38560594	50
Water	7.96	8.32	-35.41081552	55
Water	9.88	10.3	-35.42322857	60
Water	12.36	12.88	-35.42918264	65
Water	13.32	13.86	-35.43162046	70
Water	15.05	15.71	-35.43248204	75
Water	14.88	15.53	-35.43275677	80
Water	16.14	16.86	-35.43281698	85
Water	17.83	18.47	-35.43282607	90
Water	19.36	20.12	-35.43283182	95
Potassium_bromide	3.7	3.84	-91.59766642	30
Potassium_bromide	5.22	5.41	-91.65351290	35
Potassium_bromide	6.61	6.88	-91.68137530	40
Potassium_bromide	8.67	8.99	-91.69481401	45
Potassium_bromide	9.1	9.46	-91.70152726	50
Potassium_bromide	11.36	11.77	-91.70429254	55
Potassium_bromide	10.97	11.36	-91.70533894	60
Potassium_bromide	15.94	16.5	-91.70570041	65
Potassium_bromide	18.04	18.57	-91.70579578	70
Potassium_bromide	20.01	20.61	-91.70581450	75
Potassium_bromide	20.91	21.65	-91.70581906	80
Potassium_bromide	20.84	21.56	-91.70582315	85
Potassium_bromide	24.21	24.9	-91.70582733	90
Potassium_bromide	25.92	26.64	-91.70583043	95
Fluorine	3.03	3.17	-96.13402655	30
Fluorine	4.52	4.67	-97.01436439	35
Fluorine	5.54	5.78	-97.57350922	40
Fluorine	8.28	8.59	-97.90472951	45
Fluorine	10.61	11.07	-98.09859938	50
Fluorine	8.45	8.83	-98.19337341	55
Fluorine	12.65	13.16	-98.23684427	60
Fluorine	13.43	13.87	-98.25622825	65
Fluorine	17.12	17.64	-98.26361717	70
Fluorine	14.81	15.46	-98.26596163	75
Fluorine	17.47	18.18	-98.26655836	80
Fluorine	16.01	16.63	-98.26663805	85
Fluorine	19.91	20.52	-98.26664455	90
Fluorine	20.72	21.47	-98.26665894	95
Chlorine	3.28	3.41	-65.55050897	30
Chlorine	3.76	3.92	-65.57045213	35
Chlorine	5.64	5.87	-65.57809161	40
Chlorine	7.48	7.77	-65.58081511	45
Chlorine	8.22	8.54	-65.58181313	50
Chlorine	8.76	9.13	-65.58212569	55
Chlorine	8.65	9.0	-65.58222096	60
Chlorine	14.86	15.4	-65.58224700	65
Chlorine	14.29	14.81	-65.58225165	70
Chlorine	16.19	16.86	-65.58225338	75
Chlorine	18.04	18.7	-65.58225703	80
Chlorine	17.93	18.51	-65.58226136	85
Chlorine	22.63	23.29	-65.58226481	90
Chlorine	20.28	20.84	-65.58226684	95
Germane	5.48	5.63	-173.61953017	30
Germane	4.19	4.35	-178.12941971	35
Germane	6.27	6.45	-180.76336791	40
Germane	10.88	11.21	-182.13985182	45
Germane	9.15	9.44	-182.83709978	50
Germane	9.52	9.86	-183.10982533	55
Germane	12.13	12.47	-183.20260286	60
Germane	14.76	15.19	-183.23033011	65
Germane	15.51	15.95	-183.23652155	70
Germane	17.36	18.01	-183.23750997	75
Germane	18.46	19.03	-183.23761076	80
Germane	20.13	20.71	-183.23762131	85
Germane	23.14	23.79	-183.23762844	90
Germane	22.68	23.34	-183.23763341	95
Hydrogen_azide	5.95	6.17	-62.36682213	30
Hydrogen_azide	7.57	7.86	-62.75691249	35
Hydrogen_azide	9.33	9.6	-62.98335229	40
Hydrogen_azide	12.1	12.56	-63.10926981	45
Hydrogen_azide	13.98	14.46	-63.18557877	50
Hydrogen_azide	14.19	14.64	-63.22549131	55
Hydrogen_azide	18.31	18.88	-63.24509901	60
Hydrogen_azide	26.0	26.88	-63.25429169	65
Hydrogen_azide	25.74	26.49	-63.25790748	70
Hydrogen_azide	31.92	32.99	-63.25909790	75
Hydrogen_azide	32.3	33.24	-63.25941411	80
Hydrogen_azide	33.46	34.33	-63.25945640	85
Hydrogen_azide	52.41	53.72	-63.25946122	90
Hydrogen_azide	37.99	39.05	-63.25947599	95
Hydrogen_sulfide	3.56	3.72	-24.40909121	30
Hydrogen_sulfide	4.56	4.76	-24.41745742	35
Hydrogen_sulfide	5.35	5.61	-24.42143765	40
Hydrogen_sulfide	7.1	7.45	-24.42357607	45
Hydrogen_sulfide	8.45	8.85	-24.42487945	50
Hydrogen_sulfide	8.36	8.69	-24.42558195	55
Hydrogen_sulfide	9.53	9.91	-24.42596250	60
Hydrogen_sulfide	13.66	14.16	-24.42617096	65
Hydrogen_sulfide	14.72	15.24	-24.42627096	70
Hydrogen_sulfide	15.53	16.1	-24.42631334	75
Hydrogen_sulfide	16.01	16.71	-24.42633023	80
Hydrogen_sulfide	16.99	17.72	-24.42633581	85
Hydrogen_sulfide	20.65	21.43	-24.42633850	90
Hydrogen_sulfide	19.23	19.89	-24.42634127	95
Magnesium_fluoride	3.97	4.06	-211.39334883	30
Magnesium_fluoride	4.84	5.03	-214.10120125	35
Magnesium_fluoride	7.09	7.32	-215.72441921	40
Magnesium_fluoride	9.37	9.68	-216.62978098	45
Magnesium_fluoride	10.65	11.03	-217.14666470	50
Magnesium_fluoride	10.88	11.32	-217.39414653	55
Magnesium_fluoride	12.94	13.39	-217.50544189	60
Magnesium_fluoride	16.7	17.14	-217.55308067	65
Magnesium_fluoride	17.48	17.94	-217.56989937	70
Magnesium_fluoride	19.65	20.31	-217.57476382	75
Magnesium_fluoride	20.68	21.27	-217.57589295	80
Magnesium_fluoride	21.11	21.7	-217.57602665	85
Magnesium_fluoride	26.05	26.79	-217.57604206	90
Magnesium_fluoride	25.53	26.25	-217.57606624	95
Sulfer_tetrafluoride	6.2	6.37	-214.92546993	30
Sulfer_tetrafluoride	9.72	9.97	-216.72180254	35
Sulfer_tetrafluoride	10.62	10.95	-217.84898226	40
Sulfer_tetrafluoride	15.97	16.33	-218.50058511	45
Sulfer_tetrafluoride	17.69	18.18	-218.88010135	50
Sulfer_tetrafluoride	19.05	19.51	-219.06660695	55
Sulfer_tetrafluoride	20.79	21.27	-219.15392088	60
Sulfer_tetrafluoride	30.14	30.7	-219.19283926	65
Sulfer_tetrafluoride	28.74	29.29	-219.20708543	70
Sulfer_tetrafluoride	33.0	33.7	-219.21141823	75
Sulfer_tetrafluoride	34.48	35.28	-219.21247725	80
Sulfer_tetrafluoride	38.3	39.05	-219.21261087	85
Sulfer_tetrafluoride	44.65	45.5	-219.21262806	90
Sulfer_tetrafluoride	43.53	44.41	-219.21266613	95
Titanium_fluoride	10.41	10.69	-311.52796806	30
Titanium_fluoride	12.83	13.09	-313.69671168	35
Titanium_fluoride	17.03	17.39	-314.96733638	40
Titanium_fluoride	27.56	28.17	-315.67256182	45
Titanium_fluoride	32.32	33.04	-316.08973833	50
Titanium_fluoride	37.43	38.14	-316.30127576	55
Titanium_fluoride	39.57	40.35	-316.39953451	60
Titanium_fluoride	42.29	43.01	-316.44213460	65
Titanium_fluoride	68.05	69.17	-316.45739877	70
Titanium_fluoride	53.35	54.58	-316.46204729	75
Titanium_fluoride	80.21000000000001	81.71000000000001	-316.46320270	80
Titanium_fluoride	89.01	90.41	-316.46335062	85
Titanium_fluoride	81.98	83.53	-316.46336638	90
Titanium_fluoride	96.63	98.27000000000001	-316.46339938	95
Aluminum_trifluoride	4.3	4.44	-149.69006943	30
Aluminum_trifluoride	6.63	6.82	-151.04646845	35
Aluminum_trifluoride	7.77	8.03	-151.88754052	40
Aluminum_trifluoride	11.37	11.76	-152.37025353	45
Aluminum_trifluoride	11.79	12.19	-152.65507671	50
Aluminum_trifluoride	14.28	14.69	-152.79706514	55
Aluminum_trifluoride	15.16	15.68	-152.86255523	60
Aluminum_trifluoride	21.29	21.81	-152.89122667	65
Aluminum_trifluoride	19.89	20.36	-152.90181928	70
Aluminum_trifluoride	22.18	22.84	-152.90508049	75
Aluminum_trifluoride	24.23	24.94	-152.90587132	80
Aluminum_trifluoride	25.81	26.42	-152.90596588	85
Aluminum_trifluoride	27.85	28.63	-152.90597475	90
Aluminum_trifluoride	33.24	34.08	-152.90600202	95
Aluminum_triiodide	4.98	5.15	-82.44850858	30
Aluminum_triiodide	6.68	6.84	-82.45098291	35
Aluminum_triiodide	9.19	9.47	-82.45160088	40
Aluminum_triiodide	13.56	13.91	-82.45374927	45
Aluminum_triiodide	13.14	13.53	-82.45722242	50
Aluminum_triiodide	14.32	14.79	-82.46015014	55
Aluminum_triiodide	17.83	18.26	-82.46182956	60
Aluminum_triiodide	22.95	23.43	-82.46253975	65
Aluminum_triiodide	22.68	23.11	-82.46271667	70
Aluminum_triiodide	27.21	27.91	-82.46274397	75
Aluminum_triiodide	26.54	27.23	-82.46277385	80
Aluminum_triiodide	28.42	29.25	-82.46281514	85
Aluminum_triiodide	35.84	36.66	-82.46284837	90
Aluminum_triiodide	32.91	33.72	-82.46286634	95
Arsine	4.31	4.45	-200.77202242	30
Arsine	5.44	5.66	-206.96710605	35
Arsine	6.2	6.39	-210.89784706	40
Arsine	9.54	9.81	-213.18664534	45
Arsine	11.71	12.13	-214.52420522	50
Arsine	10.74	11.16	-215.15097307	55
Arsine	11.62	12.01	-215.41305120	60
Arsine	14.74	15.18	-215.51236609	65
Arsine	16.42	16.9	-215.54206906	70
Arsine	18.54	19.2	-215.54897383	75
Arsine	18.26	18.83	-215.55011817	80
Arsine	17.73	18.28	-215.55019302	85
Arsine	22.14	22.79	-215.55021060	90
Arsine	24.0	24.72	-215.55023589	95
Magnesium_chloride	4.23	4.39	-180.58592804	30
Magnesium_chloride	7.16	7.37	-182.40213901	35
Magnesium_chloride	9.47	9.78	-183.46376881	40
Magnesium_chloride	12.51	12.84	-184.04720265	45
Magnesium_chloride	14.38	14.9	-184.37743875	50
Magnesium_chloride	12.37	12.76	-184.53218418	55
Magnesium_chloride	13.18	13.58	-184.59954222	60
Magnesium_chloride	20.93	21.39	-184.62731087	65
Magnesium_chloride	19.43	19.9	-184.63679894	70
Magnesium_chloride	21.94	22.62	-184.63946094	75
Magnesium_chloride	25.85	26.56	-184.64006370	80
Magnesium_chloride	25.48	26.06	-184.64013801	85
Magnesium_chloride	29.74	30.44	-184.64014165	90
Magnesium_chloride	32.72	33.55	-184.64015451	95
Lithium_fluoride	2.82	2.98	-62.43502441	30
Lithium_fluoride	3.79	3.98	-63.03240956	35
Lithium_fluoride	4.9	5.1	-63.38646029	40
Lithium_fluoride	7.26	7.57	-63.58334694	45
Lithium_fluoride	7.68	8.04	-63.69569953	50
Lithium_fluoride	6.97	7.38	-63.74962724	55
Lithium_fluoride	7.81	8.1	-63.77396406	60
Lithium_fluoride	11.88	12.36	-63.78454854	65
Lithium_fluoride	12.27	12.66	-63.78836537	70
Lithium_fluoride	13.2	13.78	-63.78949224	75
Lithium_fluoride	12.67	13.23	-63.78976409	80
Lithium_fluoride	13.2	13.79	-63.78979673	85
Lithium_fluoride	17.32	17.97	-63.78981078	90
Lithium_fluoride	18.01	18.71	-63.78981915	95
Phosphine	3.29	3.51	-17.33204095	30
Phosphine	4.67	4.86	-17.34091982	35
Phosphine	4.98	5.21	-17.34623631	40
Phosphine	7.18	7.48	-17.34926229	45
Phosphine	7.69	8.04	-17.35113582	50
Phosphine	10.77	11.24	-17.35219071	55
Phosphine	12.56	13.02	-17.35276562	60
Phosphine	14.16	14.73	-17.35307212	65
Phosphine	17.94	18.55	-17.35321577	70
Phosphine	15.86	16.44	-17.35327675	75
Phosphine	16.0	16.71	-17.35330096	80
Phosphine	16.77	17.36	-17.35330926	85
Phosphine	19.63	20.38	-17.35331470	90
Phosphine	20.3	21.03	-17.35332124	95
Silane	2.58	2.73	-13.09453098	30
Silane	3.17	3.31	-13.10648986	35
Silane	4.16	4.33	-13.11351453	40
Silane	5.71	5.94	-13.11761784	45
Silane	6.71	7.08	-13.12015337	50
Silane	6.74	7.02	-13.12153332	55
Silane	7.6	7.95	-13.12228825	60
Silane	10.28	10.72	-13.12269827	65
Silane	11.21	11.57	-13.12289453	70
Silane	12.38	12.89	-13.12297718	75
Silane	12.89	13.41	-13.12300970	80
Silane	14.31	14.85	-13.12301831	85
Silane	16.23	16.91	-13.12302031	90
Silane	16.77	17.45	-13.12302234	95
