  -20.00000000    0.03625962    0.04498947    0.02144036
  -19.79797980    0.03684883    0.04663124    0.02149270
  -19.59595960    0.03744995    0.04818150    0.02154685
  -19.39393939    0.03806333    0.04967673    0.02160290
  -19.19191919    0.03868933    0.05112000    0.02166093
  -18.98989899    0.03932832    0.05251106    0.02172102
  -18.78787879    0.03998069    0.05385046    0.02178327
  -18.58585859    0.04064684    0.05514146    0.02184778
  -18.38383838    0.04132720    0.05638458    0.02191465
  -18.18181818    0.04202219    0.05758604    0.02198398
  -17.97979798    0.04273227    0.05875008    0.02205590
  -17.77777778    0.04345790    0.05987893    0.02213052
  -17.57575758    0.04419957    0.06097757    0.02220797
  -17.37373737    0.04495779    0.06205039    0.02228839
  -17.17171717    0.04573308    0.06309931    0.02237192
  -16.96969697    0.04652599    0.06412689    0.02245872
  -16.76767677    0.04733707    0.06513608    0.02254895
  -16.56565657    0.04816692    0.06612933    0.02264278
  -16.36363636    0.04901616    0.06710776    0.02274040
  -16.16161616    0.04988542    0.06807461    0.02284200
  -15.95959596    0.05077536    0.06903167    0.02294779
  -15.75757576    0.05168667    0.06998058    0.02305800
  -15.55555556    0.05262007    0.07092291    0.02317286
  -15.35353535    0.05357629    0.07186004    0.02329262
  -15.15151515    0.05455613    0.07279331    0.02341755
  -14.94949495    0.05556037    0.07372395    0.02354796
  -14.74747475    0.05658987    0.07465313    0.02368414
  -14.54545455    0.05764547    0.07558189    0.02382642
  -14.34343434    0.05872811    0.07651124    0.02397518
  -14.14141414    0.05983871    0.07744198    0.02413078
  -13.93939394    0.06097825    0.07837532    0.02429365
  -13.73737374    0.06214775    0.07931197    0.02446423
  -13.53535354    0.06334826    0.08025273    0.02464299
  -13.33333333    0.06458088    0.08119838    0.02483046
  -13.13131313    0.06584674    0.08214963    0.02502719
  -12.92929293    0.06714703    0.08310720    0.02523380
  -12.72727273    0.06848295    0.08407214    0.02545092
  -12.52525253    0.06985577    0.08504463    0.02567929
  -12.32323232    0.07126681    0.08602531    0.02591967
  -12.12121212    0.07271740    0.08701471    0.02617290
  -11.91919192    0.07420895    0.08801344    0.02643991
  -11.71717172    0.07574288    0.08902197    0.02672170
  -11.51515152    0.07732066    0.09004083    0.02701936
  -11.31313131    0.07894381    0.09107047    0.02733411
  -11.11111111    0.08061387    0.09211132    0.02766727
  -10.90909091    0.08233242    0.09316380    0.02802028
  -10.70707071    0.08410106    0.09422825    0.02839477
  -10.50505051    0.08592141    0.09530500    0.02879250
  -10.30303030    0.08779510    0.09639438    0.02921544
  -10.10101010    0.08972376    0.09749657    0.02966578
   -9.89898990    0.09170902    0.09861179    0.03014596
   -9.69696970    0.09375246    0.09974015    0.03065868
   -9.49494949    0.09585565    0.10088169    0.03120700
   -9.29292929    0.09802005    0.10203639    0.03179434
   -9.09090909    0.10024706    0.10320411    0.03242454
   -8.88888889    0.10253793    0.10438462    0.03310197
   -8.68686869    0.10489378    0.10557756    0.03383156
   -8.48484848    0.10731550    0.10678240    0.03461895
   -8.28282828    0.10980371    0.10799847    0.03547057
   -8.08080808    0.11235875    0.10922486    0.03639381
   -7.87878788    0.11498054    0.11046049    0.03739721
   -7.67676768    0.11766853    0.11170396    0.03849065
   -7.47474747    0.12042160    0.11295377    0.03968566
   -7.27272727    0.12323796    0.11420897    0.04099575
   -7.07070707    0.12611498    0.11547035    0.04243685
   -6.86868687    0.12904907    0.11673553    0.04402786
   -6.66666667    0.13203554    0.11799828    0.04579137
   -6.46464646    0.13506833    0.11925351    0.04775461
   -6.26262626    0.13813986    0.12049618    0.04995060
   -6.06060606    0.14124077    0.12172173    0.05241983
   -5.85858586    0.14435961    0.12293077    0.05521238
   -5.65656566    0.14748258    0.12413580    0.05839088
   -5.45454545    0.15059321    0.12532592    0.06203456
   -5.25252525    0.15367193    0.12647280    0.06624495
   -5.05050505    0.15669576    0.12756339    0.07115404
   -4.84848485    0.15963782    0.12858608    0.07693606
   -4.64646465    0.16246687    0.12952715    0.08382509
   -4.44444444    0.16514681    0.13037038    0.09214159
   -4.24242424    0.16763603    0.13109697    0.10233370
   -4.04040404    0.16988668    0.13168496    0.11504248
   -3.83838384    0.17184375    0.13210812    0.13120798
   -3.63636364    0.17344387    0.13232911    0.15224371
   -3.43434343    0.17461370    0.13228507    0.18032397
   -3.23232323    0.17526764    0.13192175    0.21883662
   -3.03030303    0.17530501    0.13119996    0.27296340
   -2.82828283    0.17460616    0.13005248    0.34970033
   -2.62626263    0.17302797    0.12840603    0.45353634
   -2.42424242    0.17039904    0.12619506    0.56506659
   -2.22222222    0.16651586    0.12332395    0.60134393
   -2.02020202    0.16114230    0.11968388    0.48534754
   -1.81818182    0.15401632    0.11511222    0.30679428
   -1.61616162    0.14486860    0.10938484    0.17259647
   -1.41414141    0.13345817    0.10224811    0.09352893
   -1.21212121    0.11962607    0.09348609    0.04967327
   -1.01010101    0.10336109    0.08289013    0.02540648
   -0.80808081    0.08486039    0.07023729    0.01195062
   -0.60606061    0.06455946    0.05541100    0.00465895
   -0.40404040    0.04310905    0.03846286    0.00105241
   -0.20202020    0.02129394    0.01974211   -0.00022194
    0.00000000   -0.00008519    0.00000000   -0.00008519
    0.20202020   -0.02032822   -0.01974211   -0.00156005
    0.40404040   -0.03891541   -0.03846286   -0.00398865
    0.60606061   -0.05553535   -0.05541100   -0.00728494
    0.80808081   -0.07006783   -0.07023729   -0.01145387
    1.01010101   -0.08254100   -0.08289013   -0.01657444
    1.21212121   -0.09308144   -0.09348609   -0.02279555
    1.41414141   -0.10187011   -0.10224811   -0.03034130
    1.61616162   -0.10910937   -0.10938484   -0.03952474
    1.81818182   -0.11500124   -0.11511222   -0.05077045
    2.02020202   -0.11973496   -0.11968388   -0.06464694
    2.22222222   -0.12348096   -0.12332395   -0.08191022
    2.42424242   -0.12638895   -0.12619506   -0.10355744
    2.62626263   -0.12858844   -0.12840603   -0.13088457
    2.82828283   -0.13019028   -0.13005248   -0.16552561
    3.03030303   -0.13128888   -0.13119996   -0.20941618
    3.23232323   -0.13196434   -0.13192175   -0.26455365
    3.43434343   -0.13228450   -0.13228507   -0.33231447
    3.63636364   -0.13230685   -0.13232911   -0.41200888
    3.83838384   -0.13208007   -0.13210812   -0.49860674
    4.04040404   -0.13164543   -0.13168496   -0.58073923
    4.24242424   -0.13103796   -0.13109697   -0.64197847
    4.44444444   -0.13028740   -0.13037038   -0.66781952
    4.64646465   -0.12941900   -0.12952715   -0.65440314
    4.84848485   -0.12845427   -0.12858608   -0.61026081
    5.05050505   -0.12741149   -0.12756339   -0.54964285
    5.25252525   -0.12630621   -0.12647280   -0.48500649
    5.45454545   -0.12515169   -0.12532592   -0.42398193
    5.65656566   -0.12395919   -0.12413580   -0.36995437
    5.85858586   -0.12273830   -0.12293077   -0.32370302
    6.06060606   -0.12149718   -0.12172173   -0.28474358
    6.26262626   -0.12024273   -0.12049618   -0.25212423
    6.46464646   -0.11898083   -0.11925351   -0.22481819
    6.66666667   -0.11771643   -0.11799828   -0.20188765
    6.86868687   -0.11645373   -0.11673553   -0.18253503
    7.07070707   -0.11519623   -0.11547035   -0.16610495
    7.27272727   -0.11394690   -0.11420897   -0.15206760
    7.47474747   -0.11270820   -0.11295377   -0.13999776
    7.67676768   -0.11148217   -0.11170396   -0.12955441
    7.87878788   -0.11027048   -0.11046049   -0.12046367
    8.08080808   -0.10907452   -0.10922486   -0.11250472
    8.28282828   -0.10789537   -0.10799847   -0.10549858
    8.48484848   -0.10673393   -0.10678240   -0.09929952
    8.68686869   -0.10559085   -0.10557756   -0.09378802
    8.88888889   -0.10446666   -0.10438462   -0.08886561
    9.09090909   -0.10336172   -0.10320411   -0.08445066
    9.29292929   -0.10227628   -0.10203639   -0.08047502
    9.49494949   -0.10121047   -0.10088169   -0.07688160
    9.69696970   -0.10016435   -0.09974015   -0.07362222
    9.89898990   -0.09913789   -0.09861179   -0.07065610
   10.10101010   -0.09813099   -0.09749657   -0.06794843
   10.30303030   -0.09714353   -0.09639438   -0.06546950
   10.50505051   -0.09617531   -0.09530500   -0.06319370
   10.70707071   -0.09522611   -0.09422825   -0.06109897
   10.90909091   -0.09429567   -0.09316380   -0.05916615
   11.11111111   -0.09338372   -0.09211132   -0.05737859
   11.31313131   -0.09248994   -0.09107047   -0.05572172
   11.51515152   -0.09161403   -0.09004083   -0.05418278
   11.71717172   -0.09075565   -0.08902197   -0.05275056
   11.91919192   -0.08991447   -0.08801344   -0.05141513
   12.12121212   -0.08909015   -0.08701471   -0.05016773
   12.32323232   -0.08828232   -0.08602531   -0.04900056
   12.52525253   -0.08749065   -0.08504463   -0.04790670
   12.72727273   -0.08671477   -0.08407214   -0.04687993
   12.92929293   -0.08595435   -0.08310720   -0.04591473
   13.13131313   -0.08520901   -0.08214963   -0.04500611
   13.33333333   -0.08447842   -0.08119838   -0.04414961
   13.53535354   -0.08376224   -0.08025273   -0.04334117
   13.73737374   -0.08306012   -0.07931197   -0.04257716
   13.93939394   -0.08237173   -0.07837532   -0.04185427
   14.14141414   -0.08169674   -0.07744198   -0.04116951
   14.34343434   -0.08103484   -0.07651124   -0.04052015
   14.54545455   -0.08038569   -0.07558189   -0.03990371
   14.74747475   -0.07974900   -0.07465313   -0.03931792
   14.94949495   -0.07912446   -0.07372395   -0.03876072
   15.15151515   -0.07851177   -0.07279331   -0.03823021
   15.35353535   -0.07791064   -0.07186004   -0.03772465
   15.55555556   -0.07732080   -0.07092291   -0.03724245
   15.75757576   -0.07674195   -0.06998058   -0.03678214
   15.95959596   -0.07617384   -0.06903167   -0.03634236
   16.16161616   -0.07561621   -0.06807461   -0.03592187
   16.36363636   -0.07506878   -0.06710776   -0.03551951
   16.56565657   -0.07453132   -0.06612933   -0.03513421
   16.76767677   -0.07400358   -0.06513608   -0.03476500
   16.96969697   -0.07348534   -0.06412689   -0.03441094
   17.17171717   -0.07297634   -0.06309931   -0.03407120
   17.37373737   -0.07247638   -0.06205039   -0.03374498
   17.57575758   -0.07198524   -0.06097757   -0.03343155
   17.77777778   -0.07150269   -0.05987893   -0.03313021
   17.97979798   -0.07102855   -0.05875008   -0.03284034
   18.18181818   -0.07056260   -0.05758604   -0.03256132
   18.38383838   -0.07010465   -0.05638458   -0.03229262
   18.58585859   -0.06965452   -0.05514146   -0.03203369
   18.78787879   -0.06921202   -0.05385046   -0.03178407
   18.98989899   -0.06877696   -0.05251106   -0.03154328
   19.19191919   -0.06834918   -0.05112000   -0.03131090
   19.39393939   -0.06792851   -0.04967673   -0.03108652
   19.59595960   -0.06751478   -0.04818150   -0.03086978
   19.79797980   -0.06710783   -0.04663124   -0.03066030
   20.00000000   -0.06670751   -0.04498947   -0.03045775
