  -19.602000000000000        0.0000000000000000        7.4958152944859413E-002   0.0000000000000000     
  -19.404000000000000        0.0000000000000000        7.7035513456562829E-002   0.0000000000000000     
  -19.206000000000000        0.0000000000000000        7.9013134772396132E-002   0.0000000000000000     
  -19.008000000000003        0.0000000000000000        8.0963755319230446E-002   0.0000000000000000     
  -18.810000000000002        0.0000000000000000        8.2878848260551627E-002   0.0000000000000000     
  -18.612000000000002        0.0000000000000000        8.4748314301290401E-002   0.0000000000000000     
  -18.414000000000001        0.0000000000000000        8.6565019551140099E-002   0.0000000000000000     
  -18.216000000000001        0.0000000000000000        8.8328075149667409E-002   0.0000000000000000     
  -18.018000000000001        0.0000000000000000        9.0037888229461044E-002   0.0000000000000000     
  -17.820000000000000        0.0000000000000000        9.1696502564850596E-002   0.0000000000000000     
  -17.622000000000000        0.0000000000000000        9.3306621371104945E-002   0.0000000000000000     
  -17.423999999999999        0.0000000000000000        9.4871435873974813E-002   0.0000000000000000     
  -17.225999999999999        0.0000000000000000        9.6394349729038001E-002   0.0000000000000000     
  -17.028000000000002        0.0000000000000000        9.7878799420863929E-002   0.0000000000000000     
  -16.830000000000002        0.0000000000000000        9.9327930309002110E-002   0.0000000000000000     
  -16.632000000000001        0.0000000000000000       0.10074485955487442        0.0000000000000000     
  -16.434000000000001        0.0000000000000000       0.10213356852172237        0.0000000000000000     
  -16.236000000000001        0.0000000000000000       0.10349654188932629        0.0000000000000000     
  -16.038000000000000        0.0000000000000000       0.10483631751866304        0.0000000000000000     
  -15.840000000000000        0.0000000000000000       0.10615531454951350        0.0000000000000000     
  -15.642000000000001        0.0000000000000000       0.10745619401793903        0.0000000000000000     
  -15.444000000000001        0.0000000000000000       0.10874054383837219        0.0000000000000000     
  -15.246000000000000        0.0000000000000000       0.11001033215752845        0.0000000000000000     
  -15.048000000000000        0.0000000000000000       0.11126737784312367        0.0000000000000000     
  -14.850000000000001        0.0000000000000000       0.11251336744404505        0.0000000000000000     
  -14.652000000000001        0.0000000000000000       0.11374986492401426        0.0000000000000000     
  -14.454000000000001        0.0000000000000000       0.11497832313551187        0.0000000000000000     
  -14.256000000000000        0.0000000000000000       0.11620009378940814        0.0000000000000000     
  -14.058000000000000        0.0000000000000000       0.11741643606778032        0.0000000000000000     
  -13.860000000000001        0.0000000000000000       0.11862852308352537        0.0000000000000000     
  -13.662000000000001        0.0000000000000000       0.11983745325104871        0.0000000000000000     
  -13.464000000000000        0.0000000000000000       0.12104399601643269        0.0000000000000000     
  -13.266000000000000        0.0000000000000000       0.12224939882236668        0.0000000000000000     
  -13.068000000000001        0.0000000000000000       0.12345455287421193        0.0000000000000000     
  -12.870000000000001        0.0000000000000000       0.12466029242065153        0.0000000000000000     
  -12.672000000000001        0.0000000000000000       0.12586739671517103        0.0000000000000000     
  -12.474000000000000        0.0000000000000000       0.12707659376204397        0.0000000000000000     
  -12.276000000000000        0.0000000000000000       0.12828856357563437        0.0000000000000000     
  -12.078000000000001        0.0000000000000000       0.12950393493584217        0.0000000000000000     
  -11.880000000000001        0.0000000000000000       0.13072329108082167        0.0000000000000000     
  -11.682000000000000        0.0000000000000000       0.13194716758327291        0.0000000000000000     
  -11.484000000000000        0.0000000000000000       0.13317605140657146        0.0000000000000000     
  -11.286000000000001        0.0000000000000000       0.13441038032959743        0.0000000000000000     
  -11.088000000000001        0.0000000000000000       0.13565054210610078        0.0000000000000000     
  -10.890000000000001        0.0000000000000000       0.13689687145611459        0.0000000000000000     
  -10.692000000000000        0.0000000000000000       0.13814965077385782        0.0000000000000000     
  -10.494000000000000        0.0000000000000000       0.13940909630888304        0.0000000000000000     
  -10.296000000000001        0.0000000000000000       0.14067536549581983        0.0000000000000000     
  -10.098000000000001        0.0000000000000000       0.14194854384342531        0.0000000000000000     
  -9.9000000000000004        0.0000000000000000       0.14322864005300454        0.0000000000000000     
  -9.7020000000000000        0.0000000000000000       0.14451558174149784        0.0000000000000000     
  -9.5040000000000013        0.0000000000000000       0.14580919730147199        0.0000000000000000     
  -9.3060000000000009        0.0000000000000000       0.14710921719894193        0.0000000000000000     
  -9.1080000000000005        0.0000000000000000       0.14841525112875806        0.0000000000000000     
  -8.9100000000000001        0.0000000000000000       0.14972678121578989        0.0000000000000000     
  -8.7119999999999997        0.0000000000000000       0.15104313950951670        0.0000000000000000     
  -8.5140000000000011        0.0000000000000000       0.15236349611190794        0.0000000000000000     
  -8.3160000000000007        0.0000000000000000       0.15368682990269350        0.0000000000000000     
  -8.1180000000000003        0.0000000000000000       0.15501190703681669        0.0000000000000000     
  -7.9199999999999999        0.0000000000000000       0.15633725674300769        0.0000000000000000     
  -7.7220000000000004        0.0000000000000000       0.15766112705036373        0.0000000000000000     
  -7.5240000000000000        0.0000000000000000       0.15898146061641852        0.0000000000000000     
  -7.3260000000000005        0.0000000000000000       0.16029584201788089        0.0000000000000000     
  -7.1280000000000001        0.0000000000000000       0.16160144608847934        0.0000000000000000     
  -6.9300000000000006        0.0000000000000000       0.16289499199376914        0.0000000000000000     
  -6.7320000000000002        0.0000000000000000       0.16417266686611931        0.0000000000000000     
  -6.5340000000000007        0.0000000000000000       0.16543004896776470        0.0000000000000000     
  -6.3360000000000003        0.0000000000000000       0.16666197998809335        0.0000000000000000     
  -6.1379999999999999        0.0000000000000000       0.16786200872054596        0.0000000000000000     
  -5.9400000000000004        0.0000000000000000       0.16902067115381009        0.0000000000000000     
  -5.7420000000000000        0.0000000000000000       0.17012938473352326        0.0000000000000000     
  -5.5440000000000005        0.0000000000000000       0.17118063462919314        0.0000000000000000     
  -5.3460000000000001        0.0000000000000000       0.17216376691866703        0.0000000000000000     
  -5.1480000000000006        0.0000000000000000       0.17306596859104889        0.0000000000000000     
  -4.9500000000000002        0.0000000000000000       0.17387231696716210        0.0000000000000000     
  -4.7520000000000007        0.0000000000000000       0.17456547179133464        0.0000000000000000     
  -4.5540000000000003        0.0000000000000000       0.17512524575562860        0.0000000000000000     
  -4.3559999999999999        0.0000000000000000       0.17552811004449348        0.0000000000000000     
  -4.1580000000000004        0.0000000000000000       0.17574670504121068        0.0000000000000000     
  -3.9600000000000000        0.0000000000000000       0.17575004750744164        0.0000000000000000     
  -3.7620000000000000        0.0000000000000000       0.17550633787495373        0.0000000000000000     
  -3.5640000000000001        0.0000000000000000       0.17497411185901493        0.0000000000000000     
  -3.3660000000000001        0.0000000000000000       0.17409989296427339        0.0000000000000000     
  -3.1680000000000001        0.0000000000000000       0.17282444605370842        0.0000000000000000     
  -2.9700000000000002        0.0000000000000000       0.17107622349616761        0.0000000000000000     
  -2.7720000000000002        0.0000000000000000       0.16875722989630562        0.0000000000000000     
  -2.5740000000000003        0.0000000000000000       0.16576350434726764        0.0000000000000000     
  -2.3760000000000003        0.0000000000000000       0.16199275356943441        0.0000000000000000     
  -2.1779999999999999        0.0000000000000000       0.15731839631564032        0.0000000000000000     
  -1.9800000000000000        0.0000000000000000       0.15158924745480765        0.0000000000000000     
  -1.7820000000000000        0.0000000000000000       0.14463245358580060        0.0000000000000000     
  -1.5840000000000001        0.0000000000000000       0.13625675736888632        0.0000000000000000     
  -1.3860000000000001        0.0000000000000000       0.12626193148067488        0.0000000000000000     
  -1.1880000000000002        0.0000000000000000       0.11442340696235008        0.0000000000000000     
 -0.98999999999999999        0.0000000000000000       0.10053902214616452        0.0000000000000000     
 -0.79200000000000004        0.0000000000000000        8.4458337160444472E-002   0.0000000000000000     
 -0.59400000000000008        0.0000000000000000        6.6103778263100044E-002   0.0000000000000000     
 -0.39600000000000002        0.0000000000000000        4.5582463356687523E-002   0.0000000000000000     
 -0.19800000000000001        0.0000000000000000        2.3293429084970271E-002   0.0000000000000000     
   0.0000000000000000        0.0000000000000000        0.0000000000000000        0.0000000000000000     
  0.19800000000000001        0.0000000000000000       -2.3293429084970271E-002   0.0000000000000000     
  0.39600000000000002        0.0000000000000000       -4.5582463356687523E-002   0.0000000000000000     
  0.59400000000000008        0.0000000000000000       -6.6103778263100044E-002   0.0000000000000000     
  0.79200000000000004        0.0000000000000000       -8.4458337160444472E-002   0.0000000000000000     
  0.98999999999999999        0.0000000000000000      -0.10053902214616452        0.0000000000000000     
   1.1880000000000002        0.0000000000000000      -0.11442340696235008        0.0000000000000000     
   1.3860000000000001        0.0000000000000000      -0.12626193148067488        0.0000000000000000     
   1.5840000000000001        0.0000000000000000      -0.13625675736888632        0.0000000000000000     
   1.7820000000000000        0.0000000000000000      -0.14463245358580060        0.0000000000000000     
   1.9800000000000000        0.0000000000000000      -0.15158924745480765        0.0000000000000000     
   2.1779999999999999        0.0000000000000000      -0.15731839631564032        0.0000000000000000     
   2.3760000000000003        0.0000000000000000      -0.16199275356943441        0.0000000000000000     
   2.5740000000000003        0.0000000000000000      -0.16576350434726764        0.0000000000000000     
   2.7720000000000002        0.0000000000000000      -0.16875722989630562        0.0000000000000000     
   2.9700000000000002        0.0000000000000000      -0.17107622349616761        0.0000000000000000     
   3.1680000000000001        0.0000000000000000      -0.17282444605370842        0.0000000000000000     
   3.3660000000000001        0.0000000000000000      -0.17409989296427339        0.0000000000000000     
   3.5640000000000001        0.0000000000000000      -0.17497411185901493        0.0000000000000000     
   3.7620000000000000        0.0000000000000000      -0.17550633787495373        0.0000000000000000     
   3.9600000000000000        0.0000000000000000      -0.17575004750744164        0.0000000000000000     
   4.1580000000000004        0.0000000000000000      -0.17574670504121068        0.0000000000000000     
   4.3559999999999999        0.0000000000000000      -0.17552811004449348        0.0000000000000000     
   4.5540000000000003        0.0000000000000000      -0.17512524575562860        0.0000000000000000     
   4.7520000000000007        0.0000000000000000      -0.17456547179133464        0.0000000000000000     
   4.9500000000000002        0.0000000000000000      -0.17387231696716210        0.0000000000000000     
   5.1480000000000006        0.0000000000000000      -0.17306596859104889        0.0000000000000000     
   5.3460000000000001        0.0000000000000000      -0.17216376691866703        0.0000000000000000     
   5.5440000000000005        0.0000000000000000      -0.17118063462919314        0.0000000000000000     
   5.7420000000000000        0.0000000000000000      -0.17012938473352326        0.0000000000000000     
   5.9400000000000004        0.0000000000000000      -0.16902067115381009        0.0000000000000000     
   6.1379999999999999        0.0000000000000000      -0.16786200872054596        0.0000000000000000     
   6.3360000000000003        0.0000000000000000      -0.16666197998809335        0.0000000000000000     
   6.5340000000000007        0.0000000000000000      -0.16543004896776470        0.0000000000000000     
   6.7320000000000002        0.0000000000000000      -0.16417266686611931        0.0000000000000000     
   6.9300000000000006        0.0000000000000000      -0.16289499199376914        0.0000000000000000     
   7.1280000000000001        0.0000000000000000      -0.16160144608847934        0.0000000000000000     
   7.3260000000000005        0.0000000000000000      -0.16029584201788089        0.0000000000000000     
   7.5240000000000000        0.0000000000000000      -0.15898146061641852        0.0000000000000000     
   7.7220000000000004        0.0000000000000000      -0.15766112705036373        0.0000000000000000     
   7.9199999999999999        0.0000000000000000      -0.15633725674300769        0.0000000000000000     
   8.1180000000000003        0.0000000000000000      -0.15501190703681669        0.0000000000000000     
   8.3160000000000007        0.0000000000000000      -0.15368682990269350        0.0000000000000000     
   8.5140000000000011        0.0000000000000000      -0.15236349611190794        0.0000000000000000     
   8.7119999999999997        0.0000000000000000      -0.15104313950951670        0.0000000000000000     
   8.9100000000000001        0.0000000000000000      -0.14972678121578989        0.0000000000000000     
   9.1080000000000005        0.0000000000000000      -0.14841525112875806        0.0000000000000000     
   9.3060000000000009        0.0000000000000000      -0.14710921719894193        0.0000000000000000     
   9.5040000000000013        0.0000000000000000      -0.14580919730147199        0.0000000000000000     
   9.7020000000000000        0.0000000000000000      -0.14451558174149784        0.0000000000000000     
   9.9000000000000004        0.0000000000000000      -0.14322864005300454        0.0000000000000000     
   10.098000000000001        0.0000000000000000      -0.14194854384342531        0.0000000000000000     
   10.296000000000001        0.0000000000000000      -0.14067536549581983        0.0000000000000000     
   10.494000000000000        0.0000000000000000      -0.13940909630888304        0.0000000000000000     
   10.692000000000000        0.0000000000000000      -0.13814965077385782        0.0000000000000000     
   10.890000000000001        0.0000000000000000      -0.13689687145611459        0.0000000000000000     
   11.088000000000001        0.0000000000000000      -0.13565054210610078        0.0000000000000000     
   11.286000000000001        0.0000000000000000      -0.13441038032959743        0.0000000000000000     
   11.484000000000000        0.0000000000000000      -0.13317605140657146        0.0000000000000000     
   11.682000000000000        0.0000000000000000      -0.13194716758327291        0.0000000000000000     
   11.880000000000001        0.0000000000000000      -0.13072329108082167        0.0000000000000000     
   12.078000000000001        0.0000000000000000      -0.12950393493584217        0.0000000000000000     
   12.276000000000000        0.0000000000000000      -0.12828856357563437        0.0000000000000000     
   12.474000000000000        0.0000000000000000      -0.12707659376204397        0.0000000000000000     
   12.672000000000001        0.0000000000000000      -0.12586739671517103        0.0000000000000000     
   12.870000000000001        0.0000000000000000      -0.12466029242065153        0.0000000000000000     
   13.068000000000001        0.0000000000000000      -0.12345455287421193        0.0000000000000000     
   13.266000000000000        0.0000000000000000      -0.12224939882236668        0.0000000000000000     
   13.464000000000000        0.0000000000000000      -0.12104399601643269        0.0000000000000000     
   13.662000000000001        0.0000000000000000      -0.11983745325104871        0.0000000000000000     
   13.860000000000001        0.0000000000000000      -0.11862852308352537        0.0000000000000000     
   14.058000000000000        0.0000000000000000      -0.11741643606778032        0.0000000000000000     
   14.256000000000000        0.0000000000000000      -0.11620009378940814        0.0000000000000000     
   14.454000000000001        0.0000000000000000      -0.11497832313551187        0.0000000000000000     
   14.652000000000001        0.0000000000000000      -0.11374986492401426        0.0000000000000000     
   14.850000000000001        0.0000000000000000      -0.11251336744404505        0.0000000000000000     
   15.048000000000000        0.0000000000000000      -0.11126737784312367        0.0000000000000000     
   15.246000000000000        0.0000000000000000      -0.11001033215752845        0.0000000000000000     
   15.444000000000001        0.0000000000000000      -0.10874054383837219        0.0000000000000000     
   15.642000000000001        0.0000000000000000      -0.10745619401793903        0.0000000000000000     
   15.840000000000000        0.0000000000000000      -0.10615531454951350        0.0000000000000000     
   16.038000000000000        0.0000000000000000      -0.10483631751866304        0.0000000000000000     
   16.236000000000001        0.0000000000000000      -0.10349654188932629        0.0000000000000000     
   16.434000000000001        0.0000000000000000      -0.10213356852172237        0.0000000000000000     
   16.632000000000001        0.0000000000000000      -0.10074485955487442        0.0000000000000000     
   16.830000000000002        0.0000000000000000       -9.9327930309002110E-002   0.0000000000000000     
   17.028000000000002        0.0000000000000000       -9.7878799420863929E-002   0.0000000000000000     
   17.225999999999999        0.0000000000000000       -9.6394349729038001E-002   0.0000000000000000     
   17.423999999999999        0.0000000000000000       -9.4871435873974813E-002   0.0000000000000000     
   17.622000000000000        0.0000000000000000       -9.3306621371104945E-002   0.0000000000000000     
   17.820000000000000        0.0000000000000000       -9.1696502564850596E-002   0.0000000000000000     
   18.018000000000001        0.0000000000000000       -9.0037888229461044E-002   0.0000000000000000     
   18.216000000000001        0.0000000000000000       -8.8328075149667409E-002   0.0000000000000000     
   18.414000000000001        0.0000000000000000       -8.6565019551140099E-002   0.0000000000000000     
   18.612000000000002        0.0000000000000000       -8.4748314301290401E-002   0.0000000000000000     
   18.810000000000002        0.0000000000000000       -8.2878848260551627E-002   0.0000000000000000     
   19.008000000000003        0.0000000000000000       -8.0963755319230446E-002   0.0000000000000000     
   19.206000000000000        0.0000000000000000       -7.9013134772396132E-002   0.0000000000000000     
   19.404000000000000        0.0000000000000000       -7.7035513456562829E-002   0.0000000000000000     
   19.602000000000000        0.0000000000000000       -7.4958152944859413E-002   0.0000000000000000     
