  -19.602000000000000        0.0000000000000000        7.8830266748000609E-003   0.0000000000000000     
  -19.404000000000000        0.0000000000000000        8.3452280626519649E-003   0.0000000000000000     
  -19.206000000000000        0.0000000000000000        8.7798467245809673E-003   0.0000000000000000     
  -19.008000000000003        0.0000000000000000        9.1859251483317073E-003   0.0000000000000000     
  -18.810000000000002        0.0000000000000000        9.5636869132001597E-003   0.0000000000000000     
  -18.612000000000002        0.0000000000000000        9.9162391648899353E-003   0.0000000000000000     
  -18.414000000000001        0.0000000000000000        1.0246630558637108E-002   0.0000000000000000     
  -18.216000000000001        0.0000000000000000        1.0558410703350802E-002   0.0000000000000000     
  -18.018000000000001        0.0000000000000000        1.0852827913694395E-002   0.0000000000000000     
  -17.820000000000000        0.0000000000000000        1.1131486024539101E-002   0.0000000000000000     
  -17.622000000000000        0.0000000000000000        1.1397447120995436E-002   0.0000000000000000     
  -17.423999999999999        0.0000000000000000        1.1651682158097669E-002   0.0000000000000000     
  -17.225999999999999        0.0000000000000000        1.1896968232937299E-002   0.0000000000000000     
  -17.028000000000002        0.0000000000000000        1.2134653948248947E-002   0.0000000000000000     
  -16.830000000000002        0.0000000000000000        1.2366032238693344E-002   0.0000000000000000     
  -16.632000000000001        0.0000000000000000        1.2592343508488949E-002   0.0000000000000000     
  -16.434000000000001        0.0000000000000000        1.2814526978715541E-002   0.0000000000000000     
  -16.236000000000001        0.0000000000000000        1.3033453767992864E-002   0.0000000000000000     
  -16.038000000000000        0.0000000000000000        1.3249904492150624E-002   0.0000000000000000     
  -15.840000000000000        0.0000000000000000        1.3464946274078907E-002   0.0000000000000000     
  -15.642000000000001        0.0000000000000000        1.3678764635925062E-002   0.0000000000000000     
  -15.444000000000001        0.0000000000000000        1.3891936359917393E-002   0.0000000000000000     
  -15.246000000000000        0.0000000000000000        1.4104984591743837E-002   0.0000000000000000     
  -15.048000000000000        0.0000000000000000        1.4318386603517122E-002   0.0000000000000000     
  -14.850000000000001        0.0000000000000000        1.4532581650758271E-002   0.0000000000000000     
  -14.652000000000001        0.0000000000000000        1.4747975610634650E-002   0.0000000000000000     
  -14.454000000000001        0.0000000000000000        1.4964947832394177E-002   0.0000000000000000     
  -14.256000000000000        0.0000000000000000        1.5183853814122739E-002   0.0000000000000000     
  -14.058000000000000        0.0000000000000000        1.5405030783930863E-002   0.0000000000000000     
  -13.860000000000001        0.0000000000000000        1.5628799559120256E-002   0.0000000000000000     
  -13.662000000000001        0.0000000000000000        1.5855468378813724E-002   0.0000000000000000     
  -13.464000000000000        0.0000000000000000        1.6085334796304692E-002   0.0000000000000000     
  -13.266000000000000        0.0000000000000000        1.6318688523572794E-002   0.0000000000000000     
  -13.068000000000001        0.0000000000000000        1.6555812762288593E-002   0.0000000000000000     
  -12.870000000000001        0.0000000000000000        1.6796986239034101E-002   0.0000000000000000     
  -12.672000000000001        0.0000000000000000        1.7042484672726232E-002   0.0000000000000000     
  -12.474000000000000        0.0000000000000000        1.7292582378459067E-002   0.0000000000000000     
  -12.276000000000000        0.0000000000000000        1.7547552567993837E-002   0.0000000000000000     
  -12.078000000000001        0.0000000000000000        1.7807670183213539E-002   0.0000000000000000     
  -11.880000000000001        0.0000000000000000        1.8073210799242349E-002   0.0000000000000000     
  -11.682000000000000        0.0000000000000000        1.8344452710362259E-002   0.0000000000000000     
  -11.484000000000000        0.0000000000000000        1.8621678013989236E-002   0.0000000000000000     
  -11.286000000000001        0.0000000000000000        1.8905172154407741E-002   0.0000000000000000     
  -11.088000000000001        0.0000000000000000        1.9195225027025350E-002   0.0000000000000000     
  -10.890000000000001        0.0000000000000000        1.9492132135166994E-002   0.0000000000000000     
  -10.692000000000000        0.0000000000000000        1.9796194181740442E-002   0.0000000000000000     
  -10.494000000000000        0.0000000000000000        2.0107717460979328E-002   0.0000000000000000     
  -10.296000000000001        0.0000000000000000        2.0427014541458798E-002   0.0000000000000000     
  -10.098000000000001        0.0000000000000000        2.0754403729637862E-002   0.0000000000000000     
  -9.9000000000000004        0.0000000000000000        2.1090209833988884E-002   0.0000000000000000     
  -9.7020000000000000        0.0000000000000000        2.1434762690200067E-002   0.0000000000000000     
  -9.5040000000000013        0.0000000000000000        2.1788398203672961E-002   0.0000000000000000     
  -9.3060000000000009        0.0000000000000000        2.2151457109770813E-002   0.0000000000000000     
  -9.1080000000000005        0.0000000000000000        2.2524283379193814E-002   0.0000000000000000     
  -8.9100000000000001        0.0000000000000000        2.2907223961733034E-002   0.0000000000000000     
  -8.7119999999999997        0.0000000000000000        2.3300627710590029E-002   0.0000000000000000     
  -8.5140000000000011        0.0000000000000000        2.3704841409641152E-002   0.0000000000000000     
  -8.3160000000000007        0.0000000000000000        2.4120209109778711E-002   0.0000000000000000     
  -8.1180000000000003        0.0000000000000000        2.4547068294437532E-002   0.0000000000000000     
  -7.9199999999999999        0.0000000000000000        2.4985745340905779E-002   0.0000000000000000     
  -7.7220000000000004        0.0000000000000000        2.5436552411267525E-002   0.0000000000000000     
  -7.5240000000000000        0.0000000000000000        2.5899778352902383E-002   0.0000000000000000     
  -7.3260000000000005        0.0000000000000000        2.6375684123848140E-002   0.0000000000000000     
  -7.1280000000000001        0.0000000000000000        2.6864492808421868E-002   0.0000000000000000     
  -6.9300000000000006        0.0000000000000000        2.7366377667673459E-002   0.0000000000000000     
  -6.7320000000000002        0.0000000000000000        2.7881449204029251E-002   0.0000000000000000     
  -6.5340000000000007        0.0000000000000000        2.8409738570281357E-002   0.0000000000000000     
  -6.3360000000000003        0.0000000000000000        2.8951176171198186E-002   0.0000000000000000     
  -6.1379999999999999        0.0000000000000000        2.9505568205488115E-002   0.0000000000000000     
  -5.9400000000000004        0.0000000000000000        3.0072564730442970E-002   0.0000000000000000     
  -5.7420000000000000        0.0000000000000000        3.0651621776234574E-002   0.0000000000000000     
  -5.5440000000000005        0.0000000000000000        3.1241956701030211E-002   0.0000000000000000     
  -5.3460000000000001        0.0000000000000000        3.1842490178912504E-002   0.0000000000000000     
  -5.1480000000000006        0.0000000000000000        3.2451777341124803E-002   0.0000000000000000     
  -4.9500000000000002        0.0000000000000000        3.3067924100671678E-002   0.0000000000000000     
  -4.7520000000000007        0.0000000000000000        3.3688485599147978E-002   0.0000000000000000     
  -4.5540000000000003        0.0000000000000000        3.4310352930310602E-002   0.0000000000000000     
  -4.3559999999999999        0.0000000000000000        3.4929639523525201E-002   0.0000000000000000     
  -4.1580000000000004        0.0000000000000000        3.5541625511640446E-002   0.0000000000000000     
  -3.9600000000000000        0.0000000000000000        3.6140904271933991E-002   0.0000000000000000     
  -3.7620000000000000        0.0000000000000000        3.6721942697983088E-002   0.0000000000000000     
  -3.5640000000000001        0.0000000000000000        3.7279045434443443E-002   0.0000000000000000     
  -3.3660000000000001        0.0000000000000000        3.7802162847746117E-002   0.0000000000000000     
  -3.1680000000000001        0.0000000000000000        3.8275883848193970E-002   0.0000000000000000     
  -2.9700000000000002        0.0000000000000000        3.8682095618983794E-002   0.0000000000000000     
  -2.7720000000000002        0.0000000000000000        3.8997721876489463E-002   0.0000000000000000     
  -2.5740000000000003        0.0000000000000000        3.9191628394451186E-002   0.0000000000000000     
  -2.3760000000000003        0.0000000000000000        3.9227051113290230E-002   0.0000000000000000     
  -2.1779999999999999        0.0000000000000000        3.9056783828965318E-002   0.0000000000000000     
  -1.9800000000000000        0.0000000000000000        3.8612740664626263E-002   0.0000000000000000     
  -1.7820000000000000        0.0000000000000000        3.7819156579474864E-002   0.0000000000000000     
  -1.5840000000000001        0.0000000000000000        3.6589091481657898E-002   0.0000000000000000     
  -1.3860000000000001        0.0000000000000000        3.4827841055508485E-002   0.0000000000000000     
  -1.1880000000000002        0.0000000000000000        3.2435178518678998E-002   0.0000000000000000     
 -0.98999999999999999        0.0000000000000000        2.9278783653367807E-002   0.0000000000000000     
 -0.79200000000000004        0.0000000000000000        2.5217061133120527E-002   0.0000000000000000     
 -0.59400000000000008        0.0000000000000000        2.0152626178517544E-002   0.0000000000000000     
 -0.39600000000000002        0.0000000000000000        1.4107810553945038E-002   0.0000000000000000     
 -0.19800000000000001        0.0000000000000000        7.2752177767504153E-003   0.0000000000000000     
   0.0000000000000000        0.0000000000000000        0.0000000000000000        0.0000000000000000     
  0.19800000000000001        0.0000000000000000       -7.2752177767504153E-003   0.0000000000000000     
  0.39600000000000002        0.0000000000000000       -1.4107810553945038E-002   0.0000000000000000     
  0.59400000000000008        0.0000000000000000       -2.0152626178517544E-002   0.0000000000000000     
  0.79200000000000004        0.0000000000000000       -2.5217061133120527E-002   0.0000000000000000     
  0.98999999999999999        0.0000000000000000       -2.9278783653367807E-002   0.0000000000000000     
   1.1880000000000002        0.0000000000000000       -3.2435178518678998E-002   0.0000000000000000     
   1.3860000000000001        0.0000000000000000       -3.4827841055508485E-002   0.0000000000000000     
   1.5840000000000001        0.0000000000000000       -3.6589091481657898E-002   0.0000000000000000     
   1.7820000000000000        0.0000000000000000       -3.7819156579474864E-002   0.0000000000000000     
   1.9800000000000000        0.0000000000000000       -3.8612740664626263E-002   0.0000000000000000     
   2.1779999999999999        0.0000000000000000       -3.9056783828965318E-002   0.0000000000000000     
   2.3760000000000003        0.0000000000000000       -3.9227051113290230E-002   0.0000000000000000     
   2.5740000000000003        0.0000000000000000       -3.9191628394451186E-002   0.0000000000000000     
   2.7720000000000002        0.0000000000000000       -3.8997721876489463E-002   0.0000000000000000     
   2.9700000000000002        0.0000000000000000       -3.8682095618983794E-002   0.0000000000000000     
   3.1680000000000001        0.0000000000000000       -3.8275883848193970E-002   0.0000000000000000     
   3.3660000000000001        0.0000000000000000       -3.7802162847746117E-002   0.0000000000000000     
   3.5640000000000001        0.0000000000000000       -3.7279045434443443E-002   0.0000000000000000     
   3.7620000000000000        0.0000000000000000       -3.6721942697983088E-002   0.0000000000000000     
   3.9600000000000000        0.0000000000000000       -3.6140904271933991E-002   0.0000000000000000     
   4.1580000000000004        0.0000000000000000       -3.5541625511640446E-002   0.0000000000000000     
   4.3559999999999999        0.0000000000000000       -3.4929639523525201E-002   0.0000000000000000     
   4.5540000000000003        0.0000000000000000       -3.4310352930310602E-002   0.0000000000000000     
   4.7520000000000007        0.0000000000000000       -3.3688485599147978E-002   0.0000000000000000     
   4.9500000000000002        0.0000000000000000       -3.3067924100671678E-002   0.0000000000000000     
   5.1480000000000006        0.0000000000000000       -3.2451777341124803E-002   0.0000000000000000     
   5.3460000000000001        0.0000000000000000       -3.1842490178912504E-002   0.0000000000000000     
   5.5440000000000005        0.0000000000000000       -3.1241956701030211E-002   0.0000000000000000     
   5.7420000000000000        0.0000000000000000       -3.0651621776234574E-002   0.0000000000000000     
   5.9400000000000004        0.0000000000000000       -3.0072564730442970E-002   0.0000000000000000     
   6.1379999999999999        0.0000000000000000       -2.9505568205488115E-002   0.0000000000000000     
   6.3360000000000003        0.0000000000000000       -2.8951176171198186E-002   0.0000000000000000     
   6.5340000000000007        0.0000000000000000       -2.8409738570281357E-002   0.0000000000000000     
   6.7320000000000002        0.0000000000000000       -2.7881449204029251E-002   0.0000000000000000     
   6.9300000000000006        0.0000000000000000       -2.7366377667673459E-002   0.0000000000000000     
   7.1280000000000001        0.0000000000000000       -2.6864492808421868E-002   0.0000000000000000     
   7.3260000000000005        0.0000000000000000       -2.6375684123848140E-002   0.0000000000000000     
   7.5240000000000000        0.0000000000000000       -2.5899778352902383E-002   0.0000000000000000     
   7.7220000000000004        0.0000000000000000       -2.5436552411267525E-002   0.0000000000000000     
   7.9199999999999999        0.0000000000000000       -2.4985745340905779E-002   0.0000000000000000     
   8.1180000000000003        0.0000000000000000       -2.4547068294437532E-002   0.0000000000000000     
   8.3160000000000007        0.0000000000000000       -2.4120209109778711E-002   0.0000000000000000     
   8.5140000000000011        0.0000000000000000       -2.3704841409641152E-002   0.0000000000000000     
   8.7119999999999997        0.0000000000000000       -2.3300627710590029E-002   0.0000000000000000     
   8.9100000000000001        0.0000000000000000       -2.2907223961733034E-002   0.0000000000000000     
   9.1080000000000005        0.0000000000000000       -2.2524283379193814E-002   0.0000000000000000     
   9.3060000000000009        0.0000000000000000       -2.2151457109770813E-002   0.0000000000000000     
   9.5040000000000013        0.0000000000000000       -2.1788398203672961E-002   0.0000000000000000     
   9.7020000000000000        0.0000000000000000       -2.1434762690200067E-002   0.0000000000000000     
   9.9000000000000004        0.0000000000000000       -2.1090209833988884E-002   0.0000000000000000     
   10.098000000000001        0.0000000000000000       -2.0754403729637862E-002   0.0000000000000000     
   10.296000000000001        0.0000000000000000       -2.0427014541458798E-002   0.0000000000000000     
   10.494000000000000        0.0000000000000000       -2.0107717460979328E-002   0.0000000000000000     
   10.692000000000000        0.0000000000000000       -1.9796194181740442E-002   0.0000000000000000     
   10.890000000000001        0.0000000000000000       -1.9492132135166994E-002   0.0000000000000000     
   11.088000000000001        0.0000000000000000       -1.9195225027025350E-002   0.0000000000000000     
   11.286000000000001        0.0000000000000000       -1.8905172154407741E-002   0.0000000000000000     
   11.484000000000000        0.0000000000000000       -1.8621678013989236E-002   0.0000000000000000     
   11.682000000000000        0.0000000000000000       -1.8344452710362259E-002   0.0000000000000000     
   11.880000000000001        0.0000000000000000       -1.8073210799242349E-002   0.0000000000000000     
   12.078000000000001        0.0000000000000000       -1.7807670183213539E-002   0.0000000000000000     
   12.276000000000000        0.0000000000000000       -1.7547552567993837E-002   0.0000000000000000     
   12.474000000000000        0.0000000000000000       -1.7292582378459067E-002   0.0000000000000000     
   12.672000000000001        0.0000000000000000       -1.7042484672726232E-002   0.0000000000000000     
   12.870000000000001        0.0000000000000000       -1.6796986239034101E-002   0.0000000000000000     
   13.068000000000001        0.0000000000000000       -1.6555812762288593E-002   0.0000000000000000     
   13.266000000000000        0.0000000000000000       -1.6318688523572794E-002   0.0000000000000000     
   13.464000000000000        0.0000000000000000       -1.6085334796304692E-002   0.0000000000000000     
   13.662000000000001        0.0000000000000000       -1.5855468378813724E-002   0.0000000000000000     
   13.860000000000001        0.0000000000000000       -1.5628799559120256E-002   0.0000000000000000     
   14.058000000000000        0.0000000000000000       -1.5405030783930863E-002   0.0000000000000000     
   14.256000000000000        0.0000000000000000       -1.5183853814122739E-002   0.0000000000000000     
   14.454000000000001        0.0000000000000000       -1.4964947832394177E-002   0.0000000000000000     
   14.652000000000001        0.0000000000000000       -1.4747975610634650E-002   0.0000000000000000     
   14.850000000000001        0.0000000000000000       -1.4532581650758271E-002   0.0000000000000000     
   15.048000000000000        0.0000000000000000       -1.4318386603517122E-002   0.0000000000000000     
   15.246000000000000        0.0000000000000000       -1.4104984591743837E-002   0.0000000000000000     
   15.444000000000001        0.0000000000000000       -1.3891936359917393E-002   0.0000000000000000     
   15.642000000000001        0.0000000000000000       -1.3678764635925062E-002   0.0000000000000000     
   15.840000000000000        0.0000000000000000       -1.3464946274078907E-002   0.0000000000000000     
   16.038000000000000        0.0000000000000000       -1.3249904492150624E-002   0.0000000000000000     
   16.236000000000001        0.0000000000000000       -1.3033453767992864E-002   0.0000000000000000     
   16.434000000000001        0.0000000000000000       -1.2814526978715541E-002   0.0000000000000000     
   16.632000000000001        0.0000000000000000       -1.2592343508488949E-002   0.0000000000000000     
   16.830000000000002        0.0000000000000000       -1.2366032238693344E-002   0.0000000000000000     
   17.028000000000002        0.0000000000000000       -1.2134653948248947E-002   0.0000000000000000     
   17.225999999999999        0.0000000000000000       -1.1896968232937299E-002   0.0000000000000000     
   17.423999999999999        0.0000000000000000       -1.1651682158097669E-002   0.0000000000000000     
   17.622000000000000        0.0000000000000000       -1.1397447120995436E-002   0.0000000000000000     
   17.820000000000000        0.0000000000000000       -1.1131486024539101E-002   0.0000000000000000     
   18.018000000000001        0.0000000000000000       -1.0852827913694395E-002   0.0000000000000000     
   18.216000000000001        0.0000000000000000       -1.0558410703350802E-002   0.0000000000000000     
   18.414000000000001        0.0000000000000000       -1.0246630558637108E-002   0.0000000000000000     
   18.612000000000002        0.0000000000000000       -9.9162391648899353E-003   0.0000000000000000     
   18.810000000000002        0.0000000000000000       -9.5636869132001597E-003   0.0000000000000000     
   19.008000000000003        0.0000000000000000       -9.1859251483317073E-003   0.0000000000000000     
   19.206000000000000        0.0000000000000000       -8.7798467245809673E-003   0.0000000000000000     
   19.404000000000000        0.0000000000000000       -8.3452280626519649E-003   0.0000000000000000     
   19.602000000000000        0.0000000000000000       -7.8830266748000609E-003   0.0000000000000000     
