  -19.602000000000000        0.0000000000000000        4.0572919051231355E-003   0.0000000000000000     
  -19.404000000000000        0.0000000000000000        4.3122688252648428E-003   0.0000000000000000     
  -19.206000000000000        0.0000000000000000        4.5471709267236784E-003   0.0000000000000000     
  -19.008000000000003        0.0000000000000000        4.7659039755447753E-003   0.0000000000000000     
  -18.810000000000002        0.0000000000000000        4.9668234794559936E-003   0.0000000000000000     
  -18.612000000000002        0.0000000000000000        5.1528510481873751E-003   0.0000000000000000     
  -18.414000000000001        0.0000000000000000        5.3272001336091826E-003   0.0000000000000000     
  -18.216000000000001        0.0000000000000000        5.4900251497814424E-003   0.0000000000000000     
  -18.018000000000001        0.0000000000000000        5.6430412382271981E-003   0.0000000000000000     
  -17.820000000000000        0.0000000000000000        5.7879569278463478E-003   0.0000000000000000     
  -17.622000000000000        0.0000000000000000        5.9251530592757517E-003   0.0000000000000000     
  -17.423999999999999        0.0000000000000000        6.0568311659300166E-003   0.0000000000000000     
  -17.225999999999999        0.0000000000000000        6.1841771047997929E-003   0.0000000000000000     
  -17.028000000000002        0.0000000000000000        6.3073777695940676E-003   0.0000000000000000     
  -16.830000000000002        0.0000000000000000        6.4275279218292090E-003   0.0000000000000000     
  -16.632000000000001        0.0000000000000000        6.5452049926444092E-003   0.0000000000000000     
  -16.434000000000001        0.0000000000000000        6.6613748398051953E-003   0.0000000000000000     
  -16.236000000000001        0.0000000000000000        6.7760692470404740E-003   0.0000000000000000     
  -16.038000000000000        0.0000000000000000        6.8897223938027413E-003   0.0000000000000000     
  -15.840000000000000        0.0000000000000000        7.0027195257645431E-003   0.0000000000000000     
  -15.642000000000001        0.0000000000000000        7.1154051381009144E-003   0.0000000000000000     
  -15.444000000000001        0.0000000000000000        7.2280897696969711E-003   0.0000000000000000     
  -15.246000000000000        0.0000000000000000        7.3410553806281626E-003   0.0000000000000000     
  -15.048000000000000        0.0000000000000000        7.4545603434279517E-003   0.0000000000000000     
  -14.850000000000001        0.0000000000000000        7.5688434526934353E-003   0.0000000000000000     
  -14.652000000000001        0.0000000000000000        7.6841270055685359E-003   0.0000000000000000     
  -14.454000000000001        0.0000000000000000        7.8006203578494153E-003   0.0000000000000000     
  -14.256000000000000        0.0000000000000000        7.9185219283263875E-003   0.0000000000000000     
  -14.058000000000000        0.0000000000000000        8.0380215202073176E-003   0.0000000000000000     
  -13.860000000000001        0.0000000000000000        8.1593019019161571E-003   0.0000000000000000     
  -13.662000000000001        0.0000000000000000        8.2825413087181370E-003   0.0000000000000000     
  -13.464000000000000        0.0000000000000000        8.4079138676458002E-003   0.0000000000000000     
  -13.266000000000000        0.0000000000000000        8.5355917165986055E-003   0.0000000000000000     
  -13.068000000000001        0.0000000000000000        8.6657453108242768E-003   0.0000000000000000     
  -12.870000000000001        0.0000000000000000        8.7985453668862103E-003   0.0000000000000000     
  -12.672000000000001        0.0000000000000000        8.9341630801961103E-003   0.0000000000000000     
  -12.474000000000000        0.0000000000000000        9.0727715961244522E-003   0.0000000000000000     
  -12.276000000000000        0.0000000000000000        9.2145461454975052E-003   0.0000000000000000     
  -12.078000000000001        0.0000000000000000        9.3596656885356379E-003   0.0000000000000000     
  -11.880000000000001        0.0000000000000000        9.5083126065284608E-003   0.0000000000000000     
  -11.682000000000000        0.0000000000000000        9.6606743084423265E-003   0.0000000000000000     
  -11.484000000000000        0.0000000000000000        9.8169433654955989E-003   0.0000000000000000     
  -11.286000000000001        0.0000000000000000        9.9773182075395730E-003   0.0000000000000000     
  -11.088000000000001        0.0000000000000000        1.0142004020841446E-002   0.0000000000000000     
  -10.890000000000001        0.0000000000000000        1.0311213157340600E-002   0.0000000000000000     
  -10.692000000000000        0.0000000000000000        1.0485165239727931E-002   0.0000000000000000     
  -10.494000000000000        0.0000000000000000        1.0664088822436498E-002   0.0000000000000000     
  -10.296000000000001        0.0000000000000000        1.0848220717843422E-002   0.0000000000000000     
  -10.098000000000001        0.0000000000000000        1.1037807676617254E-002   0.0000000000000000     
  -9.9000000000000004        0.0000000000000000        1.1233105700554531E-002   0.0000000000000000     
  -9.7020000000000000        0.0000000000000000        1.1434381525672976E-002   0.0000000000000000     
  -9.5040000000000013        0.0000000000000000        1.1641912524045296E-002   0.0000000000000000     
  -9.3060000000000009        0.0000000000000000        1.1855986878009626E-002   0.0000000000000000     
  -9.1080000000000005        0.0000000000000000        1.2076904327707508E-002   0.0000000000000000     
  -8.9100000000000001        0.0000000000000000        1.2304976091352629E-002   0.0000000000000000     
  -8.7119999999999997        0.0000000000000000        1.2540524673968059E-002   0.0000000000000000     
  -8.5140000000000011        0.0000000000000000        1.2783884187232912E-002   0.0000000000000000     
  -8.3160000000000007        0.0000000000000000        1.3035399675684288E-002   0.0000000000000000     
  -8.1180000000000003        0.0000000000000000        1.3295426707460955E-002   0.0000000000000000     
  -7.9199999999999999        0.0000000000000000        1.3564330320744921E-002   0.0000000000000000     
  -7.7220000000000004        0.0000000000000000        1.3842483519928877E-002   0.0000000000000000     
  -7.5240000000000000        0.0000000000000000        1.4130266131265551E-002   0.0000000000000000     
  -7.3260000000000005        0.0000000000000000        1.4428060791649034E-002   0.0000000000000000     
  -7.1280000000000001        0.0000000000000000        1.4736251177936064E-002   0.0000000000000000     
  -6.9300000000000006        0.0000000000000000        1.5055216665183521E-002   0.0000000000000000     
  -6.7320000000000002        0.0000000000000000        1.5385326262465587E-002   0.0000000000000000     
  -6.5340000000000007        0.0000000000000000        1.5726932181374172E-002   0.0000000000000000     
  -6.3360000000000003        0.0000000000000000        1.6080359432705405E-002   0.0000000000000000     
  -6.1379999999999999        0.0000000000000000        1.6445893481483096E-002   0.0000000000000000     
  -5.9400000000000004        0.0000000000000000        1.6823765378926322E-002   0.0000000000000000     
  -5.7420000000000000        0.0000000000000000        1.7214131433057667E-002   0.0000000000000000     
  -5.5440000000000005        0.0000000000000000        1.7617047438000109E-002   0.0000000000000000     
  -5.3460000000000001        0.0000000000000000        1.8032437160781276E-002   0.0000000000000000     
  -5.1480000000000006        0.0000000000000000        1.8460050730383790E-002   0.0000000000000000     
  -4.9500000000000002        0.0000000000000000        1.8899412648138877E-002   0.0000000000000000     
  -4.7520000000000007        0.0000000000000000        1.9349754775233839E-002   0.0000000000000000     
  -4.5540000000000003        0.0000000000000000        1.9809933008729127E-002   0.0000000000000000     
  -4.3559999999999999        0.0000000000000000        2.0278320400681525E-002   0.0000000000000000     
  -4.1580000000000004        0.0000000000000000        2.0752677074094478E-002   0.0000000000000000     
  -3.9600000000000000        0.0000000000000000        2.1229996608013925E-002   0.0000000000000000     
  -3.7620000000000000        0.0000000000000000        2.1706348609811851E-002   0.0000000000000000     
  -3.5640000000000001        0.0000000000000000        2.2176785861246433E-002   0.0000000000000000     
  -3.3660000000000001        0.0000000000000000        2.2635482630498999E-002   0.0000000000000000     
  -3.1680000000000001        0.0000000000000000        2.3076130638011075E-002   0.0000000000000000     
  -2.9700000000000002        0.0000000000000000        2.3490892479827392E-002   0.0000000000000000     
  -2.7720000000000002        0.0000000000000000        2.3866385207035930E-002   0.0000000000000000     
  -2.5740000000000003        0.0000000000000000        2.4182241692408908E-002   0.0000000000000000     
  -2.3760000000000003        0.0000000000000000        2.4412203782546358E-002   0.0000000000000000     
  -2.1779999999999999        0.0000000000000000        2.4525996061010340E-002   0.0000000000000000     
  -1.9800000000000000        0.0000000000000000        2.4481837123821602E-002   0.0000000000000000     
  -1.7820000000000000        0.0000000000000000        2.4217857565933049E-002   0.0000000000000000     
  -1.5840000000000001        0.0000000000000000        2.3664803405456597E-002   0.0000000000000000     
  -1.3860000000000001        0.0000000000000000        2.2747804308447098E-002   0.0000000000000000     
  -1.1880000000000002        0.0000000000000000        2.1379684683935248E-002   0.0000000000000000     
 -0.98999999999999999        0.0000000000000000        1.9466692436521441E-002   0.0000000000000000     
 -0.79200000000000004        0.0000000000000000        1.6907016805060768E-002   0.0000000000000000     
 -0.59400000000000008        0.0000000000000000        1.3617170899098724E-002   0.0000000000000000     
 -0.39600000000000002        0.0000000000000000        9.6016844071967148E-003   0.0000000000000000     
 -0.19800000000000001        0.0000000000000000        4.9816105498532628E-003   0.0000000000000000     
   0.0000000000000000        0.0000000000000000        0.0000000000000000        0.0000000000000000     
  0.19800000000000001        0.0000000000000000       -4.9816105498532628E-003   0.0000000000000000     
  0.39600000000000002        0.0000000000000000       -9.6016844071967148E-003   0.0000000000000000     
  0.59400000000000008        0.0000000000000000       -1.3617170899098724E-002   0.0000000000000000     
  0.79200000000000004        0.0000000000000000       -1.6907016805060768E-002   0.0000000000000000     
  0.98999999999999999        0.0000000000000000       -1.9466692436521441E-002   0.0000000000000000     
   1.1880000000000002        0.0000000000000000       -2.1379684683935248E-002   0.0000000000000000     
   1.3860000000000001        0.0000000000000000       -2.2747804308447098E-002   0.0000000000000000     
   1.5840000000000001        0.0000000000000000       -2.3664803405456597E-002   0.0000000000000000     
   1.7820000000000000        0.0000000000000000       -2.4217857565933049E-002   0.0000000000000000     
   1.9800000000000000        0.0000000000000000       -2.4481837123821602E-002   0.0000000000000000     
   2.1779999999999999        0.0000000000000000       -2.4525996061010340E-002   0.0000000000000000     
   2.3760000000000003        0.0000000000000000       -2.4412203782546358E-002   0.0000000000000000     
   2.5740000000000003        0.0000000000000000       -2.4182241692408908E-002   0.0000000000000000     
   2.7720000000000002        0.0000000000000000       -2.3866385207035930E-002   0.0000000000000000     
   2.9700000000000002        0.0000000000000000       -2.3490892479827392E-002   0.0000000000000000     
   3.1680000000000001        0.0000000000000000       -2.3076130638011075E-002   0.0000000000000000     
   3.3660000000000001        0.0000000000000000       -2.2635482630498999E-002   0.0000000000000000     
   3.5640000000000001        0.0000000000000000       -2.2176785861246433E-002   0.0000000000000000     
   3.7620000000000000        0.0000000000000000       -2.1706348609811851E-002   0.0000000000000000     
   3.9600000000000000        0.0000000000000000       -2.1229996608013925E-002   0.0000000000000000     
   4.1580000000000004        0.0000000000000000       -2.0752677074094478E-002   0.0000000000000000     
   4.3559999999999999        0.0000000000000000       -2.0278320400681525E-002   0.0000000000000000     
   4.5540000000000003        0.0000000000000000       -1.9809933008729127E-002   0.0000000000000000     
   4.7520000000000007        0.0000000000000000       -1.9349754775233839E-002   0.0000000000000000     
   4.9500000000000002        0.0000000000000000       -1.8899412648138877E-002   0.0000000000000000     
   5.1480000000000006        0.0000000000000000       -1.8460050730383790E-002   0.0000000000000000     
   5.3460000000000001        0.0000000000000000       -1.8032437160781276E-002   0.0000000000000000     
   5.5440000000000005        0.0000000000000000       -1.7617047438000109E-002   0.0000000000000000     
   5.7420000000000000        0.0000000000000000       -1.7214131433057667E-002   0.0000000000000000     
   5.9400000000000004        0.0000000000000000       -1.6823765378926322E-002   0.0000000000000000     
   6.1379999999999999        0.0000000000000000       -1.6445893481483096E-002   0.0000000000000000     
   6.3360000000000003        0.0000000000000000       -1.6080359432705405E-002   0.0000000000000000     
   6.5340000000000007        0.0000000000000000       -1.5726932181374172E-002   0.0000000000000000     
   6.7320000000000002        0.0000000000000000       -1.5385326262465587E-002   0.0000000000000000     
   6.9300000000000006        0.0000000000000000       -1.5055216665183521E-002   0.0000000000000000     
   7.1280000000000001        0.0000000000000000       -1.4736251177936064E-002   0.0000000000000000     
   7.3260000000000005        0.0000000000000000       -1.4428060791649034E-002   0.0000000000000000     
   7.5240000000000000        0.0000000000000000       -1.4130266131265551E-002   0.0000000000000000     
   7.7220000000000004        0.0000000000000000       -1.3842483519928877E-002   0.0000000000000000     
   7.9199999999999999        0.0000000000000000       -1.3564330320744921E-002   0.0000000000000000     
   8.1180000000000003        0.0000000000000000       -1.3295426707460955E-002   0.0000000000000000     
   8.3160000000000007        0.0000000000000000       -1.3035399675684288E-002   0.0000000000000000     
   8.5140000000000011        0.0000000000000000       -1.2783884187232912E-002   0.0000000000000000     
   8.7119999999999997        0.0000000000000000       -1.2540524673968059E-002   0.0000000000000000     
   8.9100000000000001        0.0000000000000000       -1.2304976091352629E-002   0.0000000000000000     
   9.1080000000000005        0.0000000000000000       -1.2076904327707508E-002   0.0000000000000000     
   9.3060000000000009        0.0000000000000000       -1.1855986878009626E-002   0.0000000000000000     
   9.5040000000000013        0.0000000000000000       -1.1641912524045296E-002   0.0000000000000000     
   9.7020000000000000        0.0000000000000000       -1.1434381525672976E-002   0.0000000000000000     
   9.9000000000000004        0.0000000000000000       -1.1233105700554531E-002   0.0000000000000000     
   10.098000000000001        0.0000000000000000       -1.1037807676617254E-002   0.0000000000000000     
   10.296000000000001        0.0000000000000000       -1.0848220717843422E-002   0.0000000000000000     
   10.494000000000000        0.0000000000000000       -1.0664088822436498E-002   0.0000000000000000     
   10.692000000000000        0.0000000000000000       -1.0485165239727931E-002   0.0000000000000000     
   10.890000000000001        0.0000000000000000       -1.0311213157340600E-002   0.0000000000000000     
   11.088000000000001        0.0000000000000000       -1.0142004020841446E-002   0.0000000000000000     
   11.286000000000001        0.0000000000000000       -9.9773182075395730E-003   0.0000000000000000     
   11.484000000000000        0.0000000000000000       -9.8169433654955989E-003   0.0000000000000000     
   11.682000000000000        0.0000000000000000       -9.6606743084423265E-003   0.0000000000000000     
   11.880000000000001        0.0000000000000000       -9.5083126065284608E-003   0.0000000000000000     
   12.078000000000001        0.0000000000000000       -9.3596656885356379E-003   0.0000000000000000     
   12.276000000000000        0.0000000000000000       -9.2145461454975052E-003   0.0000000000000000     
   12.474000000000000        0.0000000000000000       -9.0727715961244522E-003   0.0000000000000000     
   12.672000000000001        0.0000000000000000       -8.9341630801961103E-003   0.0000000000000000     
   12.870000000000001        0.0000000000000000       -8.7985453668862103E-003   0.0000000000000000     
   13.068000000000001        0.0000000000000000       -8.6657453108242768E-003   0.0000000000000000     
   13.266000000000000        0.0000000000000000       -8.5355917165986055E-003   0.0000000000000000     
   13.464000000000000        0.0000000000000000       -8.4079138676458002E-003   0.0000000000000000     
   13.662000000000001        0.0000000000000000       -8.2825413087181370E-003   0.0000000000000000     
   13.860000000000001        0.0000000000000000       -8.1593019019161571E-003   0.0000000000000000     
   14.058000000000000        0.0000000000000000       -8.0380215202073176E-003   0.0000000000000000     
   14.256000000000000        0.0000000000000000       -7.9185219283263875E-003   0.0000000000000000     
   14.454000000000001        0.0000000000000000       -7.8006203578494153E-003   0.0000000000000000     
   14.652000000000001        0.0000000000000000       -7.6841270055685359E-003   0.0000000000000000     
   14.850000000000001        0.0000000000000000       -7.5688434526934353E-003   0.0000000000000000     
   15.048000000000000        0.0000000000000000       -7.4545603434279517E-003   0.0000000000000000     
   15.246000000000000        0.0000000000000000       -7.3410553806281626E-003   0.0000000000000000     
   15.444000000000001        0.0000000000000000       -7.2280897696969711E-003   0.0000000000000000     
   15.642000000000001        0.0000000000000000       -7.1154051381009144E-003   0.0000000000000000     
   15.840000000000000        0.0000000000000000       -7.0027195257645431E-003   0.0000000000000000     
   16.038000000000000        0.0000000000000000       -6.8897223938027413E-003   0.0000000000000000     
   16.236000000000001        0.0000000000000000       -6.7760692470404740E-003   0.0000000000000000     
   16.434000000000001        0.0000000000000000       -6.6613748398051953E-003   0.0000000000000000     
   16.632000000000001        0.0000000000000000       -6.5452049926444092E-003   0.0000000000000000     
   16.830000000000002        0.0000000000000000       -6.4275279218292090E-003   0.0000000000000000     
   17.028000000000002        0.0000000000000000       -6.3073777695940676E-003   0.0000000000000000     
   17.225999999999999        0.0000000000000000       -6.1841771047997929E-003   0.0000000000000000     
   17.423999999999999        0.0000000000000000       -6.0568311659300166E-003   0.0000000000000000     
   17.622000000000000        0.0000000000000000       -5.9251530592757517E-003   0.0000000000000000     
   17.820000000000000        0.0000000000000000       -5.7879569278463478E-003   0.0000000000000000     
   18.018000000000001        0.0000000000000000       -5.6430412382271981E-003   0.0000000000000000     
   18.216000000000001        0.0000000000000000       -5.4900251497814424E-003   0.0000000000000000     
   18.414000000000001        0.0000000000000000       -5.3272001336091826E-003   0.0000000000000000     
   18.612000000000002        0.0000000000000000       -5.1528510481873751E-003   0.0000000000000000     
   18.810000000000002        0.0000000000000000       -4.9668234794559936E-003   0.0000000000000000     
   19.008000000000003        0.0000000000000000       -4.7659039755447753E-003   0.0000000000000000     
   19.206000000000000        0.0000000000000000       -4.5471709267236784E-003   0.0000000000000000     
   19.404000000000000        0.0000000000000000       -4.3122688252648428E-003   0.0000000000000000     
   19.602000000000000        0.0000000000000000       -4.0572919051231355E-003   0.0000000000000000     
