  -19.602000000000000        0.0000000000000000        3.0330614245009753E-003   0.0000000000000000     
  -19.404000000000000        0.0000000000000000        3.2180197235902029E-003   0.0000000000000000     
  -19.206000000000000        0.0000000000000000        3.3885452702996414E-003   0.0000000000000000     
  -19.008000000000003        0.0000000000000000        3.5478760221029650E-003   0.0000000000000000     
  -18.810000000000002        0.0000000000000000        3.6948019583747768E-003   0.0000000000000000     
  -18.612000000000002        0.0000000000000000        3.8323079567346985E-003   0.0000000000000000     
  -18.414000000000001        0.0000000000000000        3.9595013757374453E-003   0.0000000000000000     
  -18.216000000000001        0.0000000000000000        4.0796208641680053E-003   0.0000000000000000     
  -18.018000000000001        0.0000000000000000        4.1924492820648420E-003   0.0000000000000000     
  -17.820000000000000        0.0000000000000000        4.2990864126296966E-003   0.0000000000000000     
  -17.622000000000000        0.0000000000000000        4.4005270344064217E-003   0.0000000000000000     
  -17.423999999999999        0.0000000000000000        4.4971001203267151E-003   0.0000000000000000     
  -17.225999999999999        0.0000000000000000        4.5901032211673803E-003   0.0000000000000000     
  -17.028000000000002        0.0000000000000000        4.6800564620467916E-003   0.0000000000000000     
  -16.830000000000002        0.0000000000000000        4.7676709608075185E-003   0.0000000000000000     
  -16.632000000000001        0.0000000000000000        4.8532881404371279E-003   0.0000000000000000     
  -16.434000000000001        0.0000000000000000        4.9361359887056420E-003   0.0000000000000000     
  -16.236000000000001        0.0000000000000000        5.0192565334780176E-003   0.0000000000000000     
  -16.038000000000000        0.0000000000000000        5.1013871513293342E-003   0.0000000000000000     
  -15.840000000000000        0.0000000000000000        5.1828047253447635E-003   0.0000000000000000     
  -15.642000000000001        0.0000000000000000        5.2637564357276186E-003   0.0000000000000000     
  -15.444000000000001        0.0000000000000000        5.3444642026267255E-003   0.0000000000000000     
  -15.246000000000000        0.0000000000000000        5.4251293312875676E-003   0.0000000000000000     
  -15.048000000000000        0.0000000000000000        5.5059351924966861E-003   0.0000000000000000     
  -14.850000000000001        0.0000000000000000        5.5870504763535847E-003   0.0000000000000000     
  -14.652000000000001        0.0000000000000000        5.6686314768241838E-003   0.0000000000000000     
  -14.454000000000001        0.0000000000000000        5.7508241702835042E-003   0.0000000000000000     
  -14.256000000000000        0.0000000000000000        5.8337663244760370E-003   0.0000000000000000     
  -14.058000000000000        0.0000000000000000        5.9175883958378318E-003   0.0000000000000000     
  -13.860000000000001        0.0000000000000000        6.0024154997337393E-003   0.0000000000000000     
  -13.662000000000001        0.0000000000000000        6.0883683308232033E-003   0.0000000000000000     
  -13.464000000000000        0.0000000000000000        6.1755641041653913E-003   0.0000000000000000     
  -13.266000000000000        0.0000000000000000        6.2641175055418172E-003   0.0000000000000000     
  -13.068000000000001        0.0000000000000000        6.3541417242754398E-003   0.0000000000000000     
  -12.870000000000001        0.0000000000000000        6.4457488910611618E-003   0.0000000000000000     
  -12.672000000000001        0.0000000000000000        6.5390508858783163E-003   0.0000000000000000     
  -12.474000000000000        0.0000000000000000        6.6341600818416394E-003   0.0000000000000000     
  -12.276000000000000        0.0000000000000000        6.7311896014473297E-003   0.0000000000000000     
  -12.078000000000001        0.0000000000000000        6.8302541572076029E-003   0.0000000000000000     
  -11.880000000000001        0.0000000000000000        6.9314704844115806E-003   0.0000000000000000     
  -11.682000000000000        0.0000000000000000        7.0349576904679299E-003   0.0000000000000000     
  -11.484000000000000        0.0000000000000000        7.1408379098071182E-003   0.0000000000000000     
  -11.286000000000001        0.0000000000000000        7.2492366080583980E-003   0.0000000000000000     
  -11.088000000000001        0.0000000000000000        7.3602832198996979E-003   0.0000000000000000     
  -10.890000000000001        0.0000000000000000        7.4741114624520925E-003   0.0000000000000000     
  -10.692000000000000        0.0000000000000000        7.5908597585927608E-003   0.0000000000000000     
  -10.494000000000000        0.0000000000000000        7.7106719001529761E-003   0.0000000000000000     
  -10.296000000000001        0.0000000000000000        7.8336971707410729E-003   0.0000000000000000     
  -10.098000000000001        0.0000000000000000        7.9600911029587829E-003   0.0000000000000000     
  -9.9000000000000004        0.0000000000000000        8.0900158431831629E-003   0.0000000000000000     
  -9.7020000000000000        0.0000000000000000        8.2236404287824322E-003   0.0000000000000000     
  -9.5040000000000013        0.0000000000000000        8.3611415377278769E-003   0.0000000000000000     
  -9.3060000000000009        0.0000000000000000        8.5027037001351065E-003   0.0000000000000000     
  -9.1080000000000005        0.0000000000000000        8.6485200524846970E-003   0.0000000000000000     
  -8.9100000000000001        0.0000000000000000        8.7987921968251254E-003   0.0000000000000000     
  -8.7119999999999997        0.0000000000000000        8.9537314025022637E-003   0.0000000000000000     
  -8.5140000000000011        0.0000000000000000        9.1135584049877802E-003   0.0000000000000000     
  -8.3160000000000007        0.0000000000000000        9.2785037234214812E-003   0.0000000000000000     
  -8.1180000000000003        0.0000000000000000        9.4488082726522614E-003   0.0000000000000000     
  -7.9199999999999999        0.0000000000000000        9.6247233998775807E-003   0.0000000000000000     
  -7.7220000000000004        0.0000000000000000        9.8065105341486603E-003   0.0000000000000000     
  -7.5240000000000000        0.0000000000000000        9.9944416947147074E-003   0.0000000000000000     
  -7.3260000000000005        0.0000000000000000        1.0188798150800739E-002   0.0000000000000000     
  -7.1280000000000001        0.0000000000000000        1.0389870484977767E-002   0.0000000000000000     
  -6.9300000000000006        0.0000000000000000        1.0597956842993000E-002   0.0000000000000000     
  -6.7320000000000002        0.0000000000000000        1.0813361339605969E-002   0.0000000000000000     
  -6.5340000000000007        0.0000000000000000        1.1036391266382107E-002   0.0000000000000000     
  -6.3360000000000003        0.0000000000000000        1.1267353453090899E-002   0.0000000000000000     
  -6.1379999999999999        0.0000000000000000        1.1506548353307156E-002   0.0000000000000000     
  -5.9400000000000004        0.0000000000000000        1.1754264186008516E-002   0.0000000000000000     
  -5.7420000000000000        0.0000000000000000        1.2010765690475196E-002   0.0000000000000000     
  -5.5440000000000005        0.0000000000000000        1.2276281146228783E-002   0.0000000000000000     
  -5.3460000000000001        0.0000000000000000        1.2550983315883727E-002   0.0000000000000000     
  -5.1480000000000006        0.0000000000000000        1.2834963851650356E-002   0.0000000000000000     
  -4.9500000000000002        0.0000000000000000        1.3128198824709328E-002   0.0000000000000000     
  -4.7520000000000007        0.0000000000000000        1.3430498115001761E-002   0.0000000000000000     
  -4.5540000000000003        0.0000000000000000        1.3741443378943403E-002   0.0000000000000000     
  -4.3559999999999999        0.0000000000000000        1.4060301582049132E-002   0.0000000000000000     
  -4.1580000000000004        0.0000000000000000        1.4385933046923982E-002   0.0000000000000000     
  -3.9600000000000000        0.0000000000000000        1.4716732430025010E-002   0.0000000000000000     
  -3.7620000000000000        0.0000000000000000        1.5050795060611024E-002   0.0000000000000000     
  -3.5640000000000001        0.0000000000000000        1.5386833071794087E-002   0.0000000000000000     
  -3.3660000000000001        0.0000000000000000        1.5726414722873967E-002   0.0000000000000000     
  -3.1680000000000001        0.0000000000000000        1.6072080615416068E-002   0.0000000000000000     
  -2.9700000000000002        0.0000000000000000        1.6409592737593858E-002   0.0000000000000000     
  -2.7720000000000002        0.0000000000000000        1.6718371693197513E-002   0.0000000000000000     
  -2.5740000000000003        0.0000000000000000        1.6988784977377942E-002   0.0000000000000000     
  -2.3760000000000003        0.0000000000000000        1.7206176252468005E-002   0.0000000000000000     
  -2.1779999999999999        0.0000000000000000        1.7344805073131346E-002   0.0000000000000000     
  -1.9800000000000000        0.0000000000000000        1.7369431391247542E-002   0.0000000000000000     
  -1.7820000000000000        0.0000000000000000        1.7240275066590819E-002   0.0000000000000000     
  -1.5840000000000001        0.0000000000000000        1.6912509262378323E-002   0.0000000000000000     
  -1.3860000000000001        0.0000000000000000        1.6331282688120639E-002   0.0000000000000000     
  -1.1880000000000002        0.0000000000000000        1.5431606507312850E-002   0.0000000000000000     
 -0.98999999999999999        0.0000000000000000        1.4126784030288719E-002   0.0000000000000000     
 -0.79200000000000004        0.0000000000000000        1.2331188964783354E-002   0.0000000000000000     
 -0.59400000000000008        0.0000000000000000        9.9793355041850034E-003   0.0000000000000000     
 -0.39600000000000002        0.0000000000000000        7.0618120918096898E-003   0.0000000000000000     
 -0.19800000000000001        0.0000000000000000        3.6697184887616056E-003   0.0000000000000000     
   0.0000000000000000        0.0000000000000000        0.0000000000000000        0.0000000000000000     
  0.19800000000000001        0.0000000000000000       -3.6697184887616056E-003   0.0000000000000000     
  0.39600000000000002        0.0000000000000000       -7.0618120918096898E-003   0.0000000000000000     
  0.59400000000000008        0.0000000000000000       -9.9793355041850034E-003   0.0000000000000000     
  0.79200000000000004        0.0000000000000000       -1.2331188964783354E-002   0.0000000000000000     
  0.98999999999999999        0.0000000000000000       -1.4126784030288719E-002   0.0000000000000000     
   1.1880000000000002        0.0000000000000000       -1.5431606507312850E-002   0.0000000000000000     
   1.3860000000000001        0.0000000000000000       -1.6331282688120639E-002   0.0000000000000000     
   1.5840000000000001        0.0000000000000000       -1.6912509262378323E-002   0.0000000000000000     
   1.7820000000000000        0.0000000000000000       -1.7240275066590819E-002   0.0000000000000000     
   1.9800000000000000        0.0000000000000000       -1.7369431391247542E-002   0.0000000000000000     
   2.1779999999999999        0.0000000000000000       -1.7344805073131346E-002   0.0000000000000000     
   2.3760000000000003        0.0000000000000000       -1.7206176252468005E-002   0.0000000000000000     
   2.5740000000000003        0.0000000000000000       -1.6988784977377942E-002   0.0000000000000000     
   2.7720000000000002        0.0000000000000000       -1.6718371693197513E-002   0.0000000000000000     
   2.9700000000000002        0.0000000000000000       -1.6409592737593858E-002   0.0000000000000000     
   3.1680000000000001        0.0000000000000000       -1.6072080615416068E-002   0.0000000000000000     
   3.3660000000000001        0.0000000000000000       -1.5726414722873967E-002   0.0000000000000000     
   3.5640000000000001        0.0000000000000000       -1.5386833071794087E-002   0.0000000000000000     
   3.7620000000000000        0.0000000000000000       -1.5050795060611024E-002   0.0000000000000000     
   3.9600000000000000        0.0000000000000000       -1.4716732430025010E-002   0.0000000000000000     
   4.1580000000000004        0.0000000000000000       -1.4385933046923982E-002   0.0000000000000000     
   4.3559999999999999        0.0000000000000000       -1.4060301582049132E-002   0.0000000000000000     
   4.5540000000000003        0.0000000000000000       -1.3741443378943403E-002   0.0000000000000000     
   4.7520000000000007        0.0000000000000000       -1.3430498115001761E-002   0.0000000000000000     
   4.9500000000000002        0.0000000000000000       -1.3128198824709328E-002   0.0000000000000000     
   5.1480000000000006        0.0000000000000000       -1.2834963851650356E-002   0.0000000000000000     
   5.3460000000000001        0.0000000000000000       -1.2550983315883727E-002   0.0000000000000000     
   5.5440000000000005        0.0000000000000000       -1.2276281146228783E-002   0.0000000000000000     
   5.7420000000000000        0.0000000000000000       -1.2010765690475196E-002   0.0000000000000000     
   5.9400000000000004        0.0000000000000000       -1.1754264186008516E-002   0.0000000000000000     
   6.1379999999999999        0.0000000000000000       -1.1506548353307156E-002   0.0000000000000000     
   6.3360000000000003        0.0000000000000000       -1.1267353453090899E-002   0.0000000000000000     
   6.5340000000000007        0.0000000000000000       -1.1036391266382107E-002   0.0000000000000000     
   6.7320000000000002        0.0000000000000000       -1.0813361339605969E-002   0.0000000000000000     
   6.9300000000000006        0.0000000000000000       -1.0597956842993000E-002   0.0000000000000000     
   7.1280000000000001        0.0000000000000000       -1.0389870484977767E-002   0.0000000000000000     
   7.3260000000000005        0.0000000000000000       -1.0188798150800739E-002   0.0000000000000000     
   7.5240000000000000        0.0000000000000000       -9.9944416947147074E-003   0.0000000000000000     
   7.7220000000000004        0.0000000000000000       -9.8065105341486603E-003   0.0000000000000000     
   7.9199999999999999        0.0000000000000000       -9.6247233998775807E-003   0.0000000000000000     
   8.1180000000000003        0.0000000000000000       -9.4488082726522614E-003   0.0000000000000000     
   8.3160000000000007        0.0000000000000000       -9.2785037234214812E-003   0.0000000000000000     
   8.5140000000000011        0.0000000000000000       -9.1135584049877802E-003   0.0000000000000000     
   8.7119999999999997        0.0000000000000000       -8.9537314025022637E-003   0.0000000000000000     
   8.9100000000000001        0.0000000000000000       -8.7987921968251254E-003   0.0000000000000000     
   9.1080000000000005        0.0000000000000000       -8.6485200524846970E-003   0.0000000000000000     
   9.3060000000000009        0.0000000000000000       -8.5027037001351065E-003   0.0000000000000000     
   9.5040000000000013        0.0000000000000000       -8.3611415377278769E-003   0.0000000000000000     
   9.7020000000000000        0.0000000000000000       -8.2236404287824322E-003   0.0000000000000000     
   9.9000000000000004        0.0000000000000000       -8.0900158431831629E-003   0.0000000000000000     
   10.098000000000001        0.0000000000000000       -7.9600911029587829E-003   0.0000000000000000     
   10.296000000000001        0.0000000000000000       -7.8336971707410729E-003   0.0000000000000000     
   10.494000000000000        0.0000000000000000       -7.7106719001529761E-003   0.0000000000000000     
   10.692000000000000        0.0000000000000000       -7.5908597585927608E-003   0.0000000000000000     
   10.890000000000001        0.0000000000000000       -7.4741114624520925E-003   0.0000000000000000     
   11.088000000000001        0.0000000000000000       -7.3602832198996979E-003   0.0000000000000000     
   11.286000000000001        0.0000000000000000       -7.2492366080583980E-003   0.0000000000000000     
   11.484000000000000        0.0000000000000000       -7.1408379098071182E-003   0.0000000000000000     
   11.682000000000000        0.0000000000000000       -7.0349576904679299E-003   0.0000000000000000     
   11.880000000000001        0.0000000000000000       -6.9314704844115806E-003   0.0000000000000000     
   12.078000000000001        0.0000000000000000       -6.8302541572076029E-003   0.0000000000000000     
   12.276000000000000        0.0000000000000000       -6.7311896014473297E-003   0.0000000000000000     
   12.474000000000000        0.0000000000000000       -6.6341600818416394E-003   0.0000000000000000     
   12.672000000000001        0.0000000000000000       -6.5390508858783163E-003   0.0000000000000000     
   12.870000000000001        0.0000000000000000       -6.4457488910611618E-003   0.0000000000000000     
   13.068000000000001        0.0000000000000000       -6.3541417242754398E-003   0.0000000000000000     
   13.266000000000000        0.0000000000000000       -6.2641175055418172E-003   0.0000000000000000     
   13.464000000000000        0.0000000000000000       -6.1755641041653913E-003   0.0000000000000000     
   13.662000000000001        0.0000000000000000       -6.0883683308232033E-003   0.0000000000000000     
   13.860000000000001        0.0000000000000000       -6.0024154997337393E-003   0.0000000000000000     
   14.058000000000000        0.0000000000000000       -5.9175883958378318E-003   0.0000000000000000     
   14.256000000000000        0.0000000000000000       -5.8337663244760370E-003   0.0000000000000000     
   14.454000000000001        0.0000000000000000       -5.7508241702835042E-003   0.0000000000000000     
   14.652000000000001        0.0000000000000000       -5.6686314768241838E-003   0.0000000000000000     
   14.850000000000001        0.0000000000000000       -5.5870504763535847E-003   0.0000000000000000     
   15.048000000000000        0.0000000000000000       -5.5059351924966861E-003   0.0000000000000000     
   15.246000000000000        0.0000000000000000       -5.4251293312875676E-003   0.0000000000000000     
   15.444000000000001        0.0000000000000000       -5.3444642026267255E-003   0.0000000000000000     
   15.642000000000001        0.0000000000000000       -5.2637564357276186E-003   0.0000000000000000     
   15.840000000000000        0.0000000000000000       -5.1828047253447635E-003   0.0000000000000000     
   16.038000000000000        0.0000000000000000       -5.1013871513293342E-003   0.0000000000000000     
   16.236000000000001        0.0000000000000000       -5.0192565334780176E-003   0.0000000000000000     
   16.434000000000001        0.0000000000000000       -4.9361359887056420E-003   0.0000000000000000     
   16.632000000000001        0.0000000000000000       -4.8532881404371279E-003   0.0000000000000000     
   16.830000000000002        0.0000000000000000       -4.7676709608075185E-003   0.0000000000000000     
   17.028000000000002        0.0000000000000000       -4.6800564620467916E-003   0.0000000000000000     
   17.225999999999999        0.0000000000000000       -4.5901032211673803E-003   0.0000000000000000     
   17.423999999999999        0.0000000000000000       -4.4971001203267151E-003   0.0000000000000000     
   17.622000000000000        0.0000000000000000       -4.4005270344064217E-003   0.0000000000000000     
   17.820000000000000        0.0000000000000000       -4.2990864126296966E-003   0.0000000000000000     
   18.018000000000001        0.0000000000000000       -4.1924492820648420E-003   0.0000000000000000     
   18.216000000000001        0.0000000000000000       -4.0796208641680053E-003   0.0000000000000000     
   18.414000000000001        0.0000000000000000       -3.9595013757374453E-003   0.0000000000000000     
   18.612000000000002        0.0000000000000000       -3.8323079567346985E-003   0.0000000000000000     
   18.810000000000002        0.0000000000000000       -3.6948019583747768E-003   0.0000000000000000     
   19.008000000000003        0.0000000000000000       -3.5478760221029650E-003   0.0000000000000000     
   19.206000000000000        0.0000000000000000       -3.3885452702996414E-003   0.0000000000000000     
   19.404000000000000        0.0000000000000000       -3.2180197235902029E-003   0.0000000000000000     
   19.602000000000000        0.0000000000000000       -3.0330614245009753E-003   0.0000000000000000     
