  -19.602000000000000        0.0000000000000000        4.0554825636771440E-003   0.0000000000000000     
  -19.404000000000000        0.0000000000000000        4.3127966442172523E-003   0.0000000000000000     
  -19.206000000000000        0.0000000000000000        4.5479152182917688E-003   0.0000000000000000     
  -19.008000000000003        0.0000000000000000        4.7649858062770896E-003   0.0000000000000000     
  -18.810000000000002        0.0000000000000000        4.9674091906612150E-003   0.0000000000000000     
  -18.612000000000002        0.0000000000000000        5.1534794538575139E-003   0.0000000000000000     
  -18.414000000000001        0.0000000000000000        5.3278492730882082E-003   0.0000000000000000     
  -18.216000000000001        0.0000000000000000        5.4906407597400597E-003   0.0000000000000000     
  -18.018000000000001        0.0000000000000000        5.6438762648659407E-003   0.0000000000000000     
  -17.820000000000000        0.0000000000000000        5.7876272221246555E-003   0.0000000000000000     
  -17.622000000000000        0.0000000000000000        5.9247576587008995E-003   0.0000000000000000     
  -17.423999999999999        0.0000000000000000        6.0562679131249703E-003   0.0000000000000000     
  -17.225999999999999        0.0000000000000000        6.1831062783245646E-003   0.0000000000000000     
  -17.028000000000002        0.0000000000000000        6.3062576277350436E-003   0.0000000000000000     
  -16.830000000000002        0.0000000000000000        6.4263578580759321E-003   0.0000000000000000     
  -16.632000000000001        0.0000000000000000        6.5439850770497594E-003   0.0000000000000000     
  -16.434000000000001        0.0000000000000000        6.6601044474237448E-003   0.0000000000000000     
  -16.236000000000001        0.0000000000000000        6.7747495540232041E-003   0.0000000000000000     
  -16.038000000000000        0.0000000000000000        6.8883544887345305E-003   0.0000000000000000     
  -15.840000000000000        0.0000000000000000        7.0013043681854941E-003   0.0000000000000000     
  -15.642000000000001        0.0000000000000000        7.1139437612910018E-003   0.0000000000000000     
  -15.444000000000001        0.0000000000000000        7.2265827377662271E-003   0.0000000000000000     
  -15.246000000000000        0.0000000000000000        7.3395033885748934E-003   0.0000000000000000     
  -15.048000000000000        0.0000000000000000        7.4529636272197526E-003   0.0000000000000000     
  -14.850000000000001        0.0000000000000000        7.5672021690275345E-003   0.0000000000000000     
  -14.652000000000001        0.0000000000000000        7.6824411664276658E-003   0.0000000000000000     
  -14.454000000000001        0.0000000000000000        7.7988896793350602E-003   0.0000000000000000     
  -14.256000000000000        0.0000000000000000        7.9167458643026115E-003   0.0000000000000000     
  -14.058000000000000        0.0000000000000000        8.0361992392570507E-003   0.0000000000000000     
  -13.860000000000001        0.0000000000000000        8.1574327731026037E-003   0.0000000000000000     
  -13.662000000000001        0.0000000000000000        8.2806242512912850E-003   0.0000000000000000     
  -13.464000000000000        0.0000000000000000        8.4059477602986977E-003   0.0000000000000000     
  -13.266000000000000        0.0000000000000000        8.5335750117156613E-003   0.0000000000000000     
  -13.068000000000001        0.0000000000000000        8.6636765147121778E-003   0.0000000000000000     
  -12.870000000000001        0.0000000000000000        8.7964227355969565E-003   0.0000000000000000     
  -12.672000000000001        0.0000000000000000        8.9319846900407524E-003   0.0000000000000000     
  -12.474000000000000        0.0000000000000000        9.0705353644124440E-003   0.0000000000000000     
  -12.276000000000000        0.0000000000000000        9.2122498420585536E-003   0.0000000000000000     
  -12.078000000000001        0.0000000000000000        9.3573067923878230E-003   0.0000000000000000     
  -11.880000000000001        0.0000000000000000        9.5058885482980672E-003   0.0000000000000000     
  -11.682000000000000        0.0000000000000000        9.6581822477616111E-003   0.0000000000000000     
  -11.484000000000000        0.0000000000000000        9.8143801246368921E-003   0.0000000000000000     
  -11.286000000000001        0.0000000000000000        9.9746806940369404E-003   0.0000000000000000     
  -11.088000000000001        0.0000000000000000        1.0139288757398982E-002   0.0000000000000000     
  -10.890000000000001        0.0000000000000000        1.0308416271693207E-002   0.0000000000000000     
  -10.692000000000000        0.0000000000000000        1.0482282984968295E-002   0.0000000000000000     
  -10.494000000000000        0.0000000000000000        1.0661116879712414E-002   0.0000000000000000     
  -10.296000000000001        0.0000000000000000        1.0845154744798094E-002   0.0000000000000000     
  -10.098000000000001        0.0000000000000000        1.1034642961272777E-002   0.0000000000000000     
  -9.9000000000000004        0.0000000000000000        1.1229837211086299E-002   0.0000000000000000     
  -9.7020000000000000        0.0000000000000000        1.1431004080011388E-002   0.0000000000000000     
  -9.5040000000000013        0.0000000000000000        1.1638420494916269E-002   0.0000000000000000     
  -9.3060000000000009        0.0000000000000000        1.1852374617860610E-002   0.0000000000000000     
  -9.1080000000000005        0.0000000000000000        1.2073165641928268E-002   0.0000000000000000     
  -8.9100000000000001        0.0000000000000000        1.2301104513417151E-002   0.0000000000000000     
  -8.7119999999999997        0.0000000000000000        1.2536513457138798E-002   0.0000000000000000     
  -8.5140000000000011        0.0000000000000000        1.2779726537071856E-002   0.0000000000000000     
  -8.3160000000000007        0.0000000000000000        1.3031088329966098E-002   0.0000000000000000     
  -8.1180000000000003        0.0000000000000000        1.3290954286437369E-002   0.0000000000000000     
  -7.9199999999999999        0.0000000000000000        1.3559689298800987E-002   0.0000000000000000     
  -7.7220000000000004        0.0000000000000000        1.3837666300014146E-002   0.0000000000000000     
  -7.5240000000000000        0.0000000000000000        1.4125264868609686E-002   0.0000000000000000     
  -7.3260000000000005        0.0000000000000000        1.4422868015711554E-002   0.0000000000000000     
  -7.1280000000000001        0.0000000000000000        1.4730859549064761E-002   0.0000000000000000     
  -6.9300000000000006        0.0000000000000000        1.5049619031762867E-002   0.0000000000000000     
  -6.7320000000000002        0.0000000000000000        1.5379516372736948E-002   0.0000000000000000     
  -6.5340000000000007        0.0000000000000000        1.5720904308514631E-002   0.0000000000000000     
  -6.3360000000000003        0.0000000000000000        1.6074108914050599E-002   0.0000000000000000     
  -6.1379999999999999        0.0000000000000000        1.6439417270654507E-002   0.0000000000000000     
  -5.9400000000000004        0.0000000000000000        1.6817062050670455E-002   0.0000000000000000     
  -5.7420000000000000        0.0000000000000000        1.7207201946914625E-002   0.0000000000000000     
  -5.5440000000000005        0.0000000000000000        1.7609895417362926E-002   0.0000000000000000     
  -5.3460000000000001        0.0000000000000000        1.8025069460692923E-002   0.0000000000000000     
  -5.1480000000000006        0.0000000000000000        1.8452477867763266E-002   0.0000000000000000     
  -4.9500000000000002        0.0000000000000000        1.8891649261272788E-002   0.0000000000000000     
  -4.7520000000000007        0.0000000000000000        1.9341819957679768E-002   0.0000000000000000     
  -4.5540000000000003        0.0000000000000000        1.9801850113674520E-002   0.0000000000000000     
  -4.3559999999999999        0.0000000000000000        2.0270116043842351E-002   0.0000000000000000     
  -4.1580000000000004        0.0000000000000000        2.0744380598640283E-002   0.0000000000000000     
  -3.9600000000000000        0.0000000000000000        2.1221636300790554E-002   0.0000000000000000     
  -3.7620000000000000        0.0000000000000000        2.1697950591786815E-002   0.0000000000000000     
  -3.5640000000000001        0.0000000000000000        2.2168368928022139E-002   0.0000000000000000     
  -3.3660000000000001        0.0000000000000000        2.2627062175734878E-002   0.0000000000000000     
  -3.1680000000000001        0.0000000000000000        2.3067752863885641E-002   0.0000000000000000     
  -2.9700000000000002        0.0000000000000000        2.3482768903406406E-002   0.0000000000000000     
  -2.7720000000000002        0.0000000000000000        2.3859315588402843E-002   0.0000000000000000     
  -2.5740000000000003        0.0000000000000000        2.4178611770408042E-002   0.0000000000000000     
  -2.3760000000000003        0.0000000000000000        2.4416645309328262E-002   0.0000000000000000     
  -2.1779999999999999        0.0000000000000000        2.4541702701963323E-002   0.0000000000000000     
  -1.9800000000000000        0.0000000000000000        2.4511147825922938E-002   0.0000000000000000     
  -1.7820000000000000        0.0000000000000000        2.4266441181033944E-002   0.0000000000000000     
  -1.5840000000000001        0.0000000000000000        2.3729112701837082E-002   0.0000000000000000     
  -1.3860000000000001        0.0000000000000000        2.2816941567720107E-002   0.0000000000000000     
  -1.1880000000000002        0.0000000000000000        2.1447555580250011E-002   0.0000000000000000     
 -0.98999999999999999        0.0000000000000000        1.9527027391539824E-002   0.0000000000000000     
 -0.79200000000000004        0.0000000000000000        1.6954264407588664E-002   0.0000000000000000     
 -0.59400000000000008        0.0000000000000000        1.3659625318606232E-002   0.0000000000000000     
 -0.39600000000000002        0.0000000000000000        9.6414349599896233E-003   0.0000000000000000     
 -0.19800000000000001        0.0000000000000000        5.0013985720467422E-003   0.0000000000000000     
   0.0000000000000000        0.0000000000000000        0.0000000000000000        0.0000000000000000     
  0.19800000000000001        0.0000000000000000       -5.0013985720467422E-003   0.0000000000000000     
  0.39600000000000002        0.0000000000000000       -9.6414349599896233E-003   0.0000000000000000     
  0.59400000000000008        0.0000000000000000       -1.3659625318606232E-002   0.0000000000000000     
  0.79200000000000004        0.0000000000000000       -1.6954264407588664E-002   0.0000000000000000     
  0.98999999999999999        0.0000000000000000       -1.9527027391539824E-002   0.0000000000000000     
   1.1880000000000002        0.0000000000000000       -2.1447555580250011E-002   0.0000000000000000     
   1.3860000000000001        0.0000000000000000       -2.2816941567720107E-002   0.0000000000000000     
   1.5840000000000001        0.0000000000000000       -2.3729112701837082E-002   0.0000000000000000     
   1.7820000000000000        0.0000000000000000       -2.4266441181033944E-002   0.0000000000000000     
   1.9800000000000000        0.0000000000000000       -2.4511147825922938E-002   0.0000000000000000     
   2.1779999999999999        0.0000000000000000       -2.4541702701963323E-002   0.0000000000000000     
   2.3760000000000003        0.0000000000000000       -2.4416645309328262E-002   0.0000000000000000     
   2.5740000000000003        0.0000000000000000       -2.4178611770408042E-002   0.0000000000000000     
   2.7720000000000002        0.0000000000000000       -2.3859315588402843E-002   0.0000000000000000     
   2.9700000000000002        0.0000000000000000       -2.3482768903406406E-002   0.0000000000000000     
   3.1680000000000001        0.0000000000000000       -2.3067752863885641E-002   0.0000000000000000     
   3.3660000000000001        0.0000000000000000       -2.2627062175734878E-002   0.0000000000000000     
   3.5640000000000001        0.0000000000000000       -2.2168368928022139E-002   0.0000000000000000     
   3.7620000000000000        0.0000000000000000       -2.1697950591786815E-002   0.0000000000000000     
   3.9600000000000000        0.0000000000000000       -2.1221636300790554E-002   0.0000000000000000     
   4.1580000000000004        0.0000000000000000       -2.0744380598640283E-002   0.0000000000000000     
   4.3559999999999999        0.0000000000000000       -2.0270116043842351E-002   0.0000000000000000     
   4.5540000000000003        0.0000000000000000       -1.9801850113674520E-002   0.0000000000000000     
   4.7520000000000007        0.0000000000000000       -1.9341819957679768E-002   0.0000000000000000     
   4.9500000000000002        0.0000000000000000       -1.8891649261272788E-002   0.0000000000000000     
   5.1480000000000006        0.0000000000000000       -1.8452477867763266E-002   0.0000000000000000     
   5.3460000000000001        0.0000000000000000       -1.8025069460692923E-002   0.0000000000000000     
   5.5440000000000005        0.0000000000000000       -1.7609895417362926E-002   0.0000000000000000     
   5.7420000000000000        0.0000000000000000       -1.7207201946914625E-002   0.0000000000000000     
   5.9400000000000004        0.0000000000000000       -1.6817062050670455E-002   0.0000000000000000     
   6.1379999999999999        0.0000000000000000       -1.6439417270654507E-002   0.0000000000000000     
   6.3360000000000003        0.0000000000000000       -1.6074108914050599E-002   0.0000000000000000     
   6.5340000000000007        0.0000000000000000       -1.5720904308514631E-002   0.0000000000000000     
   6.7320000000000002        0.0000000000000000       -1.5379516372736948E-002   0.0000000000000000     
   6.9300000000000006        0.0000000000000000       -1.5049619031762867E-002   0.0000000000000000     
   7.1280000000000001        0.0000000000000000       -1.4730859549064761E-002   0.0000000000000000     
   7.3260000000000005        0.0000000000000000       -1.4422868015711554E-002   0.0000000000000000     
   7.5240000000000000        0.0000000000000000       -1.4125264868609686E-002   0.0000000000000000     
   7.7220000000000004        0.0000000000000000       -1.3837666300014146E-002   0.0000000000000000     
   7.9199999999999999        0.0000000000000000       -1.3559689298800987E-002   0.0000000000000000     
   8.1180000000000003        0.0000000000000000       -1.3290954286437369E-002   0.0000000000000000     
   8.3160000000000007        0.0000000000000000       -1.3031088329966098E-002   0.0000000000000000     
   8.5140000000000011        0.0000000000000000       -1.2779726537071856E-002   0.0000000000000000     
   8.7119999999999997        0.0000000000000000       -1.2536513457138798E-002   0.0000000000000000     
   8.9100000000000001        0.0000000000000000       -1.2301104513417151E-002   0.0000000000000000     
   9.1080000000000005        0.0000000000000000       -1.2073165641928268E-002   0.0000000000000000     
   9.3060000000000009        0.0000000000000000       -1.1852374617860610E-002   0.0000000000000000     
   9.5040000000000013        0.0000000000000000       -1.1638420494916269E-002   0.0000000000000000     
   9.7020000000000000        0.0000000000000000       -1.1431004080011388E-002   0.0000000000000000     
   9.9000000000000004        0.0000000000000000       -1.1229837211086299E-002   0.0000000000000000     
   10.098000000000001        0.0000000000000000       -1.1034642961272777E-002   0.0000000000000000     
   10.296000000000001        0.0000000000000000       -1.0845154744798094E-002   0.0000000000000000     
   10.494000000000000        0.0000000000000000       -1.0661116879712414E-002   0.0000000000000000     
   10.692000000000000        0.0000000000000000       -1.0482282984968295E-002   0.0000000000000000     
   10.890000000000001        0.0000000000000000       -1.0308416271693207E-002   0.0000000000000000     
   11.088000000000001        0.0000000000000000       -1.0139288757398982E-002   0.0000000000000000     
   11.286000000000001        0.0000000000000000       -9.9746806940369404E-003   0.0000000000000000     
   11.484000000000000        0.0000000000000000       -9.8143801246368921E-003   0.0000000000000000     
   11.682000000000000        0.0000000000000000       -9.6581822477616111E-003   0.0000000000000000     
   11.880000000000001        0.0000000000000000       -9.5058885482980672E-003   0.0000000000000000     
   12.078000000000001        0.0000000000000000       -9.3573067923878230E-003   0.0000000000000000     
   12.276000000000000        0.0000000000000000       -9.2122498420585536E-003   0.0000000000000000     
   12.474000000000000        0.0000000000000000       -9.0705353644124440E-003   0.0000000000000000     
   12.672000000000001        0.0000000000000000       -8.9319846900407524E-003   0.0000000000000000     
   12.870000000000001        0.0000000000000000       -8.7964227355969565E-003   0.0000000000000000     
   13.068000000000001        0.0000000000000000       -8.6636765147121778E-003   0.0000000000000000     
   13.266000000000000        0.0000000000000000       -8.5335750117156613E-003   0.0000000000000000     
   13.464000000000000        0.0000000000000000       -8.4059477602986977E-003   0.0000000000000000     
   13.662000000000001        0.0000000000000000       -8.2806242512912850E-003   0.0000000000000000     
   13.860000000000001        0.0000000000000000       -8.1574327731026037E-003   0.0000000000000000     
   14.058000000000000        0.0000000000000000       -8.0361992392570507E-003   0.0000000000000000     
   14.256000000000000        0.0000000000000000       -7.9167458643026115E-003   0.0000000000000000     
   14.454000000000001        0.0000000000000000       -7.7988896793350602E-003   0.0000000000000000     
   14.652000000000001        0.0000000000000000       -7.6824411664276658E-003   0.0000000000000000     
   14.850000000000001        0.0000000000000000       -7.5672021690275345E-003   0.0000000000000000     
   15.048000000000000        0.0000000000000000       -7.4529636272197526E-003   0.0000000000000000     
   15.246000000000000        0.0000000000000000       -7.3395033885748934E-003   0.0000000000000000     
   15.444000000000001        0.0000000000000000       -7.2265827377662271E-003   0.0000000000000000     
   15.642000000000001        0.0000000000000000       -7.1139437612910018E-003   0.0000000000000000     
   15.840000000000000        0.0000000000000000       -7.0013043681854941E-003   0.0000000000000000     
   16.038000000000000        0.0000000000000000       -6.8883544887345305E-003   0.0000000000000000     
   16.236000000000001        0.0000000000000000       -6.7747495540232041E-003   0.0000000000000000     
   16.434000000000001        0.0000000000000000       -6.6601044474237448E-003   0.0000000000000000     
   16.632000000000001        0.0000000000000000       -6.5439850770497594E-003   0.0000000000000000     
   16.830000000000002        0.0000000000000000       -6.4263578580759321E-003   0.0000000000000000     
   17.028000000000002        0.0000000000000000       -6.3062576277350436E-003   0.0000000000000000     
   17.225999999999999        0.0000000000000000       -6.1831062783245646E-003   0.0000000000000000     
   17.423999999999999        0.0000000000000000       -6.0562679131249703E-003   0.0000000000000000     
   17.622000000000000        0.0000000000000000       -5.9247576587008995E-003   0.0000000000000000     
   17.820000000000000        0.0000000000000000       -5.7876272221246555E-003   0.0000000000000000     
   18.018000000000001        0.0000000000000000       -5.6438762648659407E-003   0.0000000000000000     
   18.216000000000001        0.0000000000000000       -5.4906407597400597E-003   0.0000000000000000     
   18.414000000000001        0.0000000000000000       -5.3278492730882082E-003   0.0000000000000000     
   18.612000000000002        0.0000000000000000       -5.1534794538575139E-003   0.0000000000000000     
   18.810000000000002        0.0000000000000000       -4.9674091906612150E-003   0.0000000000000000     
   19.008000000000003        0.0000000000000000       -4.7649858062770896E-003   0.0000000000000000     
   19.206000000000000        0.0000000000000000       -4.5479152182917688E-003   0.0000000000000000     
   19.404000000000000        0.0000000000000000       -4.3127966442172523E-003   0.0000000000000000     
   19.602000000000000        0.0000000000000000       -4.0554825636771440E-003   0.0000000000000000     
