  -19.602000000000000        0.0000000000000000        2.3603591561212499E-003   0.0000000000000000     
  -19.404000000000000        0.0000000000000000        2.5240249478771298E-003   0.0000000000000000     
  -19.206000000000000        0.0000000000000000        2.6739238214395704E-003   0.0000000000000000     
  -19.008000000000003        0.0000000000000000        2.8090443814451395E-003   0.0000000000000000     
  -18.810000000000002        0.0000000000000000        2.9323614243510210E-003   0.0000000000000000     
  -18.612000000000002        0.0000000000000000        3.0452221260252816E-003   0.0000000000000000     
  -18.414000000000001        0.0000000000000000        3.1500727634439000E-003   0.0000000000000000     
  -18.216000000000001        0.0000000000000000        3.2471125517878267E-003   0.0000000000000000     
  -18.018000000000001        0.0000000000000000        3.3377051920307436E-003   0.0000000000000000     
  -17.820000000000000        0.0000000000000000        3.4224791267127258E-003   0.0000000000000000     
  -17.622000000000000        0.0000000000000000        3.5033074795049629E-003   0.0000000000000000     
  -17.423999999999999        0.0000000000000000        3.5801456718887719E-003   0.0000000000000000     
  -17.225999999999999        0.0000000000000000        3.6541476056806904E-003   0.0000000000000000     
  -17.028000000000002        0.0000000000000000        3.7257891551619742E-003   0.0000000000000000     
  -16.830000000000002        0.0000000000000000        3.7959628267417614E-003   0.0000000000000000     
  -16.632000000000001        0.0000000000000000        3.8646506643000198E-003   0.0000000000000000     
  -16.434000000000001        0.0000000000000000        3.9322089517131644E-003   0.0000000000000000     
  -16.236000000000001        0.0000000000000000        3.9989459437737305E-003   0.0000000000000000     
  -16.038000000000000        0.0000000000000000        4.0651307237317864E-003   0.0000000000000000     
  -15.840000000000000        0.0000000000000000        4.1309997163692450E-003   0.0000000000000000     
  -15.642000000000001        0.0000000000000000        4.1967629369932544E-003   0.0000000000000000     
  -15.444000000000001        0.0000000000000000        4.2626084826553595E-003   0.0000000000000000     
  -15.246000000000000        0.0000000000000000        4.3287065334613834E-003   0.0000000000000000     
  -15.048000000000000        0.0000000000000000        4.3952126584221162E-003   0.0000000000000000     
  -14.850000000000001        0.0000000000000000        4.4622703456527260E-003   0.0000000000000000     
  -14.652000000000001        0.0000000000000000        4.5300136104598999E-003   0.0000000000000000     
  -14.454000000000001        0.0000000000000000        4.5985686079407020E-003   0.0000000000000000     
  -14.256000000000000        0.0000000000000000        4.6680555651976898E-003   0.0000000000000000     
  -14.058000000000000        0.0000000000000000        4.7385898789108439E-003   0.0000000000000000     
  -13.860000000000001        0.0000000000000000        4.8102834954253833E-003   0.0000000000000000     
  -13.662000000000001        0.0000000000000000        4.8832461876037615E-003   0.0000000000000000     
  -13.464000000000000        0.0000000000000000        4.9575860145476833E-003   0.0000000000000000     
  -13.266000000000000        0.0000000000000000        5.0334107316427571E-003   0.0000000000000000     
  -13.068000000000001        0.0000000000000000        5.1108280362044340E-003   0.0000000000000000     
  -12.870000000000001        0.0000000000000000        5.1899466821022939E-003   0.0000000000000000     
  -12.672000000000001        0.0000000000000000        5.2708770745182026E-003   0.0000000000000000     
  -12.474000000000000        0.0000000000000000        5.3537315884103929E-003   0.0000000000000000     
  -12.276000000000000        0.0000000000000000        5.4386255695322433E-003   0.0000000000000000     
  -12.078000000000001        0.0000000000000000        5.5256778847160883E-003   0.0000000000000000     
  -11.880000000000001        0.0000000000000000        5.6150110562180420E-003   0.0000000000000000     
  -11.682000000000000        0.0000000000000000        5.7067525113784203E-003   0.0000000000000000     
  -11.484000000000000        0.0000000000000000        5.8010346724922104E-003   0.0000000000000000     
  -11.286000000000001        0.0000000000000000        5.8979957416778464E-003   0.0000000000000000     
  -11.088000000000001        0.0000000000000000        5.9977802894135741E-003   0.0000000000000000     
  -10.890000000000001        0.0000000000000000        6.1005401311201952E-003   0.0000000000000000     
  -10.692000000000000        0.0000000000000000        6.2064343914530178E-003   0.0000000000000000     
  -10.494000000000000        0.0000000000000000        6.3156308652633992E-003   0.0000000000000000     
  -10.296000000000001        0.0000000000000000        6.4283062911275803E-003   0.0000000000000000     
  -10.098000000000001        0.0000000000000000        6.5446474493794926E-003   0.0000000000000000     
  -9.9000000000000004        0.0000000000000000        6.6648515831193526E-003   0.0000000000000000     
  -9.7020000000000000        0.0000000000000000        6.7891275552383473E-003   0.0000000000000000     
  -9.5040000000000013        0.0000000000000000        6.9176965883521891E-003   0.0000000000000000     
  -9.3060000000000009        0.0000000000000000        7.0507933176682394E-003   0.0000000000000000     
  -9.1080000000000005        0.0000000000000000        7.1886666362288064E-003   0.0000000000000000     
  -8.9100000000000001        0.0000000000000000        7.3315805152672393E-003   0.0000000000000000     
  -8.7119999999999997        0.0000000000000000        7.4798155999848724E-003   0.0000000000000000     
  -8.5140000000000011        0.0000000000000000        7.6336698234354700E-003   0.0000000000000000     
  -8.3160000000000007        0.0000000000000000        7.7934592835688455E-003   0.0000000000000000     
  -8.1180000000000003        0.0000000000000000        7.9595198453448288E-003   0.0000000000000000     
  -7.9199999999999999        0.0000000000000000        8.1322077576133998E-003   0.0000000000000000     
  -7.7220000000000004        0.0000000000000000        8.3119006791358800E-003   0.0000000000000000     
  -7.5240000000000000        0.0000000000000000        8.4989982235687007E-003   0.0000000000000000     
  -7.3260000000000005        0.0000000000000000        8.6939226715140438E-003   0.0000000000000000     
  -7.1280000000000001        0.0000000000000000        8.8971193707890958E-003   0.0000000000000000     
  -6.9300000000000006        0.0000000000000000        9.1090559076590083E-003   0.0000000000000000     
  -6.7320000000000002        0.0000000000000000        9.3302217231591017E-003   0.0000000000000000     
  -6.5340000000000007        0.0000000000000000        9.5611258750897335E-003   0.0000000000000000     
  -6.3360000000000003        0.0000000000000000        9.8022944038897372E-003   0.0000000000000000     
  -6.1379999999999999        0.0000000000000000        1.0054265580332041E-002   0.0000000000000000     
  -5.9400000000000004        0.0000000000000000        1.0317582773034406E-002   0.0000000000000000     
  -5.7420000000000000        0.0000000000000000        1.0592785304715137E-002   0.0000000000000000     
  -5.5440000000000005        0.0000000000000000        1.0880394215558349E-002   0.0000000000000000     
  -5.3460000000000001        0.0000000000000000        1.1180893689407279E-002   0.0000000000000000     
  -5.1480000000000006        0.0000000000000000        1.1494705821016575E-002   0.0000000000000000     
  -4.9500000000000002        0.0000000000000000        1.1822154771099899E-002   0.0000000000000000     
  -4.7520000000000007        0.0000000000000000        1.2163421601348786E-002   0.0000000000000000     
  -4.5540000000000003        0.0000000000000000        1.2518480414204496E-002   0.0000000000000000     
  -4.3559999999999999        0.0000000000000000        1.2887016215741382E-002   0.0000000000000000     
  -4.1580000000000004        0.0000000000000000        1.3268314685847656E-002   0.0000000000000000     
  -3.9600000000000000        0.0000000000000000        1.3661119647115513E-002   0.0000000000000000     
  -3.7620000000000000        0.0000000000000000        1.4063449593814456E-002   0.0000000000000000     
  -3.5640000000000001        0.0000000000000000        1.4472379146148198E-002   0.0000000000000000     
  -3.3660000000000001        0.0000000000000000        1.4883810786518030E-002   0.0000000000000000     
  -3.1680000000000001        0.0000000000000000        1.5292360819541270E-002   0.0000000000000000     
  -2.9700000000000002        0.0000000000000000        1.5691727163726236E-002   0.0000000000000000     
  -2.7720000000000002        0.0000000000000000        1.6076133409320726E-002   0.0000000000000000     
  -2.5740000000000003        0.0000000000000000        1.6440238287062970E-002   0.0000000000000000     
  -2.3760000000000003        0.0000000000000000        1.6767144115441890E-002   0.0000000000000000     
  -2.1779999999999999        0.0000000000000000        1.7027283800199154E-002   0.0000000000000000     
  -1.9800000000000000        0.0000000000000000        1.7183864408562958E-002   0.0000000000000000     
  -1.7820000000000000        0.0000000000000000        1.7193144531872779E-002   0.0000000000000000     
  -1.5840000000000001        0.0000000000000000        1.6996979580160144E-002   0.0000000000000000     
  -1.3860000000000001        0.0000000000000000        1.6524995735122332E-002   0.0000000000000000     
  -1.1880000000000002        0.0000000000000000        1.5705151837078178E-002   0.0000000000000000     
 -0.98999999999999999        0.0000000000000000        1.4460446693036475E-002   0.0000000000000000     
 -0.79200000000000004        0.0000000000000000        1.2698976190465509E-002   0.0000000000000000     
 -0.59400000000000008        0.0000000000000000        1.0332631146549011E-002   0.0000000000000000     
 -0.39600000000000002        0.0000000000000000        7.3353085412564759E-003   0.0000000000000000     
 -0.19800000000000001        0.0000000000000000        3.8136706889325680E-003   0.0000000000000000     
   0.0000000000000000        0.0000000000000000        0.0000000000000000        0.0000000000000000     
  0.19800000000000001        0.0000000000000000       -3.8136706889325680E-003   0.0000000000000000     
  0.39600000000000002        0.0000000000000000       -7.3353085412564759E-003   0.0000000000000000     
  0.59400000000000008        0.0000000000000000       -1.0332631146549011E-002   0.0000000000000000     
  0.79200000000000004        0.0000000000000000       -1.2698976190465509E-002   0.0000000000000000     
  0.98999999999999999        0.0000000000000000       -1.4460446693036475E-002   0.0000000000000000     
   1.1880000000000002        0.0000000000000000       -1.5705151837078178E-002   0.0000000000000000     
   1.3860000000000001        0.0000000000000000       -1.6524995735122332E-002   0.0000000000000000     
   1.5840000000000001        0.0000000000000000       -1.6996979580160144E-002   0.0000000000000000     
   1.7820000000000000        0.0000000000000000       -1.7193144531872779E-002   0.0000000000000000     
   1.9800000000000000        0.0000000000000000       -1.7183864408562958E-002   0.0000000000000000     
   2.1779999999999999        0.0000000000000000       -1.7027283800199154E-002   0.0000000000000000     
   2.3760000000000003        0.0000000000000000       -1.6767144115441890E-002   0.0000000000000000     
   2.5740000000000003        0.0000000000000000       -1.6440238287062970E-002   0.0000000000000000     
   2.7720000000000002        0.0000000000000000       -1.6076133409320726E-002   0.0000000000000000     
   2.9700000000000002        0.0000000000000000       -1.5691727163726236E-002   0.0000000000000000     
   3.1680000000000001        0.0000000000000000       -1.5292360819541270E-002   0.0000000000000000     
   3.3660000000000001        0.0000000000000000       -1.4883810786518030E-002   0.0000000000000000     
   3.5640000000000001        0.0000000000000000       -1.4472379146148198E-002   0.0000000000000000     
   3.7620000000000000        0.0000000000000000       -1.4063449593814456E-002   0.0000000000000000     
   3.9600000000000000        0.0000000000000000       -1.3661119647115513E-002   0.0000000000000000     
   4.1580000000000004        0.0000000000000000       -1.3268314685847656E-002   0.0000000000000000     
   4.3559999999999999        0.0000000000000000       -1.2887016215741382E-002   0.0000000000000000     
   4.5540000000000003        0.0000000000000000       -1.2518480414204496E-002   0.0000000000000000     
   4.7520000000000007        0.0000000000000000       -1.2163421601348786E-002   0.0000000000000000     
   4.9500000000000002        0.0000000000000000       -1.1822154771099899E-002   0.0000000000000000     
   5.1480000000000006        0.0000000000000000       -1.1494705821016575E-002   0.0000000000000000     
   5.3460000000000001        0.0000000000000000       -1.1180893689407279E-002   0.0000000000000000     
   5.5440000000000005        0.0000000000000000       -1.0880394215558349E-002   0.0000000000000000     
   5.7420000000000000        0.0000000000000000       -1.0592785304715137E-002   0.0000000000000000     
   5.9400000000000004        0.0000000000000000       -1.0317582773034406E-002   0.0000000000000000     
   6.1379999999999999        0.0000000000000000       -1.0054265580332041E-002   0.0000000000000000     
   6.3360000000000003        0.0000000000000000       -9.8022944038897372E-003   0.0000000000000000     
   6.5340000000000007        0.0000000000000000       -9.5611258750897335E-003   0.0000000000000000     
   6.7320000000000002        0.0000000000000000       -9.3302217231591017E-003   0.0000000000000000     
   6.9300000000000006        0.0000000000000000       -9.1090559076590083E-003   0.0000000000000000     
   7.1280000000000001        0.0000000000000000       -8.8971193707890958E-003   0.0000000000000000     
   7.3260000000000005        0.0000000000000000       -8.6939226715140438E-003   0.0000000000000000     
   7.5240000000000000        0.0000000000000000       -8.4989982235687007E-003   0.0000000000000000     
   7.7220000000000004        0.0000000000000000       -8.3119006791358800E-003   0.0000000000000000     
   7.9199999999999999        0.0000000000000000       -8.1322077576133998E-003   0.0000000000000000     
   8.1180000000000003        0.0000000000000000       -7.9595198453448288E-003   0.0000000000000000     
   8.3160000000000007        0.0000000000000000       -7.7934592835688455E-003   0.0000000000000000     
   8.5140000000000011        0.0000000000000000       -7.6336698234354700E-003   0.0000000000000000     
   8.7119999999999997        0.0000000000000000       -7.4798155999848724E-003   0.0000000000000000     
   8.9100000000000001        0.0000000000000000       -7.3315805152672393E-003   0.0000000000000000     
   9.1080000000000005        0.0000000000000000       -7.1886666362288064E-003   0.0000000000000000     
   9.3060000000000009        0.0000000000000000       -7.0507933176682394E-003   0.0000000000000000     
   9.5040000000000013        0.0000000000000000       -6.9176965883521891E-003   0.0000000000000000     
   9.7020000000000000        0.0000000000000000       -6.7891275552383473E-003   0.0000000000000000     
   9.9000000000000004        0.0000000000000000       -6.6648515831193526E-003   0.0000000000000000     
   10.098000000000001        0.0000000000000000       -6.5446474493794926E-003   0.0000000000000000     
   10.296000000000001        0.0000000000000000       -6.4283062911275803E-003   0.0000000000000000     
   10.494000000000000        0.0000000000000000       -6.3156308652633992E-003   0.0000000000000000     
   10.692000000000000        0.0000000000000000       -6.2064343914530178E-003   0.0000000000000000     
   10.890000000000001        0.0000000000000000       -6.1005401311201952E-003   0.0000000000000000     
   11.088000000000001        0.0000000000000000       -5.9977802894135741E-003   0.0000000000000000     
   11.286000000000001        0.0000000000000000       -5.8979957416778464E-003   0.0000000000000000     
   11.484000000000000        0.0000000000000000       -5.8010346724922104E-003   0.0000000000000000     
   11.682000000000000        0.0000000000000000       -5.7067525113784203E-003   0.0000000000000000     
   11.880000000000001        0.0000000000000000       -5.6150110562180420E-003   0.0000000000000000     
   12.078000000000001        0.0000000000000000       -5.5256778847160883E-003   0.0000000000000000     
   12.276000000000000        0.0000000000000000       -5.4386255695322433E-003   0.0000000000000000     
   12.474000000000000        0.0000000000000000       -5.3537315884103929E-003   0.0000000000000000     
   12.672000000000001        0.0000000000000000       -5.2708770745182026E-003   0.0000000000000000     
   12.870000000000001        0.0000000000000000       -5.1899466821022939E-003   0.0000000000000000     
   13.068000000000001        0.0000000000000000       -5.1108280362044340E-003   0.0000000000000000     
   13.266000000000000        0.0000000000000000       -5.0334107316427571E-003   0.0000000000000000     
   13.464000000000000        0.0000000000000000       -4.9575860145476833E-003   0.0000000000000000     
   13.662000000000001        0.0000000000000000       -4.8832461876037615E-003   0.0000000000000000     
   13.860000000000001        0.0000000000000000       -4.8102834954253833E-003   0.0000000000000000     
   14.058000000000000        0.0000000000000000       -4.7385898789108439E-003   0.0000000000000000     
   14.256000000000000        0.0000000000000000       -4.6680555651976898E-003   0.0000000000000000     
   14.454000000000001        0.0000000000000000       -4.5985686079407020E-003   0.0000000000000000     
   14.652000000000001        0.0000000000000000       -4.5300136104598999E-003   0.0000000000000000     
   14.850000000000001        0.0000000000000000       -4.4622703456527260E-003   0.0000000000000000     
   15.048000000000000        0.0000000000000000       -4.3952126584221162E-003   0.0000000000000000     
   15.246000000000000        0.0000000000000000       -4.3287065334613834E-003   0.0000000000000000     
   15.444000000000001        0.0000000000000000       -4.2626084826553595E-003   0.0000000000000000     
   15.642000000000001        0.0000000000000000       -4.1967629369932544E-003   0.0000000000000000     
   15.840000000000000        0.0000000000000000       -4.1309997163692450E-003   0.0000000000000000     
   16.038000000000000        0.0000000000000000       -4.0651307237317864E-003   0.0000000000000000     
   16.236000000000001        0.0000000000000000       -3.9989459437737305E-003   0.0000000000000000     
   16.434000000000001        0.0000000000000000       -3.9322089517131644E-003   0.0000000000000000     
   16.632000000000001        0.0000000000000000       -3.8646506643000198E-003   0.0000000000000000     
   16.830000000000002        0.0000000000000000       -3.7959628267417614E-003   0.0000000000000000     
   17.028000000000002        0.0000000000000000       -3.7257891551619742E-003   0.0000000000000000     
   17.225999999999999        0.0000000000000000       -3.6541476056806904E-003   0.0000000000000000     
   17.423999999999999        0.0000000000000000       -3.5801456718887719E-003   0.0000000000000000     
   17.622000000000000        0.0000000000000000       -3.5033074795049629E-003   0.0000000000000000     
   17.820000000000000        0.0000000000000000       -3.4224791267127258E-003   0.0000000000000000     
   18.018000000000001        0.0000000000000000       -3.3377051920307436E-003   0.0000000000000000     
   18.216000000000001        0.0000000000000000       -3.2471125517878267E-003   0.0000000000000000     
   18.414000000000001        0.0000000000000000       -3.1500727634439000E-003   0.0000000000000000     
   18.612000000000002        0.0000000000000000       -3.0452221260252816E-003   0.0000000000000000     
   18.810000000000002        0.0000000000000000       -2.9323614243510210E-003   0.0000000000000000     
   19.008000000000003        0.0000000000000000       -2.8090443814451395E-003   0.0000000000000000     
   19.206000000000000        0.0000000000000000       -2.6739238214395704E-003   0.0000000000000000     
   19.404000000000000        0.0000000000000000       -2.5240249478771298E-003   0.0000000000000000     
   19.602000000000000        0.0000000000000000       -2.3603591561212499E-003   0.0000000000000000     
