  -19.602000000000000        0.0000000000000000        9.7683722065571577E-003   0.0000000000000000     
  -19.404000000000000        0.0000000000000000        1.0237588830519267E-002   0.0000000000000000     
  -19.206000000000000        0.0000000000000000        1.0689248542708092E-002   0.0000000000000000     
  -19.008000000000003        0.0000000000000000        1.1117853435795735E-002   0.0000000000000000     
  -18.810000000000002        0.0000000000000000        1.1522318327190594E-002   0.0000000000000000     
  -18.612000000000002        0.0000000000000000        1.1903796483811778E-002   0.0000000000000000     
  -18.414000000000001        0.0000000000000000        1.2262801565375025E-002   0.0000000000000000     
  -18.216000000000001        0.0000000000000000        1.2603074394286802E-002   0.0000000000000000     
  -18.018000000000001        0.0000000000000000        1.2924217529019632E-002   0.0000000000000000     
  -17.820000000000000        0.0000000000000000        1.3229677558910784E-002   0.0000000000000000     
  -17.622000000000000        0.0000000000000000        1.3521382863136495E-002   0.0000000000000000     
  -17.423999999999999        0.0000000000000000        1.3800468684142437E-002   0.0000000000000000     
  -17.225999999999999        0.0000000000000000        1.4068367344162652E-002   0.0000000000000000     
  -17.028000000000002        0.0000000000000000        1.4326141240225488E-002   0.0000000000000000     
  -16.830000000000002        0.0000000000000000        1.4574487020912526E-002   0.0000000000000000     
  -16.632000000000001        0.0000000000000000        1.4814922710407645E-002   0.0000000000000000     
  -16.434000000000001        0.0000000000000000        1.5048262835895231E-002   0.0000000000000000     
  -16.236000000000001        0.0000000000000000        1.5275242396106281E-002   0.0000000000000000     
  -16.038000000000000        0.0000000000000000        1.5496525830852228E-002   0.0000000000000000     
  -15.840000000000000        0.0000000000000000        1.5712713566590888E-002   0.0000000000000000     
  -15.642000000000001        0.0000000000000000        1.5924349595963706E-002   0.0000000000000000     
  -15.444000000000001        0.0000000000000000        1.6131927396342324E-002   0.0000000000000000     
  -15.246000000000000        0.0000000000000000        1.6335895269056298E-002   0.0000000000000000     
  -15.048000000000000        0.0000000000000000        1.6536661819878732E-002   0.0000000000000000     
  -14.850000000000001        0.0000000000000000        1.6734599457983283E-002   0.0000000000000000     
  -14.652000000000001        0.0000000000000000        1.6930049009064543E-002   0.0000000000000000     
  -14.454000000000001        0.0000000000000000        1.7123322679450510E-002   0.0000000000000000     
  -14.256000000000000        0.0000000000000000        1.7314707592390392E-002   0.0000000000000000     
  -14.058000000000000        0.0000000000000000        1.7504467744926491E-002   0.0000000000000000     
  -13.860000000000001        0.0000000000000000        1.7692848222588847E-002   0.0000000000000000     
  -13.662000000000001        0.0000000000000000        1.7880237569987589E-002   0.0000000000000000     
  -13.464000000000000        0.0000000000000000        1.8066664139182266E-002   0.0000000000000000     
  -13.266000000000000        0.0000000000000000        1.8252324933157624E-002   0.0000000000000000     
  -13.068000000000001        0.0000000000000000        1.8437403874366636E-002   0.0000000000000000     
  -12.870000000000001        0.0000000000000000        1.8622072926037427E-002   0.0000000000000000     
  -12.672000000000001        0.0000000000000000        1.8806493098261701E-002   0.0000000000000000     
  -12.474000000000000        0.0000000000000000        1.8990815654563394E-002   0.0000000000000000     
  -12.276000000000000        0.0000000000000000        1.9175183078812767E-002   0.0000000000000000     
  -12.078000000000001        0.0000000000000000        1.9359730511310454E-002   0.0000000000000000     
  -11.880000000000001        0.0000000000000000        1.9544585522959096E-002   0.0000000000000000     
  -11.682000000000000        0.0000000000000000        1.9729869335658210E-002   0.0000000000000000     
  -11.484000000000000        0.0000000000000000        1.9915697644503846E-002   0.0000000000000000     
  -11.286000000000001        0.0000000000000000        2.0102181050088524E-002   0.0000000000000000     
  -11.088000000000001        0.0000000000000000        2.0289424549696147E-002   0.0000000000000000     
  -10.890000000000001        0.0000000000000000        2.0477530132945544E-002   0.0000000000000000     
  -10.692000000000000        0.0000000000000000        2.0666594583420468E-002   0.0000000000000000     
  -10.494000000000000        0.0000000000000000        2.0856711731422763E-002   0.0000000000000000     
  -10.296000000000001        0.0000000000000000        2.1047971041853759E-002   0.0000000000000000     
  -10.098000000000001        0.0000000000000000        2.1240459658652275E-002   0.0000000000000000     
  -9.9000000000000004        0.0000000000000000        2.1434260507836377E-002   0.0000000000000000     
  -9.7020000000000000        0.0000000000000000        2.1629453661691025E-002   0.0000000000000000     
  -9.5040000000000013        0.0000000000000000        2.1826115490759558E-002   0.0000000000000000     
  -9.3060000000000009        0.0000000000000000        2.2024319543191631E-002   0.0000000000000000     
  -9.1080000000000005        0.0000000000000000        2.2224134717837921E-002   0.0000000000000000     
  -8.9100000000000001        0.0000000000000000        2.2425626228398898E-002   0.0000000000000000     
  -8.7119999999999997        0.0000000000000000        2.2628854574753658E-002   0.0000000000000000     
  -8.5140000000000011        0.0000000000000000        2.2833874993597819E-002   0.0000000000000000     
  -8.3160000000000007        0.0000000000000000        2.3040737038126272E-002   0.0000000000000000     
  -8.1180000000000003        0.0000000000000000        2.3249482559404129E-002   0.0000000000000000     
  -7.9199999999999999        0.0000000000000000        2.3460145997639240E-002   0.0000000000000000     
  -7.7220000000000004        0.0000000000000000        2.3672752276908786E-002   0.0000000000000000     
  -7.5240000000000000        0.0000000000000000        2.3887314821556715E-002   0.0000000000000000     
  -7.3260000000000005        0.0000000000000000        2.4103833528347211E-002   0.0000000000000000     
  -7.1280000000000001        0.0000000000000000        2.4322291967114731E-002   0.0000000000000000     
  -6.9300000000000006        0.0000000000000000        2.4542652623620469E-002   0.0000000000000000     
  -6.7320000000000002        0.0000000000000000        2.4764850825230261E-002   0.0000000000000000     
  -6.5340000000000007        0.0000000000000000        2.4988786006426577E-002   0.0000000000000000     
  -6.3360000000000003        0.0000000000000000        2.5214313029625467E-002   0.0000000000000000     
  -6.1379999999999999        0.0000000000000000        2.5441229826373757E-002   0.0000000000000000     
  -5.9400000000000004        0.0000000000000000        2.5669215795058872E-002   0.0000000000000000     
  -5.7420000000000000        0.0000000000000000        2.5897622280119697E-002   0.0000000000000000     
  -5.5440000000000005        0.0000000000000000        2.6125986806270842E-002   0.0000000000000000     
  -5.3460000000000001        0.0000000000000000        2.6354047607101170E-002   0.0000000000000000     
  -5.1480000000000006        0.0000000000000000        2.6581197665190806E-002   0.0000000000000000     
  -4.9500000000000002        0.0000000000000000        2.6806618205247344E-002   0.0000000000000000     
  -4.7520000000000007        0.0000000000000000        2.7029302107437383E-002   0.0000000000000000     
  -4.5540000000000003        0.0000000000000000        2.7248011453497943E-002   0.0000000000000000     
  -4.3559999999999999        0.0000000000000000        2.7461236543036609E-002   0.0000000000000000     
  -4.1580000000000004        0.0000000000000000        2.7667142692056428E-002   0.0000000000000000     
  -3.9600000000000000        0.0000000000000000        2.7863510287047585E-002   0.0000000000000000     
  -3.7620000000000000        0.0000000000000000        2.8047662482119897E-002   0.0000000000000000     
  -3.5640000000000001        0.0000000000000000        2.8216386114832084E-002   0.0000000000000000     
  -3.3660000000000001        0.0000000000000000        2.8365829284273000E-002   0.0000000000000000     
  -3.1680000000000001        0.0000000000000000        2.8491333599301984E-002   0.0000000000000000     
  -2.9700000000000002        0.0000000000000000        2.8587014198630727E-002   0.0000000000000000     
  -2.7720000000000002        0.0000000000000000        2.8644485536872901E-002   0.0000000000000000     
  -2.5740000000000003        0.0000000000000000        2.8647918260708793E-002   0.0000000000000000     
  -2.3760000000000003        0.0000000000000000        2.8562498888289420E-002   0.0000000000000000     
  -2.1779999999999999        0.0000000000000000        2.8360562635039090E-002   0.0000000000000000     
  -1.9800000000000000        0.0000000000000000        2.8009026433081379E-002   0.0000000000000000     
  -1.7820000000000000        0.0000000000000000        2.7404399386140154E-002   0.0000000000000000     
  -1.5840000000000001        0.0000000000000000        2.6468617133095694E-002   0.0000000000000000     
  -1.3860000000000001        0.0000000000000000        2.5129761534036670E-002   0.0000000000000000     
  -1.1880000000000002        0.0000000000000000        2.3311943972580757E-002   0.0000000000000000     
 -0.98999999999999999        0.0000000000000000        2.0970105870566906E-002   0.0000000000000000     
 -0.79200000000000004        0.0000000000000000        1.8022597635155201E-002   0.0000000000000000     
 -0.59400000000000008        0.0000000000000000        1.4417174483124746E-002   0.0000000000000000     
 -0.39600000000000002        0.0000000000000000        1.0134275543353145E-002   0.0000000000000000     
 -0.19800000000000001        0.0000000000000000        5.2441047534903338E-003   0.0000000000000000     
   0.0000000000000000        0.0000000000000000        0.0000000000000000        0.0000000000000000     
  0.19800000000000001        0.0000000000000000       -5.2441047534903338E-003   0.0000000000000000     
  0.39600000000000002        0.0000000000000000       -1.0134275543353145E-002   0.0000000000000000     
  0.59400000000000008        0.0000000000000000       -1.4417174483124746E-002   0.0000000000000000     
  0.79200000000000004        0.0000000000000000       -1.8022597635155201E-002   0.0000000000000000     
  0.98999999999999999        0.0000000000000000       -2.0970105870566906E-002   0.0000000000000000     
   1.1880000000000002        0.0000000000000000       -2.3311943972580757E-002   0.0000000000000000     
   1.3860000000000001        0.0000000000000000       -2.5129761534036670E-002   0.0000000000000000     
   1.5840000000000001        0.0000000000000000       -2.6468617133095694E-002   0.0000000000000000     
   1.7820000000000000        0.0000000000000000       -2.7404399386140154E-002   0.0000000000000000     
   1.9800000000000000        0.0000000000000000       -2.8009026433081379E-002   0.0000000000000000     
   2.1779999999999999        0.0000000000000000       -2.8360562635039090E-002   0.0000000000000000     
   2.3760000000000003        0.0000000000000000       -2.8562498888289420E-002   0.0000000000000000     
   2.5740000000000003        0.0000000000000000       -2.8647918260708793E-002   0.0000000000000000     
   2.7720000000000002        0.0000000000000000       -2.8644485536872901E-002   0.0000000000000000     
   2.9700000000000002        0.0000000000000000       -2.8587014198630727E-002   0.0000000000000000     
   3.1680000000000001        0.0000000000000000       -2.8491333599301984E-002   0.0000000000000000     
   3.3660000000000001        0.0000000000000000       -2.8365829284273000E-002   0.0000000000000000     
   3.5640000000000001        0.0000000000000000       -2.8216386114832084E-002   0.0000000000000000     
   3.7620000000000000        0.0000000000000000       -2.8047662482119897E-002   0.0000000000000000     
   3.9600000000000000        0.0000000000000000       -2.7863510287047585E-002   0.0000000000000000     
   4.1580000000000004        0.0000000000000000       -2.7667142692056428E-002   0.0000000000000000     
   4.3559999999999999        0.0000000000000000       -2.7461236543036609E-002   0.0000000000000000     
   4.5540000000000003        0.0000000000000000       -2.7248011453497943E-002   0.0000000000000000     
   4.7520000000000007        0.0000000000000000       -2.7029302107437383E-002   0.0000000000000000     
   4.9500000000000002        0.0000000000000000       -2.6806618205247344E-002   0.0000000000000000     
   5.1480000000000006        0.0000000000000000       -2.6581197665190806E-002   0.0000000000000000     
   5.3460000000000001        0.0000000000000000       -2.6354047607101170E-002   0.0000000000000000     
   5.5440000000000005        0.0000000000000000       -2.6125986806270842E-002   0.0000000000000000     
   5.7420000000000000        0.0000000000000000       -2.5897622280119697E-002   0.0000000000000000     
   5.9400000000000004        0.0000000000000000       -2.5669215795058872E-002   0.0000000000000000     
   6.1379999999999999        0.0000000000000000       -2.5441229826373757E-002   0.0000000000000000     
   6.3360000000000003        0.0000000000000000       -2.5214313029625467E-002   0.0000000000000000     
   6.5340000000000007        0.0000000000000000       -2.4988786006426577E-002   0.0000000000000000     
   6.7320000000000002        0.0000000000000000       -2.4764850825230261E-002   0.0000000000000000     
   6.9300000000000006        0.0000000000000000       -2.4542652623620469E-002   0.0000000000000000     
   7.1280000000000001        0.0000000000000000       -2.4322291967114731E-002   0.0000000000000000     
   7.3260000000000005        0.0000000000000000       -2.4103833528347211E-002   0.0000000000000000     
   7.5240000000000000        0.0000000000000000       -2.3887314821556715E-002   0.0000000000000000     
   7.7220000000000004        0.0000000000000000       -2.3672752276908786E-002   0.0000000000000000     
   7.9199999999999999        0.0000000000000000       -2.3460145997639240E-002   0.0000000000000000     
   8.1180000000000003        0.0000000000000000       -2.3249482559404129E-002   0.0000000000000000     
   8.3160000000000007        0.0000000000000000       -2.3040737038126272E-002   0.0000000000000000     
   8.5140000000000011        0.0000000000000000       -2.2833874993597819E-002   0.0000000000000000     
   8.7119999999999997        0.0000000000000000       -2.2628854574753658E-002   0.0000000000000000     
   8.9100000000000001        0.0000000000000000       -2.2425626228398898E-002   0.0000000000000000     
   9.1080000000000005        0.0000000000000000       -2.2224134717837921E-002   0.0000000000000000     
   9.3060000000000009        0.0000000000000000       -2.2024319543191631E-002   0.0000000000000000     
   9.5040000000000013        0.0000000000000000       -2.1826115490759558E-002   0.0000000000000000     
   9.7020000000000000        0.0000000000000000       -2.1629453661691025E-002   0.0000000000000000     
   9.9000000000000004        0.0000000000000000       -2.1434260507836377E-002   0.0000000000000000     
   10.098000000000001        0.0000000000000000       -2.1240459658652275E-002   0.0000000000000000     
   10.296000000000001        0.0000000000000000       -2.1047971041853759E-002   0.0000000000000000     
   10.494000000000000        0.0000000000000000       -2.0856711731422763E-002   0.0000000000000000     
   10.692000000000000        0.0000000000000000       -2.0666594583420468E-002   0.0000000000000000     
   10.890000000000001        0.0000000000000000       -2.0477530132945544E-002   0.0000000000000000     
   11.088000000000001        0.0000000000000000       -2.0289424549696147E-002   0.0000000000000000     
   11.286000000000001        0.0000000000000000       -2.0102181050088524E-002   0.0000000000000000     
   11.484000000000000        0.0000000000000000       -1.9915697644503846E-002   0.0000000000000000     
   11.682000000000000        0.0000000000000000       -1.9729869335658210E-002   0.0000000000000000     
   11.880000000000001        0.0000000000000000       -1.9544585522959096E-002   0.0000000000000000     
   12.078000000000001        0.0000000000000000       -1.9359730511310454E-002   0.0000000000000000     
   12.276000000000000        0.0000000000000000       -1.9175183078812767E-002   0.0000000000000000     
   12.474000000000000        0.0000000000000000       -1.8990815654563394E-002   0.0000000000000000     
   12.672000000000001        0.0000000000000000       -1.8806493098261701E-002   0.0000000000000000     
   12.870000000000001        0.0000000000000000       -1.8622072926037427E-002   0.0000000000000000     
   13.068000000000001        0.0000000000000000       -1.8437403874366636E-002   0.0000000000000000     
   13.266000000000000        0.0000000000000000       -1.8252324933157624E-002   0.0000000000000000     
   13.464000000000000        0.0000000000000000       -1.8066664139182266E-002   0.0000000000000000     
   13.662000000000001        0.0000000000000000       -1.7880237569987589E-002   0.0000000000000000     
   13.860000000000001        0.0000000000000000       -1.7692848222588847E-002   0.0000000000000000     
   14.058000000000000        0.0000000000000000       -1.7504467744926491E-002   0.0000000000000000     
   14.256000000000000        0.0000000000000000       -1.7314707592390392E-002   0.0000000000000000     
   14.454000000000001        0.0000000000000000       -1.7123322679450510E-002   0.0000000000000000     
   14.652000000000001        0.0000000000000000       -1.6930049009064543E-002   0.0000000000000000     
   14.850000000000001        0.0000000000000000       -1.6734599457983283E-002   0.0000000000000000     
   15.048000000000000        0.0000000000000000       -1.6536661819878732E-002   0.0000000000000000     
   15.246000000000000        0.0000000000000000       -1.6335895269056298E-002   0.0000000000000000     
   15.444000000000001        0.0000000000000000       -1.6131927396342324E-002   0.0000000000000000     
   15.642000000000001        0.0000000000000000       -1.5924349595963706E-002   0.0000000000000000     
   15.840000000000000        0.0000000000000000       -1.5712713566590888E-002   0.0000000000000000     
   16.038000000000000        0.0000000000000000       -1.5496525830852228E-002   0.0000000000000000     
   16.236000000000001        0.0000000000000000       -1.5275242396106281E-002   0.0000000000000000     
   16.434000000000001        0.0000000000000000       -1.5048262835895231E-002   0.0000000000000000     
   16.632000000000001        0.0000000000000000       -1.4814922710407645E-002   0.0000000000000000     
   16.830000000000002        0.0000000000000000       -1.4574487020912526E-002   0.0000000000000000     
   17.028000000000002        0.0000000000000000       -1.4326141240225488E-002   0.0000000000000000     
   17.225999999999999        0.0000000000000000       -1.4068367344162652E-002   0.0000000000000000     
   17.423999999999999        0.0000000000000000       -1.3800468684142437E-002   0.0000000000000000     
   17.622000000000000        0.0000000000000000       -1.3521382863136495E-002   0.0000000000000000     
   17.820000000000000        0.0000000000000000       -1.3229677558910784E-002   0.0000000000000000     
   18.018000000000001        0.0000000000000000       -1.2924217529019632E-002   0.0000000000000000     
   18.216000000000001        0.0000000000000000       -1.2603074394286802E-002   0.0000000000000000     
   18.414000000000001        0.0000000000000000       -1.2262801565375025E-002   0.0000000000000000     
   18.612000000000002        0.0000000000000000       -1.1903796483811778E-002   0.0000000000000000     
   18.810000000000002        0.0000000000000000       -1.1522318327190594E-002   0.0000000000000000     
   19.008000000000003        0.0000000000000000       -1.1117853435795735E-002   0.0000000000000000     
   19.206000000000000        0.0000000000000000       -1.0689248542708092E-002   0.0000000000000000     
   19.404000000000000        0.0000000000000000       -1.0237588830519267E-002   0.0000000000000000     
   19.602000000000000        0.0000000000000000       -9.7683722065571577E-003   0.0000000000000000     
