  -19.602000000000000        0.0000000000000000        2.3631807123650184E-003   0.0000000000000000     
  -19.404000000000000        0.0000000000000000        2.5272978778683596E-003   0.0000000000000000     
  -19.206000000000000        0.0000000000000000        2.6775520425841711E-003   0.0000000000000000     
  -19.008000000000003        0.0000000000000000        2.8129160856601538E-003   0.0000000000000000     
  -18.810000000000002        0.0000000000000000        2.9363335521342964E-003   0.0000000000000000     
  -18.612000000000002        0.0000000000000000        3.0492324312453574E-003   0.0000000000000000     
  -18.414000000000001        0.0000000000000000        3.1540677104918554E-003   0.0000000000000000     
  -18.216000000000001        0.0000000000000000        3.2510686480617633E-003   0.0000000000000000     
  -18.018000000000001        0.0000000000000000        3.3416144385978999E-003   0.0000000000000000     
  -17.820000000000000        0.0000000000000000        3.4263472992486816E-003   0.0000000000000000     
  -17.622000000000000        0.0000000000000000        3.5071325805808985E-003   0.0000000000000000     
  -17.423999999999999        0.0000000000000000        3.5839870740854585E-003   0.0000000000000000     
  -17.225999999999999        0.0000000000000000        3.6580055182350189E-003   0.0000000000000000     
  -17.028000000000002        0.0000000000000000        3.7298404270295596E-003   0.0000000000000000     
  -16.830000000000002        0.0000000000000000        3.8000231861269889E-003   0.0000000000000000     
  -16.632000000000001        0.0000000000000000        3.8687253375164106E-003   0.0000000000000000     
  -16.434000000000001        0.0000000000000000        3.9363028277143225E-003   0.0000000000000000     
  -16.236000000000001        0.0000000000000000        4.0030634192996040E-003   0.0000000000000000     
  -16.038000000000000        0.0000000000000000        4.0692757563092026E-003   0.0000000000000000     
  -15.840000000000000        0.0000000000000000        4.1351760058963476E-003   0.0000000000000000     
  -15.642000000000001        0.0000000000000000        4.2009736999111449E-003   0.0000000000000000     
  -15.444000000000001        0.0000000000000000        4.2668567234030036E-003   0.0000000000000000     
  -15.246000000000000        0.0000000000000000        4.3329948891609998E-003   0.0000000000000000     
  -15.048000000000000        0.0000000000000000        4.3995436680297198E-003   0.0000000000000000     
  -14.850000000000001        0.0000000000000000        4.4666463278264590E-003   0.0000000000000000     
  -14.652000000000001        0.0000000000000000        4.5344367068822083E-003   0.0000000000000000     
  -14.454000000000001        0.0000000000000000        4.6030409261893406E-003   0.0000000000000000     
  -14.256000000000000        0.0000000000000000        4.6725789317171472E-003   0.0000000000000000     
  -14.058000000000000        0.0000000000000000        4.7431661892767393E-003   0.0000000000000000     
  -13.860000000000001        0.0000000000000000        4.8149146620352443E-003   0.0000000000000000     
  -13.662000000000001        0.0000000000000000        4.8879338161433288E-003   0.0000000000000000     
  -13.464000000000000        0.0000000000000000        4.9623319462094220E-003   0.0000000000000000     
  -13.266000000000000        0.0000000000000000        5.0382165730341547E-003   0.0000000000000000     
  -13.068000000000001        0.0000000000000000        5.1156954434769608E-003   0.0000000000000000     
  -12.870000000000001        0.0000000000000000        5.1948773222379617E-003   0.0000000000000000     
  -12.672000000000001        0.0000000000000000        5.2758725073457687E-003   0.0000000000000000     
  -12.474000000000000        0.0000000000000000        5.3587935110991297E-003   0.0000000000000000     
  -12.276000000000000        0.0000000000000000        5.4437555944505693E-003   0.0000000000000000     
  -12.078000000000001        0.0000000000000000        5.5308775567143482E-003   0.0000000000000000     
  -11.880000000000001        0.0000000000000000        5.6202820376695063E-003   0.0000000000000000     
  -11.682000000000000        0.0000000000000000        5.7120963448290671E-003   0.0000000000000000     
  -11.484000000000000        0.0000000000000000        5.8064530440503290E-003   0.0000000000000000     
  -11.286000000000001        0.0000000000000000        5.9034901929676635E-003   0.0000000000000000     
  -11.088000000000001        0.0000000000000000        6.0033525305088408E-003   0.0000000000000000     
  -10.890000000000001        0.0000000000000000        6.1061916322096357E-003   0.0000000000000000     
  -10.692000000000000        0.0000000000000000        6.2121667692833565E-003   0.0000000000000000     
  -10.494000000000000        0.0000000000000000        6.3214457695338622E-003   0.0000000000000000     
  -10.296000000000001        0.0000000000000000        6.4342052860452319E-003   0.0000000000000000     
  -10.098000000000001        0.0000000000000000        6.5506320279463343E-003   0.0000000000000000     
  -9.9000000000000004        0.0000000000000000        6.6709232588462817E-003   0.0000000000000000     
  -9.7020000000000000        0.0000000000000000        6.7952878706713394E-003   0.0000000000000000     
  -9.5040000000000013        0.0000000000000000        6.9239470818893509E-003   0.0000000000000000     
  -9.3060000000000009        0.0000000000000000        7.0571354205544281E-003   0.0000000000000000     
  -9.1080000000000005        0.0000000000000000        7.1951017061994390E-003   0.0000000000000000     
  -8.9100000000000001        0.0000000000000000        7.3381101393426504E-003   0.0000000000000000     
  -8.7119999999999997        0.0000000000000000        7.4864411176959493E-003   0.0000000000000000     
  -8.5140000000000011        0.0000000000000000        7.6403925653260518E-003   0.0000000000000000     
  -8.3160000000000007        0.0000000000000000        7.8002807696020728E-003   0.0000000000000000     
  -8.1180000000000003        0.0000000000000000        7.9664415014655040E-003   0.0000000000000000     
  -7.9199999999999999        0.0000000000000000        8.1392312774190151E-003   0.0000000000000000     
  -7.7220000000000004        0.0000000000000000        8.3190276669295599E-003   0.0000000000000000     
  -7.5240000000000000        0.0000000000000000        8.5062306257374428E-003   0.0000000000000000     
  -7.3260000000000005        0.0000000000000000        8.7012627426544774E-003   0.0000000000000000     
  -7.1280000000000001        0.0000000000000000        8.9045697282058526E-003   0.0000000000000000     
  -6.9300000000000006        0.0000000000000000        9.1166199592864171E-003   0.0000000000000000     
  -6.7320000000000002        0.0000000000000000        9.3379036445174930E-003   0.0000000000000000     
  -6.5340000000000007        0.0000000000000000        9.5689311717823983E-003   0.0000000000000000     
  -6.3360000000000003        0.0000000000000000        9.8102302815697099E-003   0.0000000000000000     
  -6.1379999999999999        0.0000000000000000        1.0062341181476208E-002   0.0000000000000000     
  -5.9400000000000004        0.0000000000000000        1.0325810454717262E-002   0.0000000000000000     
  -5.7420000000000000        0.0000000000000000        1.0601181119300583E-002   0.0000000000000000     
  -5.5440000000000005        0.0000000000000000        1.0888979341138007E-002   0.0000000000000000     
  -5.3460000000000001        0.0000000000000000        1.1189696224559882E-002   0.0000000000000000     
  -5.1480000000000006        0.0000000000000000        1.1503762536475629E-002   0.0000000000000000     
  -4.9500000000000002        0.0000000000000000        1.1831514550640495E-002   0.0000000000000000     
  -4.7520000000000007        0.0000000000000000        1.2173148562136455E-002   0.0000000000000000     
  -4.5540000000000003        0.0000000000000000        1.2528658874673505E-002   0.0000000000000000     
  -4.3559999999999999        0.0000000000000000        1.2897756741573039E-002   0.0000000000000000     
  -4.1580000000000004        0.0000000000000000        1.3279761958821329E-002   0.0000000000000000     
  -3.9600000000000000        0.0000000000000000        1.3673460969735613E-002   0.0000000000000000     
  -3.7620000000000000        0.0000000000000000        1.4076925098250245E-002   0.0000000000000000     
  -3.5640000000000001        0.0000000000000000        1.4487284350818247E-002   0.0000000000000000     
  -3.3660000000000001        0.0000000000000000        1.4900478764982307E-002   0.0000000000000000     
  -3.1680000000000001        0.0000000000000000        1.5311072733065001E-002   0.0000000000000000     
  -2.9700000000000002        0.0000000000000000        1.5712431872094201E-002   0.0000000000000000     
  -2.7720000000000002        0.0000000000000000        1.6097926024162081E-002   0.0000000000000000     
  -2.5740000000000003        0.0000000000000000        1.6461814384353405E-002   0.0000000000000000     
  -2.3760000000000003        0.0000000000000000        1.6789690478068341E-002   0.0000000000000000     
  -2.1779999999999999        0.0000000000000000        1.7052393508648414E-002   0.0000000000000000     
  -1.9800000000000000        0.0000000000000000        1.7212250332806118E-002   0.0000000000000000     
  -1.7820000000000000        0.0000000000000000        1.7226206664077398E-002   0.0000000000000000     
  -1.5840000000000001        0.0000000000000000        1.7035504866608844E-002   0.0000000000000000     
  -1.3860000000000001        0.0000000000000000        1.6569372792782481E-002   0.0000000000000000     
  -1.1880000000000002        0.0000000000000000        1.5755516072750924E-002   0.0000000000000000     
 -0.98999999999999999        0.0000000000000000        1.4516772821895339E-002   0.0000000000000000     
 -0.79200000000000004        0.0000000000000000        1.2760515456223505E-002   0.0000000000000000     
 -0.59400000000000008        0.0000000000000000        1.0396436859738647E-002   0.0000000000000000     
 -0.39600000000000002        0.0000000000000000        7.3952125011174921E-003   0.0000000000000000     
 -0.19800000000000001        0.0000000000000000        3.8549757469258043E-003   0.0000000000000000     
   0.0000000000000000        0.0000000000000000        0.0000000000000000        0.0000000000000000     
  0.19800000000000001        0.0000000000000000       -3.8549757469258043E-003   0.0000000000000000     
  0.39600000000000002        0.0000000000000000       -7.3952125011174921E-003   0.0000000000000000     
  0.59400000000000008        0.0000000000000000       -1.0396436859738647E-002   0.0000000000000000     
  0.79200000000000004        0.0000000000000000       -1.2760515456223505E-002   0.0000000000000000     
  0.98999999999999999        0.0000000000000000       -1.4516772821895339E-002   0.0000000000000000     
   1.1880000000000002        0.0000000000000000       -1.5755516072750924E-002   0.0000000000000000     
   1.3860000000000001        0.0000000000000000       -1.6569372792782481E-002   0.0000000000000000     
   1.5840000000000001        0.0000000000000000       -1.7035504866608844E-002   0.0000000000000000     
   1.7820000000000000        0.0000000000000000       -1.7226206664077398E-002   0.0000000000000000     
   1.9800000000000000        0.0000000000000000       -1.7212250332806118E-002   0.0000000000000000     
   2.1779999999999999        0.0000000000000000       -1.7052393508648414E-002   0.0000000000000000     
   2.3760000000000003        0.0000000000000000       -1.6789690478068341E-002   0.0000000000000000     
   2.5740000000000003        0.0000000000000000       -1.6461814384353405E-002   0.0000000000000000     
   2.7720000000000002        0.0000000000000000       -1.6097926024162081E-002   0.0000000000000000     
   2.9700000000000002        0.0000000000000000       -1.5712431872094201E-002   0.0000000000000000     
   3.1680000000000001        0.0000000000000000       -1.5311072733065001E-002   0.0000000000000000     
   3.3660000000000001        0.0000000000000000       -1.4900478764982307E-002   0.0000000000000000     
   3.5640000000000001        0.0000000000000000       -1.4487284350818247E-002   0.0000000000000000     
   3.7620000000000000        0.0000000000000000       -1.4076925098250245E-002   0.0000000000000000     
   3.9600000000000000        0.0000000000000000       -1.3673460969735613E-002   0.0000000000000000     
   4.1580000000000004        0.0000000000000000       -1.3279761958821329E-002   0.0000000000000000     
   4.3559999999999999        0.0000000000000000       -1.2897756741573039E-002   0.0000000000000000     
   4.5540000000000003        0.0000000000000000       -1.2528658874673505E-002   0.0000000000000000     
   4.7520000000000007        0.0000000000000000       -1.2173148562136455E-002   0.0000000000000000     
   4.9500000000000002        0.0000000000000000       -1.1831514550640495E-002   0.0000000000000000     
   5.1480000000000006        0.0000000000000000       -1.1503762536475629E-002   0.0000000000000000     
   5.3460000000000001        0.0000000000000000       -1.1189696224559882E-002   0.0000000000000000     
   5.5440000000000005        0.0000000000000000       -1.0888979341138007E-002   0.0000000000000000     
   5.7420000000000000        0.0000000000000000       -1.0601181119300583E-002   0.0000000000000000     
   5.9400000000000004        0.0000000000000000       -1.0325810454717262E-002   0.0000000000000000     
   6.1379999999999999        0.0000000000000000       -1.0062341181476208E-002   0.0000000000000000     
   6.3360000000000003        0.0000000000000000       -9.8102302815697099E-003   0.0000000000000000     
   6.5340000000000007        0.0000000000000000       -9.5689311717823983E-003   0.0000000000000000     
   6.7320000000000002        0.0000000000000000       -9.3379036445174930E-003   0.0000000000000000     
   6.9300000000000006        0.0000000000000000       -9.1166199592864171E-003   0.0000000000000000     
   7.1280000000000001        0.0000000000000000       -8.9045697282058526E-003   0.0000000000000000     
   7.3260000000000005        0.0000000000000000       -8.7012627426544774E-003   0.0000000000000000     
   7.5240000000000000        0.0000000000000000       -8.5062306257374428E-003   0.0000000000000000     
   7.7220000000000004        0.0000000000000000       -8.3190276669295599E-003   0.0000000000000000     
   7.9199999999999999        0.0000000000000000       -8.1392312774190151E-003   0.0000000000000000     
   8.1180000000000003        0.0000000000000000       -7.9664415014655040E-003   0.0000000000000000     
   8.3160000000000007        0.0000000000000000       -7.8002807696020728E-003   0.0000000000000000     
   8.5140000000000011        0.0000000000000000       -7.6403925653260518E-003   0.0000000000000000     
   8.7119999999999997        0.0000000000000000       -7.4864411176959493E-003   0.0000000000000000     
   8.9100000000000001        0.0000000000000000       -7.3381101393426504E-003   0.0000000000000000     
   9.1080000000000005        0.0000000000000000       -7.1951017061994390E-003   0.0000000000000000     
   9.3060000000000009        0.0000000000000000       -7.0571354205544281E-003   0.0000000000000000     
   9.5040000000000013        0.0000000000000000       -6.9239470818893509E-003   0.0000000000000000     
   9.7020000000000000        0.0000000000000000       -6.7952878706713394E-003   0.0000000000000000     
   9.9000000000000004        0.0000000000000000       -6.6709232588462817E-003   0.0000000000000000     
   10.098000000000001        0.0000000000000000       -6.5506320279463343E-003   0.0000000000000000     
   10.296000000000001        0.0000000000000000       -6.4342052860452319E-003   0.0000000000000000     
   10.494000000000000        0.0000000000000000       -6.3214457695338622E-003   0.0000000000000000     
   10.692000000000000        0.0000000000000000       -6.2121667692833565E-003   0.0000000000000000     
   10.890000000000001        0.0000000000000000       -6.1061916322096357E-003   0.0000000000000000     
   11.088000000000001        0.0000000000000000       -6.0033525305088408E-003   0.0000000000000000     
   11.286000000000001        0.0000000000000000       -5.9034901929676635E-003   0.0000000000000000     
   11.484000000000000        0.0000000000000000       -5.8064530440503290E-003   0.0000000000000000     
   11.682000000000000        0.0000000000000000       -5.7120963448290671E-003   0.0000000000000000     
   11.880000000000001        0.0000000000000000       -5.6202820376695063E-003   0.0000000000000000     
   12.078000000000001        0.0000000000000000       -5.5308775567143482E-003   0.0000000000000000     
   12.276000000000000        0.0000000000000000       -5.4437555944505693E-003   0.0000000000000000     
   12.474000000000000        0.0000000000000000       -5.3587935110991297E-003   0.0000000000000000     
   12.672000000000001        0.0000000000000000       -5.2758725073457687E-003   0.0000000000000000     
   12.870000000000001        0.0000000000000000       -5.1948773222379617E-003   0.0000000000000000     
   13.068000000000001        0.0000000000000000       -5.1156954434769608E-003   0.0000000000000000     
   13.266000000000000        0.0000000000000000       -5.0382165730341547E-003   0.0000000000000000     
   13.464000000000000        0.0000000000000000       -4.9623319462094220E-003   0.0000000000000000     
   13.662000000000001        0.0000000000000000       -4.8879338161433288E-003   0.0000000000000000     
   13.860000000000001        0.0000000000000000       -4.8149146620352443E-003   0.0000000000000000     
   14.058000000000000        0.0000000000000000       -4.7431661892767393E-003   0.0000000000000000     
   14.256000000000000        0.0000000000000000       -4.6725789317171472E-003   0.0000000000000000     
   14.454000000000001        0.0000000000000000       -4.6030409261893406E-003   0.0000000000000000     
   14.652000000000001        0.0000000000000000       -4.5344367068822083E-003   0.0000000000000000     
   14.850000000000001        0.0000000000000000       -4.4666463278264590E-003   0.0000000000000000     
   15.048000000000000        0.0000000000000000       -4.3995436680297198E-003   0.0000000000000000     
   15.246000000000000        0.0000000000000000       -4.3329948891609998E-003   0.0000000000000000     
   15.444000000000001        0.0000000000000000       -4.2668567234030036E-003   0.0000000000000000     
   15.642000000000001        0.0000000000000000       -4.2009736999111449E-003   0.0000000000000000     
   15.840000000000000        0.0000000000000000       -4.1351760058963476E-003   0.0000000000000000     
   16.038000000000000        0.0000000000000000       -4.0692757563092026E-003   0.0000000000000000     
   16.236000000000001        0.0000000000000000       -4.0030634192996040E-003   0.0000000000000000     
   16.434000000000001        0.0000000000000000       -3.9363028277143225E-003   0.0000000000000000     
   16.632000000000001        0.0000000000000000       -3.8687253375164106E-003   0.0000000000000000     
   16.830000000000002        0.0000000000000000       -3.8000231861269889E-003   0.0000000000000000     
   17.028000000000002        0.0000000000000000       -3.7298404270295596E-003   0.0000000000000000     
   17.225999999999999        0.0000000000000000       -3.6580055182350189E-003   0.0000000000000000     
   17.423999999999999        0.0000000000000000       -3.5839870740854585E-003   0.0000000000000000     
   17.622000000000000        0.0000000000000000       -3.5071325805808985E-003   0.0000000000000000     
   17.820000000000000        0.0000000000000000       -3.4263472992486816E-003   0.0000000000000000     
   18.018000000000001        0.0000000000000000       -3.3416144385978999E-003   0.0000000000000000     
   18.216000000000001        0.0000000000000000       -3.2510686480617633E-003   0.0000000000000000     
   18.414000000000001        0.0000000000000000       -3.1540677104918554E-003   0.0000000000000000     
   18.612000000000002        0.0000000000000000       -3.0492324312453574E-003   0.0000000000000000     
   18.810000000000002        0.0000000000000000       -2.9363335521342964E-003   0.0000000000000000     
   19.008000000000003        0.0000000000000000       -2.8129160856601538E-003   0.0000000000000000     
   19.206000000000000        0.0000000000000000       -2.6775520425841711E-003   0.0000000000000000     
   19.404000000000000        0.0000000000000000       -2.5272978778683596E-003   0.0000000000000000     
   19.602000000000000        0.0000000000000000       -2.3631807123650184E-003   0.0000000000000000     
