  -19.602000000000000        0.0000000000000000        2.5633238492458648E-003   0.0000000000000000     
  -19.404000000000000        0.0000000000000000        2.6819894344026758E-003   0.0000000000000000     
  -19.206000000000000        0.0000000000000000        2.7943613665353303E-003   0.0000000000000000     
  -19.008000000000003        0.0000000000000000        2.8999381656524309E-003   0.0000000000000000     
  -18.810000000000002        0.0000000000000000        3.0008067909186266E-003   0.0000000000000000     
  -18.612000000000002        0.0000000000000000        3.0975885625239776E-003   0.0000000000000000     
  -18.414000000000001        0.0000000000000000        3.1895411715812372E-003   0.0000000000000000     
  -18.216000000000001        0.0000000000000000        3.2769918931615212E-003   0.0000000000000000     
  -18.018000000000001        0.0000000000000000        3.3596399930176262E-003   0.0000000000000000     
  -17.820000000000000        0.0000000000000000        3.4386872430483676E-003   0.0000000000000000     
  -17.622000000000000        0.0000000000000000        3.5145101885429839E-003   0.0000000000000000     
  -17.423999999999999        0.0000000000000000        3.5874959334188275E-003   0.0000000000000000     
  -17.225999999999999        0.0000000000000000        3.6581784916994166E-003   0.0000000000000000     
  -17.028000000000002        0.0000000000000000        3.7264508281150974E-003   0.0000000000000000     
  -16.830000000000002        0.0000000000000000        3.7928897728250954E-003   0.0000000000000000     
  -16.632000000000001        0.0000000000000000        3.8581098527336387E-003   0.0000000000000000     
  -16.434000000000001        0.0000000000000000        3.9219256572249400E-003   0.0000000000000000     
  -16.236000000000001        0.0000000000000000        3.9845537764376061E-003   0.0000000000000000     
  -16.038000000000000        0.0000000000000000        4.0461890919524061E-003   0.0000000000000000     
  -15.840000000000000        0.0000000000000000        4.1070072516867680E-003   0.0000000000000000     
  -15.642000000000001        0.0000000000000000        4.1671669055955655E-003   0.0000000000000000     
  -15.444000000000001        0.0000000000000000        4.2268119496676419E-003   0.0000000000000000     
  -15.246000000000000        0.0000000000000000        4.2860733293265830E-003   0.0000000000000000     
  -15.048000000000000        0.0000000000000000        4.3450706239162463E-003   0.0000000000000000     
  -14.850000000000001        0.0000000000000000        4.4039138242925845E-003   0.0000000000000000     
  -14.652000000000001        0.0000000000000000        4.4627043513556447E-003   0.0000000000000000     
  -14.454000000000001        0.0000000000000000        4.5215363441929828E-003   0.0000000000000000     
  -14.256000000000000        0.0000000000000000        4.5804975974978014E-003   0.0000000000000000     
  -14.058000000000000        0.0000000000000000        4.6396705441527613E-003   0.0000000000000000     
  -13.860000000000001        0.0000000000000000        4.6991328612795676E-003   0.0000000000000000     
  -13.662000000000001        0.0000000000000000        4.7589582703165961E-003   0.0000000000000000     
  -13.464000000000000        0.0000000000000000        4.8192171025115433E-003   0.0000000000000000     
  -13.266000000000000        0.0000000000000000        4.8799766874383895E-003   0.0000000000000000     
  -13.068000000000001        0.0000000000000000        4.9413020867091319E-003   0.0000000000000000     
  -12.870000000000001        0.0000000000000000        5.0032561856877579E-003   0.0000000000000000     
  -12.672000000000001        0.0000000000000000        5.0659001433034706E-003   0.0000000000000000     
  -12.474000000000000        0.0000000000000000        5.1292939547780960E-003   0.0000000000000000     
  -12.276000000000000        0.0000000000000000        5.1934963470076376E-003   0.0000000000000000     
  -12.078000000000001        0.0000000000000000        5.2585651956534377E-003   0.0000000000000000     
  -11.880000000000001        0.0000000000000000        5.3245579205722449E-003   0.0000000000000000     
  -11.682000000000000        0.0000000000000000        5.3915313088405241E-003   0.0000000000000000     
  -11.484000000000000        0.0000000000000000        5.4595419751677782E-003   0.0000000000000000     
  -11.286000000000001        0.0000000000000000        5.5286463752619169E-003   0.0000000000000000     
  -11.088000000000001        0.0000000000000000        5.5989009062998186E-003   0.0000000000000000     
  -10.890000000000001        0.0000000000000000        5.6703621350600733E-003   0.0000000000000000     
  -10.692000000000000        0.0000000000000000        5.7430866868522978E-003   0.0000000000000000     
  -10.494000000000000        0.0000000000000000        5.8171314298668120E-003   0.0000000000000000     
  -10.296000000000001        0.0000000000000000        5.8925534438352004E-003   0.0000000000000000     
  -10.098000000000001        0.0000000000000000        5.9694098172456567E-003   0.0000000000000000     
  -9.9000000000000004        0.0000000000000000        6.0477580409295578E-003   0.0000000000000000     
  -9.7020000000000000        0.0000000000000000        6.1276554333513289E-003   0.0000000000000000     
  -9.5040000000000013        0.0000000000000000        6.2091593982371218E-003   0.0000000000000000     
  -9.3060000000000009        0.0000000000000000        6.2923269079348280E-003   0.0000000000000000     
  -9.1080000000000005        0.0000000000000000        6.3772143107686668E-003   0.0000000000000000     
  -8.9100000000000001        0.0000000000000000        6.4638773282739244E-003   0.0000000000000000     
  -8.7119999999999997        0.0000000000000000        6.5523702804674289E-003   0.0000000000000000     
  -8.5140000000000011        0.0000000000000000        6.6427455558421954E-003   0.0000000000000000     
  -8.3160000000000007        0.0000000000000000        6.7350533067295822E-003   0.0000000000000000     
  -8.1180000000000003        0.0000000000000000        6.8293401699124848E-003   0.0000000000000000     
  -7.9199999999999999        0.0000000000000000        6.9256487997597623E-003   0.0000000000000000     
  -7.7220000000000004        0.0000000000000000        7.0240160376338874E-003   0.0000000000000000     
  -7.5240000000000000        0.0000000000000000        7.1244722556060673E-003   0.0000000000000000     
  -7.3260000000000005        0.0000000000000000        7.2270388359352003E-003   0.0000000000000000     
  -7.1280000000000001        0.0000000000000000        7.3317264676768003E-003   0.0000000000000000     
  -6.9300000000000006        0.0000000000000000        7.4385320652780437E-003   0.0000000000000000     
  -6.7320000000000002        0.0000000000000000        7.5474364185801751E-003   0.0000000000000000     
  -6.5340000000000007        0.0000000000000000        7.6583991043063775E-003   0.0000000000000000     
  -6.3360000000000003        0.0000000000000000        7.7713549145170908E-003   0.0000000000000000     
  -6.1379999999999999        0.0000000000000000        7.8862070769199679E-003   0.0000000000000000     
  -5.9400000000000004        0.0000000000000000        8.0028215202121080E-003   0.0000000000000000     
  -5.7420000000000000        0.0000000000000000        8.1210167461388798E-003   0.0000000000000000     
  -5.5440000000000005        0.0000000000000000        8.2405545269784650E-003   0.0000000000000000     
  -5.3460000000000001        0.0000000000000000        8.3611264701369432E-003   0.0000000000000000     
  -5.1480000000000006        0.0000000000000000        8.4823387443161407E-003   0.0000000000000000     
  -4.9500000000000002        0.0000000000000000        8.6036919045147219E-003   0.0000000000000000     
  -4.7520000000000007        0.0000000000000000        8.7245576478375015E-003   0.0000000000000000     
  -4.5540000000000003        0.0000000000000000        8.8441491818186356E-003   0.0000000000000000     
  -4.3559999999999999        0.0000000000000000        8.9614846420704684E-003   0.0000000000000000     
  -4.1580000000000004        0.0000000000000000        9.0753435097140102E-003   0.0000000000000000     
  -3.9600000000000000        0.0000000000000000        9.1842132545892127E-003   0.0000000000000000     
  -3.7620000000000000        0.0000000000000000        9.2862319713944274E-003   0.0000000000000000     
  -3.5640000000000001        0.0000000000000000        9.3791345389787704E-003   0.0000000000000000     
  -3.3660000000000001        0.0000000000000000        9.4602394824314911E-003   0.0000000000000000     
  -3.1680000000000001        0.0000000000000000        9.5265385575801689E-003   0.0000000000000000     
  -2.9700000000000002        0.0000000000000000        9.5747028073386812E-003   0.0000000000000000     
  -2.7720000000000002        0.0000000000000000        9.5996967751805842E-003   0.0000000000000000     
  -2.5740000000000003        0.0000000000000000        9.5932492021535525E-003   0.0000000000000000     
  -2.3760000000000003        0.0000000000000000        9.5442902792106741E-003   0.0000000000000000     
  -2.1779999999999999        0.0000000000000000        9.4417648026391271E-003   0.0000000000000000     
  -1.9800000000000000        0.0000000000000000        9.2735044469030182E-003   0.0000000000000000     
  -1.7820000000000000        0.0000000000000000        9.0225995186115591E-003   0.0000000000000000     
  -1.5840000000000001        0.0000000000000000        8.6669113260280702E-003   0.0000000000000000     
  -1.3860000000000001        0.0000000000000000        8.1803844566212484E-003   0.0000000000000000     
  -1.1880000000000002        0.0000000000000000        7.5392968184847149E-003   0.0000000000000000     
 -0.98999999999999999        0.0000000000000000        6.7260329103473061E-003   0.0000000000000000     
 -0.79200000000000004        0.0000000000000000        5.7269798423238974E-003   0.0000000000000000     
 -0.59400000000000008        0.0000000000000000        4.5337439852945393E-003   0.0000000000000000     
 -0.39600000000000002        0.0000000000000000        3.1513323460207925E-003   0.0000000000000000     
 -0.19800000000000001        0.0000000000000000        1.6170903075337294E-003   0.0000000000000000     
   0.0000000000000000        0.0000000000000000        0.0000000000000000        0.0000000000000000     
  0.19800000000000001        0.0000000000000000       -1.6170903075337294E-003   0.0000000000000000     
  0.39600000000000002        0.0000000000000000       -3.1513323460207925E-003   0.0000000000000000     
  0.59400000000000008        0.0000000000000000       -4.5337439852945393E-003   0.0000000000000000     
  0.79200000000000004        0.0000000000000000       -5.7269798423238974E-003   0.0000000000000000     
  0.98999999999999999        0.0000000000000000       -6.7260329103473061E-003   0.0000000000000000     
   1.1880000000000002        0.0000000000000000       -7.5392968184847149E-003   0.0000000000000000     
   1.3860000000000001        0.0000000000000000       -8.1803844566212484E-003   0.0000000000000000     
   1.5840000000000001        0.0000000000000000       -8.6669113260280702E-003   0.0000000000000000     
   1.7820000000000000        0.0000000000000000       -9.0225995186115591E-003   0.0000000000000000     
   1.9800000000000000        0.0000000000000000       -9.2735044469030182E-003   0.0000000000000000     
   2.1779999999999999        0.0000000000000000       -9.4417648026391271E-003   0.0000000000000000     
   2.3760000000000003        0.0000000000000000       -9.5442902792106741E-003   0.0000000000000000     
   2.5740000000000003        0.0000000000000000       -9.5932492021535525E-003   0.0000000000000000     
   2.7720000000000002        0.0000000000000000       -9.5996967751805842E-003   0.0000000000000000     
   2.9700000000000002        0.0000000000000000       -9.5747028073386812E-003   0.0000000000000000     
   3.1680000000000001        0.0000000000000000       -9.5265385575801689E-003   0.0000000000000000     
   3.3660000000000001        0.0000000000000000       -9.4602394824314911E-003   0.0000000000000000     
   3.5640000000000001        0.0000000000000000       -9.3791345389787704E-003   0.0000000000000000     
   3.7620000000000000        0.0000000000000000       -9.2862319713944274E-003   0.0000000000000000     
   3.9600000000000000        0.0000000000000000       -9.1842132545892127E-003   0.0000000000000000     
   4.1580000000000004        0.0000000000000000       -9.0753435097140102E-003   0.0000000000000000     
   4.3559999999999999        0.0000000000000000       -8.9614846420704684E-003   0.0000000000000000     
   4.5540000000000003        0.0000000000000000       -8.8441491818186356E-003   0.0000000000000000     
   4.7520000000000007        0.0000000000000000       -8.7245576478375015E-003   0.0000000000000000     
   4.9500000000000002        0.0000000000000000       -8.6036919045147219E-003   0.0000000000000000     
   5.1480000000000006        0.0000000000000000       -8.4823387443161407E-003   0.0000000000000000     
   5.3460000000000001        0.0000000000000000       -8.3611264701369432E-003   0.0000000000000000     
   5.5440000000000005        0.0000000000000000       -8.2405545269784650E-003   0.0000000000000000     
   5.7420000000000000        0.0000000000000000       -8.1210167461388798E-003   0.0000000000000000     
   5.9400000000000004        0.0000000000000000       -8.0028215202121080E-003   0.0000000000000000     
   6.1379999999999999        0.0000000000000000       -7.8862070769199679E-003   0.0000000000000000     
   6.3360000000000003        0.0000000000000000       -7.7713549145170908E-003   0.0000000000000000     
   6.5340000000000007        0.0000000000000000       -7.6583991043063775E-003   0.0000000000000000     
   6.7320000000000002        0.0000000000000000       -7.5474364185801751E-003   0.0000000000000000     
   6.9300000000000006        0.0000000000000000       -7.4385320652780437E-003   0.0000000000000000     
   7.1280000000000001        0.0000000000000000       -7.3317264676768003E-003   0.0000000000000000     
   7.3260000000000005        0.0000000000000000       -7.2270388359352003E-003   0.0000000000000000     
   7.5240000000000000        0.0000000000000000       -7.1244722556060673E-003   0.0000000000000000     
   7.7220000000000004        0.0000000000000000       -7.0240160376338874E-003   0.0000000000000000     
   7.9199999999999999        0.0000000000000000       -6.9256487997597623E-003   0.0000000000000000     
   8.1180000000000003        0.0000000000000000       -6.8293401699124848E-003   0.0000000000000000     
   8.3160000000000007        0.0000000000000000       -6.7350533067295822E-003   0.0000000000000000     
   8.5140000000000011        0.0000000000000000       -6.6427455558421954E-003   0.0000000000000000     
   8.7119999999999997        0.0000000000000000       -6.5523702804674289E-003   0.0000000000000000     
   8.9100000000000001        0.0000000000000000       -6.4638773282739244E-003   0.0000000000000000     
   9.1080000000000005        0.0000000000000000       -6.3772143107686668E-003   0.0000000000000000     
   9.3060000000000009        0.0000000000000000       -6.2923269079348280E-003   0.0000000000000000     
   9.5040000000000013        0.0000000000000000       -6.2091593982371218E-003   0.0000000000000000     
   9.7020000000000000        0.0000000000000000       -6.1276554333513289E-003   0.0000000000000000     
   9.9000000000000004        0.0000000000000000       -6.0477580409295578E-003   0.0000000000000000     
   10.098000000000001        0.0000000000000000       -5.9694098172456567E-003   0.0000000000000000     
   10.296000000000001        0.0000000000000000       -5.8925534438352004E-003   0.0000000000000000     
   10.494000000000000        0.0000000000000000       -5.8171314298668120E-003   0.0000000000000000     
   10.692000000000000        0.0000000000000000       -5.7430866868522978E-003   0.0000000000000000     
   10.890000000000001        0.0000000000000000       -5.6703621350600733E-003   0.0000000000000000     
   11.088000000000001        0.0000000000000000       -5.5989009062998186E-003   0.0000000000000000     
   11.286000000000001        0.0000000000000000       -5.5286463752619169E-003   0.0000000000000000     
   11.484000000000000        0.0000000000000000       -5.4595419751677782E-003   0.0000000000000000     
   11.682000000000000        0.0000000000000000       -5.3915313088405241E-003   0.0000000000000000     
   11.880000000000001        0.0000000000000000       -5.3245579205722449E-003   0.0000000000000000     
   12.078000000000001        0.0000000000000000       -5.2585651956534377E-003   0.0000000000000000     
   12.276000000000000        0.0000000000000000       -5.1934963470076376E-003   0.0000000000000000     
   12.474000000000000        0.0000000000000000       -5.1292939547780960E-003   0.0000000000000000     
   12.672000000000001        0.0000000000000000       -5.0659001433034706E-003   0.0000000000000000     
   12.870000000000001        0.0000000000000000       -5.0032561856877579E-003   0.0000000000000000     
   13.068000000000001        0.0000000000000000       -4.9413020867091319E-003   0.0000000000000000     
   13.266000000000000        0.0000000000000000       -4.8799766874383895E-003   0.0000000000000000     
   13.464000000000000        0.0000000000000000       -4.8192171025115433E-003   0.0000000000000000     
   13.662000000000001        0.0000000000000000       -4.7589582703165961E-003   0.0000000000000000     
   13.860000000000001        0.0000000000000000       -4.6991328612795676E-003   0.0000000000000000     
   14.058000000000000        0.0000000000000000       -4.6396705441527613E-003   0.0000000000000000     
   14.256000000000000        0.0000000000000000       -4.5804975974978014E-003   0.0000000000000000     
   14.454000000000001        0.0000000000000000       -4.5215363441929828E-003   0.0000000000000000     
   14.652000000000001        0.0000000000000000       -4.4627043513556447E-003   0.0000000000000000     
   14.850000000000001        0.0000000000000000       -4.4039138242925845E-003   0.0000000000000000     
   15.048000000000000        0.0000000000000000       -4.3450706239162463E-003   0.0000000000000000     
   15.246000000000000        0.0000000000000000       -4.2860733293265830E-003   0.0000000000000000     
   15.444000000000001        0.0000000000000000       -4.2268119496676419E-003   0.0000000000000000     
   15.642000000000001        0.0000000000000000       -4.1671669055955655E-003   0.0000000000000000     
   15.840000000000000        0.0000000000000000       -4.1070072516867680E-003   0.0000000000000000     
   16.038000000000000        0.0000000000000000       -4.0461890919524061E-003   0.0000000000000000     
   16.236000000000001        0.0000000000000000       -3.9845537764376061E-003   0.0000000000000000     
   16.434000000000001        0.0000000000000000       -3.9219256572249400E-003   0.0000000000000000     
   16.632000000000001        0.0000000000000000       -3.8581098527336387E-003   0.0000000000000000     
   16.830000000000002        0.0000000000000000       -3.7928897728250954E-003   0.0000000000000000     
   17.028000000000002        0.0000000000000000       -3.7264508281150974E-003   0.0000000000000000     
   17.225999999999999        0.0000000000000000       -3.6581784916994166E-003   0.0000000000000000     
   17.423999999999999        0.0000000000000000       -3.5874959334188275E-003   0.0000000000000000     
   17.622000000000000        0.0000000000000000       -3.5145101885429839E-003   0.0000000000000000     
   17.820000000000000        0.0000000000000000       -3.4386872430483676E-003   0.0000000000000000     
   18.018000000000001        0.0000000000000000       -3.3596399930176262E-003   0.0000000000000000     
   18.216000000000001        0.0000000000000000       -3.2769918931615212E-003   0.0000000000000000     
   18.414000000000001        0.0000000000000000       -3.1895411715812372E-003   0.0000000000000000     
   18.612000000000002        0.0000000000000000       -3.0975885625239776E-003   0.0000000000000000     
   18.810000000000002        0.0000000000000000       -3.0008067909186266E-003   0.0000000000000000     
   19.008000000000003        0.0000000000000000       -2.8999381656524309E-003   0.0000000000000000     
   19.206000000000000        0.0000000000000000       -2.7943613665353303E-003   0.0000000000000000     
   19.404000000000000        0.0000000000000000       -2.6819894344026758E-003   0.0000000000000000     
   19.602000000000000        0.0000000000000000       -2.5633238492458648E-003   0.0000000000000000     
