  -19.602000000000000        0.0000000000000000        3.0325849119089425E-003   0.0000000000000000     
  -19.404000000000000        0.0000000000000000        3.2175830508082400E-003   0.0000000000000000     
  -19.206000000000000        0.0000000000000000        3.3881442157199996E-003   0.0000000000000000     
  -19.008000000000003        0.0000000000000000        3.5475019646127029E-003   0.0000000000000000     
  -18.810000000000002        0.0000000000000000        3.6943877827064235E-003   0.0000000000000000     
  -18.612000000000002        0.0000000000000000        3.8317767180956635E-003   0.0000000000000000     
  -18.414000000000001        0.0000000000000000        3.9589284252173054E-003   0.0000000000000000     
  -18.216000000000001        0.0000000000000000        4.0790613923749643E-003   0.0000000000000000     
  -18.018000000000001        0.0000000000000000        4.1918695972507688E-003   0.0000000000000000     
  -17.820000000000000        0.0000000000000000        4.2984867323272186E-003   0.0000000000000000     
  -17.622000000000000        0.0000000000000000        4.3999084435134249E-003   0.0000000000000000     
  -17.423999999999999        0.0000000000000000        4.4964638493773358E-003   0.0000000000000000     
  -17.225999999999999        0.0000000000000000        4.5894504960870127E-003   0.0000000000000000     
  -17.028000000000002        0.0000000000000000        4.6793884442384408E-003   0.0000000000000000     
  -16.830000000000002        0.0000000000000000        4.7669885710978537E-003   0.0000000000000000     
  -16.632000000000001        0.0000000000000000        4.8525921918082526E-003   0.0000000000000000     
  -16.434000000000001        0.0000000000000000        4.9354255501916537E-003   0.0000000000000000     
  -16.236000000000001        0.0000000000000000        5.0185297408427438E-003   0.0000000000000000     
  -16.038000000000000        0.0000000000000000        5.1006447032580764E-003   0.0000000000000000     
  -15.840000000000000        0.0000000000000000        5.1820471813388098E-003   0.0000000000000000     
  -15.642000000000001        0.0000000000000000        5.2629840686244994E-003   0.0000000000000000     
  -15.444000000000001        0.0000000000000000        5.3436774700745312E-003   0.0000000000000000     
  -15.246000000000000        0.0000000000000000        5.4243283844530397E-003   0.0000000000000000     
  -15.048000000000000        0.0000000000000000        5.5051201018935765E-003   0.0000000000000000     
  -14.850000000000001        0.0000000000000000        5.5862212977476726E-003   0.0000000000000000     
  -14.652000000000001        0.0000000000000000        5.6677882277286901E-003   0.0000000000000000     
  -14.454000000000001        0.0000000000000000        5.7499668645246537E-003   0.0000000000000000     
  -14.256000000000000        0.0000000000000000        5.8328946799988150E-003   0.0000000000000000     
  -14.058000000000000        0.0000000000000000        5.9167023776157983E-003   0.0000000000000000     
  -13.860000000000001        0.0000000000000000        6.0015148602774451E-003   0.0000000000000000     
  -13.662000000000001        0.0000000000000000        6.0874528272519390E-003   0.0000000000000000     
  -13.464000000000000        0.0000000000000000        6.1746334364500477E-003   0.0000000000000000     
  -13.266000000000000        0.0000000000000000        6.2631713575226882E-003   0.0000000000000000     
  -13.068000000000001        0.0000000000000000        6.3531797208009194E-003   0.0000000000000000     
  -12.870000000000001        0.0000000000000000        6.4447706343968092E-003   0.0000000000000000     
  -12.672000000000001        0.0000000000000000        6.5380560759950197E-003   0.0000000000000000     
  -12.474000000000000        0.0000000000000000        6.6331481177594317E-003   0.0000000000000000     
  -12.276000000000000        0.0000000000000000        6.7301600416487199E-003   0.0000000000000000     
  -12.078000000000001        0.0000000000000000        6.8292065988885342E-003   0.0000000000000000     
  -11.880000000000001        0.0000000000000000        6.9304042030777944E-003   0.0000000000000000     
  -11.682000000000000        0.0000000000000000        7.0338722399931929E-003   0.0000000000000000     
  -11.484000000000000        0.0000000000000000        7.1397324997921662E-003   0.0000000000000000     
  -11.286000000000001        0.0000000000000000        7.2481106822280600E-003   0.0000000000000000     
  -11.088000000000001        0.0000000000000000        7.3591360113592881E-003   0.0000000000000000     
  -10.890000000000001        0.0000000000000000        7.4729422642205784E-003   0.0000000000000000     
  -10.692000000000000        0.0000000000000000        7.5896677491618658E-003   0.0000000000000000     
  -10.494000000000000        0.0000000000000000        7.7094562418838245E-003   0.0000000000000000     
  -10.296000000000001        0.0000000000000000        7.8324569176893549E-003   0.0000000000000000     
  -10.098000000000001        0.0000000000000000        7.9588254306205367E-003   0.0000000000000000     
  -9.9000000000000004        0.0000000000000000        8.0887236973086370E-003   0.0000000000000000     
  -9.7020000000000000        0.0000000000000000        8.2223208025919200E-003   0.0000000000000000     
  -9.5040000000000013        0.0000000000000000        8.3597932504616574E-003   0.0000000000000000     
  -9.3060000000000009        0.0000000000000000        8.5013257304959317E-003   0.0000000000000000     
  -9.1080000000000005        0.0000000000000000        8.6471110067889625E-003   0.0000000000000000     
  -8.9100000000000001        0.0000000000000000        8.7973509413222795E-003   0.0000000000000000     
  -8.7119999999999997        0.0000000000000000        8.9522565679350276E-003   0.0000000000000000     
  -8.5140000000000011        0.0000000000000000        9.1120485527373153E-003   0.0000000000000000     
  -8.3160000000000007        0.0000000000000000        9.2769574056514661E-003   0.0000000000000000     
  -8.1180000000000003        0.0000000000000000        9.4472240827746055E-003   0.0000000000000000     
  -7.9199999999999999        0.0000000000000000        9.6230998377467413E-003   0.0000000000000000     
  -7.7220000000000004        0.0000000000000000        9.8048461309585312E-003   0.0000000000000000     
  -7.5240000000000000        0.0000000000000000        9.9927346277077968E-003   0.0000000000000000     
  -7.3260000000000005        0.0000000000000000        1.0187047101185497E-002   0.0000000000000000     
  -7.1280000000000001        0.0000000000000000        1.0388073954221706E-002   0.0000000000000000     
  -6.9300000000000006        0.0000000000000000        1.0596113376577124E-002   0.0000000000000000     
  -6.7320000000000002        0.0000000000000000        1.0811469740179077E-002   0.0000000000000000     
  -6.5340000000000007        0.0000000000000000        1.1034450313318862E-002   0.0000000000000000     
  -6.3360000000000003        0.0000000000000000        1.1265362390557598E-002   0.0000000000000000     
  -6.1379999999999999        0.0000000000000000        1.1504506937501342E-002   0.0000000000000000     
  -5.9400000000000004        0.0000000000000000        1.1752172633310630E-002   0.0000000000000000     
  -5.7420000000000000        0.0000000000000000        1.2008624857880828E-002   0.0000000000000000     
  -5.5440000000000005        0.0000000000000000        1.2274092773768510E-002   0.0000000000000000     
  -5.3460000000000001        0.0000000000000000        1.2548750577137346E-002   0.0000000000000000     
  -5.1480000000000006        0.0000000000000000        1.2832691659767363E-002   0.0000000000000000     
  -4.9500000000000002        0.0000000000000000        1.3125893319225495E-002   0.0000000000000000     
  -4.7520000000000007        0.0000000000000000        1.3428168855830791E-002   0.0000000000000000     
  -4.5540000000000003        0.0000000000000000        1.3739102466798506E-002   0.0000000000000000     
  -4.3559999999999999        0.0000000000000000        1.4057965369438541E-002   0.0000000000000000     
  -4.1580000000000004        0.0000000000000000        1.4383621793417024E-002   0.0000000000000000     
  -3.9600000000000000        0.0000000000000000        1.4714471269166196E-002   0.0000000000000000     
  -3.7620000000000000        0.0000000000000000        1.5048612149510119E-002   0.0000000000000000     
  -3.5640000000000001        0.0000000000000000        1.5384755558476775E-002   0.0000000000000000     
  -3.3660000000000001        0.0000000000000000        1.5724460795510445E-002   0.0000000000000000     
  -3.1680000000000001        0.0000000000000000        1.6070269170079317E-002   0.0000000000000000     
  -2.9700000000000002        0.0000000000000000        1.6407966922709887E-002   0.0000000000000000     
  -2.7720000000000002        0.0000000000000000        1.6717000520070292E-002   0.0000000000000000     
  -2.5740000000000003        0.0000000000000000        1.6987758036957894E-002   0.0000000000000000     
  -2.3760000000000003        0.0000000000000000        1.7205604691944477E-002   0.0000000000000000     
  -2.1779999999999999        0.0000000000000000        1.7344814940448147E-002   0.0000000000000000     
  -1.9800000000000000        0.0000000000000000        1.7370138908049487E-002   0.0000000000000000     
  -1.7820000000000000        0.0000000000000000        1.7241720789577804E-002   0.0000000000000000     
  -1.5840000000000001        0.0000000000000000        1.6914556633370218E-002   0.0000000000000000     
  -1.3860000000000001        0.0000000000000000        1.6333669864662070E-002   0.0000000000000000     
  -1.1880000000000002        0.0000000000000000        1.5434549569815541E-002   0.0000000000000000     
 -0.98999999999999999        0.0000000000000000        1.4131084531636787E-002   0.0000000000000000     
 -0.79200000000000004        0.0000000000000000        1.2337054377410502E-002   0.0000000000000000     
 -0.59400000000000008        0.0000000000000000        9.9855663967420814E-003   0.0000000000000000     
 -0.39600000000000002        0.0000000000000000        7.0667922164699857E-003   0.0000000000000000     
 -0.19800000000000001        0.0000000000000000        3.6724400491283784E-003   0.0000000000000000     
   0.0000000000000000        0.0000000000000000        0.0000000000000000        0.0000000000000000     
  0.19800000000000001        0.0000000000000000       -3.6724400491283784E-003   0.0000000000000000     
  0.39600000000000002        0.0000000000000000       -7.0667922164699857E-003   0.0000000000000000     
  0.59400000000000008        0.0000000000000000       -9.9855663967420814E-003   0.0000000000000000     
  0.79200000000000004        0.0000000000000000       -1.2337054377410502E-002   0.0000000000000000     
  0.98999999999999999        0.0000000000000000       -1.4131084531636787E-002   0.0000000000000000     
   1.1880000000000002        0.0000000000000000       -1.5434549569815541E-002   0.0000000000000000     
   1.3860000000000001        0.0000000000000000       -1.6333669864662070E-002   0.0000000000000000     
   1.5840000000000001        0.0000000000000000       -1.6914556633370218E-002   0.0000000000000000     
   1.7820000000000000        0.0000000000000000       -1.7241720789577804E-002   0.0000000000000000     
   1.9800000000000000        0.0000000000000000       -1.7370138908049487E-002   0.0000000000000000     
   2.1779999999999999        0.0000000000000000       -1.7344814940448147E-002   0.0000000000000000     
   2.3760000000000003        0.0000000000000000       -1.7205604691944477E-002   0.0000000000000000     
   2.5740000000000003        0.0000000000000000       -1.6987758036957894E-002   0.0000000000000000     
   2.7720000000000002        0.0000000000000000       -1.6717000520070292E-002   0.0000000000000000     
   2.9700000000000002        0.0000000000000000       -1.6407966922709887E-002   0.0000000000000000     
   3.1680000000000001        0.0000000000000000       -1.6070269170079317E-002   0.0000000000000000     
   3.3660000000000001        0.0000000000000000       -1.5724460795510445E-002   0.0000000000000000     
   3.5640000000000001        0.0000000000000000       -1.5384755558476775E-002   0.0000000000000000     
   3.7620000000000000        0.0000000000000000       -1.5048612149510119E-002   0.0000000000000000     
   3.9600000000000000        0.0000000000000000       -1.4714471269166196E-002   0.0000000000000000     
   4.1580000000000004        0.0000000000000000       -1.4383621793417024E-002   0.0000000000000000     
   4.3559999999999999        0.0000000000000000       -1.4057965369438541E-002   0.0000000000000000     
   4.5540000000000003        0.0000000000000000       -1.3739102466798506E-002   0.0000000000000000     
   4.7520000000000007        0.0000000000000000       -1.3428168855830791E-002   0.0000000000000000     
   4.9500000000000002        0.0000000000000000       -1.3125893319225495E-002   0.0000000000000000     
   5.1480000000000006        0.0000000000000000       -1.2832691659767363E-002   0.0000000000000000     
   5.3460000000000001        0.0000000000000000       -1.2548750577137346E-002   0.0000000000000000     
   5.5440000000000005        0.0000000000000000       -1.2274092773768510E-002   0.0000000000000000     
   5.7420000000000000        0.0000000000000000       -1.2008624857880828E-002   0.0000000000000000     
   5.9400000000000004        0.0000000000000000       -1.1752172633310630E-002   0.0000000000000000     
   6.1379999999999999        0.0000000000000000       -1.1504506937501342E-002   0.0000000000000000     
   6.3360000000000003        0.0000000000000000       -1.1265362390557598E-002   0.0000000000000000     
   6.5340000000000007        0.0000000000000000       -1.1034450313318862E-002   0.0000000000000000     
   6.7320000000000002        0.0000000000000000       -1.0811469740179077E-002   0.0000000000000000     
   6.9300000000000006        0.0000000000000000       -1.0596113376577124E-002   0.0000000000000000     
   7.1280000000000001        0.0000000000000000       -1.0388073954221706E-002   0.0000000000000000     
   7.3260000000000005        0.0000000000000000       -1.0187047101185497E-002   0.0000000000000000     
   7.5240000000000000        0.0000000000000000       -9.9927346277077968E-003   0.0000000000000000     
   7.7220000000000004        0.0000000000000000       -9.8048461309585312E-003   0.0000000000000000     
   7.9199999999999999        0.0000000000000000       -9.6230998377467413E-003   0.0000000000000000     
   8.1180000000000003        0.0000000000000000       -9.4472240827746055E-003   0.0000000000000000     
   8.3160000000000007        0.0000000000000000       -9.2769574056514661E-003   0.0000000000000000     
   8.5140000000000011        0.0000000000000000       -9.1120485527373153E-003   0.0000000000000000     
   8.7119999999999997        0.0000000000000000       -8.9522565679350276E-003   0.0000000000000000     
   8.9100000000000001        0.0000000000000000       -8.7973509413222795E-003   0.0000000000000000     
   9.1080000000000005        0.0000000000000000       -8.6471110067889625E-003   0.0000000000000000     
   9.3060000000000009        0.0000000000000000       -8.5013257304959317E-003   0.0000000000000000     
   9.5040000000000013        0.0000000000000000       -8.3597932504616574E-003   0.0000000000000000     
   9.7020000000000000        0.0000000000000000       -8.2223208025919200E-003   0.0000000000000000     
   9.9000000000000004        0.0000000000000000       -8.0887236973086370E-003   0.0000000000000000     
   10.098000000000001        0.0000000000000000       -7.9588254306205367E-003   0.0000000000000000     
   10.296000000000001        0.0000000000000000       -7.8324569176893549E-003   0.0000000000000000     
   10.494000000000000        0.0000000000000000       -7.7094562418838245E-003   0.0000000000000000     
   10.692000000000000        0.0000000000000000       -7.5896677491618658E-003   0.0000000000000000     
   10.890000000000001        0.0000000000000000       -7.4729422642205784E-003   0.0000000000000000     
   11.088000000000001        0.0000000000000000       -7.3591360113592881E-003   0.0000000000000000     
   11.286000000000001        0.0000000000000000       -7.2481106822280600E-003   0.0000000000000000     
   11.484000000000000        0.0000000000000000       -7.1397324997921662E-003   0.0000000000000000     
   11.682000000000000        0.0000000000000000       -7.0338722399931929E-003   0.0000000000000000     
   11.880000000000001        0.0000000000000000       -6.9304042030777944E-003   0.0000000000000000     
   12.078000000000001        0.0000000000000000       -6.8292065988885342E-003   0.0000000000000000     
   12.276000000000000        0.0000000000000000       -6.7301600416487199E-003   0.0000000000000000     
   12.474000000000000        0.0000000000000000       -6.6331481177594317E-003   0.0000000000000000     
   12.672000000000001        0.0000000000000000       -6.5380560759950197E-003   0.0000000000000000     
   12.870000000000001        0.0000000000000000       -6.4447706343968092E-003   0.0000000000000000     
   13.068000000000001        0.0000000000000000       -6.3531797208009194E-003   0.0000000000000000     
   13.266000000000000        0.0000000000000000       -6.2631713575226882E-003   0.0000000000000000     
   13.464000000000000        0.0000000000000000       -6.1746334364500477E-003   0.0000000000000000     
   13.662000000000001        0.0000000000000000       -6.0874528272519390E-003   0.0000000000000000     
   13.860000000000001        0.0000000000000000       -6.0015148602774451E-003   0.0000000000000000     
   14.058000000000000        0.0000000000000000       -5.9167023776157983E-003   0.0000000000000000     
   14.256000000000000        0.0000000000000000       -5.8328946799988150E-003   0.0000000000000000     
   14.454000000000001        0.0000000000000000       -5.7499668645246537E-003   0.0000000000000000     
   14.652000000000001        0.0000000000000000       -5.6677882277286901E-003   0.0000000000000000     
   14.850000000000001        0.0000000000000000       -5.5862212977476726E-003   0.0000000000000000     
   15.048000000000000        0.0000000000000000       -5.5051201018935765E-003   0.0000000000000000     
   15.246000000000000        0.0000000000000000       -5.4243283844530397E-003   0.0000000000000000     
   15.444000000000001        0.0000000000000000       -5.3436774700745312E-003   0.0000000000000000     
   15.642000000000001        0.0000000000000000       -5.2629840686244994E-003   0.0000000000000000     
   15.840000000000000        0.0000000000000000       -5.1820471813388098E-003   0.0000000000000000     
   16.038000000000000        0.0000000000000000       -5.1006447032580764E-003   0.0000000000000000     
   16.236000000000001        0.0000000000000000       -5.0185297408427438E-003   0.0000000000000000     
   16.434000000000001        0.0000000000000000       -4.9354255501916537E-003   0.0000000000000000     
   16.632000000000001        0.0000000000000000       -4.8525921918082526E-003   0.0000000000000000     
   16.830000000000002        0.0000000000000000       -4.7669885710978537E-003   0.0000000000000000     
   17.028000000000002        0.0000000000000000       -4.6793884442384408E-003   0.0000000000000000     
   17.225999999999999        0.0000000000000000       -4.5894504960870127E-003   0.0000000000000000     
   17.423999999999999        0.0000000000000000       -4.4964638493773358E-003   0.0000000000000000     
   17.622000000000000        0.0000000000000000       -4.3999084435134249E-003   0.0000000000000000     
   17.820000000000000        0.0000000000000000       -4.2984867323272186E-003   0.0000000000000000     
   18.018000000000001        0.0000000000000000       -4.1918695972507688E-003   0.0000000000000000     
   18.216000000000001        0.0000000000000000       -4.0790613923749643E-003   0.0000000000000000     
   18.414000000000001        0.0000000000000000       -3.9589284252173054E-003   0.0000000000000000     
   18.612000000000002        0.0000000000000000       -3.8317767180956635E-003   0.0000000000000000     
   18.810000000000002        0.0000000000000000       -3.6943877827064235E-003   0.0000000000000000     
   19.008000000000003        0.0000000000000000       -3.5475019646127029E-003   0.0000000000000000     
   19.206000000000000        0.0000000000000000       -3.3881442157199996E-003   0.0000000000000000     
   19.404000000000000        0.0000000000000000       -3.2175830508082400E-003   0.0000000000000000     
   19.602000000000000        0.0000000000000000       -3.0325849119089425E-003   0.0000000000000000     
