  -19.602000000000000        0.0000000000000000        7.8892749381669295E-003   0.0000000000000000     
  -19.404000000000000        0.0000000000000000        8.3539967622636869E-003   0.0000000000000000     
  -19.206000000000000        0.0000000000000000        8.7886223041228721E-003   0.0000000000000000     
  -19.008000000000003        0.0000000000000000        9.1926283332556934E-003   0.0000000000000000     
  -18.810000000000002        0.0000000000000000        9.5723278031764076E-003   0.0000000000000000     
  -18.612000000000002        0.0000000000000000        9.9249953379406709E-003   0.0000000000000000     
  -18.414000000000001        0.0000000000000000        1.0255847275910305E-002   0.0000000000000000     
  -18.216000000000001        0.0000000000000000        1.0567991684537334E-002   0.0000000000000000     
  -18.018000000000001        0.0000000000000000        1.0862772355029637E-002   0.0000000000000000     
  -17.820000000000000        0.0000000000000000        1.1141909557518452E-002   0.0000000000000000     
  -17.622000000000000        0.0000000000000000        1.1407380280130061E-002   0.0000000000000000     
  -17.423999999999999        0.0000000000000000        1.1662843572806617E-002   0.0000000000000000     
  -17.225999999999999        0.0000000000000000        1.1908380116187037E-002   0.0000000000000000     
  -17.028000000000002        0.0000000000000000        1.2146466038069785E-002   0.0000000000000000     
  -16.830000000000002        0.0000000000000000        1.2378237861626742E-002   0.0000000000000000     
  -16.632000000000001        0.0000000000000000        1.2604881117549623E-002   0.0000000000000000     
  -16.434000000000001        0.0000000000000000        1.2827383265699847E-002   0.0000000000000000     
  -16.236000000000001        0.0000000000000000        1.3046617478352635E-002   0.0000000000000000     
  -16.038000000000000        0.0000000000000000        1.3263366697830691E-002   0.0000000000000000     
  -15.840000000000000        0.0000000000000000        1.3478701986576844E-002   0.0000000000000000     
  -15.642000000000001        0.0000000000000000        1.3692808345028829E-002   0.0000000000000000     
  -15.444000000000001        0.0000000000000000        1.3906264913247408E-002   0.0000000000000000     
  -15.246000000000000        0.0000000000000000        1.4119596293283011E-002   0.0000000000000000     
  -15.048000000000000        0.0000000000000000        1.4333281938105121E-002   0.0000000000000000     
  -14.850000000000001        0.0000000000000000        1.4547761978895762E-002   0.0000000000000000     
  -14.652000000000001        0.0000000000000000        1.4763444405469662E-002   0.0000000000000000     
  -14.454000000000001        0.0000000000000000        1.4980709372682864E-002   0.0000000000000000     
  -14.256000000000000        0.0000000000000000        1.5199914216587599E-002   0.0000000000000000     
  -14.058000000000000        0.0000000000000000        1.5421396682395247E-002   0.0000000000000000     
  -13.860000000000001        0.0000000000000000        1.5645479135944860E-002   0.0000000000000000     
  -13.662000000000001        0.0000000000000000        1.5872470722437939E-002   0.0000000000000000     
  -13.464000000000000        0.0000000000000000        1.6102670448765156E-002   0.0000000000000000     
  -13.266000000000000        0.0000000000000000        1.6336368647242840E-002   0.0000000000000000     
  -13.068000000000001        0.0000000000000000        1.6573849870824726E-002   0.0000000000000000     
  -12.870000000000001        0.0000000000000000        1.6815393931912458E-002   0.0000000000000000     
  -12.672000000000001        0.0000000000000000        1.7061277733869673E-002   0.0000000000000000     
  -12.474000000000000        0.0000000000000000        1.7311776655488123E-002   0.0000000000000000     
  -12.276000000000000        0.0000000000000000        1.7567165609154865E-002   0.0000000000000000     
  -12.078000000000001        0.0000000000000000        1.7827719973661654E-002   0.0000000000000000     
  -11.880000000000001        0.0000000000000000        1.8093717271787057E-002   0.0000000000000000     
  -11.682000000000000        0.0000000000000000        1.8365437110382819E-002   0.0000000000000000     
  -11.484000000000000        0.0000000000000000        1.8643162871782200E-002   0.0000000000000000     
  -11.286000000000001        0.0000000000000000        1.8927182023507436E-002   0.0000000000000000     
  -11.088000000000001        0.0000000000000000        1.9217785900737128E-002   0.0000000000000000     
  -10.890000000000001        0.0000000000000000        1.9515271877023749E-002   0.0000000000000000     
  -10.692000000000000        0.0000000000000000        1.9819942156803230E-002   0.0000000000000000     
  -10.494000000000000        0.0000000000000000        2.0132105477864277E-002   0.0000000000000000     
  -10.296000000000001        0.0000000000000000        2.0452076146277778E-002   0.0000000000000000     
  -10.098000000000001        0.0000000000000000        2.0780175184895340E-002   0.0000000000000000     
  -9.9000000000000004        0.0000000000000000        2.1116728938743931E-002   0.0000000000000000     
  -9.7020000000000000        0.0000000000000000        2.1462070440135272E-002   0.0000000000000000     
  -9.5040000000000013        0.0000000000000000        2.1816537834319562E-002   0.0000000000000000     
  -9.3060000000000009        0.0000000000000000        2.2180474359207003E-002   0.0000000000000000     
  -9.1080000000000005        0.0000000000000000        2.2554226926796976E-002   0.0000000000000000     
  -8.9100000000000001        0.0000000000000000        2.2938145600546710E-002   0.0000000000000000     
  -8.7119999999999997        0.0000000000000000        2.3332581559229012E-002   0.0000000000000000     
  -8.5140000000000011        0.0000000000000000        2.3737884945571466E-002   0.0000000000000000     
  -8.3160000000000007        0.0000000000000000        2.4154402631938292E-002   0.0000000000000000     
  -8.1180000000000003        0.0000000000000000        2.4582474678051126E-002   0.0000000000000000     
  -7.9199999999999999        0.0000000000000000        2.5022430775805453E-002   0.0000000000000000     
  -7.7220000000000004        0.0000000000000000        2.5474584806346134E-002   0.0000000000000000     
  -7.5240000000000000        0.0000000000000000        2.5939228386906783E-002   0.0000000000000000     
  -7.3260000000000005        0.0000000000000000        2.6416624245282135E-002   0.0000000000000000     
  -7.1280000000000001        0.0000000000000000        2.6906995626173491E-002   0.0000000000000000     
  -6.9300000000000006        0.0000000000000000        2.7410516954338136E-002   0.0000000000000000     
  -6.7320000000000002        0.0000000000000000        2.7927296687764395E-002   0.0000000000000000     
  -6.5340000000000007        0.0000000000000000        2.8457363775343924E-002   0.0000000000000000     
  -6.3360000000000003        0.0000000000000000        2.9000644506238467E-002   0.0000000000000000     
  -6.1379999999999999        0.0000000000000000        2.9556937292686630E-002   0.0000000000000000     
  -5.9400000000000004        0.0000000000000000        3.0125881708474619E-002   0.0000000000000000     
  -5.7420000000000000        0.0000000000000000        3.0706920670981304E-002   0.0000000000000000     
  -5.5440000000000005        0.0000000000000000        3.1299250900887768E-002   0.0000000000000000     
  -5.3460000000000001        0.0000000000000000        3.1901767890570761E-002   0.0000000000000000     
  -5.1480000000000006        0.0000000000000000        3.2512993670366259E-002   0.0000000000000000     
  -4.9500000000000002        0.0000000000000000        3.3130990862903553E-002   0.0000000000000000     
  -4.7520000000000007        0.0000000000000000        3.3753260118315448E-002   0.0000000000000000     
  -4.5540000000000003        0.0000000000000000        3.4376624816415791E-002   0.0000000000000000     
  -4.3559999999999999        0.0000000000000000        3.4997114536960250E-002   0.0000000000000000     
  -4.1580000000000004        0.0000000000000000        3.5609907291829536E-002   0.0000000000000000     
  -3.9600000000000000        0.0000000000000000        3.6209482861565515E-002   0.0000000000000000     
  -3.7620000000000000        0.0000000000000000        3.6790199565155966E-002   0.0000000000000000     
  -3.5640000000000001        0.0000000000000000        3.7346276230635460E-002   0.0000000000000000     
  -3.3660000000000001        0.0000000000000000        3.7867471728436256E-002   0.0000000000000000     
  -3.1680000000000001        0.0000000000000000        3.8337993178823464E-002   0.0000000000000000     
  -2.9700000000000002        0.0000000000000000        3.8739036517281937E-002   0.0000000000000000     
  -2.7720000000000002        0.0000000000000000        3.9046697542070581E-002   0.0000000000000000     
  -2.5740000000000003        0.0000000000000000        3.9232279999413242E-002   0.0000000000000000     
  -2.3760000000000003        0.0000000000000000        3.9257540260833626E-002   0.0000000000000000     
  -2.1779999999999999        0.0000000000000000        3.9070481852916839E-002   0.0000000000000000     
  -1.9800000000000000        0.0000000000000000        3.8615161127116084E-002   0.0000000000000000     
  -1.7820000000000000        0.0000000000000000        3.7818932511191353E-002   0.0000000000000000     
  -1.5840000000000001        0.0000000000000000        3.6583954341763543E-002   0.0000000000000000     
  -1.3860000000000001        0.0000000000000000        3.4814564269661695E-002   0.0000000000000000     
  -1.1880000000000002        0.0000000000000000        3.2413367622801295E-002   0.0000000000000000     
 -0.98999999999999999        0.0000000000000000        2.9255078970984654E-002   0.0000000000000000     
 -0.79200000000000004        0.0000000000000000        2.5198520761931555E-002   0.0000000000000000     
 -0.59400000000000008        0.0000000000000000        2.0155403284365658E-002   0.0000000000000000     
 -0.39600000000000002        0.0000000000000000        1.4134757596072302E-002   0.0000000000000000     
 -0.19800000000000001        0.0000000000000000        7.2971465734681124E-003   0.0000000000000000     
   0.0000000000000000        0.0000000000000000        0.0000000000000000        0.0000000000000000     
  0.19800000000000001        0.0000000000000000       -7.2971465734681124E-003   0.0000000000000000     
  0.39600000000000002        0.0000000000000000       -1.4134757596072302E-002   0.0000000000000000     
  0.59400000000000008        0.0000000000000000       -2.0155403284365658E-002   0.0000000000000000     
  0.79200000000000004        0.0000000000000000       -2.5198520761931555E-002   0.0000000000000000     
  0.98999999999999999        0.0000000000000000       -2.9255078970984654E-002   0.0000000000000000     
   1.1880000000000002        0.0000000000000000       -3.2413367622801295E-002   0.0000000000000000     
   1.3860000000000001        0.0000000000000000       -3.4814564269661695E-002   0.0000000000000000     
   1.5840000000000001        0.0000000000000000       -3.6583954341763543E-002   0.0000000000000000     
   1.7820000000000000        0.0000000000000000       -3.7818932511191353E-002   0.0000000000000000     
   1.9800000000000000        0.0000000000000000       -3.8615161127116084E-002   0.0000000000000000     
   2.1779999999999999        0.0000000000000000       -3.9070481852916839E-002   0.0000000000000000     
   2.3760000000000003        0.0000000000000000       -3.9257540260833626E-002   0.0000000000000000     
   2.5740000000000003        0.0000000000000000       -3.9232279999413242E-002   0.0000000000000000     
   2.7720000000000002        0.0000000000000000       -3.9046697542070581E-002   0.0000000000000000     
   2.9700000000000002        0.0000000000000000       -3.8739036517281937E-002   0.0000000000000000     
   3.1680000000000001        0.0000000000000000       -3.8337993178823464E-002   0.0000000000000000     
   3.3660000000000001        0.0000000000000000       -3.7867471728436256E-002   0.0000000000000000     
   3.5640000000000001        0.0000000000000000       -3.7346276230635460E-002   0.0000000000000000     
   3.7620000000000000        0.0000000000000000       -3.6790199565155966E-002   0.0000000000000000     
   3.9600000000000000        0.0000000000000000       -3.6209482861565515E-002   0.0000000000000000     
   4.1580000000000004        0.0000000000000000       -3.5609907291829536E-002   0.0000000000000000     
   4.3559999999999999        0.0000000000000000       -3.4997114536960250E-002   0.0000000000000000     
   4.5540000000000003        0.0000000000000000       -3.4376624816415791E-002   0.0000000000000000     
   4.7520000000000007        0.0000000000000000       -3.3753260118315448E-002   0.0000000000000000     
   4.9500000000000002        0.0000000000000000       -3.3130990862903553E-002   0.0000000000000000     
   5.1480000000000006        0.0000000000000000       -3.2512993670366259E-002   0.0000000000000000     
   5.3460000000000001        0.0000000000000000       -3.1901767890570761E-002   0.0000000000000000     
   5.5440000000000005        0.0000000000000000       -3.1299250900887768E-002   0.0000000000000000     
   5.7420000000000000        0.0000000000000000       -3.0706920670981304E-002   0.0000000000000000     
   5.9400000000000004        0.0000000000000000       -3.0125881708474619E-002   0.0000000000000000     
   6.1379999999999999        0.0000000000000000       -2.9556937292686630E-002   0.0000000000000000     
   6.3360000000000003        0.0000000000000000       -2.9000644506238467E-002   0.0000000000000000     
   6.5340000000000007        0.0000000000000000       -2.8457363775343924E-002   0.0000000000000000     
   6.7320000000000002        0.0000000000000000       -2.7927296687764395E-002   0.0000000000000000     
   6.9300000000000006        0.0000000000000000       -2.7410516954338136E-002   0.0000000000000000     
   7.1280000000000001        0.0000000000000000       -2.6906995626173491E-002   0.0000000000000000     
   7.3260000000000005        0.0000000000000000       -2.6416624245282135E-002   0.0000000000000000     
   7.5240000000000000        0.0000000000000000       -2.5939228386906783E-002   0.0000000000000000     
   7.7220000000000004        0.0000000000000000       -2.5474584806346134E-002   0.0000000000000000     
   7.9199999999999999        0.0000000000000000       -2.5022430775805453E-002   0.0000000000000000     
   8.1180000000000003        0.0000000000000000       -2.4582474678051126E-002   0.0000000000000000     
   8.3160000000000007        0.0000000000000000       -2.4154402631938292E-002   0.0000000000000000     
   8.5140000000000011        0.0000000000000000       -2.3737884945571466E-002   0.0000000000000000     
   8.7119999999999997        0.0000000000000000       -2.3332581559229012E-002   0.0000000000000000     
   8.9100000000000001        0.0000000000000000       -2.2938145600546710E-002   0.0000000000000000     
   9.1080000000000005        0.0000000000000000       -2.2554226926796976E-002   0.0000000000000000     
   9.3060000000000009        0.0000000000000000       -2.2180474359207003E-002   0.0000000000000000     
   9.5040000000000013        0.0000000000000000       -2.1816537834319562E-002   0.0000000000000000     
   9.7020000000000000        0.0000000000000000       -2.1462070440135272E-002   0.0000000000000000     
   9.9000000000000004        0.0000000000000000       -2.1116728938743931E-002   0.0000000000000000     
   10.098000000000001        0.0000000000000000       -2.0780175184895340E-002   0.0000000000000000     
   10.296000000000001        0.0000000000000000       -2.0452076146277778E-002   0.0000000000000000     
   10.494000000000000        0.0000000000000000       -2.0132105477864277E-002   0.0000000000000000     
   10.692000000000000        0.0000000000000000       -1.9819942156803230E-002   0.0000000000000000     
   10.890000000000001        0.0000000000000000       -1.9515271877023749E-002   0.0000000000000000     
   11.088000000000001        0.0000000000000000       -1.9217785900737128E-002   0.0000000000000000     
   11.286000000000001        0.0000000000000000       -1.8927182023507436E-002   0.0000000000000000     
   11.484000000000000        0.0000000000000000       -1.8643162871782200E-002   0.0000000000000000     
   11.682000000000000        0.0000000000000000       -1.8365437110382819E-002   0.0000000000000000     
   11.880000000000001        0.0000000000000000       -1.8093717271787057E-002   0.0000000000000000     
   12.078000000000001        0.0000000000000000       -1.7827719973661654E-002   0.0000000000000000     
   12.276000000000000        0.0000000000000000       -1.7567165609154865E-002   0.0000000000000000     
   12.474000000000000        0.0000000000000000       -1.7311776655488123E-002   0.0000000000000000     
   12.672000000000001        0.0000000000000000       -1.7061277733869673E-002   0.0000000000000000     
   12.870000000000001        0.0000000000000000       -1.6815393931912458E-002   0.0000000000000000     
   13.068000000000001        0.0000000000000000       -1.6573849870824726E-002   0.0000000000000000     
   13.266000000000000        0.0000000000000000       -1.6336368647242840E-002   0.0000000000000000     
   13.464000000000000        0.0000000000000000       -1.6102670448765156E-002   0.0000000000000000     
   13.662000000000001        0.0000000000000000       -1.5872470722437939E-002   0.0000000000000000     
   13.860000000000001        0.0000000000000000       -1.5645479135944860E-002   0.0000000000000000     
   14.058000000000000        0.0000000000000000       -1.5421396682395247E-002   0.0000000000000000     
   14.256000000000000        0.0000000000000000       -1.5199914216587599E-002   0.0000000000000000     
   14.454000000000001        0.0000000000000000       -1.4980709372682864E-002   0.0000000000000000     
   14.652000000000001        0.0000000000000000       -1.4763444405469662E-002   0.0000000000000000     
   14.850000000000001        0.0000000000000000       -1.4547761978895762E-002   0.0000000000000000     
   15.048000000000000        0.0000000000000000       -1.4333281938105121E-002   0.0000000000000000     
   15.246000000000000        0.0000000000000000       -1.4119596293283011E-002   0.0000000000000000     
   15.444000000000001        0.0000000000000000       -1.3906264913247408E-002   0.0000000000000000     
   15.642000000000001        0.0000000000000000       -1.3692808345028829E-002   0.0000000000000000     
   15.840000000000000        0.0000000000000000       -1.3478701986576844E-002   0.0000000000000000     
   16.038000000000000        0.0000000000000000       -1.3263366697830691E-002   0.0000000000000000     
   16.236000000000001        0.0000000000000000       -1.3046617478352635E-002   0.0000000000000000     
   16.434000000000001        0.0000000000000000       -1.2827383265699847E-002   0.0000000000000000     
   16.632000000000001        0.0000000000000000       -1.2604881117549623E-002   0.0000000000000000     
   16.830000000000002        0.0000000000000000       -1.2378237861626742E-002   0.0000000000000000     
   17.028000000000002        0.0000000000000000       -1.2146466038069785E-002   0.0000000000000000     
   17.225999999999999        0.0000000000000000       -1.1908380116187037E-002   0.0000000000000000     
   17.423999999999999        0.0000000000000000       -1.1662843572806617E-002   0.0000000000000000     
   17.622000000000000        0.0000000000000000       -1.1407380280130061E-002   0.0000000000000000     
   17.820000000000000        0.0000000000000000       -1.1141909557518452E-002   0.0000000000000000     
   18.018000000000001        0.0000000000000000       -1.0862772355029637E-002   0.0000000000000000     
   18.216000000000001        0.0000000000000000       -1.0567991684537334E-002   0.0000000000000000     
   18.414000000000001        0.0000000000000000       -1.0255847275910305E-002   0.0000000000000000     
   18.612000000000002        0.0000000000000000       -9.9249953379406709E-003   0.0000000000000000     
   18.810000000000002        0.0000000000000000       -9.5723278031764076E-003   0.0000000000000000     
   19.008000000000003        0.0000000000000000       -9.1926283332556934E-003   0.0000000000000000     
   19.206000000000000        0.0000000000000000       -8.7886223041228721E-003   0.0000000000000000     
   19.404000000000000        0.0000000000000000       -8.3539967622636869E-003   0.0000000000000000     
   19.602000000000000        0.0000000000000000       -7.8892749381669295E-003   0.0000000000000000     
