  -19.602000000000000        0.0000000000000000        2.0016071674317567E-003   0.0000000000000000     
  -19.404000000000000        0.0000000000000000        2.0982989902178554E-003   0.0000000000000000     
  -19.206000000000000        0.0000000000000000        2.1878523729470700E-003   0.0000000000000000     
  -19.008000000000003        0.0000000000000000        2.2736064368253147E-003   0.0000000000000000     
  -18.810000000000002        0.0000000000000000        2.3542046889515260E-003   0.0000000000000000     
  -18.612000000000002        0.0000000000000000        2.4313023608886486E-003   0.0000000000000000     
  -18.414000000000001        0.0000000000000000        2.5045127625843676E-003   0.0000000000000000     
  -18.216000000000001        0.0000000000000000        2.5734741188460750E-003   0.0000000000000000     
  -18.018000000000001        0.0000000000000000        2.6392213743266311E-003   0.0000000000000000     
  -17.820000000000000        0.0000000000000000        2.7020501613957523E-003   0.0000000000000000     
  -17.622000000000000        0.0000000000000000        2.7622290005760975E-003   0.0000000000000000     
  -17.423999999999999        0.0000000000000000        2.8201476029504169E-003   0.0000000000000000     
  -17.225999999999999        0.0000000000000000        2.8760860915495665E-003   0.0000000000000000     
  -17.028000000000002        0.0000000000000000        2.9293568720114450E-003   0.0000000000000000     
  -16.830000000000002        0.0000000000000000        2.9823747274730023E-003   0.0000000000000000     
  -16.632000000000001        0.0000000000000000        3.0341158839504419E-003   0.0000000000000000     
  -16.434000000000001        0.0000000000000000        3.0847765701598408E-003   0.0000000000000000     
  -16.236000000000001        0.0000000000000000        3.1345331681912445E-003   0.0000000000000000     
  -16.038000000000000        0.0000000000000000        3.1835443819218088E-003   0.0000000000000000     
  -15.840000000000000        0.0000000000000000        3.2319530888083744E-003   0.0000000000000000     
  -15.642000000000001        0.0000000000000000        3.2798885428661825E-003   0.0000000000000000     
  -15.444000000000001        0.0000000000000000        3.3274678043006692E-003   0.0000000000000000     
  -15.246000000000000        0.0000000000000000        3.3747976429179438E-003   0.0000000000000000     
  -15.048000000000000        0.0000000000000000        3.4219757331716140E-003   0.0000000000000000     
  -14.850000000000001        0.0000000000000000        3.4690919478366881E-003   0.0000000000000000     
  -14.652000000000001        0.0000000000000000        3.5162294618033036E-003   0.0000000000000000     
  -14.454000000000001        0.0000000000000000        3.5634656480161872E-003   0.0000000000000000     
  -14.256000000000000        0.0000000000000000        3.6108729259440755E-003   0.0000000000000000     
  -14.058000000000000        0.0000000000000000        3.6585195957620298E-003   0.0000000000000000     
  -13.860000000000001        0.0000000000000000        3.7064702471468597E-003   0.0000000000000000     
  -13.662000000000001        0.0000000000000000        3.7547865487546428E-003   0.0000000000000000     
  -13.464000000000000        0.0000000000000000        3.8035276367376796E-003   0.0000000000000000     
  -13.266000000000000        0.0000000000000000        3.8527505373661462E-003   0.0000000000000000     
  -13.068000000000001        0.0000000000000000        3.9025105214403589E-003   0.0000000000000000     
  -12.870000000000001        0.0000000000000000        3.9528615909739367E-003   0.0000000000000000     
  -12.672000000000001        0.0000000000000000        4.0038565598467914E-003   0.0000000000000000     
  -12.474000000000000        0.0000000000000000        4.0555475561580116E-003   0.0000000000000000     
  -12.276000000000000        0.0000000000000000        4.1079861231573152E-003   0.0000000000000000     
  -12.078000000000001        0.0000000000000000        4.1612234365472397E-003   0.0000000000000000     
  -11.880000000000001        0.0000000000000000        4.2153106070470592E-003   0.0000000000000000     
  -11.682000000000000        0.0000000000000000        4.2702987271715171E-003   0.0000000000000000     
  -11.484000000000000        0.0000000000000000        4.3262391403813601E-003   0.0000000000000000     
  -11.286000000000001        0.0000000000000000        4.3831834058264693E-003   0.0000000000000000     
  -11.088000000000001        0.0000000000000000        4.4411837198153146E-003   0.0000000000000000     
  -10.890000000000001        0.0000000000000000        4.5002926468948601E-003   0.0000000000000000     
  -10.692000000000000        0.0000000000000000        4.5605636217425759E-003   0.0000000000000000     
  -10.494000000000000        0.0000000000000000        4.6220505350709623E-003   0.0000000000000000     
  -10.296000000000001        0.0000000000000000        4.6848082776895479E-003   0.0000000000000000     
  -10.098000000000001        0.0000000000000000        4.7488924151277059E-003   0.0000000000000000     
  -9.9000000000000004        0.0000000000000000        4.8143592364873157E-003   0.0000000000000000     
  -9.7020000000000000        0.0000000000000000        4.8812659975539094E-003   0.0000000000000000     
  -9.5040000000000013        0.0000000000000000        4.9496704601528973E-003   0.0000000000000000     
  -9.3060000000000009        0.0000000000000000        5.0196310128986172E-003   0.0000000000000000     
  -9.1080000000000005        0.0000000000000000        5.0912065264798242E-003   0.0000000000000000     
  -8.9100000000000001        0.0000000000000000        5.1644560669959439E-003   0.0000000000000000     
  -8.7119999999999997        0.0000000000000000        5.2394385818712854E-003   0.0000000000000000     
  -8.5140000000000011        0.0000000000000000        5.3162126721831987E-003   0.0000000000000000     
  -8.3160000000000007        0.0000000000000000        5.3948359868429101E-003   0.0000000000000000     
  -8.1180000000000003        0.0000000000000000        5.4753646474245280E-003   0.0000000000000000     
  -7.9199999999999999        0.0000000000000000        5.5578525483275442E-003   0.0000000000000000     
  -7.7220000000000004        0.0000000000000000        5.6423504334153626E-003   0.0000000000000000     
  -7.5240000000000000        0.0000000000000000        5.7289048343915575E-003   0.0000000000000000     
  -7.3260000000000005        0.0000000000000000        5.8175562077158937E-003   0.0000000000000000     
  -7.1280000000000001        0.0000000000000000        5.9083378851937417E-003   0.0000000000000000     
  -6.9300000000000006        0.0000000000000000        6.0012733506703917E-003   0.0000000000000000     
  -6.7320000000000002        0.0000000000000000        6.0963739428035544E-003   0.0000000000000000     
  -6.5340000000000007        0.0000000000000000        6.1936353535715673E-003   0.0000000000000000     
  -6.3360000000000003        0.0000000000000000        6.2930339223838854E-003   0.0000000000000000     
  -6.1379999999999999        0.0000000000000000        6.3945213487017170E-003   0.0000000000000000     
  -5.9400000000000004        0.0000000000000000        6.4980191610866612E-003   0.0000000000000000     
  -5.7420000000000000        0.0000000000000000        6.6034103815993273E-003   0.0000000000000000     
  -5.5440000000000005        0.0000000000000000        6.7105315494494161E-003   0.0000000000000000     
  -5.3460000000000001        0.0000000000000000        6.8191602375264736E-003   0.0000000000000000     
  -5.1480000000000006        0.0000000000000000        6.9290013012961319E-003   0.0000000000000000     
  -4.9500000000000002        0.0000000000000000        7.0396696663006146E-003   0.0000000000000000     
  -4.7520000000000007        0.0000000000000000        7.1506680073295126E-003   0.0000000000000000     
  -4.5540000000000003        0.0000000000000000        7.2613601684215602E-003   0.0000000000000000     
  -4.3559999999999999        0.0000000000000000        7.3709373420717313E-003   0.0000000000000000     
  -4.1580000000000004        0.0000000000000000        7.4783776072409837E-003   0.0000000000000000     
  -3.9600000000000000        0.0000000000000000        7.5823965683459180E-003   0.0000000000000000     
  -3.7620000000000000        0.0000000000000000        7.6813933707583788E-003   0.0000000000000000     
  -3.5640000000000001        0.0000000000000000        7.7734010948404706E-003   0.0000000000000000     
  -3.3660000000000001        0.0000000000000000        7.8560753589862614E-003   0.0000000000000000     
  -3.1680000000000001        0.0000000000000000        7.9268229673569932E-003   0.0000000000000000     
  -2.9700000000000002        0.0000000000000000        7.9832665061095980E-003   0.0000000000000000     
  -2.7720000000000002        0.0000000000000000        8.0237584812982120E-003   0.0000000000000000     
  -2.5740000000000003        0.0000000000000000        8.0441094270021166E-003   0.0000000000000000     
  -2.3760000000000003        0.0000000000000000        8.0304505199794672E-003   0.0000000000000000     
  -2.1779999999999999        0.0000000000000000        7.9668955603813211E-003   0.0000000000000000     
  -1.9800000000000000        0.0000000000000000        7.8423961172717910E-003   0.0000000000000000     
  -1.7820000000000000        0.0000000000000000        7.6445398218519603E-003   0.0000000000000000     
  -1.5840000000000001        0.0000000000000000        7.3574416536499867E-003   0.0000000000000000     
  -1.3860000000000001        0.0000000000000000        6.9609360172032276E-003   0.0000000000000000     
  -1.1880000000000002        0.0000000000000000        6.4321303598452884E-003   0.0000000000000000     
 -0.98999999999999999        0.0000000000000000        5.7525056414890656E-003   0.0000000000000000     
 -0.79200000000000004        0.0000000000000000        4.9091890364488470E-003   0.0000000000000000     
 -0.59400000000000008        0.0000000000000000        3.8926021444336688E-003   0.0000000000000000     
 -0.39600000000000002        0.0000000000000000        2.7081126447561568E-003   0.0000000000000000     
 -0.19800000000000001        0.0000000000000000        1.3907712690120304E-003   0.0000000000000000     
   0.0000000000000000        0.0000000000000000        0.0000000000000000        0.0000000000000000     
  0.19800000000000001        0.0000000000000000       -1.3907712690120304E-003   0.0000000000000000     
  0.39600000000000002        0.0000000000000000       -2.7081126447561568E-003   0.0000000000000000     
  0.59400000000000008        0.0000000000000000       -3.8926021444336688E-003   0.0000000000000000     
  0.79200000000000004        0.0000000000000000       -4.9091890364488470E-003   0.0000000000000000     
  0.98999999999999999        0.0000000000000000       -5.7525056414890656E-003   0.0000000000000000     
   1.1880000000000002        0.0000000000000000       -6.4321303598452884E-003   0.0000000000000000     
   1.3860000000000001        0.0000000000000000       -6.9609360172032276E-003   0.0000000000000000     
   1.5840000000000001        0.0000000000000000       -7.3574416536499867E-003   0.0000000000000000     
   1.7820000000000000        0.0000000000000000       -7.6445398218519603E-003   0.0000000000000000     
   1.9800000000000000        0.0000000000000000       -7.8423961172717910E-003   0.0000000000000000     
   2.1779999999999999        0.0000000000000000       -7.9668955603813211E-003   0.0000000000000000     
   2.3760000000000003        0.0000000000000000       -8.0304505199794672E-003   0.0000000000000000     
   2.5740000000000003        0.0000000000000000       -8.0441094270021166E-003   0.0000000000000000     
   2.7720000000000002        0.0000000000000000       -8.0237584812982120E-003   0.0000000000000000     
   2.9700000000000002        0.0000000000000000       -7.9832665061095980E-003   0.0000000000000000     
   3.1680000000000001        0.0000000000000000       -7.9268229673569932E-003   0.0000000000000000     
   3.3660000000000001        0.0000000000000000       -7.8560753589862614E-003   0.0000000000000000     
   3.5640000000000001        0.0000000000000000       -7.7734010948404706E-003   0.0000000000000000     
   3.7620000000000000        0.0000000000000000       -7.6813933707583788E-003   0.0000000000000000     
   3.9600000000000000        0.0000000000000000       -7.5823965683459180E-003   0.0000000000000000     
   4.1580000000000004        0.0000000000000000       -7.4783776072409837E-003   0.0000000000000000     
   4.3559999999999999        0.0000000000000000       -7.3709373420717313E-003   0.0000000000000000     
   4.5540000000000003        0.0000000000000000       -7.2613601684215602E-003   0.0000000000000000     
   4.7520000000000007        0.0000000000000000       -7.1506680073295126E-003   0.0000000000000000     
   4.9500000000000002        0.0000000000000000       -7.0396696663006146E-003   0.0000000000000000     
   5.1480000000000006        0.0000000000000000       -6.9290013012961319E-003   0.0000000000000000     
   5.3460000000000001        0.0000000000000000       -6.8191602375264736E-003   0.0000000000000000     
   5.5440000000000005        0.0000000000000000       -6.7105315494494161E-003   0.0000000000000000     
   5.7420000000000000        0.0000000000000000       -6.6034103815993273E-003   0.0000000000000000     
   5.9400000000000004        0.0000000000000000       -6.4980191610866612E-003   0.0000000000000000     
   6.1379999999999999        0.0000000000000000       -6.3945213487017170E-003   0.0000000000000000     
   6.3360000000000003        0.0000000000000000       -6.2930339223838854E-003   0.0000000000000000     
   6.5340000000000007        0.0000000000000000       -6.1936353535715673E-003   0.0000000000000000     
   6.7320000000000002        0.0000000000000000       -6.0963739428035544E-003   0.0000000000000000     
   6.9300000000000006        0.0000000000000000       -6.0012733506703917E-003   0.0000000000000000     
   7.1280000000000001        0.0000000000000000       -5.9083378851937417E-003   0.0000000000000000     
   7.3260000000000005        0.0000000000000000       -5.8175562077158937E-003   0.0000000000000000     
   7.5240000000000000        0.0000000000000000       -5.7289048343915575E-003   0.0000000000000000     
   7.7220000000000004        0.0000000000000000       -5.6423504334153626E-003   0.0000000000000000     
   7.9199999999999999        0.0000000000000000       -5.5578525483275442E-003   0.0000000000000000     
   8.1180000000000003        0.0000000000000000       -5.4753646474245280E-003   0.0000000000000000     
   8.3160000000000007        0.0000000000000000       -5.3948359868429101E-003   0.0000000000000000     
   8.5140000000000011        0.0000000000000000       -5.3162126721831987E-003   0.0000000000000000     
   8.7119999999999997        0.0000000000000000       -5.2394385818712854E-003   0.0000000000000000     
   8.9100000000000001        0.0000000000000000       -5.1644560669959439E-003   0.0000000000000000     
   9.1080000000000005        0.0000000000000000       -5.0912065264798242E-003   0.0000000000000000     
   9.3060000000000009        0.0000000000000000       -5.0196310128986172E-003   0.0000000000000000     
   9.5040000000000013        0.0000000000000000       -4.9496704601528973E-003   0.0000000000000000     
   9.7020000000000000        0.0000000000000000       -4.8812659975539094E-003   0.0000000000000000     
   9.9000000000000004        0.0000000000000000       -4.8143592364873157E-003   0.0000000000000000     
   10.098000000000001        0.0000000000000000       -4.7488924151277059E-003   0.0000000000000000     
   10.296000000000001        0.0000000000000000       -4.6848082776895479E-003   0.0000000000000000     
   10.494000000000000        0.0000000000000000       -4.6220505350709623E-003   0.0000000000000000     
   10.692000000000000        0.0000000000000000       -4.5605636217425759E-003   0.0000000000000000     
   10.890000000000001        0.0000000000000000       -4.5002926468948601E-003   0.0000000000000000     
   11.088000000000001        0.0000000000000000       -4.4411837198153146E-003   0.0000000000000000     
   11.286000000000001        0.0000000000000000       -4.3831834058264693E-003   0.0000000000000000     
   11.484000000000000        0.0000000000000000       -4.3262391403813601E-003   0.0000000000000000     
   11.682000000000000        0.0000000000000000       -4.2702987271715171E-003   0.0000000000000000     
   11.880000000000001        0.0000000000000000       -4.2153106070470592E-003   0.0000000000000000     
   12.078000000000001        0.0000000000000000       -4.1612234365472397E-003   0.0000000000000000     
   12.276000000000000        0.0000000000000000       -4.1079861231573152E-003   0.0000000000000000     
   12.474000000000000        0.0000000000000000       -4.0555475561580116E-003   0.0000000000000000     
   12.672000000000001        0.0000000000000000       -4.0038565598467914E-003   0.0000000000000000     
   12.870000000000001        0.0000000000000000       -3.9528615909739367E-003   0.0000000000000000     
   13.068000000000001        0.0000000000000000       -3.9025105214403589E-003   0.0000000000000000     
   13.266000000000000        0.0000000000000000       -3.8527505373661462E-003   0.0000000000000000     
   13.464000000000000        0.0000000000000000       -3.8035276367376796E-003   0.0000000000000000     
   13.662000000000001        0.0000000000000000       -3.7547865487546428E-003   0.0000000000000000     
   13.860000000000001        0.0000000000000000       -3.7064702471468597E-003   0.0000000000000000     
   14.058000000000000        0.0000000000000000       -3.6585195957620298E-003   0.0000000000000000     
   14.256000000000000        0.0000000000000000       -3.6108729259440755E-003   0.0000000000000000     
   14.454000000000001        0.0000000000000000       -3.5634656480161872E-003   0.0000000000000000     
   14.652000000000001        0.0000000000000000       -3.5162294618033036E-003   0.0000000000000000     
   14.850000000000001        0.0000000000000000       -3.4690919478366881E-003   0.0000000000000000     
   15.048000000000000        0.0000000000000000       -3.4219757331716140E-003   0.0000000000000000     
   15.246000000000000        0.0000000000000000       -3.3747976429179438E-003   0.0000000000000000     
   15.444000000000001        0.0000000000000000       -3.3274678043006692E-003   0.0000000000000000     
   15.642000000000001        0.0000000000000000       -3.2798885428661825E-003   0.0000000000000000     
   15.840000000000000        0.0000000000000000       -3.2319530888083744E-003   0.0000000000000000     
   16.038000000000000        0.0000000000000000       -3.1835443819218088E-003   0.0000000000000000     
   16.236000000000001        0.0000000000000000       -3.1345331681912445E-003   0.0000000000000000     
   16.434000000000001        0.0000000000000000       -3.0847765701598408E-003   0.0000000000000000     
   16.632000000000001        0.0000000000000000       -3.0341158839504419E-003   0.0000000000000000     
   16.830000000000002        0.0000000000000000       -2.9823747274730023E-003   0.0000000000000000     
   17.028000000000002        0.0000000000000000       -2.9293568720114450E-003   0.0000000000000000     
   17.225999999999999        0.0000000000000000       -2.8760860915495665E-003   0.0000000000000000     
   17.423999999999999        0.0000000000000000       -2.8201476029504169E-003   0.0000000000000000     
   17.622000000000000        0.0000000000000000       -2.7622290005760975E-003   0.0000000000000000     
   17.820000000000000        0.0000000000000000       -2.7020501613957523E-003   0.0000000000000000     
   18.018000000000001        0.0000000000000000       -2.6392213743266311E-003   0.0000000000000000     
   18.216000000000001        0.0000000000000000       -2.5734741188460750E-003   0.0000000000000000     
   18.414000000000001        0.0000000000000000       -2.5045127625843676E-003   0.0000000000000000     
   18.612000000000002        0.0000000000000000       -2.4313023608886486E-003   0.0000000000000000     
   18.810000000000002        0.0000000000000000       -2.3542046889515260E-003   0.0000000000000000     
   19.008000000000003        0.0000000000000000       -2.2736064368253147E-003   0.0000000000000000     
   19.206000000000000        0.0000000000000000       -2.1878523729470700E-003   0.0000000000000000     
   19.404000000000000        0.0000000000000000       -2.0982989902178554E-003   0.0000000000000000     
   19.602000000000000        0.0000000000000000       -2.0016071674317567E-003   0.0000000000000000     
