  -19.602000000000000        0.0000000000000000        2.3602964827593993E-003   0.0000000000000000     
  -19.404000000000000        0.0000000000000000        2.5239166885255779E-003   0.0000000000000000     
  -19.206000000000000        0.0000000000000000        2.6739234398357259E-003   0.0000000000000000     
  -19.008000000000003        0.0000000000000000        2.8090497492470443E-003   0.0000000000000000     
  -18.810000000000002        0.0000000000000000        2.9323543821931164E-003   0.0000000000000000     
  -18.612000000000002        0.0000000000000000        3.0452075587133025E-003   0.0000000000000000     
  -18.414000000000001        0.0000000000000000        3.1500523439512229E-003   0.0000000000000000     
  -18.216000000000001        0.0000000000000000        3.2470870718963418E-003   0.0000000000000000     
  -18.018000000000001        0.0000000000000000        3.3376833438280209E-003   0.0000000000000000     
  -17.820000000000000        0.0000000000000000        3.4223975842390350E-003   0.0000000000000000     
  -17.622000000000000        0.0000000000000000        3.5028934891080401E-003   0.0000000000000000     
  -17.423999999999999        0.0000000000000000        3.5801151638596724E-003   0.0000000000000000     
  -17.225999999999999        0.0000000000000000        3.6541204435983450E-003   0.0000000000000000     
  -17.028000000000002        0.0000000000000000        3.7257646730631498E-003   0.0000000000000000     
  -16.830000000000002        0.0000000000000000        3.7959391382683242E-003   0.0000000000000000     
  -16.632000000000001        0.0000000000000000        3.8646278044784095E-003   0.0000000000000000     
  -16.434000000000001        0.0000000000000000        3.9321869316043612E-003   0.0000000000000000     
  -16.236000000000001        0.0000000000000000        3.9989248265175021E-003   0.0000000000000000     
  -16.038000000000000        0.0000000000000000        4.0651105646330376E-003   0.0000000000000000     
  -15.840000000000000        0.0000000000000000        4.1309805951592130E-003   0.0000000000000000     
  -15.642000000000001        0.0000000000000000        4.1967448877766305E-003   0.0000000000000000     
  -15.444000000000001        0.0000000000000000        4.2625916436944073E-003   0.0000000000000000     
  -15.246000000000000        0.0000000000000000        4.3286910250442713E-003   0.0000000000000000     
  -15.048000000000000        0.0000000000000000        4.3951985091230444E-003   0.0000000000000000     
  -14.850000000000001        0.0000000000000000        4.4622577393605032E-003   0.0000000000000000     
  -14.652000000000001        0.0000000000000000        4.5300026347406264E-003   0.0000000000000000     
  -14.454000000000001        0.0000000000000000        4.5985595337884131E-003   0.0000000000000000     
  -14.256000000000000        0.0000000000000000        4.6680483702599852E-003   0.0000000000000000     
  -14.058000000000000        0.0000000000000000        4.7385848049162462E-003   0.0000000000000000     
  -13.860000000000001        0.0000000000000000        4.8102807633630769E-003   0.0000000000000000     
  -13.662000000000001        0.0000000000000000        4.8832459822843012E-003   0.0000000000000000     
  -13.464000000000000        0.0000000000000000        4.9575885790822160E-003   0.0000000000000000     
  -13.266000000000000        0.0000000000000000        5.0334161849368269E-003   0.0000000000000000     
  -13.068000000000001        0.0000000000000000        5.1108367241441367E-003   0.0000000000000000     
  -12.870000000000001        0.0000000000000000        5.1899589017210552E-003   0.0000000000000000     
  -12.672000000000001        0.0000000000000000        5.2708930200745015E-003   0.0000000000000000     
  -12.474000000000000        0.0000000000000000        5.3537516253774776E-003   0.0000000000000000     
  -12.276000000000000        0.0000000000000000        5.4386500580833070E-003   0.0000000000000000     
  -12.078000000000001        0.0000000000000000        5.5257071025278407E-003   0.0000000000000000     
  -11.880000000000001        0.0000000000000000        5.6150454445775379E-003   0.0000000000000000     
  -11.682000000000000        0.0000000000000000        5.7067924493546963E-003   0.0000000000000000     
  -11.484000000000000        0.0000000000000000        5.8010806066723757E-003   0.0000000000000000     
  -11.286000000000001        0.0000000000000000        5.8980481172663853E-003   0.0000000000000000     
  -11.088000000000001        0.0000000000000000        5.9978397599301141E-003   0.0000000000000000     
  -10.890000000000001        0.0000000000000000        6.1006070966035490E-003   0.0000000000000000     
  -10.692000000000000        0.0000000000000000        6.2065094909052763E-003   0.0000000000000000     
  -10.494000000000000        0.0000000000000000        6.3157147386083993E-003   0.0000000000000000     
  -10.296000000000001        0.0000000000000000        6.4283996835989175E-003   0.0000000000000000     
  -10.098000000000001        0.0000000000000000        6.5447509741703037E-003   0.0000000000000000     
  -9.9000000000000004        0.0000000000000000        6.6649661239559276E-003   0.0000000000000000     
  -9.7020000000000000        0.0000000000000000        6.7892538900763532E-003   0.0000000000000000     
  -9.5040000000000013        0.0000000000000000        6.9178356654403077E-003   0.0000000000000000     
  -9.3060000000000009        0.0000000000000000        7.0509461771995604E-003   0.0000000000000000     
  -9.1080000000000005        0.0000000000000000        7.1888341538643265E-003   0.0000000000000000     
  -8.9100000000000001        0.0000000000000000        7.3317640604946676E-003   0.0000000000000000     
  -8.7119999999999997        0.0000000000000000        7.4800162680717644E-003   0.0000000000000000     
  -8.5140000000000011        0.0000000000000000        7.6338887725587116E-003   0.0000000000000000     
  -8.3160000000000007        0.0000000000000000        7.7936980705615123E-003   0.0000000000000000     
  -8.1180000000000003        0.0000000000000000        7.9597798260988440E-003   0.0000000000000000     
  -7.9199999999999999        0.0000000000000000        8.1324904775551994E-003   0.0000000000000000     
  -7.7220000000000004        0.0000000000000000        8.3122077509795410E-003   0.0000000000000000     
  -7.5240000000000000        0.0000000000000000        8.4993312061060131E-003   0.0000000000000000     
  -7.3260000000000005        0.0000000000000000        8.6942833840459449E-003   0.0000000000000000     
  -7.1280000000000001        0.0000000000000000        8.8975095422851799E-003   0.0000000000000000     
  -6.9300000000000006        0.0000000000000000        9.1094771792923305E-003   0.0000000000000000     
  -6.7320000000000002        0.0000000000000000        9.3306759269046417E-003   0.0000000000000000     
  -6.5340000000000007        0.0000000000000000        9.5616145647848816E-003   0.0000000000000000     
  -6.3360000000000003        0.0000000000000000        9.8028191590656261E-003   0.0000000000000000     
  -6.1379999999999999        0.0000000000000000        1.0054827617581363E-002   0.0000000000000000     
  -5.9400000000000004        0.0000000000000000        1.0318183102132551E-002   0.0000000000000000     
  -5.7420000000000000        0.0000000000000000        1.0593424226036869E-002   0.0000000000000000     
  -5.5440000000000005        0.0000000000000000        1.0881071669305244E-002   0.0000000000000000     
  -5.3460000000000001        0.0000000000000000        1.1181608596211933E-002   0.0000000000000000     
  -5.1480000000000006        0.0000000000000000        1.1495455680175541E-002   0.0000000000000000     
  -4.9500000000000002        0.0000000000000000        1.1822936107160769E-002   0.0000000000000000     
  -4.7520000000000007        0.0000000000000000        1.2164228748208822E-002   0.0000000000000000     
  -4.5540000000000003        0.0000000000000000        1.2519305546334857E-002   0.0000000000000000     
  -4.3559999999999999        0.0000000000000000        1.2887847779140886E-002   0.0000000000000000     
  -4.1580000000000004        0.0000000000000000        1.3269138411735592E-002   0.0000000000000000     
  -3.9600000000000000        0.0000000000000000        1.3661915115538327E-002   0.0000000000000000     
  -3.7620000000000000        0.0000000000000000        1.4064191105850197E-002   0.0000000000000000     
  -3.5640000000000001        0.0000000000000000        1.4473031365419125E-002   0.0000000000000000     
  -3.3660000000000001        0.0000000000000000        1.4884322252501341E-002   0.0000000000000000     
  -3.1680000000000001        0.0000000000000000        1.5292647106534225E-002   0.0000000000000000     
  -2.9700000000000002        0.0000000000000000        1.5691624805177613E-002   0.0000000000000000     
  -2.7720000000000002        0.0000000000000000        1.6075271375453372E-002   0.0000000000000000     
  -2.5740000000000003        0.0000000000000000        1.6437721502900560E-002   0.0000000000000000     
  -2.3760000000000003        0.0000000000000000        1.6761194630487298E-002   0.0000000000000000     
  -2.1779999999999999        0.0000000000000000        1.7016968237948887E-002   0.0000000000000000     
  -1.9800000000000000        0.0000000000000000        1.7174245981116557E-002   0.0000000000000000     
  -1.7820000000000000        0.0000000000000000        1.7188672356840799E-002   0.0000000000000000     
  -1.5840000000000001        0.0000000000000000        1.6995365536464330E-002   0.0000000000000000     
  -1.3860000000000001        0.0000000000000000        1.6523498644939572E-002   0.0000000000000000     
  -1.1880000000000002        0.0000000000000000        1.5702679831223424E-002   0.0000000000000000     
 -0.98999999999999999        0.0000000000000000        1.4456904798009412E-002   0.0000000000000000     
 -0.79200000000000004        0.0000000000000000        1.2695102506334897E-002   0.0000000000000000     
 -0.59400000000000008        0.0000000000000000        1.0330165066614827E-002   0.0000000000000000     
 -0.39600000000000002        0.0000000000000000        7.3354267547996177E-003   0.0000000000000000     
 -0.19800000000000001        0.0000000000000000        3.8146233249083659E-003   0.0000000000000000     
   0.0000000000000000        0.0000000000000000        0.0000000000000000        0.0000000000000000     
  0.19800000000000001        0.0000000000000000       -3.8146233249083659E-003   0.0000000000000000     
  0.39600000000000002        0.0000000000000000       -7.3354267547996177E-003   0.0000000000000000     
  0.59400000000000008        0.0000000000000000       -1.0330165066614827E-002   0.0000000000000000     
  0.79200000000000004        0.0000000000000000       -1.2695102506334897E-002   0.0000000000000000     
  0.98999999999999999        0.0000000000000000       -1.4456904798009412E-002   0.0000000000000000     
   1.1880000000000002        0.0000000000000000       -1.5702679831223424E-002   0.0000000000000000     
   1.3860000000000001        0.0000000000000000       -1.6523498644939572E-002   0.0000000000000000     
   1.5840000000000001        0.0000000000000000       -1.6995365536464330E-002   0.0000000000000000     
   1.7820000000000000        0.0000000000000000       -1.7188672356840799E-002   0.0000000000000000     
   1.9800000000000000        0.0000000000000000       -1.7174245981116557E-002   0.0000000000000000     
   2.1779999999999999        0.0000000000000000       -1.7016968237948887E-002   0.0000000000000000     
   2.3760000000000003        0.0000000000000000       -1.6761194630487298E-002   0.0000000000000000     
   2.5740000000000003        0.0000000000000000       -1.6437721502900560E-002   0.0000000000000000     
   2.7720000000000002        0.0000000000000000       -1.6075271375453372E-002   0.0000000000000000     
   2.9700000000000002        0.0000000000000000       -1.5691624805177613E-002   0.0000000000000000     
   3.1680000000000001        0.0000000000000000       -1.5292647106534225E-002   0.0000000000000000     
   3.3660000000000001        0.0000000000000000       -1.4884322252501341E-002   0.0000000000000000     
   3.5640000000000001        0.0000000000000000       -1.4473031365419125E-002   0.0000000000000000     
   3.7620000000000000        0.0000000000000000       -1.4064191105850197E-002   0.0000000000000000     
   3.9600000000000000        0.0000000000000000       -1.3661915115538327E-002   0.0000000000000000     
   4.1580000000000004        0.0000000000000000       -1.3269138411735592E-002   0.0000000000000000     
   4.3559999999999999        0.0000000000000000       -1.2887847779140886E-002   0.0000000000000000     
   4.5540000000000003        0.0000000000000000       -1.2519305546334857E-002   0.0000000000000000     
   4.7520000000000007        0.0000000000000000       -1.2164228748208822E-002   0.0000000000000000     
   4.9500000000000002        0.0000000000000000       -1.1822936107160769E-002   0.0000000000000000     
   5.1480000000000006        0.0000000000000000       -1.1495455680175541E-002   0.0000000000000000     
   5.3460000000000001        0.0000000000000000       -1.1181608596211933E-002   0.0000000000000000     
   5.5440000000000005        0.0000000000000000       -1.0881071669305244E-002   0.0000000000000000     
   5.7420000000000000        0.0000000000000000       -1.0593424226036869E-002   0.0000000000000000     
   5.9400000000000004        0.0000000000000000       -1.0318183102132551E-002   0.0000000000000000     
   6.1379999999999999        0.0000000000000000       -1.0054827617581363E-002   0.0000000000000000     
   6.3360000000000003        0.0000000000000000       -9.8028191590656261E-003   0.0000000000000000     
   6.5340000000000007        0.0000000000000000       -9.5616145647848816E-003   0.0000000000000000     
   6.7320000000000002        0.0000000000000000       -9.3306759269046417E-003   0.0000000000000000     
   6.9300000000000006        0.0000000000000000       -9.1094771792923305E-003   0.0000000000000000     
   7.1280000000000001        0.0000000000000000       -8.8975095422851799E-003   0.0000000000000000     
   7.3260000000000005        0.0000000000000000       -8.6942833840459449E-003   0.0000000000000000     
   7.5240000000000000        0.0000000000000000       -8.4993312061060131E-003   0.0000000000000000     
   7.7220000000000004        0.0000000000000000       -8.3122077509795410E-003   0.0000000000000000     
   7.9199999999999999        0.0000000000000000       -8.1324904775551994E-003   0.0000000000000000     
   8.1180000000000003        0.0000000000000000       -7.9597798260988440E-003   0.0000000000000000     
   8.3160000000000007        0.0000000000000000       -7.7936980705615123E-003   0.0000000000000000     
   8.5140000000000011        0.0000000000000000       -7.6338887725587116E-003   0.0000000000000000     
   8.7119999999999997        0.0000000000000000       -7.4800162680717644E-003   0.0000000000000000     
   8.9100000000000001        0.0000000000000000       -7.3317640604946676E-003   0.0000000000000000     
   9.1080000000000005        0.0000000000000000       -7.1888341538643265E-003   0.0000000000000000     
   9.3060000000000009        0.0000000000000000       -7.0509461771995604E-003   0.0000000000000000     
   9.5040000000000013        0.0000000000000000       -6.9178356654403077E-003   0.0000000000000000     
   9.7020000000000000        0.0000000000000000       -6.7892538900763532E-003   0.0000000000000000     
   9.9000000000000004        0.0000000000000000       -6.6649661239559276E-003   0.0000000000000000     
   10.098000000000001        0.0000000000000000       -6.5447509741703037E-003   0.0000000000000000     
   10.296000000000001        0.0000000000000000       -6.4283996835989175E-003   0.0000000000000000     
   10.494000000000000        0.0000000000000000       -6.3157147386083993E-003   0.0000000000000000     
   10.692000000000000        0.0000000000000000       -6.2065094909052763E-003   0.0000000000000000     
   10.890000000000001        0.0000000000000000       -6.1006070966035490E-003   0.0000000000000000     
   11.088000000000001        0.0000000000000000       -5.9978397599301141E-003   0.0000000000000000     
   11.286000000000001        0.0000000000000000       -5.8980481172663853E-003   0.0000000000000000     
   11.484000000000000        0.0000000000000000       -5.8010806066723757E-003   0.0000000000000000     
   11.682000000000000        0.0000000000000000       -5.7067924493546963E-003   0.0000000000000000     
   11.880000000000001        0.0000000000000000       -5.6150454445775379E-003   0.0000000000000000     
   12.078000000000001        0.0000000000000000       -5.5257071025278407E-003   0.0000000000000000     
   12.276000000000000        0.0000000000000000       -5.4386500580833070E-003   0.0000000000000000     
   12.474000000000000        0.0000000000000000       -5.3537516253774776E-003   0.0000000000000000     
   12.672000000000001        0.0000000000000000       -5.2708930200745015E-003   0.0000000000000000     
   12.870000000000001        0.0000000000000000       -5.1899589017210552E-003   0.0000000000000000     
   13.068000000000001        0.0000000000000000       -5.1108367241441367E-003   0.0000000000000000     
   13.266000000000000        0.0000000000000000       -5.0334161849368269E-003   0.0000000000000000     
   13.464000000000000        0.0000000000000000       -4.9575885790822160E-003   0.0000000000000000     
   13.662000000000001        0.0000000000000000       -4.8832459822843012E-003   0.0000000000000000     
   13.860000000000001        0.0000000000000000       -4.8102807633630769E-003   0.0000000000000000     
   14.058000000000000        0.0000000000000000       -4.7385848049162462E-003   0.0000000000000000     
   14.256000000000000        0.0000000000000000       -4.6680483702599852E-003   0.0000000000000000     
   14.454000000000001        0.0000000000000000       -4.5985595337884131E-003   0.0000000000000000     
   14.652000000000001        0.0000000000000000       -4.5300026347406264E-003   0.0000000000000000     
   14.850000000000001        0.0000000000000000       -4.4622577393605032E-003   0.0000000000000000     
   15.048000000000000        0.0000000000000000       -4.3951985091230444E-003   0.0000000000000000     
   15.246000000000000        0.0000000000000000       -4.3286910250442713E-003   0.0000000000000000     
   15.444000000000001        0.0000000000000000       -4.2625916436944073E-003   0.0000000000000000     
   15.642000000000001        0.0000000000000000       -4.1967448877766305E-003   0.0000000000000000     
   15.840000000000000        0.0000000000000000       -4.1309805951592130E-003   0.0000000000000000     
   16.038000000000000        0.0000000000000000       -4.0651105646330376E-003   0.0000000000000000     
   16.236000000000001        0.0000000000000000       -3.9989248265175021E-003   0.0000000000000000     
   16.434000000000001        0.0000000000000000       -3.9321869316043612E-003   0.0000000000000000     
   16.632000000000001        0.0000000000000000       -3.8646278044784095E-003   0.0000000000000000     
   16.830000000000002        0.0000000000000000       -3.7959391382683242E-003   0.0000000000000000     
   17.028000000000002        0.0000000000000000       -3.7257646730631498E-003   0.0000000000000000     
   17.225999999999999        0.0000000000000000       -3.6541204435983450E-003   0.0000000000000000     
   17.423999999999999        0.0000000000000000       -3.5801151638596724E-003   0.0000000000000000     
   17.622000000000000        0.0000000000000000       -3.5028934891080401E-003   0.0000000000000000     
   17.820000000000000        0.0000000000000000       -3.4223975842390350E-003   0.0000000000000000     
   18.018000000000001        0.0000000000000000       -3.3376833438280209E-003   0.0000000000000000     
   18.216000000000001        0.0000000000000000       -3.2470870718963418E-003   0.0000000000000000     
   18.414000000000001        0.0000000000000000       -3.1500523439512229E-003   0.0000000000000000     
   18.612000000000002        0.0000000000000000       -3.0452075587133025E-003   0.0000000000000000     
   18.810000000000002        0.0000000000000000       -2.9323543821931164E-003   0.0000000000000000     
   19.008000000000003        0.0000000000000000       -2.8090497492470443E-003   0.0000000000000000     
   19.206000000000000        0.0000000000000000       -2.6739234398357259E-003   0.0000000000000000     
   19.404000000000000        0.0000000000000000       -2.5239166885255779E-003   0.0000000000000000     
   19.602000000000000        0.0000000000000000       -2.3602964827593993E-003   0.0000000000000000     
