  -19.602000000000000        0.0000000000000000        7.8909913185198424E-003   0.0000000000000000     
  -19.404000000000000        0.0000000000000000        8.3557716404581220E-003   0.0000000000000000     
  -19.206000000000000        0.0000000000000000        8.7903677951342834E-003   0.0000000000000000     
  -19.008000000000003        0.0000000000000000        9.1954834895336245E-003   0.0000000000000000     
  -18.810000000000002        0.0000000000000000        9.5747620504138004E-003   0.0000000000000000     
  -18.612000000000002        0.0000000000000000        9.9291129614071643E-003   0.0000000000000000     
  -18.414000000000001        0.0000000000000000        1.0259960382809557E-002   0.0000000000000000     
  -18.216000000000001        0.0000000000000000        1.0572098497738394E-002   0.0000000000000000     
  -18.018000000000001        0.0000000000000000        1.0866874294025072E-002   0.0000000000000000     
  -17.820000000000000        0.0000000000000000        1.1146003573164495E-002   0.0000000000000000     
  -17.622000000000000        0.0000000000000000        1.1411400895106179E-002   0.0000000000000000     
  -17.423999999999999        0.0000000000000000        1.1666215324828231E-002   0.0000000000000000     
  -17.225999999999999        0.0000000000000000        1.1912507635544535E-002   0.0000000000000000     
  -17.028000000000002        0.0000000000000000        1.2150610036445476E-002   0.0000000000000000     
  -16.830000000000002        0.0000000000000000        1.2382401705245849E-002   0.0000000000000000     
  -16.632000000000001        0.0000000000000000        1.2609068550554211E-002   0.0000000000000000     
  -16.434000000000001        0.0000000000000000        1.2831597678280595E-002   0.0000000000000000     
  -16.236000000000001        0.0000000000000000        1.3050862072663540E-002   0.0000000000000000     
  -16.038000000000000        0.0000000000000000        1.3267644819818512E-002   0.0000000000000000     
  -15.840000000000000        0.0000000000000000        1.3483016165519231E-002   0.0000000000000000     
  -15.642000000000001        0.0000000000000000        1.3697161408849927E-002   0.0000000000000000     
  -15.444000000000001        0.0000000000000000        1.3910659413346835E-002   0.0000000000000000     
  -15.246000000000000        0.0000000000000000        1.4124035002280001E-002   0.0000000000000000     
  -15.048000000000000        0.0000000000000000        1.4337766741896940E-002   0.0000000000000000     
  -14.850000000000001        0.0000000000000000        1.4552295379107610E-002   0.0000000000000000     
  -14.652000000000001        0.0000000000000000        1.4768028243754880E-002   0.0000000000000000     
  -14.454000000000001        0.0000000000000000        1.4985345691635938E-002   0.0000000000000000     
  -14.256000000000000        0.0000000000000000        1.5204604651390221E-002   0.0000000000000000     
  -14.058000000000000        0.0000000000000000        1.5426143245224211E-002   0.0000000000000000     
  -13.860000000000001        0.0000000000000000        1.5650283593791881E-002   0.0000000000000000     
  -13.662000000000001        0.0000000000000000        1.5877334893912649E-002   0.0000000000000000     
  -13.464000000000000        0.0000000000000000        1.6107595792995297E-002   0.0000000000000000     
  -13.266000000000000        0.0000000000000000        1.6341356957029075E-002   0.0000000000000000     
  -13.068000000000001        0.0000000000000000        1.6578903027455582E-002   0.0000000000000000     
  -12.870000000000001        0.0000000000000000        1.6820513258096911E-002   0.0000000000000000     
  -12.672000000000001        0.0000000000000000        1.7066465112739737E-002   0.0000000000000000     
  -12.474000000000000        0.0000000000000000        1.7317033727755980E-002   0.0000000000000000     
  -12.276000000000000        0.0000000000000000        1.7572494075446345E-002   0.0000000000000000     
  -12.078000000000001        0.0000000000000000        1.7833121471001943E-002   0.0000000000000000     
  -11.880000000000001        0.0000000000000000        1.8099193827100922E-002   0.0000000000000000     
  -11.682000000000000        0.0000000000000000        1.8370990429826588E-002   0.0000000000000000     
  -11.484000000000000        0.0000000000000000        1.8648795141743110E-002   0.0000000000000000     
  -11.286000000000001        0.0000000000000000        1.8932894733530929E-002   0.0000000000000000     
  -11.088000000000001        0.0000000000000000        1.9223581249193180E-002   0.0000000000000000     
  -10.890000000000001        0.0000000000000000        1.9521151707409194E-002   0.0000000000000000     
  -10.692000000000000        0.0000000000000000        1.9825909238972060E-002   0.0000000000000000     
  -10.494000000000000        0.0000000000000000        2.0138161799106078E-002   0.0000000000000000     
  -10.296000000000001        0.0000000000000000        2.0458224244165941E-002   0.0000000000000000     
  -10.098000000000001        0.0000000000000000        2.0786417440306033E-002   0.0000000000000000     
  -9.9000000000000004        0.0000000000000000        2.1123068513274213E-002   0.0000000000000000     
  -9.7020000000000000        0.0000000000000000        2.1468510304580291E-002   0.0000000000000000     
  -9.5040000000000013        0.0000000000000000        2.1823081411131193E-002   0.0000000000000000     
  -9.3060000000000009        0.0000000000000000        2.2187124897548417E-002   0.0000000000000000     
  -9.1080000000000005        0.0000000000000000        2.2560988851982322E-002   0.0000000000000000     
  -8.9100000000000001        0.0000000000000000        2.2945023390429791E-002   0.0000000000000000     
  -8.7119999999999997        0.0000000000000000        2.3339579931318227E-002   0.0000000000000000     
  -8.5140000000000011        0.0000000000000000        2.3745009693055621E-002   0.0000000000000000     
  -8.3160000000000007        0.0000000000000000        2.4161660199682303E-002   0.0000000000000000     
  -8.1180000000000003        0.0000000000000000        2.4589872216057480E-002   0.0000000000000000     
  -7.9199999999999999        0.0000000000000000        2.5029977154059153E-002   0.0000000000000000     
  -7.7220000000000004        0.0000000000000000        2.5482289287497021E-002   0.0000000000000000     
  -7.5240000000000000        0.0000000000000000        2.5947102353626062E-002   0.0000000000000000     
  -7.3260000000000005        0.0000000000000000        2.6424680657352546E-002   0.0000000000000000     
  -7.1280000000000001        0.0000000000000000        2.6915250936804268E-002   0.0000000000000000     
  -6.9300000000000006        0.0000000000000000        2.7418988032447057E-002   0.0000000000000000     
  -6.7320000000000002        0.0000000000000000        2.7936005670522315E-002   0.0000000000000000     
  -6.5340000000000007        0.0000000000000000        2.8466335760116729E-002   0.0000000000000000     
  -6.3360000000000003        0.0000000000000000        2.9009909689043413E-002   0.0000000000000000     
  -6.1379999999999999        0.0000000000000000        2.9566531271447583E-002   0.0000000000000000     
  -5.9400000000000004        0.0000000000000000        3.0135847335275481E-002   0.0000000000000000     
  -5.7420000000000000        0.0000000000000000        3.0717307946064927E-002   0.0000000000000000     
  -5.5440000000000005        0.0000000000000000        3.1310120871651803E-002   0.0000000000000000     
  -5.3460000000000001        0.0000000000000000        3.1913193091702506E-002   0.0000000000000000     
  -5.1480000000000006        0.0000000000000000        3.2525061383145037E-002   0.0000000000000000     
  -4.9500000000000002        0.0000000000000000        3.3143804788634997E-002   0.0000000000000000     
  -4.7520000000000007        0.0000000000000000        3.3766945897761004E-002   0.0000000000000000     
  -4.5540000000000003        0.0000000000000000        3.4391332123544248E-002   0.0000000000000000     
  -4.3559999999999999        0.0000000000000000        3.5013023166635168E-002   0.0000000000000000     
  -4.1580000000000004        0.0000000000000000        3.5627232704586828E-002   0.0000000000000000     
  -3.9600000000000000        0.0000000000000000        3.6228480046661106E-002   0.0000000000000000     
  -3.7620000000000000        0.0000000000000000        3.6811163976140350E-002   0.0000000000000000     
  -3.5640000000000001        0.0000000000000000        3.7369542727186629E-002   0.0000000000000000     
  -3.3660000000000001        0.0000000000000000        3.7893415204531135E-002   0.0000000000000000     
  -3.1680000000000001        0.0000000000000000        3.8366998653845380E-002   0.0000000000000000     
  -2.9700000000000002        0.0000000000000000        3.8771347654963983E-002   0.0000000000000000     
  -2.7720000000000002        0.0000000000000000        3.9081942537214753E-002   0.0000000000000000     
  -2.5740000000000003        0.0000000000000000        3.9268284915291662E-002   0.0000000000000000     
  -2.3760000000000003        0.0000000000000000        3.9290592264405781E-002   0.0000000000000000     
  -2.1779999999999999        0.0000000000000000        3.9106862023636717E-002   0.0000000000000000     
  -1.9800000000000000        0.0000000000000000        3.8664542727473841E-002   0.0000000000000000     
  -1.7820000000000000        0.0000000000000000        3.7881416525178291E-002   0.0000000000000000     
  -1.5840000000000001        0.0000000000000000        3.6656636690382757E-002   0.0000000000000000     
  -1.3860000000000001        0.0000000000000000        3.4893552261408466E-002   0.0000000000000000     
  -1.1880000000000002        0.0000000000000000        3.2491076905691522E-002   0.0000000000000000     
 -0.98999999999999999        0.0000000000000000        2.9320330664098643E-002   0.0000000000000000     
 -0.79200000000000004        0.0000000000000000        2.5251048319592632E-002   0.0000000000000000     
 -0.59400000000000008        0.0000000000000000        2.0192414360076506E-002   0.0000000000000000     
 -0.39600000000000002        0.0000000000000000        1.4151819998518981E-002   0.0000000000000000     
 -0.19800000000000001        0.0000000000000000        7.3027890743755722E-003   0.0000000000000000     
   0.0000000000000000        0.0000000000000000        0.0000000000000000        0.0000000000000000     
  0.19800000000000001        0.0000000000000000       -7.3027890743755722E-003   0.0000000000000000     
  0.39600000000000002        0.0000000000000000       -1.4151819998518981E-002   0.0000000000000000     
  0.59400000000000008        0.0000000000000000       -2.0192414360076506E-002   0.0000000000000000     
  0.79200000000000004        0.0000000000000000       -2.5251048319592632E-002   0.0000000000000000     
  0.98999999999999999        0.0000000000000000       -2.9320330664098643E-002   0.0000000000000000     
   1.1880000000000002        0.0000000000000000       -3.2491076905691522E-002   0.0000000000000000     
   1.3860000000000001        0.0000000000000000       -3.4893552261408466E-002   0.0000000000000000     
   1.5840000000000001        0.0000000000000000       -3.6656636690382757E-002   0.0000000000000000     
   1.7820000000000000        0.0000000000000000       -3.7881416525178291E-002   0.0000000000000000     
   1.9800000000000000        0.0000000000000000       -3.8664542727473841E-002   0.0000000000000000     
   2.1779999999999999        0.0000000000000000       -3.9106862023636717E-002   0.0000000000000000     
   2.3760000000000003        0.0000000000000000       -3.9290592264405781E-002   0.0000000000000000     
   2.5740000000000003        0.0000000000000000       -3.9268284915291662E-002   0.0000000000000000     
   2.7720000000000002        0.0000000000000000       -3.9081942537214753E-002   0.0000000000000000     
   2.9700000000000002        0.0000000000000000       -3.8771347654963983E-002   0.0000000000000000     
   3.1680000000000001        0.0000000000000000       -3.8366998653845380E-002   0.0000000000000000     
   3.3660000000000001        0.0000000000000000       -3.7893415204531135E-002   0.0000000000000000     
   3.5640000000000001        0.0000000000000000       -3.7369542727186629E-002   0.0000000000000000     
   3.7620000000000000        0.0000000000000000       -3.6811163976140350E-002   0.0000000000000000     
   3.9600000000000000        0.0000000000000000       -3.6228480046661106E-002   0.0000000000000000     
   4.1580000000000004        0.0000000000000000       -3.5627232704586828E-002   0.0000000000000000     
   4.3559999999999999        0.0000000000000000       -3.5013023166635168E-002   0.0000000000000000     
   4.5540000000000003        0.0000000000000000       -3.4391332123544248E-002   0.0000000000000000     
   4.7520000000000007        0.0000000000000000       -3.3766945897761004E-002   0.0000000000000000     
   4.9500000000000002        0.0000000000000000       -3.3143804788634997E-002   0.0000000000000000     
   5.1480000000000006        0.0000000000000000       -3.2525061383145037E-002   0.0000000000000000     
   5.3460000000000001        0.0000000000000000       -3.1913193091702506E-002   0.0000000000000000     
   5.5440000000000005        0.0000000000000000       -3.1310120871651803E-002   0.0000000000000000     
   5.7420000000000000        0.0000000000000000       -3.0717307946064927E-002   0.0000000000000000     
   5.9400000000000004        0.0000000000000000       -3.0135847335275481E-002   0.0000000000000000     
   6.1379999999999999        0.0000000000000000       -2.9566531271447583E-002   0.0000000000000000     
   6.3360000000000003        0.0000000000000000       -2.9009909689043413E-002   0.0000000000000000     
   6.5340000000000007        0.0000000000000000       -2.8466335760116729E-002   0.0000000000000000     
   6.7320000000000002        0.0000000000000000       -2.7936005670522315E-002   0.0000000000000000     
   6.9300000000000006        0.0000000000000000       -2.7418988032447057E-002   0.0000000000000000     
   7.1280000000000001        0.0000000000000000       -2.6915250936804268E-002   0.0000000000000000     
   7.3260000000000005        0.0000000000000000       -2.6424680657352546E-002   0.0000000000000000     
   7.5240000000000000        0.0000000000000000       -2.5947102353626062E-002   0.0000000000000000     
   7.7220000000000004        0.0000000000000000       -2.5482289287497021E-002   0.0000000000000000     
   7.9199999999999999        0.0000000000000000       -2.5029977154059153E-002   0.0000000000000000     
   8.1180000000000003        0.0000000000000000       -2.4589872216057480E-002   0.0000000000000000     
   8.3160000000000007        0.0000000000000000       -2.4161660199682303E-002   0.0000000000000000     
   8.5140000000000011        0.0000000000000000       -2.3745009693055621E-002   0.0000000000000000     
   8.7119999999999997        0.0000000000000000       -2.3339579931318227E-002   0.0000000000000000     
   8.9100000000000001        0.0000000000000000       -2.2945023390429791E-002   0.0000000000000000     
   9.1080000000000005        0.0000000000000000       -2.2560988851982322E-002   0.0000000000000000     
   9.3060000000000009        0.0000000000000000       -2.2187124897548417E-002   0.0000000000000000     
   9.5040000000000013        0.0000000000000000       -2.1823081411131193E-002   0.0000000000000000     
   9.7020000000000000        0.0000000000000000       -2.1468510304580291E-002   0.0000000000000000     
   9.9000000000000004        0.0000000000000000       -2.1123068513274213E-002   0.0000000000000000     
   10.098000000000001        0.0000000000000000       -2.0786417440306033E-002   0.0000000000000000     
   10.296000000000001        0.0000000000000000       -2.0458224244165941E-002   0.0000000000000000     
   10.494000000000000        0.0000000000000000       -2.0138161799106078E-002   0.0000000000000000     
   10.692000000000000        0.0000000000000000       -1.9825909238972060E-002   0.0000000000000000     
   10.890000000000001        0.0000000000000000       -1.9521151707409194E-002   0.0000000000000000     
   11.088000000000001        0.0000000000000000       -1.9223581249193180E-002   0.0000000000000000     
   11.286000000000001        0.0000000000000000       -1.8932894733530929E-002   0.0000000000000000     
   11.484000000000000        0.0000000000000000       -1.8648795141743110E-002   0.0000000000000000     
   11.682000000000000        0.0000000000000000       -1.8370990429826588E-002   0.0000000000000000     
   11.880000000000001        0.0000000000000000       -1.8099193827100922E-002   0.0000000000000000     
   12.078000000000001        0.0000000000000000       -1.7833121471001943E-002   0.0000000000000000     
   12.276000000000000        0.0000000000000000       -1.7572494075446345E-002   0.0000000000000000     
   12.474000000000000        0.0000000000000000       -1.7317033727755980E-002   0.0000000000000000     
   12.672000000000001        0.0000000000000000       -1.7066465112739737E-002   0.0000000000000000     
   12.870000000000001        0.0000000000000000       -1.6820513258096911E-002   0.0000000000000000     
   13.068000000000001        0.0000000000000000       -1.6578903027455582E-002   0.0000000000000000     
   13.266000000000000        0.0000000000000000       -1.6341356957029075E-002   0.0000000000000000     
   13.464000000000000        0.0000000000000000       -1.6107595792995297E-002   0.0000000000000000     
   13.662000000000001        0.0000000000000000       -1.5877334893912649E-002   0.0000000000000000     
   13.860000000000001        0.0000000000000000       -1.5650283593791881E-002   0.0000000000000000     
   14.058000000000000        0.0000000000000000       -1.5426143245224211E-002   0.0000000000000000     
   14.256000000000000        0.0000000000000000       -1.5204604651390221E-002   0.0000000000000000     
   14.454000000000001        0.0000000000000000       -1.4985345691635938E-002   0.0000000000000000     
   14.652000000000001        0.0000000000000000       -1.4768028243754880E-002   0.0000000000000000     
   14.850000000000001        0.0000000000000000       -1.4552295379107610E-002   0.0000000000000000     
   15.048000000000000        0.0000000000000000       -1.4337766741896940E-002   0.0000000000000000     
   15.246000000000000        0.0000000000000000       -1.4124035002280001E-002   0.0000000000000000     
   15.444000000000001        0.0000000000000000       -1.3910659413346835E-002   0.0000000000000000     
   15.642000000000001        0.0000000000000000       -1.3697161408849927E-002   0.0000000000000000     
   15.840000000000000        0.0000000000000000       -1.3483016165519231E-002   0.0000000000000000     
   16.038000000000000        0.0000000000000000       -1.3267644819818512E-002   0.0000000000000000     
   16.236000000000001        0.0000000000000000       -1.3050862072663540E-002   0.0000000000000000     
   16.434000000000001        0.0000000000000000       -1.2831597678280595E-002   0.0000000000000000     
   16.632000000000001        0.0000000000000000       -1.2609068550554211E-002   0.0000000000000000     
   16.830000000000002        0.0000000000000000       -1.2382401705245849E-002   0.0000000000000000     
   17.028000000000002        0.0000000000000000       -1.2150610036445476E-002   0.0000000000000000     
   17.225999999999999        0.0000000000000000       -1.1912507635544535E-002   0.0000000000000000     
   17.423999999999999        0.0000000000000000       -1.1666215324828231E-002   0.0000000000000000     
   17.622000000000000        0.0000000000000000       -1.1411400895106179E-002   0.0000000000000000     
   17.820000000000000        0.0000000000000000       -1.1146003573164495E-002   0.0000000000000000     
   18.018000000000001        0.0000000000000000       -1.0866874294025072E-002   0.0000000000000000     
   18.216000000000001        0.0000000000000000       -1.0572098497738394E-002   0.0000000000000000     
   18.414000000000001        0.0000000000000000       -1.0259960382809557E-002   0.0000000000000000     
   18.612000000000002        0.0000000000000000       -9.9291129614071643E-003   0.0000000000000000     
   18.810000000000002        0.0000000000000000       -9.5747620504138004E-003   0.0000000000000000     
   19.008000000000003        0.0000000000000000       -9.1954834895336245E-003   0.0000000000000000     
   19.206000000000000        0.0000000000000000       -8.7903677951342834E-003   0.0000000000000000     
   19.404000000000000        0.0000000000000000       -8.3557716404581220E-003   0.0000000000000000     
   19.602000000000000        0.0000000000000000       -7.8909913185198424E-003   0.0000000000000000     
