  -19.602000000000000        0.0000000000000000        3.0335116718718724E-003   0.0000000000000000     
  -19.404000000000000        0.0000000000000000        3.2185070630391401E-003   0.0000000000000000     
  -19.206000000000000        0.0000000000000000        3.3890573789720343E-003   0.0000000000000000     
  -19.008000000000003        0.0000000000000000        3.5482486978923498E-003   0.0000000000000000     
  -18.810000000000002        0.0000000000000000        3.6962808115346721E-003   0.0000000000000000     
  -18.612000000000002        0.0000000000000000        3.8337112163851841E-003   0.0000000000000000     
  -18.414000000000001        0.0000000000000000        3.9609018111507821E-003   0.0000000000000000     
  -18.216000000000001        0.0000000000000000        4.0810700987860228E-003   0.0000000000000000     
  -18.018000000000001        0.0000000000000000        4.1939127659916349E-003   0.0000000000000000     
  -17.820000000000000        0.0000000000000000        4.3005631033678059E-003   0.0000000000000000     
  -17.622000000000000        0.0000000000000000        4.4020163494108465E-003   0.0000000000000000     
  -17.423999999999999        0.0000000000000000        4.4986030467900106E-003   0.0000000000000000     
  -17.225999999999999        0.0000000000000000        4.5916205527149340E-003   0.0000000000000000     
  -17.028000000000002        0.0000000000000000        4.6815886051696544E-003   0.0000000000000000     
  -16.830000000000002        0.0000000000000000        4.7692272777043604E-003   0.0000000000000000     
  -16.632000000000001        0.0000000000000000        4.8548686394036837E-003   0.0000000000000000     
  -16.434000000000001        0.0000000000000000        4.9377351410949078E-003   0.0000000000000000     
  -16.236000000000001        0.0000000000000000        5.0208685184487418E-003   0.0000000000000000     
  -16.038000000000000        0.0000000000000000        5.1030127035150055E-003   0.0000000000000000     
  -15.840000000000000        0.0000000000000000        5.1844445899789770E-003   0.0000000000000000     
  -15.642000000000001        0.0000000000000000        5.2654113534352258E-003   0.0000000000000000     
  -15.444000000000001        0.0000000000000000        5.3461351398609424E-003   0.0000000000000000     
  -15.246000000000000        0.0000000000000000        5.4268171171610964E-003   0.0000000000000000     
  -15.048000000000000        0.0000000000000000        5.5076407206446137E-003   0.0000000000000000     
  -14.850000000000001        0.0000000000000000        5.5887746565416009E-003   0.0000000000000000     
  -14.652000000000001        0.0000000000000000        5.6703751565999579E-003   0.0000000000000000     
  -14.454000000000001        0.0000000000000000        5.7525883354569672E-003   0.0000000000000000     
  -14.256000000000000        0.0000000000000000        5.8355517824988015E-003   0.0000000000000000     
  -14.058000000000000        0.0000000000000000        5.9193961186936039E-003   0.0000000000000000     
  -13.860000000000001        0.0000000000000000        6.0042463262135783E-003   0.0000000000000000     
  -13.662000000000001        0.0000000000000000        6.0902232121714745E-003   0.0000000000000000     
  -13.464000000000000        0.0000000000000000        6.1774439008342426E-003   0.0000000000000000     
  -13.266000000000000        0.0000000000000000        6.2660231388187914E-003   0.0000000000000000     
  -13.068000000000001        0.0000000000000000        6.3560742154577824E-003   0.0000000000000000     
  -12.870000000000001        0.0000000000000000        6.4477091605146669E-003   0.0000000000000000     
  -12.672000000000001        0.0000000000000000        6.5410399963789084E-003   0.0000000000000000     
  -12.474000000000000        0.0000000000000000        6.6361789302505280E-003   0.0000000000000000     
  -12.276000000000000        0.0000000000000000        6.7332393680633621E-003   0.0000000000000000     
  -12.078000000000001        0.0000000000000000        6.8323358559540387E-003   0.0000000000000000     
  -11.880000000000001        0.0000000000000000        6.9335852333692483E-003   0.0000000000000000     
  -11.682000000000000        0.0000000000000000        7.0371066427440980E-003   0.0000000000000000     
  -11.484000000000000        0.0000000000000000        7.1430222724313428E-003   0.0000000000000000     
  -11.286000000000001        0.0000000000000000        7.2514576982091626E-003   0.0000000000000000     
  -11.088000000000001        0.0000000000000000        7.3625423049810757E-003   0.0000000000000000     
  -10.890000000000001        0.0000000000000000        7.4764100025135772E-003   0.0000000000000000     
  -10.692000000000000        0.0000000000000000        7.5931991964010631E-003   0.0000000000000000     
  -10.494000000000000        0.0000000000000000        7.7130536798574248E-003   0.0000000000000000     
  -10.296000000000001        0.0000000000000000        7.8361231118730459E-003   0.0000000000000000     
  -10.098000000000001        0.0000000000000000        7.9625628761872819E-003   0.0000000000000000     
  -9.9000000000000004        0.0000000000000000        8.0925352376218663E-003   0.0000000000000000     
  -9.7020000000000000        0.0000000000000000        8.2262095271218895E-003   0.0000000000000000     
  -9.5040000000000013        0.0000000000000000        8.3637624565328864E-003   0.0000000000000000     
  -9.3060000000000009        0.0000000000000000        8.5053787714291645E-003   0.0000000000000000     
  -9.1080000000000005        0.0000000000000000        8.6512518023193433E-003   0.0000000000000000     
  -8.9100000000000001        0.0000000000000000        8.8015833680932104E-003   0.0000000000000000     
  -8.7119999999999997        0.0000000000000000        8.9565851056438162E-003   0.0000000000000000     
  -8.5140000000000011        0.0000000000000000        9.1164778405437401E-003   0.0000000000000000     
  -8.3160000000000007        0.0000000000000000        9.2814926772430383E-003   0.0000000000000000     
  -8.1180000000000003        0.0000000000000000        9.4518709209510492E-003   0.0000000000000000     
  -7.9199999999999999        0.0000000000000000        9.6278642165899819E-003   0.0000000000000000     
  -7.7220000000000004        0.0000000000000000        9.8097348677198600E-003   0.0000000000000000     
  -7.5240000000000000        0.0000000000000000        9.9977551403880351E-003   0.0000000000000000     
  -7.3260000000000005        0.0000000000000000        1.0192207470983450E-002   0.0000000000000000     
  -7.1280000000000001        0.0000000000000000        1.0393383303681458E-002   0.0000000000000000     
  -6.9300000000000006        0.0000000000000000        1.0601581689155773E-002   0.0000000000000000     
  -6.7320000000000002        0.0000000000000000        1.0817108111423194E-002   0.0000000000000000     
  -6.5340000000000007        0.0000000000000000        1.1040271275780793E-002   0.0000000000000000     
  -6.3360000000000003        0.0000000000000000        1.1271379580813860E-002   0.0000000000000000     
  -6.1379999999999999        0.0000000000000000        1.1510735831477416E-002   0.0000000000000000     
  -5.9400000000000004        0.0000000000000000        1.1758630334739702E-002   0.0000000000000000     
  -5.7420000000000000        0.0000000000000000        1.2015330590747875E-002   0.0000000000000000     
  -5.5440000000000005        0.0000000000000000        1.2281067549328693E-002   0.0000000000000000     
  -5.3460000000000001        0.0000000000000000        1.2556018070959626E-002   0.0000000000000000     
  -5.1480000000000006        0.0000000000000000        1.2840277915161947E-002   0.0000000000000000     
  -4.9500000000000002        0.0000000000000000        1.3133827095895169E-002   0.0000000000000000     
  -4.7520000000000007        0.0000000000000000        1.3436481682641027E-002   0.0000000000000000     
  -4.5540000000000003        0.0000000000000000        1.3747828892032151E-002   0.0000000000000000     
  -4.3559999999999999        0.0000000000000000        1.4067143288707815E-002   0.0000000000000000     
  -4.1580000000000004        0.0000000000000000        1.4393293493082732E-002   0.0000000000000000     
  -3.9600000000000000        0.0000000000000000        1.4724683947125590E-002   0.0000000000000000     
  -3.7620000000000000        0.0000000000000000        1.5059417877174755E-002   0.0000000000000000     
  -3.5640000000000001        0.0000000000000000        1.5396204268110574E-002   0.0000000000000000     
  -3.3660000000000001        0.0000000000000000        1.5736570789349973E-002   0.0000000000000000     
  -3.1680000000000001        0.0000000000000000        1.6082972831656397E-002   0.0000000000000000     
  -2.9700000000000002        0.0000000000000000        1.6421145379892140E-002   0.0000000000000000     
  -2.7720000000000002        0.0000000000000000        1.6730684844996846E-002   0.0000000000000000     
  -2.5740000000000003        0.0000000000000000        1.7002252788671002E-002   0.0000000000000000     
  -2.3760000000000003        0.0000000000000000        1.7221292302710085E-002   0.0000000000000000     
  -2.1779999999999999        0.0000000000000000        1.7361959203371722E-002   0.0000000000000000     
  -1.9800000000000000        0.0000000000000000        1.7388911516978182E-002   0.0000000000000000     
  -1.7820000000000000        0.0000000000000000        1.7262257346377773E-002   0.0000000000000000     
  -1.5840000000000001        0.0000000000000000        1.6936934806867431E-002   0.0000000000000000     
  -1.3860000000000001        0.0000000000000000        1.6357724743234218E-002   0.0000000000000000     
  -1.1880000000000002        0.0000000000000000        1.5459134987650114E-002   0.0000000000000000     
 -0.98999999999999999        0.0000000000000000        1.4151789549712218E-002   0.0000000000000000     
 -0.79200000000000004        0.0000000000000000        1.2344561865946315E-002   0.0000000000000000     
 -0.59400000000000008        0.0000000000000000        9.9809207708952442E-003   0.0000000000000000     
 -0.39600000000000002        0.0000000000000000        7.0605047942346906E-003   0.0000000000000000     
 -0.19800000000000001        0.0000000000000000        3.6688644499095809E-003   0.0000000000000000     
   0.0000000000000000        0.0000000000000000        0.0000000000000000        0.0000000000000000     
  0.19800000000000001        0.0000000000000000       -3.6688644499095809E-003   0.0000000000000000     
  0.39600000000000002        0.0000000000000000       -7.0605047942346906E-003   0.0000000000000000     
  0.59400000000000008        0.0000000000000000       -9.9809207708952442E-003   0.0000000000000000     
  0.79200000000000004        0.0000000000000000       -1.2344561865946315E-002   0.0000000000000000     
  0.98999999999999999        0.0000000000000000       -1.4151789549712218E-002   0.0000000000000000     
   1.1880000000000002        0.0000000000000000       -1.5459134987650114E-002   0.0000000000000000     
   1.3860000000000001        0.0000000000000000       -1.6357724743234218E-002   0.0000000000000000     
   1.5840000000000001        0.0000000000000000       -1.6936934806867431E-002   0.0000000000000000     
   1.7820000000000000        0.0000000000000000       -1.7262257346377773E-002   0.0000000000000000     
   1.9800000000000000        0.0000000000000000       -1.7388911516978182E-002   0.0000000000000000     
   2.1779999999999999        0.0000000000000000       -1.7361959203371722E-002   0.0000000000000000     
   2.3760000000000003        0.0000000000000000       -1.7221292302710085E-002   0.0000000000000000     
   2.5740000000000003        0.0000000000000000       -1.7002252788671002E-002   0.0000000000000000     
   2.7720000000000002        0.0000000000000000       -1.6730684844996846E-002   0.0000000000000000     
   2.9700000000000002        0.0000000000000000       -1.6421145379892140E-002   0.0000000000000000     
   3.1680000000000001        0.0000000000000000       -1.6082972831656397E-002   0.0000000000000000     
   3.3660000000000001        0.0000000000000000       -1.5736570789349973E-002   0.0000000000000000     
   3.5640000000000001        0.0000000000000000       -1.5396204268110574E-002   0.0000000000000000     
   3.7620000000000000        0.0000000000000000       -1.5059417877174755E-002   0.0000000000000000     
   3.9600000000000000        0.0000000000000000       -1.4724683947125590E-002   0.0000000000000000     
   4.1580000000000004        0.0000000000000000       -1.4393293493082732E-002   0.0000000000000000     
   4.3559999999999999        0.0000000000000000       -1.4067143288707815E-002   0.0000000000000000     
   4.5540000000000003        0.0000000000000000       -1.3747828892032151E-002   0.0000000000000000     
   4.7520000000000007        0.0000000000000000       -1.3436481682641027E-002   0.0000000000000000     
   4.9500000000000002        0.0000000000000000       -1.3133827095895169E-002   0.0000000000000000     
   5.1480000000000006        0.0000000000000000       -1.2840277915161947E-002   0.0000000000000000     
   5.3460000000000001        0.0000000000000000       -1.2556018070959626E-002   0.0000000000000000     
   5.5440000000000005        0.0000000000000000       -1.2281067549328693E-002   0.0000000000000000     
   5.7420000000000000        0.0000000000000000       -1.2015330590747875E-002   0.0000000000000000     
   5.9400000000000004        0.0000000000000000       -1.1758630334739702E-002   0.0000000000000000     
   6.1379999999999999        0.0000000000000000       -1.1510735831477416E-002   0.0000000000000000     
   6.3360000000000003        0.0000000000000000       -1.1271379580813860E-002   0.0000000000000000     
   6.5340000000000007        0.0000000000000000       -1.1040271275780793E-002   0.0000000000000000     
   6.7320000000000002        0.0000000000000000       -1.0817108111423194E-002   0.0000000000000000     
   6.9300000000000006        0.0000000000000000       -1.0601581689155773E-002   0.0000000000000000     
   7.1280000000000001        0.0000000000000000       -1.0393383303681458E-002   0.0000000000000000     
   7.3260000000000005        0.0000000000000000       -1.0192207470983450E-002   0.0000000000000000     
   7.5240000000000000        0.0000000000000000       -9.9977551403880351E-003   0.0000000000000000     
   7.7220000000000004        0.0000000000000000       -9.8097348677198600E-003   0.0000000000000000     
   7.9199999999999999        0.0000000000000000       -9.6278642165899819E-003   0.0000000000000000     
   8.1180000000000003        0.0000000000000000       -9.4518709209510492E-003   0.0000000000000000     
   8.3160000000000007        0.0000000000000000       -9.2814926772430383E-003   0.0000000000000000     
   8.5140000000000011        0.0000000000000000       -9.1164778405437401E-003   0.0000000000000000     
   8.7119999999999997        0.0000000000000000       -8.9565851056438162E-003   0.0000000000000000     
   8.9100000000000001        0.0000000000000000       -8.8015833680932104E-003   0.0000000000000000     
   9.1080000000000005        0.0000000000000000       -8.6512518023193433E-003   0.0000000000000000     
   9.3060000000000009        0.0000000000000000       -8.5053787714291645E-003   0.0000000000000000     
   9.5040000000000013        0.0000000000000000       -8.3637624565328864E-003   0.0000000000000000     
   9.7020000000000000        0.0000000000000000       -8.2262095271218895E-003   0.0000000000000000     
   9.9000000000000004        0.0000000000000000       -8.0925352376218663E-003   0.0000000000000000     
   10.098000000000001        0.0000000000000000       -7.9625628761872819E-003   0.0000000000000000     
   10.296000000000001        0.0000000000000000       -7.8361231118730459E-003   0.0000000000000000     
   10.494000000000000        0.0000000000000000       -7.7130536798574248E-003   0.0000000000000000     
   10.692000000000000        0.0000000000000000       -7.5931991964010631E-003   0.0000000000000000     
   10.890000000000001        0.0000000000000000       -7.4764100025135772E-003   0.0000000000000000     
   11.088000000000001        0.0000000000000000       -7.3625423049810757E-003   0.0000000000000000     
   11.286000000000001        0.0000000000000000       -7.2514576982091626E-003   0.0000000000000000     
   11.484000000000000        0.0000000000000000       -7.1430222724313428E-003   0.0000000000000000     
   11.682000000000000        0.0000000000000000       -7.0371066427440980E-003   0.0000000000000000     
   11.880000000000001        0.0000000000000000       -6.9335852333692483E-003   0.0000000000000000     
   12.078000000000001        0.0000000000000000       -6.8323358559540387E-003   0.0000000000000000     
   12.276000000000000        0.0000000000000000       -6.7332393680633621E-003   0.0000000000000000     
   12.474000000000000        0.0000000000000000       -6.6361789302505280E-003   0.0000000000000000     
   12.672000000000001        0.0000000000000000       -6.5410399963789084E-003   0.0000000000000000     
   12.870000000000001        0.0000000000000000       -6.4477091605146669E-003   0.0000000000000000     
   13.068000000000001        0.0000000000000000       -6.3560742154577824E-003   0.0000000000000000     
   13.266000000000000        0.0000000000000000       -6.2660231388187914E-003   0.0000000000000000     
   13.464000000000000        0.0000000000000000       -6.1774439008342426E-003   0.0000000000000000     
   13.662000000000001        0.0000000000000000       -6.0902232121714745E-003   0.0000000000000000     
   13.860000000000001        0.0000000000000000       -6.0042463262135783E-003   0.0000000000000000     
   14.058000000000000        0.0000000000000000       -5.9193961186936039E-003   0.0000000000000000     
   14.256000000000000        0.0000000000000000       -5.8355517824988015E-003   0.0000000000000000     
   14.454000000000001        0.0000000000000000       -5.7525883354569672E-003   0.0000000000000000     
   14.652000000000001        0.0000000000000000       -5.6703751565999579E-003   0.0000000000000000     
   14.850000000000001        0.0000000000000000       -5.5887746565416009E-003   0.0000000000000000     
   15.048000000000000        0.0000000000000000       -5.5076407206446137E-003   0.0000000000000000     
   15.246000000000000        0.0000000000000000       -5.4268171171610964E-003   0.0000000000000000     
   15.444000000000001        0.0000000000000000       -5.3461351398609424E-003   0.0000000000000000     
   15.642000000000001        0.0000000000000000       -5.2654113534352258E-003   0.0000000000000000     
   15.840000000000000        0.0000000000000000       -5.1844445899789770E-003   0.0000000000000000     
   16.038000000000000        0.0000000000000000       -5.1030127035150055E-003   0.0000000000000000     
   16.236000000000001        0.0000000000000000       -5.0208685184487418E-003   0.0000000000000000     
   16.434000000000001        0.0000000000000000       -4.9377351410949078E-003   0.0000000000000000     
   16.632000000000001        0.0000000000000000       -4.8548686394036837E-003   0.0000000000000000     
   16.830000000000002        0.0000000000000000       -4.7692272777043604E-003   0.0000000000000000     
   17.028000000000002        0.0000000000000000       -4.6815886051696544E-003   0.0000000000000000     
   17.225999999999999        0.0000000000000000       -4.5916205527149340E-003   0.0000000000000000     
   17.423999999999999        0.0000000000000000       -4.4986030467900106E-003   0.0000000000000000     
   17.622000000000000        0.0000000000000000       -4.4020163494108465E-003   0.0000000000000000     
   17.820000000000000        0.0000000000000000       -4.3005631033678059E-003   0.0000000000000000     
   18.018000000000001        0.0000000000000000       -4.1939127659916349E-003   0.0000000000000000     
   18.216000000000001        0.0000000000000000       -4.0810700987860228E-003   0.0000000000000000     
   18.414000000000001        0.0000000000000000       -3.9609018111507821E-003   0.0000000000000000     
   18.612000000000002        0.0000000000000000       -3.8337112163851841E-003   0.0000000000000000     
   18.810000000000002        0.0000000000000000       -3.6962808115346721E-003   0.0000000000000000     
   19.008000000000003        0.0000000000000000       -3.5482486978923498E-003   0.0000000000000000     
   19.206000000000000        0.0000000000000000       -3.3890573789720343E-003   0.0000000000000000     
   19.404000000000000        0.0000000000000000       -3.2185070630391401E-003   0.0000000000000000     
   19.602000000000000        0.0000000000000000       -3.0335116718718724E-003   0.0000000000000000     
