  -19.602000000000000        0.0000000000000000      -0.14313650652040277        0.0000000000000000     
  -19.404000000000000        0.0000000000000000      -0.14830699839904693        0.0000000000000000     
  -19.206000000000000        0.0000000000000000      -0.15322774707179060        0.0000000000000000     
  -19.008000000000003        0.0000000000000000      -0.15793552976953656        0.0000000000000000     
  -18.810000000000002        0.0000000000000000      -0.16245709984926074        0.0000000000000000     
  -18.612000000000002        0.0000000000000000      -0.16680562262147813        0.0000000000000000     
  -18.414000000000001        0.0000000000000000      -0.17098429211405464        0.0000000000000000     
  -18.216000000000001        0.0000000000000000      -0.17501104534470929        0.0000000000000000     
  -18.018000000000001        0.0000000000000000      -0.17889406590559387        0.0000000000000000     
  -17.820000000000000        0.0000000000000000      -0.18264181642054070        0.0000000000000000     
  -17.622000000000000        0.0000000000000000      -0.18626282278219367        0.0000000000000000     
  -17.423999999999999        0.0000000000000000      -0.18976921219113080        0.0000000000000000     
  -17.225999999999999        0.0000000000000000      -0.19315897535378734        0.0000000000000000     
  -17.028000000000002        0.0000000000000000      -0.19645357930410706        0.0000000000000000     
  -16.830000000000002        0.0000000000000000      -0.19964565229644785        0.0000000000000000     
  -16.632000000000001        0.0000000000000000      -0.20275258110159386        0.0000000000000000     
  -16.434000000000001        0.0000000000000000      -0.20578079356531248        0.0000000000000000     
  -16.236000000000001        0.0000000000000000      -0.20874163781167204        0.0000000000000000     
  -16.038000000000000        0.0000000000000000      -0.21163418392187766        0.0000000000000000     
  -15.840000000000000        0.0000000000000000      -0.21446431716370881        0.0000000000000000     
  -15.642000000000001        0.0000000000000000      -0.21723743703615517        0.0000000000000000     
  -15.444000000000001        0.0000000000000000      -0.21995850121838137        0.0000000000000000     
  -15.246000000000000        0.0000000000000000      -0.22263206535976246        0.0000000000000000     
  -15.048000000000000        0.0000000000000000      -0.22526236198154864        0.0000000000000000     
  -14.850000000000001        0.0000000000000000      -0.22784955407835603        0.0000000000000000     
  -14.652000000000001        0.0000000000000000      -0.23040142852181758        0.0000000000000000     
  -14.454000000000001        0.0000000000000000      -0.23292111952201400        0.0000000000000000     
  -14.256000000000000        0.0000000000000000      -0.23541152484949607        0.0000000000000000     
  -14.058000000000000        0.0000000000000000      -0.23787531966888481        0.0000000000000000     
  -13.860000000000001        0.0000000000000000      -0.24031496414882667        0.0000000000000000     
  -13.662000000000001        0.0000000000000000      -0.24273272761917566        0.0000000000000000     
  -13.464000000000000        0.0000000000000000      -0.24513068986881570        0.0000000000000000     
  -13.266000000000000        0.0000000000000000      -0.24751075486127636        0.0000000000000000     
  -13.068000000000001        0.0000000000000000      -0.24987465380231205        0.0000000000000000     
  -12.870000000000001        0.0000000000000000      -0.25222396558059501        0.0000000000000000     
  -12.672000000000001        0.0000000000000000      -0.25456010296361054        0.0000000000000000     
  -12.474000000000000        0.0000000000000000      -0.25688433619441681        0.0000000000000000     
  -12.276000000000000        0.0000000000000000      -0.25919779001255405        0.0000000000000000     
  -12.078000000000001        0.0000000000000000      -0.26150143633904877        0.0000000000000000     
  -11.880000000000001        0.0000000000000000      -0.26379611448113943        0.0000000000000000     
  -11.682000000000000        0.0000000000000000      -0.26608250995418459        0.0000000000000000     
  -11.484000000000000        0.0000000000000000      -0.26836116277002464        0.0000000000000000     
  -11.286000000000001        0.0000000000000000      -0.27063247351314762        0.0000000000000000     
  -11.088000000000001        0.0000000000000000      -0.27289668254604454        0.0000000000000000     
  -10.890000000000001        0.0000000000000000      -0.27515387295880483        0.0000000000000000     
  -10.692000000000000        0.0000000000000000      -0.27740397239786474        0.0000000000000000     
  -10.494000000000000        0.0000000000000000      -0.27964674704883374        0.0000000000000000     
  -10.296000000000001        0.0000000000000000      -0.28188182340450557        0.0000000000000000     
  -10.098000000000001        0.0000000000000000      -0.28410998443485525        0.0000000000000000     
  -9.9000000000000004        0.0000000000000000      -0.28632925515010710        0.0000000000000000     
  -9.7020000000000000        0.0000000000000000      -0.28853908845939275        0.0000000000000000     
  -9.5040000000000013        0.0000000000000000      -0.29073911433602789        0.0000000000000000     
  -9.3060000000000009        0.0000000000000000      -0.29292915223530658        0.0000000000000000     
  -9.1080000000000005        0.0000000000000000      -0.29510757368586588        0.0000000000000000     
  -8.9100000000000001        0.0000000000000000      -0.29727118356848986        0.0000000000000000     
  -8.7119999999999997        0.0000000000000000      -0.29941668234830171        0.0000000000000000     
  -8.5140000000000011        0.0000000000000000      -0.30154069872678013        0.0000000000000000     
  -8.3160000000000007        0.0000000000000000      -0.30363958830240884        0.0000000000000000     
  -8.1180000000000003        0.0000000000000000      -0.30570932877156853        0.0000000000000000     
  -7.9199999999999999        0.0000000000000000      -0.30774538274287688        0.0000000000000000     
  -7.7220000000000004        0.0000000000000000      -0.30974258768780094        0.0000000000000000     
  -7.5240000000000000        0.0000000000000000      -0.31169509258335870        0.0000000000000000     
  -7.3260000000000005        0.0000000000000000      -0.31359622650766417        0.0000000000000000     
  -7.1280000000000001        0.0000000000000000      -0.31543841640522091        0.0000000000000000     
  -6.9300000000000006        0.0000000000000000      -0.31721305137605926        0.0000000000000000     
  -6.7320000000000002        0.0000000000000000      -0.31891035430936460        0.0000000000000000     
  -6.5340000000000007        0.0000000000000000      -0.32051922750167844        0.0000000000000000     
  -6.3360000000000003        0.0000000000000000      -0.32202706703888956        0.0000000000000000     
  -6.1379999999999999        0.0000000000000000      -0.32341956623522738        0.0000000000000000     
  -5.9400000000000004        0.0000000000000000      -0.32468045925447037        0.0000000000000000     
  -5.7420000000000000        0.0000000000000000      -0.32579121969083980        0.0000000000000000     
  -5.5440000000000005        0.0000000000000000      -0.32673070334355747        0.0000000000000000     
  -5.3460000000000001        0.0000000000000000      -0.32747461891203439        0.0000000000000000     
  -5.1480000000000006        0.0000000000000000      -0.32799485023794750        0.0000000000000000     
  -4.9500000000000002        0.0000000000000000      -0.32825848954600384        0.0000000000000000     
  -4.7520000000000007        0.0000000000000000      -0.32822645496879493        0.0000000000000000     
  -4.5540000000000003        0.0000000000000000      -0.32785259336850653        0.0000000000000000     
  -4.3559999999999999        0.0000000000000000      -0.32708861093880076        0.0000000000000000     
  -4.1580000000000004        0.0000000000000000      -0.32588410765608578        0.0000000000000000     
  -3.9600000000000000        0.0000000000000000      -0.32418083665987130        0.0000000000000000     
  -3.7620000000000000        0.0000000000000000      -0.32191191874614233        0.0000000000000000     
  -3.5640000000000001        0.0000000000000000      -0.31900199754554842        0.0000000000000000     
  -3.3660000000000001        0.0000000000000000      -0.31536779059622511        0.0000000000000000     
  -3.1680000000000001        0.0000000000000000      -0.31091748883576120        0.0000000000000000     
  -2.9700000000000002        0.0000000000000000      -0.30553916156653887        0.0000000000000000     
  -2.7720000000000002        0.0000000000000000      -0.29909519626281211        0.0000000000000000     
  -2.5740000000000003        0.0000000000000000      -0.29142816168702756        0.0000000000000000     
  -2.3760000000000003        0.0000000000000000      -0.28237383959843748        0.0000000000000000     
  -2.1779999999999999        0.0000000000000000      -0.27175262811442147        0.0000000000000000     
  -1.9800000000000000        0.0000000000000000      -0.25936632674049631        0.0000000000000000     
  -1.7820000000000000        0.0000000000000000      -0.24500286830223234        0.0000000000000000     
  -1.5840000000000001        0.0000000000000000      -0.22843006027350388        0.0000000000000000     
  -1.3860000000000001        0.0000000000000000      -0.20940753346758140        0.0000000000000000     
  -1.1880000000000002        0.0000000000000000      -0.18769764778095188        0.0000000000000000     
 -0.98999999999999999        0.0000000000000000      -0.16308234771255950        0.0000000000000000     
 -0.79200000000000004        0.0000000000000000      -0.13544965079939536        0.0000000000000000     
 -0.59400000000000008        0.0000000000000000      -0.10487189510506231        0.0000000000000000     
 -0.39600000000000002        0.0000000000000000       -7.1647073619094101E-002   0.0000000000000000     
 -0.19800000000000001        0.0000000000000000       -3.6381496640224990E-002   0.0000000000000000     
   0.0000000000000000        0.0000000000000000        0.0000000000000000        0.0000000000000000     
  0.19800000000000001        0.0000000000000000        3.6381496640224990E-002   0.0000000000000000     
  0.39600000000000002        0.0000000000000000        7.1647073619094101E-002   0.0000000000000000     
  0.59400000000000008        0.0000000000000000       0.10487189510506231        0.0000000000000000     
  0.79200000000000004        0.0000000000000000       0.13544965079939536        0.0000000000000000     
  0.98999999999999999        0.0000000000000000       0.16308234771255950        0.0000000000000000     
   1.1880000000000002        0.0000000000000000       0.18769764778095188        0.0000000000000000     
   1.3860000000000001        0.0000000000000000       0.20940753346758140        0.0000000000000000     
   1.5840000000000001        0.0000000000000000       0.22843006027350388        0.0000000000000000     
   1.7820000000000000        0.0000000000000000       0.24500286830223234        0.0000000000000000     
   1.9800000000000000        0.0000000000000000       0.25936632674049631        0.0000000000000000     
   2.1779999999999999        0.0000000000000000       0.27175262811442147        0.0000000000000000     
   2.3760000000000003        0.0000000000000000       0.28237383959843748        0.0000000000000000     
   2.5740000000000003        0.0000000000000000       0.29142816168702756        0.0000000000000000     
   2.7720000000000002        0.0000000000000000       0.29909519626281211        0.0000000000000000     
   2.9700000000000002        0.0000000000000000       0.30553916156653887        0.0000000000000000     
   3.1680000000000001        0.0000000000000000       0.31091748883576120        0.0000000000000000     
   3.3660000000000001        0.0000000000000000       0.31536779059622511        0.0000000000000000     
   3.5640000000000001        0.0000000000000000       0.31900199754554842        0.0000000000000000     
   3.7620000000000000        0.0000000000000000       0.32191191874614233        0.0000000000000000     
   3.9600000000000000        0.0000000000000000       0.32418083665987130        0.0000000000000000     
   4.1580000000000004        0.0000000000000000       0.32588410765608578        0.0000000000000000     
   4.3559999999999999        0.0000000000000000       0.32708861093880076        0.0000000000000000     
   4.5540000000000003        0.0000000000000000       0.32785259336850653        0.0000000000000000     
   4.7520000000000007        0.0000000000000000       0.32822645496879493        0.0000000000000000     
   4.9500000000000002        0.0000000000000000       0.32825848954600384        0.0000000000000000     
   5.1480000000000006        0.0000000000000000       0.32799485023794750        0.0000000000000000     
   5.3460000000000001        0.0000000000000000       0.32747461891203439        0.0000000000000000     
   5.5440000000000005        0.0000000000000000       0.32673070334355747        0.0000000000000000     
   5.7420000000000000        0.0000000000000000       0.32579121969083980        0.0000000000000000     
   5.9400000000000004        0.0000000000000000       0.32468045925447037        0.0000000000000000     
   6.1379999999999999        0.0000000000000000       0.32341956623522738        0.0000000000000000     
   6.3360000000000003        0.0000000000000000       0.32202706703888956        0.0000000000000000     
   6.5340000000000007        0.0000000000000000       0.32051922750167844        0.0000000000000000     
   6.7320000000000002        0.0000000000000000       0.31891035430936460        0.0000000000000000     
   6.9300000000000006        0.0000000000000000       0.31721305137605926        0.0000000000000000     
   7.1280000000000001        0.0000000000000000       0.31543841640522091        0.0000000000000000     
   7.3260000000000005        0.0000000000000000       0.31359622650766417        0.0000000000000000     
   7.5240000000000000        0.0000000000000000       0.31169509258335870        0.0000000000000000     
   7.7220000000000004        0.0000000000000000       0.30974258768780094        0.0000000000000000     
   7.9199999999999999        0.0000000000000000       0.30774538274287688        0.0000000000000000     
   8.1180000000000003        0.0000000000000000       0.30570932877156853        0.0000000000000000     
   8.3160000000000007        0.0000000000000000       0.30363958830240884        0.0000000000000000     
   8.5140000000000011        0.0000000000000000       0.30154069872678013        0.0000000000000000     
   8.7119999999999997        0.0000000000000000       0.29941668234830171        0.0000000000000000     
   8.9100000000000001        0.0000000000000000       0.29727118356848986        0.0000000000000000     
   9.1080000000000005        0.0000000000000000       0.29510757368586588        0.0000000000000000     
   9.3060000000000009        0.0000000000000000       0.29292915223530658        0.0000000000000000     
   9.5040000000000013        0.0000000000000000       0.29073911433602789        0.0000000000000000     
   9.7020000000000000        0.0000000000000000       0.28853908845939275        0.0000000000000000     
   9.9000000000000004        0.0000000000000000       0.28632925515010710        0.0000000000000000     
   10.098000000000001        0.0000000000000000       0.28410998443485525        0.0000000000000000     
   10.296000000000001        0.0000000000000000       0.28188182340450557        0.0000000000000000     
   10.494000000000000        0.0000000000000000       0.27964674704883374        0.0000000000000000     
   10.692000000000000        0.0000000000000000       0.27740397239786474        0.0000000000000000     
   10.890000000000001        0.0000000000000000       0.27515387295880483        0.0000000000000000     
   11.088000000000001        0.0000000000000000       0.27289668254604454        0.0000000000000000     
   11.286000000000001        0.0000000000000000       0.27063247351314762        0.0000000000000000     
   11.484000000000000        0.0000000000000000       0.26836116277002464        0.0000000000000000     
   11.682000000000000        0.0000000000000000       0.26608250995418459        0.0000000000000000     
   11.880000000000001        0.0000000000000000       0.26379611448113943        0.0000000000000000     
   12.078000000000001        0.0000000000000000       0.26150143633904877        0.0000000000000000     
   12.276000000000000        0.0000000000000000       0.25919779001255405        0.0000000000000000     
   12.474000000000000        0.0000000000000000       0.25688433619441681        0.0000000000000000     
   12.672000000000001        0.0000000000000000       0.25456010296361054        0.0000000000000000     
   12.870000000000001        0.0000000000000000       0.25222396558059501        0.0000000000000000     
   13.068000000000001        0.0000000000000000       0.24987465380231205        0.0000000000000000     
   13.266000000000000        0.0000000000000000       0.24751075486127636        0.0000000000000000     
   13.464000000000000        0.0000000000000000       0.24513068986881570        0.0000000000000000     
   13.662000000000001        0.0000000000000000       0.24273272761917566        0.0000000000000000     
   13.860000000000001        0.0000000000000000       0.24031496414882667        0.0000000000000000     
   14.058000000000000        0.0000000000000000       0.23787531966888481        0.0000000000000000     
   14.256000000000000        0.0000000000000000       0.23541152484949607        0.0000000000000000     
   14.454000000000001        0.0000000000000000       0.23292111952201400        0.0000000000000000     
   14.652000000000001        0.0000000000000000       0.23040142852181758        0.0000000000000000     
   14.850000000000001        0.0000000000000000       0.22784955407835603        0.0000000000000000     
   15.048000000000000        0.0000000000000000       0.22526236198154864        0.0000000000000000     
   15.246000000000000        0.0000000000000000       0.22263206535976246        0.0000000000000000     
   15.444000000000001        0.0000000000000000       0.21995850121838137        0.0000000000000000     
   15.642000000000001        0.0000000000000000       0.21723743703615517        0.0000000000000000     
   15.840000000000000        0.0000000000000000       0.21446431716370881        0.0000000000000000     
   16.038000000000000        0.0000000000000000       0.21163418392187766        0.0000000000000000     
   16.236000000000001        0.0000000000000000       0.20874163781167204        0.0000000000000000     
   16.434000000000001        0.0000000000000000       0.20578079356531248        0.0000000000000000     
   16.632000000000001        0.0000000000000000       0.20275258110159386        0.0000000000000000     
   16.830000000000002        0.0000000000000000       0.19964565229644785        0.0000000000000000     
   17.028000000000002        0.0000000000000000       0.19645357930410706        0.0000000000000000     
   17.225999999999999        0.0000000000000000       0.19315897535378734        0.0000000000000000     
   17.423999999999999        0.0000000000000000       0.18976921219113080        0.0000000000000000     
   17.622000000000000        0.0000000000000000       0.18626282278219367        0.0000000000000000     
   17.820000000000000        0.0000000000000000       0.18264181642054070        0.0000000000000000     
   18.018000000000001        0.0000000000000000       0.17889406590559387        0.0000000000000000     
   18.216000000000001        0.0000000000000000       0.17501104534470929        0.0000000000000000     
   18.414000000000001        0.0000000000000000       0.17098429211405464        0.0000000000000000     
   18.612000000000002        0.0000000000000000       0.16680562262147813        0.0000000000000000     
   18.810000000000002        0.0000000000000000       0.16245709984926074        0.0000000000000000     
   19.008000000000003        0.0000000000000000       0.15793552976953656        0.0000000000000000     
   19.206000000000000        0.0000000000000000       0.15322774707179060        0.0000000000000000     
   19.404000000000000        0.0000000000000000       0.14830699839904693        0.0000000000000000     
   19.602000000000000        0.0000000000000000       0.14313650652040277        0.0000000000000000     
