  -19.602000000000000        0.0000000000000000        2.5236231273245537E-003   0.0000000000000000     
  -19.404000000000000        0.0000000000000000        2.6890196436822086E-003   0.0000000000000000     
  -19.206000000000000        0.0000000000000000        2.8393095994281694E-003   0.0000000000000000     
  -19.008000000000003        0.0000000000000000        2.9764466578450391E-003   0.0000000000000000     
  -18.810000000000002        0.0000000000000000        3.1033735145796380E-003   0.0000000000000000     
  -18.612000000000002        0.0000000000000000        3.2209247824056711E-003   0.0000000000000000     
  -18.414000000000001        0.0000000000000000        3.3291988376881643E-003   0.0000000000000000     
  -18.216000000000001        0.0000000000000000        3.4311298075006581E-003   0.0000000000000000     
  -18.018000000000001        0.0000000000000000        3.5268806283890392E-003   0.0000000000000000     
  -17.820000000000000        0.0000000000000000        3.6165529821081568E-003   0.0000000000000000     
  -17.622000000000000        0.0000000000000000        3.7023775892362351E-003   0.0000000000000000     
  -17.423999999999999        0.0000000000000000        3.7840417300314066E-003   0.0000000000000000     
  -17.225999999999999        0.0000000000000000        3.8626787236680613E-003   0.0000000000000000     
  -17.028000000000002        0.0000000000000000        3.9388034606553145E-003   0.0000000000000000     
  -16.830000000000002        0.0000000000000000        4.0128701191601860E-003   0.0000000000000000     
  -16.632000000000001        0.0000000000000000        4.0847414162778510E-003   0.0000000000000000     
  -16.434000000000001        0.0000000000000000        4.1560955498548052E-003   0.0000000000000000     
  -16.236000000000001        0.0000000000000000        4.2264031860451178E-003   0.0000000000000000     
  -16.038000000000000        0.0000000000000000        4.2959339712871384E-003   0.0000000000000000     
  -15.840000000000000        0.0000000000000000        4.3649269421369196E-003   0.0000000000000000     
  -15.642000000000001        0.0000000000000000        4.4335955580145680E-003   0.0000000000000000     
  -15.444000000000001        0.0000000000000000        4.5021318578287355E-003   0.0000000000000000     
  -15.246000000000000        0.0000000000000000        4.5707096146605699E-003   0.0000000000000000     
  -15.048000000000000        0.0000000000000000        4.6394876996845675E-003   0.0000000000000000     
  -14.850000000000001        0.0000000000000000        4.7086123049648754E-003   0.0000000000000000     
  -14.652000000000001        0.0000000000000000        4.7782192764005390E-003   0.0000000000000000     
  -14.454000000000001        0.0000000000000000        4.8484357364635819E-003   0.0000000000000000     
  -14.256000000000000        0.0000000000000000        4.9193817507201540E-003   0.0000000000000000     
  -14.058000000000000        0.0000000000000000        4.9911717371838547E-003   0.0000000000000000     
  -13.860000000000001        0.0000000000000000        5.0639156263361136E-003   0.0000000000000000     
  -13.662000000000001        0.0000000000000000        5.1377196727256779E-003   0.0000000000000000     
  -13.464000000000000        0.0000000000000000        5.2126877785993314E-003   0.0000000000000000     
  -13.266000000000000        0.0000000000000000        5.2889218872580381E-003   0.0000000000000000     
  -13.068000000000001        0.0000000000000000        5.3665228944356855E-003   0.0000000000000000     
  -12.870000000000001        0.0000000000000000        5.4455914891640778E-003   0.0000000000000000     
  -12.672000000000001        0.0000000000000000        5.5262283173832796E-003   0.0000000000000000     
  -12.474000000000000        0.0000000000000000        5.6085350025475555E-003   0.0000000000000000     
  -12.276000000000000        0.0000000000000000        5.6926143746798431E-003   0.0000000000000000     
  -12.078000000000001        0.0000000000000000        5.7785710897866986E-003   0.0000000000000000     
  -11.880000000000001        0.0000000000000000        5.8665120819758844E-003   0.0000000000000000     
  -11.682000000000000        0.0000000000000000        5.9565470284784561E-003   0.0000000000000000     
  -11.484000000000000        0.0000000000000000        6.0487887328656599E-003   0.0000000000000000     
  -11.286000000000001        0.0000000000000000        6.1433536617369507E-003   0.0000000000000000     
  -11.088000000000001        0.0000000000000000        6.2403625254214938E-003   0.0000000000000000     
  -10.890000000000001        0.0000000000000000        6.3399402922652680E-003   0.0000000000000000     
  -10.692000000000000        0.0000000000000000        6.4422171834280385E-003   0.0000000000000000     
  -10.494000000000000        0.0000000000000000        6.5473286463830953E-003   0.0000000000000000     
  -10.296000000000001        0.0000000000000000        6.6554159393057508E-003   0.0000000000000000     
  -10.098000000000001        0.0000000000000000        6.7666270848525069E-003   0.0000000000000000     
  -9.9000000000000004        0.0000000000000000        6.8811164862528440E-003   0.0000000000000000     
  -9.7020000000000000        0.0000000000000000        6.9990462776706565E-003   0.0000000000000000     
  -9.5040000000000013        0.0000000000000000        7.1205862034551971E-003   0.0000000000000000     
  -9.3060000000000009        0.0000000000000000        7.2459142967783614E-003   0.0000000000000000     
  -9.1080000000000005        0.0000000000000000        7.3752176444554307E-003   0.0000000000000000     
  -8.9100000000000001        0.0000000000000000        7.5086926185343617E-003   0.0000000000000000     
  -8.7119999999999997        0.0000000000000000        7.6465454180534237E-003   0.0000000000000000     
  -8.5140000000000011        0.0000000000000000        7.7889925776158785E-003   0.0000000000000000     
  -8.3160000000000007        0.0000000000000000        7.9362615762048165E-003   0.0000000000000000     
  -8.1180000000000003        0.0000000000000000        8.0885908086089538E-003   0.0000000000000000     
  -7.9199999999999999        0.0000000000000000        8.2462304855099606E-003   0.0000000000000000     
  -7.7220000000000004        0.0000000000000000        8.4094423781581520E-003   0.0000000000000000     
  -7.5240000000000000        0.0000000000000000        8.5784999068603349E-003   0.0000000000000000     
  -7.3260000000000005        0.0000000000000000        8.7536885640623306E-003   0.0000000000000000     
  -7.1280000000000001        0.0000000000000000        8.9353048935125988E-003   0.0000000000000000     
  -6.9300000000000006        0.0000000000000000        9.1236556049228926E-003   0.0000000000000000     
  -6.7320000000000002        0.0000000000000000        9.3190571674772044E-003   0.0000000000000000     
  -6.5340000000000007        0.0000000000000000        9.5218325166551033E-003   0.0000000000000000     
  -6.3360000000000003        0.0000000000000000        9.7323096352000486E-003   0.0000000000000000     
  -6.1379999999999999        0.0000000000000000        9.9508160447508640E-003   0.0000000000000000     
  -5.9400000000000004        0.0000000000000000        1.0177674151242650E-002   0.0000000000000000     
  -5.7420000000000000        0.0000000000000000        1.0413192810447912E-002   0.0000000000000000     
  -5.5440000000000005        0.0000000000000000        1.0657656722800142E-002   0.0000000000000000     
  -5.3460000000000001        0.0000000000000000        1.0911310756757624E-002   0.0000000000000000     
  -5.1480000000000006        0.0000000000000000        1.1174340735879439E-002   0.0000000000000000     
  -4.9500000000000002        0.0000000000000000        1.1446845051969893E-002   0.0000000000000000     
  -4.7520000000000007        0.0000000000000000        1.1728796047737307E-002   0.0000000000000000     
  -4.5540000000000003        0.0000000000000000        1.2019988188263150E-002   0.0000000000000000     
  -4.3559999999999999        0.0000000000000000        1.2319967338241701E-002   0.0000000000000000     
  -4.1580000000000004        0.0000000000000000        1.2627934502064612E-002   0.0000000000000000     
  -3.9600000000000000        0.0000000000000000        1.2942624867615347E-002   0.0000000000000000     
  -3.7620000000000000        0.0000000000000000        1.3262173135023278E-002   0.0000000000000000     
  -3.5640000000000001        0.0000000000000000        1.3584054024486062E-002   0.0000000000000000     
  -3.3660000000000001        0.0000000000000000        1.3905434898500461E-002   0.0000000000000000     
  -3.1680000000000001        0.0000000000000000        1.4224857667441859E-002   0.0000000000000000     
  -2.9700000000000002        0.0000000000000000        1.4543337894128714E-002   0.0000000000000000     
  -2.7720000000000002        0.0000000000000000        1.4850369630097018E-002   0.0000000000000000     
  -2.5740000000000003        0.0000000000000000        1.5126531799815398E-002   0.0000000000000000     
  -2.3760000000000003        0.0000000000000000        1.5356230232459619E-002   0.0000000000000000     
  -2.1779999999999999        0.0000000000000000        1.5519935945139429E-002   0.0000000000000000     
  -1.9800000000000000        0.0000000000000000        1.5589636144514335E-002   0.0000000000000000     
  -1.7820000000000000        0.0000000000000000        1.5533394146168281E-002   0.0000000000000000     
  -1.5840000000000001        0.0000000000000000        1.5306061342467970E-002   0.0000000000000000     
  -1.3860000000000001        0.0000000000000000        1.4853995076778885E-002   0.0000000000000000     
  -1.1880000000000002        0.0000000000000000        1.4120388307107976E-002   0.0000000000000000     
 -0.98999999999999999        0.0000000000000000        1.3020873696747879E-002   0.0000000000000000     
 -0.79200000000000004        0.0000000000000000        1.1461807679838027E-002   0.0000000000000000     
 -0.59400000000000008        0.0000000000000000        9.3644862956453623E-003   0.0000000000000000     
 -0.39600000000000002        0.0000000000000000        6.6886819237771721E-003   0.0000000000000000     
 -0.19800000000000001        0.0000000000000000        3.4963159866546168E-003   0.0000000000000000     
   0.0000000000000000        0.0000000000000000        0.0000000000000000        0.0000000000000000     
  0.19800000000000001        0.0000000000000000       -3.4963159866546168E-003   0.0000000000000000     
  0.39600000000000002        0.0000000000000000       -6.6886819237771721E-003   0.0000000000000000     
  0.59400000000000008        0.0000000000000000       -9.3644862956453623E-003   0.0000000000000000     
  0.79200000000000004        0.0000000000000000       -1.1461807679838027E-002   0.0000000000000000     
  0.98999999999999999        0.0000000000000000       -1.3020873696747879E-002   0.0000000000000000     
   1.1880000000000002        0.0000000000000000       -1.4120388307107976E-002   0.0000000000000000     
   1.3860000000000001        0.0000000000000000       -1.4853995076778885E-002   0.0000000000000000     
   1.5840000000000001        0.0000000000000000       -1.5306061342467970E-002   0.0000000000000000     
   1.7820000000000000        0.0000000000000000       -1.5533394146168281E-002   0.0000000000000000     
   1.9800000000000000        0.0000000000000000       -1.5589636144514335E-002   0.0000000000000000     
   2.1779999999999999        0.0000000000000000       -1.5519935945139429E-002   0.0000000000000000     
   2.3760000000000003        0.0000000000000000       -1.5356230232459619E-002   0.0000000000000000     
   2.5740000000000003        0.0000000000000000       -1.5126531799815398E-002   0.0000000000000000     
   2.7720000000000002        0.0000000000000000       -1.4850369630097018E-002   0.0000000000000000     
   2.9700000000000002        0.0000000000000000       -1.4543337894128714E-002   0.0000000000000000     
   3.1680000000000001        0.0000000000000000       -1.4224857667441859E-002   0.0000000000000000     
   3.3660000000000001        0.0000000000000000       -1.3905434898500461E-002   0.0000000000000000     
   3.5640000000000001        0.0000000000000000       -1.3584054024486062E-002   0.0000000000000000     
   3.7620000000000000        0.0000000000000000       -1.3262173135023278E-002   0.0000000000000000     
   3.9600000000000000        0.0000000000000000       -1.2942624867615347E-002   0.0000000000000000     
   4.1580000000000004        0.0000000000000000       -1.2627934502064612E-002   0.0000000000000000     
   4.3559999999999999        0.0000000000000000       -1.2319967338241701E-002   0.0000000000000000     
   4.5540000000000003        0.0000000000000000       -1.2019988188263150E-002   0.0000000000000000     
   4.7520000000000007        0.0000000000000000       -1.1728796047737307E-002   0.0000000000000000     
   4.9500000000000002        0.0000000000000000       -1.1446845051969893E-002   0.0000000000000000     
   5.1480000000000006        0.0000000000000000       -1.1174340735879439E-002   0.0000000000000000     
   5.3460000000000001        0.0000000000000000       -1.0911310756757624E-002   0.0000000000000000     
   5.5440000000000005        0.0000000000000000       -1.0657656722800142E-002   0.0000000000000000     
   5.7420000000000000        0.0000000000000000       -1.0413192810447912E-002   0.0000000000000000     
   5.9400000000000004        0.0000000000000000       -1.0177674151242650E-002   0.0000000000000000     
   6.1379999999999999        0.0000000000000000       -9.9508160447508640E-003   0.0000000000000000     
   6.3360000000000003        0.0000000000000000       -9.7323096352000486E-003   0.0000000000000000     
   6.5340000000000007        0.0000000000000000       -9.5218325166551033E-003   0.0000000000000000     
   6.7320000000000002        0.0000000000000000       -9.3190571674772044E-003   0.0000000000000000     
   6.9300000000000006        0.0000000000000000       -9.1236556049228926E-003   0.0000000000000000     
   7.1280000000000001        0.0000000000000000       -8.9353048935125988E-003   0.0000000000000000     
   7.3260000000000005        0.0000000000000000       -8.7536885640623306E-003   0.0000000000000000     
   7.5240000000000000        0.0000000000000000       -8.5784999068603349E-003   0.0000000000000000     
   7.7220000000000004        0.0000000000000000       -8.4094423781581520E-003   0.0000000000000000     
   7.9199999999999999        0.0000000000000000       -8.2462304855099606E-003   0.0000000000000000     
   8.1180000000000003        0.0000000000000000       -8.0885908086089538E-003   0.0000000000000000     
   8.3160000000000007        0.0000000000000000       -7.9362615762048165E-003   0.0000000000000000     
   8.5140000000000011        0.0000000000000000       -7.7889925776158785E-003   0.0000000000000000     
   8.7119999999999997        0.0000000000000000       -7.6465454180534237E-003   0.0000000000000000     
   8.9100000000000001        0.0000000000000000       -7.5086926185343617E-003   0.0000000000000000     
   9.1080000000000005        0.0000000000000000       -7.3752176444554307E-003   0.0000000000000000     
   9.3060000000000009        0.0000000000000000       -7.2459142967783614E-003   0.0000000000000000     
   9.5040000000000013        0.0000000000000000       -7.1205862034551971E-003   0.0000000000000000     
   9.7020000000000000        0.0000000000000000       -6.9990462776706565E-003   0.0000000000000000     
   9.9000000000000004        0.0000000000000000       -6.8811164862528440E-003   0.0000000000000000     
   10.098000000000001        0.0000000000000000       -6.7666270848525069E-003   0.0000000000000000     
   10.296000000000001        0.0000000000000000       -6.6554159393057508E-003   0.0000000000000000     
   10.494000000000000        0.0000000000000000       -6.5473286463830953E-003   0.0000000000000000     
   10.692000000000000        0.0000000000000000       -6.4422171834280385E-003   0.0000000000000000     
   10.890000000000001        0.0000000000000000       -6.3399402922652680E-003   0.0000000000000000     
   11.088000000000001        0.0000000000000000       -6.2403625254214938E-003   0.0000000000000000     
   11.286000000000001        0.0000000000000000       -6.1433536617369507E-003   0.0000000000000000     
   11.484000000000000        0.0000000000000000       -6.0487887328656599E-003   0.0000000000000000     
   11.682000000000000        0.0000000000000000       -5.9565470284784561E-003   0.0000000000000000     
   11.880000000000001        0.0000000000000000       -5.8665120819758844E-003   0.0000000000000000     
   12.078000000000001        0.0000000000000000       -5.7785710897866986E-003   0.0000000000000000     
   12.276000000000000        0.0000000000000000       -5.6926143746798431E-003   0.0000000000000000     
   12.474000000000000        0.0000000000000000       -5.6085350025475555E-003   0.0000000000000000     
   12.672000000000001        0.0000000000000000       -5.5262283173832796E-003   0.0000000000000000     
   12.870000000000001        0.0000000000000000       -5.4455914891640778E-003   0.0000000000000000     
   13.068000000000001        0.0000000000000000       -5.3665228944356855E-003   0.0000000000000000     
   13.266000000000000        0.0000000000000000       -5.2889218872580381E-003   0.0000000000000000     
   13.464000000000000        0.0000000000000000       -5.2126877785993314E-003   0.0000000000000000     
   13.662000000000001        0.0000000000000000       -5.1377196727256779E-003   0.0000000000000000     
   13.860000000000001        0.0000000000000000       -5.0639156263361136E-003   0.0000000000000000     
   14.058000000000000        0.0000000000000000       -4.9911717371838547E-003   0.0000000000000000     
   14.256000000000000        0.0000000000000000       -4.9193817507201540E-003   0.0000000000000000     
   14.454000000000001        0.0000000000000000       -4.8484357364635819E-003   0.0000000000000000     
   14.652000000000001        0.0000000000000000       -4.7782192764005390E-003   0.0000000000000000     
   14.850000000000001        0.0000000000000000       -4.7086123049648754E-003   0.0000000000000000     
   15.048000000000000        0.0000000000000000       -4.6394876996845675E-003   0.0000000000000000     
   15.246000000000000        0.0000000000000000       -4.5707096146605699E-003   0.0000000000000000     
   15.444000000000001        0.0000000000000000       -4.5021318578287355E-003   0.0000000000000000     
   15.642000000000001        0.0000000000000000       -4.4335955580145680E-003   0.0000000000000000     
   15.840000000000000        0.0000000000000000       -4.3649269421369196E-003   0.0000000000000000     
   16.038000000000000        0.0000000000000000       -4.2959339712871384E-003   0.0000000000000000     
   16.236000000000001        0.0000000000000000       -4.2264031860451178E-003   0.0000000000000000     
   16.434000000000001        0.0000000000000000       -4.1560955498548052E-003   0.0000000000000000     
   16.632000000000001        0.0000000000000000       -4.0847414162778510E-003   0.0000000000000000     
   16.830000000000002        0.0000000000000000       -4.0128701191601860E-003   0.0000000000000000     
   17.028000000000002        0.0000000000000000       -3.9388034606553145E-003   0.0000000000000000     
   17.225999999999999        0.0000000000000000       -3.8626787236680613E-003   0.0000000000000000     
   17.423999999999999        0.0000000000000000       -3.7840417300314066E-003   0.0000000000000000     
   17.622000000000000        0.0000000000000000       -3.7023775892362351E-003   0.0000000000000000     
   17.820000000000000        0.0000000000000000       -3.6165529821081568E-003   0.0000000000000000     
   18.018000000000001        0.0000000000000000       -3.5268806283890392E-003   0.0000000000000000     
   18.216000000000001        0.0000000000000000       -3.4311298075006581E-003   0.0000000000000000     
   18.414000000000001        0.0000000000000000       -3.3291988376881643E-003   0.0000000000000000     
   18.612000000000002        0.0000000000000000       -3.2209247824056711E-003   0.0000000000000000     
   18.810000000000002        0.0000000000000000       -3.1033735145796380E-003   0.0000000000000000     
   19.008000000000003        0.0000000000000000       -2.9764466578450391E-003   0.0000000000000000     
   19.206000000000000        0.0000000000000000       -2.8393095994281694E-003   0.0000000000000000     
   19.404000000000000        0.0000000000000000       -2.6890196436822086E-003   0.0000000000000000     
   19.602000000000000        0.0000000000000000       -2.5236231273245537E-003   0.0000000000000000     
