  -19.602000000000000        0.0000000000000000        2.3602493804935529E-003   0.0000000000000000     
  -19.404000000000000        0.0000000000000000        2.5238140430827588E-003   0.0000000000000000     
  -19.206000000000000        0.0000000000000000        2.6738500110524738E-003   0.0000000000000000     
  -19.008000000000003        0.0000000000000000        2.8090048190813422E-003   0.0000000000000000     
  -18.810000000000002        0.0000000000000000        2.9323074329375078E-003   0.0000000000000000     
  -18.612000000000002        0.0000000000000000        3.0451570220128548E-003   0.0000000000000000     
  -18.414000000000001        0.0000000000000000        3.1499987424372902E-003   0.0000000000000000     
  -18.216000000000001        0.0000000000000000        3.2470323467710888E-003   0.0000000000000000     
  -18.018000000000001        0.0000000000000000        3.3376292869703697E-003   0.0000000000000000     
  -17.820000000000000        0.0000000000000000        3.4223324746961185E-003   0.0000000000000000     
  -17.622000000000000        0.0000000000000000        3.5027698236534503E-003   0.0000000000000000     
  -17.423999999999999        0.0000000000000000        3.5796459561238426E-003   0.0000000000000000     
  -17.225999999999999        0.0000000000000000        3.6535886371622849E-003   0.0000000000000000     
  -17.028000000000002        0.0000000000000000        3.7252558462759948E-003   0.0000000000000000     
  -16.830000000000002        0.0000000000000000        3.7954234310901129E-003   0.0000000000000000     
  -16.632000000000001        0.0000000000000000        3.8641051662129775E-003   0.0000000000000000     
  -16.434000000000001        0.0000000000000000        3.9316572668507480E-003   0.0000000000000000     
  -16.236000000000001        0.0000000000000000        3.9983881131537462E-003   0.0000000000000000     
  -16.038000000000000        0.0000000000000000        4.0645665662306695E-003   0.0000000000000000     
  -15.840000000000000        0.0000000000000000        4.1304292352131134E-003   0.0000000000000000     
  -15.642000000000001        0.0000000000000000        4.1961860648944745E-003   0.0000000000000000     
  -15.444000000000001        0.0000000000000000        4.2620251827439962E-003   0.0000000000000000     
  -15.246000000000000        0.0000000000000000        4.3281166822231477E-003   0.0000000000000000     
  -15.048000000000000        0.0000000000000000        4.3946161922563676E-003   0.0000000000000000     
  -14.850000000000001        0.0000000000000000        4.4616671843673511E-003   0.0000000000000000     
  -14.652000000000001        0.0000000000000000        4.5294036392972224E-003   0.0000000000000000     
  -14.454000000000001        0.0000000000000000        4.5979517978656462E-003   0.0000000000000000     
  -14.256000000000000        0.0000000000000000        4.6674317827871724E-003   0.0000000000000000     
  -14.058000000000000        0.0000000000000000        4.7379589888982858E-003   0.0000000000000000     
  -13.860000000000001        0.0000000000000000        4.8096455314546004E-003   0.0000000000000000     
  -13.662000000000001        0.0000000000000000        4.8826009505770944E-003   0.0000000000000000     
  -13.464000000000000        0.0000000000000000        4.9569335602309130E-003   0.0000000000000000     
  -13.266000000000000        0.0000000000000000        5.0327508494163696E-003   0.0000000000000000     
  -13.068000000000001        0.0000000000000000        5.1101606792896990E-003   0.0000000000000000     
  -12.870000000000001        0.0000000000000000        5.1892718371338584E-003   0.0000000000000000     
  -12.672000000000001        0.0000000000000000        5.2701945654421182E-003   0.0000000000000000     
  -12.474000000000000        0.0000000000000000        5.3530413714436105E-003   0.0000000000000000     
  -12.276000000000000        0.0000000000000000        5.4379275702435776E-003   0.0000000000000000     
  -12.078000000000001        0.0000000000000000        5.5249719657650253E-003   0.0000000000000000     
  -11.880000000000001        0.0000000000000000        5.6142971950217451E-003   0.0000000000000000     
  -11.682000000000000        0.0000000000000000        5.7060305821182312E-003   0.0000000000000000     
  -11.484000000000000        0.0000000000000000        5.8003045636365715E-003   0.0000000000000000     
  -11.286000000000001        0.0000000000000000        5.8972574179698804E-003   0.0000000000000000     
  -11.088000000000001        0.0000000000000000        5.9970337261965106E-003   0.0000000000000000     
  -10.890000000000001        0.0000000000000000        6.0997851009526117E-003   0.0000000000000000     
  -10.692000000000000        0.0000000000000000        6.2056708362647648E-003   0.0000000000000000     
  -10.494000000000000        0.0000000000000000        6.3148586384964766E-003   0.0000000000000000     
  -10.296000000000001        0.0000000000000000        6.4275253637469153E-003   0.0000000000000000     
  -10.098000000000001        0.0000000000000000        6.5438576063872678E-003   0.0000000000000000     
  -9.9000000000000004        0.0000000000000000        6.6640525933871504E-003   0.0000000000000000     
  -9.7020000000000000        0.0000000000000000        6.7883193653047588E-003   0.0000000000000000     
  -9.5040000000000013        0.0000000000000000        6.9168789735410399E-003   0.0000000000000000     
  -9.3060000000000009        0.0000000000000000        7.0499659913157708E-003   0.0000000000000000     
  -9.1080000000000005        0.0000000000000000        7.1878291436826124E-003   0.0000000000000000     
  -8.9100000000000001        0.0000000000000000        7.3307326707950145E-003   0.0000000000000000     
  -8.7119999999999997        0.0000000000000000        7.4789569099903376E-003   0.0000000000000000     
  -8.5140000000000011        0.0000000000000000        7.6327995615808730E-003   0.0000000000000000     
  -8.3160000000000007        0.0000000000000000        7.7925769295272050E-003   0.0000000000000000     
  -8.1180000000000003        0.0000000000000000        7.9586243161769762E-003   0.0000000000000000     
  -7.9199999999999999        0.0000000000000000        8.1312981119837612E-003   0.0000000000000000     
  -7.7220000000000004        0.0000000000000000        8.3109753754202296E-003   0.0000000000000000     
  -7.5240000000000000        0.0000000000000000        8.4980555550346250E-003   0.0000000000000000     
  -7.3260000000000005        0.0000000000000000        8.6929603851779776E-003   0.0000000000000000     
  -7.1280000000000001        0.0000000000000000        8.8961348480790063E-003   0.0000000000000000     
  -6.9300000000000006        0.0000000000000000        9.1080457125272320E-003   0.0000000000000000     
  -6.7320000000000002        0.0000000000000000        9.3291813471036971E-003   0.0000000000000000     
  -6.5340000000000007        0.0000000000000000        9.5600500764731079E-003   0.0000000000000000     
  -6.3360000000000003        0.0000000000000000        9.8011765517689985E-003   0.0000000000000000     
  -6.1379999999999999        0.0000000000000000        1.0053097132288519E-002   0.0000000000000000     
  -5.9400000000000004        0.0000000000000000        1.0316353140367943E-002   0.0000000000000000     
  -5.7420000000000000        0.0000000000000000        1.0591481127834621E-002   0.0000000000000000     
  -5.5440000000000005        0.0000000000000000        1.0878998814619649E-002   0.0000000000000000     
  -5.3460000000000001        0.0000000000000000        1.1179386212502486E-002   0.0000000000000000     
  -5.1480000000000006        0.0000000000000000        1.1493059652775377E-002   0.0000000000000000     
  -4.9500000000000002        0.0000000000000000        1.1820337262156406E-002   0.0000000000000000     
  -4.7520000000000007        0.0000000000000000        1.2161391323259531E-002   0.0000000000000000     
  -4.5540000000000003        0.0000000000000000        1.2516185238524730E-002   0.0000000000000000     
  -4.3559999999999999        0.0000000000000000        1.2884390831871822E-002   0.0000000000000000     
  -4.1580000000000004        0.0000000000000000        1.3265276534510885E-002   0.0000000000000000     
  -3.9600000000000000        0.0000000000000000        1.3657564673861037E-002   0.0000000000000000     
  -3.7620000000000000        0.0000000000000000        1.4059245116068582E-002   0.0000000000000000     
  -3.5640000000000001        0.0000000000000000        1.4467353106549237E-002   0.0000000000000000     
  -3.3660000000000001        0.0000000000000000        1.4877728968101963E-002   0.0000000000000000     
  -3.1680000000000001        0.0000000000000000        1.5284877652720057E-002   0.0000000000000000     
  -2.9700000000000002        0.0000000000000000        1.5682267337842920E-002   0.0000000000000000     
  -2.7720000000000002        0.0000000000000000        1.6063682165551898E-002   0.0000000000000000     
  -2.5740000000000003        0.0000000000000000        1.6424039052003760E-002   0.0000000000000000     
  -2.3760000000000003        0.0000000000000000        1.6751574923423662E-002   0.0000000000000000     
  -2.1779999999999999        0.0000000000000000        1.7019289850986302E-002   0.0000000000000000     
  -1.9800000000000000        0.0000000000000000        1.7187402356202423E-002   0.0000000000000000     
  -1.7820000000000000        0.0000000000000000        1.7206444268448622E-002   0.0000000000000000     
  -1.5840000000000001        0.0000000000000000        1.7013709417851981E-002   0.0000000000000000     
  -1.3860000000000001        0.0000000000000000        1.6540997039457012E-002   0.0000000000000000     
  -1.1880000000000002        0.0000000000000000        1.5719178835228807E-002   0.0000000000000000     
 -0.98999999999999999        0.0000000000000000        1.4472517261046191E-002   0.0000000000000000     
 -0.79200000000000004        0.0000000000000000        1.2709632833273806E-002   0.0000000000000000     
 -0.59400000000000008        0.0000000000000000        1.0342866588237741E-002   0.0000000000000000     
 -0.39600000000000002        0.0000000000000000        7.3456783815840174E-003   0.0000000000000000     
 -0.19800000000000001        0.0000000000000000        3.8211908724788877E-003   0.0000000000000000     
   0.0000000000000000        0.0000000000000000        0.0000000000000000        0.0000000000000000     
  0.19800000000000001        0.0000000000000000       -3.8211908724788877E-003   0.0000000000000000     
  0.39600000000000002        0.0000000000000000       -7.3456783815840174E-003   0.0000000000000000     
  0.59400000000000008        0.0000000000000000       -1.0342866588237741E-002   0.0000000000000000     
  0.79200000000000004        0.0000000000000000       -1.2709632833273806E-002   0.0000000000000000     
  0.98999999999999999        0.0000000000000000       -1.4472517261046191E-002   0.0000000000000000     
   1.1880000000000002        0.0000000000000000       -1.5719178835228807E-002   0.0000000000000000     
   1.3860000000000001        0.0000000000000000       -1.6540997039457012E-002   0.0000000000000000     
   1.5840000000000001        0.0000000000000000       -1.7013709417851981E-002   0.0000000000000000     
   1.7820000000000000        0.0000000000000000       -1.7206444268448622E-002   0.0000000000000000     
   1.9800000000000000        0.0000000000000000       -1.7187402356202423E-002   0.0000000000000000     
   2.1779999999999999        0.0000000000000000       -1.7019289850986302E-002   0.0000000000000000     
   2.3760000000000003        0.0000000000000000       -1.6751574923423662E-002   0.0000000000000000     
   2.5740000000000003        0.0000000000000000       -1.6424039052003760E-002   0.0000000000000000     
   2.7720000000000002        0.0000000000000000       -1.6063682165551898E-002   0.0000000000000000     
   2.9700000000000002        0.0000000000000000       -1.5682267337842920E-002   0.0000000000000000     
   3.1680000000000001        0.0000000000000000       -1.5284877652720057E-002   0.0000000000000000     
   3.3660000000000001        0.0000000000000000       -1.4877728968101963E-002   0.0000000000000000     
   3.5640000000000001        0.0000000000000000       -1.4467353106549237E-002   0.0000000000000000     
   3.7620000000000000        0.0000000000000000       -1.4059245116068582E-002   0.0000000000000000     
   3.9600000000000000        0.0000000000000000       -1.3657564673861037E-002   0.0000000000000000     
   4.1580000000000004        0.0000000000000000       -1.3265276534510885E-002   0.0000000000000000     
   4.3559999999999999        0.0000000000000000       -1.2884390831871822E-002   0.0000000000000000     
   4.5540000000000003        0.0000000000000000       -1.2516185238524730E-002   0.0000000000000000     
   4.7520000000000007        0.0000000000000000       -1.2161391323259531E-002   0.0000000000000000     
   4.9500000000000002        0.0000000000000000       -1.1820337262156406E-002   0.0000000000000000     
   5.1480000000000006        0.0000000000000000       -1.1493059652775377E-002   0.0000000000000000     
   5.3460000000000001        0.0000000000000000       -1.1179386212502486E-002   0.0000000000000000     
   5.5440000000000005        0.0000000000000000       -1.0878998814619649E-002   0.0000000000000000     
   5.7420000000000000        0.0000000000000000       -1.0591481127834621E-002   0.0000000000000000     
   5.9400000000000004        0.0000000000000000       -1.0316353140367943E-002   0.0000000000000000     
   6.1379999999999999        0.0000000000000000       -1.0053097132288519E-002   0.0000000000000000     
   6.3360000000000003        0.0000000000000000       -9.8011765517689985E-003   0.0000000000000000     
   6.5340000000000007        0.0000000000000000       -9.5600500764731079E-003   0.0000000000000000     
   6.7320000000000002        0.0000000000000000       -9.3291813471036971E-003   0.0000000000000000     
   6.9300000000000006        0.0000000000000000       -9.1080457125272320E-003   0.0000000000000000     
   7.1280000000000001        0.0000000000000000       -8.8961348480790063E-003   0.0000000000000000     
   7.3260000000000005        0.0000000000000000       -8.6929603851779776E-003   0.0000000000000000     
   7.5240000000000000        0.0000000000000000       -8.4980555550346250E-003   0.0000000000000000     
   7.7220000000000004        0.0000000000000000       -8.3109753754202296E-003   0.0000000000000000     
   7.9199999999999999        0.0000000000000000       -8.1312981119837612E-003   0.0000000000000000     
   8.1180000000000003        0.0000000000000000       -7.9586243161769762E-003   0.0000000000000000     
   8.3160000000000007        0.0000000000000000       -7.7925769295272050E-003   0.0000000000000000     
   8.5140000000000011        0.0000000000000000       -7.6327995615808730E-003   0.0000000000000000     
   8.7119999999999997        0.0000000000000000       -7.4789569099903376E-003   0.0000000000000000     
   8.9100000000000001        0.0000000000000000       -7.3307326707950145E-003   0.0000000000000000     
   9.1080000000000005        0.0000000000000000       -7.1878291436826124E-003   0.0000000000000000     
   9.3060000000000009        0.0000000000000000       -7.0499659913157708E-003   0.0000000000000000     
   9.5040000000000013        0.0000000000000000       -6.9168789735410399E-003   0.0000000000000000     
   9.7020000000000000        0.0000000000000000       -6.7883193653047588E-003   0.0000000000000000     
   9.9000000000000004        0.0000000000000000       -6.6640525933871504E-003   0.0000000000000000     
   10.098000000000001        0.0000000000000000       -6.5438576063872678E-003   0.0000000000000000     
   10.296000000000001        0.0000000000000000       -6.4275253637469153E-003   0.0000000000000000     
   10.494000000000000        0.0000000000000000       -6.3148586384964766E-003   0.0000000000000000     
   10.692000000000000        0.0000000000000000       -6.2056708362647648E-003   0.0000000000000000     
   10.890000000000001        0.0000000000000000       -6.0997851009526117E-003   0.0000000000000000     
   11.088000000000001        0.0000000000000000       -5.9970337261965106E-003   0.0000000000000000     
   11.286000000000001        0.0000000000000000       -5.8972574179698804E-003   0.0000000000000000     
   11.484000000000000        0.0000000000000000       -5.8003045636365715E-003   0.0000000000000000     
   11.682000000000000        0.0000000000000000       -5.7060305821182312E-003   0.0000000000000000     
   11.880000000000001        0.0000000000000000       -5.6142971950217451E-003   0.0000000000000000     
   12.078000000000001        0.0000000000000000       -5.5249719657650253E-003   0.0000000000000000     
   12.276000000000000        0.0000000000000000       -5.4379275702435776E-003   0.0000000000000000     
   12.474000000000000        0.0000000000000000       -5.3530413714436105E-003   0.0000000000000000     
   12.672000000000001        0.0000000000000000       -5.2701945654421182E-003   0.0000000000000000     
   12.870000000000001        0.0000000000000000       -5.1892718371338584E-003   0.0000000000000000     
   13.068000000000001        0.0000000000000000       -5.1101606792896990E-003   0.0000000000000000     
   13.266000000000000        0.0000000000000000       -5.0327508494163696E-003   0.0000000000000000     
   13.464000000000000        0.0000000000000000       -4.9569335602309130E-003   0.0000000000000000     
   13.662000000000001        0.0000000000000000       -4.8826009505770944E-003   0.0000000000000000     
   13.860000000000001        0.0000000000000000       -4.8096455314546004E-003   0.0000000000000000     
   14.058000000000000        0.0000000000000000       -4.7379589888982858E-003   0.0000000000000000     
   14.256000000000000        0.0000000000000000       -4.6674317827871724E-003   0.0000000000000000     
   14.454000000000001        0.0000000000000000       -4.5979517978656462E-003   0.0000000000000000     
   14.652000000000001        0.0000000000000000       -4.5294036392972224E-003   0.0000000000000000     
   14.850000000000001        0.0000000000000000       -4.4616671843673511E-003   0.0000000000000000     
   15.048000000000000        0.0000000000000000       -4.3946161922563676E-003   0.0000000000000000     
   15.246000000000000        0.0000000000000000       -4.3281166822231477E-003   0.0000000000000000     
   15.444000000000001        0.0000000000000000       -4.2620251827439962E-003   0.0000000000000000     
   15.642000000000001        0.0000000000000000       -4.1961860648944745E-003   0.0000000000000000     
   15.840000000000000        0.0000000000000000       -4.1304292352131134E-003   0.0000000000000000     
   16.038000000000000        0.0000000000000000       -4.0645665662306695E-003   0.0000000000000000     
   16.236000000000001        0.0000000000000000       -3.9983881131537462E-003   0.0000000000000000     
   16.434000000000001        0.0000000000000000       -3.9316572668507480E-003   0.0000000000000000     
   16.632000000000001        0.0000000000000000       -3.8641051662129775E-003   0.0000000000000000     
   16.830000000000002        0.0000000000000000       -3.7954234310901129E-003   0.0000000000000000     
   17.028000000000002        0.0000000000000000       -3.7252558462759948E-003   0.0000000000000000     
   17.225999999999999        0.0000000000000000       -3.6535886371622849E-003   0.0000000000000000     
   17.423999999999999        0.0000000000000000       -3.5796459561238426E-003   0.0000000000000000     
   17.622000000000000        0.0000000000000000       -3.5027698236534503E-003   0.0000000000000000     
   17.820000000000000        0.0000000000000000       -3.4223324746961185E-003   0.0000000000000000     
   18.018000000000001        0.0000000000000000       -3.3376292869703697E-003   0.0000000000000000     
   18.216000000000001        0.0000000000000000       -3.2470323467710888E-003   0.0000000000000000     
   18.414000000000001        0.0000000000000000       -3.1499987424372902E-003   0.0000000000000000     
   18.612000000000002        0.0000000000000000       -3.0451570220128548E-003   0.0000000000000000     
   18.810000000000002        0.0000000000000000       -2.9323074329375078E-003   0.0000000000000000     
   19.008000000000003        0.0000000000000000       -2.8090048190813422E-003   0.0000000000000000     
   19.206000000000000        0.0000000000000000       -2.6738500110524738E-003   0.0000000000000000     
   19.404000000000000        0.0000000000000000       -2.5238140430827588E-003   0.0000000000000000     
   19.602000000000000        0.0000000000000000       -2.3602493804935529E-003   0.0000000000000000     
