  -19.602000000000000        0.0000000000000000        3.0323168988087867E-003   0.0000000000000000     
  -19.404000000000000        0.0000000000000000        3.2173576058934692E-003   0.0000000000000000     
  -19.206000000000000        0.0000000000000000        3.3882804132660642E-003   0.0000000000000000     
  -19.008000000000003        0.0000000000000000        3.5462026191917322E-003   0.0000000000000000     
  -18.810000000000002        0.0000000000000000        3.6930859789824255E-003   0.0000000000000000     
  -18.612000000000002        0.0000000000000000        3.8305654051789873E-003   0.0000000000000000     
  -18.414000000000001        0.0000000000000000        3.9576795842355883E-003   0.0000000000000000     
  -18.216000000000001        0.0000000000000000        4.0777820193986887E-003   0.0000000000000000     
  -18.018000000000001        0.0000000000000000        4.1905629137906526E-003   0.0000000000000000     
  -17.820000000000000        0.0000000000000000        4.2971558400666842E-003   0.0000000000000000     
  -17.622000000000000        0.0000000000000000        4.3985561076977219E-003   0.0000000000000000     
  -17.423999999999999        0.0000000000000000        4.4950902856955941E-003   0.0000000000000000     
  -17.225999999999999        0.0000000000000000        4.5880562999887102E-003   0.0000000000000000     
  -17.028000000000002        0.0000000000000000        4.6779746333338295E-003   0.0000000000000000     
  -16.830000000000002        0.0000000000000000        4.7655466358055487E-003   0.0000000000000000     
  -16.632000000000001        0.0000000000000000        4.8511231322252860E-003   0.0000000000000000     
  -16.434000000000001        0.0000000000000000        4.9339353346390252E-003   0.0000000000000000     
  -16.236000000000001        0.0000000000000000        5.0170238011838742E-003   0.0000000000000000     
  -16.038000000000000        0.0000000000000000        5.0991229947881652E-003   0.0000000000000000     
  -15.840000000000000        0.0000000000000000        5.1805092653056124E-003   0.0000000000000000     
  -15.642000000000001        0.0000000000000000        5.2614295095018892E-003   0.0000000000000000     
  -15.444000000000001        0.0000000000000000        5.3421056415344573E-003   0.0000000000000000     
  -15.246000000000000        0.0000000000000000        5.4227385315835496E-003   0.0000000000000000     
  -15.048000000000000        0.0000000000000000        5.5035115320007351E-003   0.0000000000000000     
  -14.850000000000001        0.0000000000000000        5.5845931499184584E-003   0.0000000000000000     
  -14.652000000000001        0.0000000000000000        5.6661395760668198E-003   0.0000000000000000     
  -14.454000000000001        0.0000000000000000        5.7482968259951429E-003   0.0000000000000000     
  -14.256000000000000        0.0000000000000000        5.8312023623491947E-003   0.0000000000000000     
  -14.058000000000000        0.0000000000000000        5.9149867494095922E-003   0.0000000000000000     
  -13.860000000000001        0.0000000000000000        5.9997749283307337E-003   0.0000000000000000     
  -13.662000000000001        0.0000000000000000        6.0856875578238732E-003   0.0000000000000000     
  -13.464000000000000        0.0000000000000000        6.1728416907204575E-003   0.0000000000000000     
  -13.266000000000000        0.0000000000000000        6.2613521635078691E-003   0.0000000000000000     
  -13.068000000000001        0.0000000000000000        6.3513318664017030E-003   0.0000000000000000     
  -12.870000000000001        0.0000000000000000        6.4428929526796986E-003   0.0000000000000000     
  -12.672000000000001        0.0000000000000000        6.5361472442510404E-003   0.0000000000000000     
  -12.474000000000000        0.0000000000000000        6.6312070119163864E-003   0.0000000000000000     
  -12.276000000000000        0.0000000000000000        6.7281853459107439E-003   0.0000000000000000     
  -12.078000000000001        0.0000000000000000        6.8271968269363039E-003   0.0000000000000000     
  -11.880000000000001        0.0000000000000000        6.9283579344970019E-003   0.0000000000000000     
  -11.682000000000000        0.0000000000000000        7.0317879050462856E-003   0.0000000000000000     
  -11.484000000000000        0.0000000000000000        7.1376085946466012E-003   0.0000000000000000     
  -11.286000000000001        0.0000000000000000        7.2459455790761301E-003   0.0000000000000000     
  -11.088000000000001        0.0000000000000000        7.3569279164785780E-003   0.0000000000000000     
  -10.890000000000001        0.0000000000000000        7.4706892050694735E-003   0.0000000000000000     
  -10.692000000000000        0.0000000000000000        7.5873678559737054E-003   0.0000000000000000     
  -10.494000000000000        0.0000000000000000        7.7071074368072383E-003   0.0000000000000000     
  -10.296000000000001        0.0000000000000000        7.8300569730888562E-003   0.0000000000000000     
  -10.098000000000001        0.0000000000000000        7.9563720110160767E-003   0.0000000000000000     
  -9.9000000000000004        0.0000000000000000        8.0862141134992079E-003   0.0000000000000000     
  -9.7020000000000000        0.0000000000000000        8.2197523644547670E-003   0.0000000000000000     
  -9.5040000000000013        0.0000000000000000        8.3571631141724761E-003   0.0000000000000000     
  -9.3060000000000009        0.0000000000000000        8.4986306049520035E-003   0.0000000000000000     
  -9.1080000000000005        0.0000000000000000        8.6443475428174144E-003   0.0000000000000000     
  -8.9100000000000001        0.0000000000000000        8.7945154410988980E-003   0.0000000000000000     
  -8.7119999999999997        0.0000000000000000        8.9493448354305855E-003   0.0000000000000000     
  -8.5140000000000011        0.0000000000000000        9.1090562057294031E-003   0.0000000000000000     
  -8.3160000000000007        0.0000000000000000        9.2738797462188355E-003   0.0000000000000000     
  -8.1180000000000003        0.0000000000000000        9.4440555615309171E-003   0.0000000000000000     
  -7.9199999999999999        0.0000000000000000        9.6198345755501517E-003   0.0000000000000000     
  -7.7220000000000004        0.0000000000000000        9.8014775359252411E-003   0.0000000000000000     
  -7.5240000000000000        0.0000000000000000        9.9892555887792066E-003   0.0000000000000000     
  -7.3260000000000005        0.0000000000000000        1.0183449424479058E-002   0.0000000000000000     
  -7.1280000000000001        0.0000000000000000        1.0384348669512261E-002   0.0000000000000000     
  -6.9300000000000006        0.0000000000000000        1.0592250492803146E-002   0.0000000000000000     
  -6.7320000000000002        0.0000000000000000        1.0807457896791332E-002   0.0000000000000000     
  -6.5340000000000007        0.0000000000000000        1.1030277249680779E-002   0.0000000000000000     
  -6.3360000000000003        0.0000000000000000        1.1261013793990200E-002   0.0000000000000000     
  -6.1379999999999999        0.0000000000000000        1.1499967353740240E-002   0.0000000000000000     
  -5.9400000000000004        0.0000000000000000        1.1747424349346933E-002   0.0000000000000000     
  -5.7420000000000000        0.0000000000000000        1.2003648354539626E-002   0.0000000000000000     
  -5.5440000000000005        0.0000000000000000        1.2268866527532955E-002   0.0000000000000000     
  -5.3460000000000001        0.0000000000000000        1.2543250356624189E-002   0.0000000000000000     
  -5.1480000000000006        0.0000000000000000        1.2826891080849919E-002   0.0000000000000000     
  -4.9500000000000002        0.0000000000000000        1.3119763404437908E-002   0.0000000000000000     
  -4.7520000000000007        0.0000000000000000        1.3421678324257924E-002   0.0000000000000000     
  -4.5540000000000003        0.0000000000000000        1.3732217214440245E-002   0.0000000000000000     
  -4.3559999999999999        0.0000000000000000        1.4050648664620474E-002   0.0000000000000000     
  -4.1580000000000004        0.0000000000000000        1.4375834345691134E-002   0.0000000000000000     
  -3.9600000000000000        0.0000000000000000        1.4706171256041577E-002   0.0000000000000000     
  -3.7620000000000000        0.0000000000000000        1.5039756838269292E-002   0.0000000000000000     
  -3.5640000000000001        0.0000000000000000        1.5375312686772962E-002   0.0000000000000000     
  -3.3660000000000001        0.0000000000000000        1.5714440756978795E-002   0.0000000000000000     
  -3.1680000000000001        0.0000000000000000        1.6059769417492945E-002   0.0000000000000000     
  -2.9700000000000002        0.0000000000000000        1.6397116363967505E-002   0.0000000000000000     
  -2.7720000000000002        0.0000000000000000        1.6705759951598672E-002   0.0000000000000000     
  -2.5740000000000003        0.0000000000000000        1.6975823785284571E-002   0.0000000000000000     
  -2.3760000000000003        0.0000000000000000        1.7192591394565294E-002   0.0000000000000000     
  -2.1779999999999999        0.0000000000000000        1.7330452650434768E-002   0.0000000000000000     
  -1.9800000000000000        0.0000000000000000        1.7354254956575364E-002   0.0000000000000000     
  -1.7820000000000000        0.0000000000000000        1.7224184357268451E-002   0.0000000000000000     
  -1.5840000000000001        0.0000000000000000        1.6895249421420767E-002   0.0000000000000000     
  -1.3860000000000001        0.0000000000000000        1.6312446680414084E-002   0.0000000000000000     
  -1.1880000000000002        0.0000000000000000        1.5411308396228198E-002   0.0000000000000000     
 -0.98999999999999999        0.0000000000000000        1.4106825986991022E-002   0.0000000000000000     
 -0.79200000000000004        0.0000000000000000        1.2316879111885221E-002   0.0000000000000000     
 -0.59400000000000008        0.0000000000000000        9.9798837255777421E-003   0.0000000000000000     
 -0.39600000000000002        0.0000000000000000        7.0727916361080856E-003   0.0000000000000000     
 -0.19800000000000001        0.0000000000000000        3.6774254210719744E-003   0.0000000000000000     
   0.0000000000000000        0.0000000000000000        0.0000000000000000        0.0000000000000000     
  0.19800000000000001        0.0000000000000000       -3.6774254210719744E-003   0.0000000000000000     
  0.39600000000000002        0.0000000000000000       -7.0727916361080856E-003   0.0000000000000000     
  0.59400000000000008        0.0000000000000000       -9.9798837255777421E-003   0.0000000000000000     
  0.79200000000000004        0.0000000000000000       -1.2316879111885221E-002   0.0000000000000000     
  0.98999999999999999        0.0000000000000000       -1.4106825986991022E-002   0.0000000000000000     
   1.1880000000000002        0.0000000000000000       -1.5411308396228198E-002   0.0000000000000000     
   1.3860000000000001        0.0000000000000000       -1.6312446680414084E-002   0.0000000000000000     
   1.5840000000000001        0.0000000000000000       -1.6895249421420767E-002   0.0000000000000000     
   1.7820000000000000        0.0000000000000000       -1.7224184357268451E-002   0.0000000000000000     
   1.9800000000000000        0.0000000000000000       -1.7354254956575364E-002   0.0000000000000000     
   2.1779999999999999        0.0000000000000000       -1.7330452650434768E-002   0.0000000000000000     
   2.3760000000000003        0.0000000000000000       -1.7192591394565294E-002   0.0000000000000000     
   2.5740000000000003        0.0000000000000000       -1.6975823785284571E-002   0.0000000000000000     
   2.7720000000000002        0.0000000000000000       -1.6705759951598672E-002   0.0000000000000000     
   2.9700000000000002        0.0000000000000000       -1.6397116363967505E-002   0.0000000000000000     
   3.1680000000000001        0.0000000000000000       -1.6059769417492945E-002   0.0000000000000000     
   3.3660000000000001        0.0000000000000000       -1.5714440756978795E-002   0.0000000000000000     
   3.5640000000000001        0.0000000000000000       -1.5375312686772962E-002   0.0000000000000000     
   3.7620000000000000        0.0000000000000000       -1.5039756838269292E-002   0.0000000000000000     
   3.9600000000000000        0.0000000000000000       -1.4706171256041577E-002   0.0000000000000000     
   4.1580000000000004        0.0000000000000000       -1.4375834345691134E-002   0.0000000000000000     
   4.3559999999999999        0.0000000000000000       -1.4050648664620474E-002   0.0000000000000000     
   4.5540000000000003        0.0000000000000000       -1.3732217214440245E-002   0.0000000000000000     
   4.7520000000000007        0.0000000000000000       -1.3421678324257924E-002   0.0000000000000000     
   4.9500000000000002        0.0000000000000000       -1.3119763404437908E-002   0.0000000000000000     
   5.1480000000000006        0.0000000000000000       -1.2826891080849919E-002   0.0000000000000000     
   5.3460000000000001        0.0000000000000000       -1.2543250356624189E-002   0.0000000000000000     
   5.5440000000000005        0.0000000000000000       -1.2268866527532955E-002   0.0000000000000000     
   5.7420000000000000        0.0000000000000000       -1.2003648354539626E-002   0.0000000000000000     
   5.9400000000000004        0.0000000000000000       -1.1747424349346933E-002   0.0000000000000000     
   6.1379999999999999        0.0000000000000000       -1.1499967353740240E-002   0.0000000000000000     
   6.3360000000000003        0.0000000000000000       -1.1261013793990200E-002   0.0000000000000000     
   6.5340000000000007        0.0000000000000000       -1.1030277249680779E-002   0.0000000000000000     
   6.7320000000000002        0.0000000000000000       -1.0807457896791332E-002   0.0000000000000000     
   6.9300000000000006        0.0000000000000000       -1.0592250492803146E-002   0.0000000000000000     
   7.1280000000000001        0.0000000000000000       -1.0384348669512261E-002   0.0000000000000000     
   7.3260000000000005        0.0000000000000000       -1.0183449424479058E-002   0.0000000000000000     
   7.5240000000000000        0.0000000000000000       -9.9892555887792066E-003   0.0000000000000000     
   7.7220000000000004        0.0000000000000000       -9.8014775359252411E-003   0.0000000000000000     
   7.9199999999999999        0.0000000000000000       -9.6198345755501517E-003   0.0000000000000000     
   8.1180000000000003        0.0000000000000000       -9.4440555615309171E-003   0.0000000000000000     
   8.3160000000000007        0.0000000000000000       -9.2738797462188355E-003   0.0000000000000000     
   8.5140000000000011        0.0000000000000000       -9.1090562057294031E-003   0.0000000000000000     
   8.7119999999999997        0.0000000000000000       -8.9493448354305855E-003   0.0000000000000000     
   8.9100000000000001        0.0000000000000000       -8.7945154410988980E-003   0.0000000000000000     
   9.1080000000000005        0.0000000000000000       -8.6443475428174144E-003   0.0000000000000000     
   9.3060000000000009        0.0000000000000000       -8.4986306049520035E-003   0.0000000000000000     
   9.5040000000000013        0.0000000000000000       -8.3571631141724761E-003   0.0000000000000000     
   9.7020000000000000        0.0000000000000000       -8.2197523644547670E-003   0.0000000000000000     
   9.9000000000000004        0.0000000000000000       -8.0862141134992079E-003   0.0000000000000000     
   10.098000000000001        0.0000000000000000       -7.9563720110160767E-003   0.0000000000000000     
   10.296000000000001        0.0000000000000000       -7.8300569730888562E-003   0.0000000000000000     
   10.494000000000000        0.0000000000000000       -7.7071074368072383E-003   0.0000000000000000     
   10.692000000000000        0.0000000000000000       -7.5873678559737054E-003   0.0000000000000000     
   10.890000000000001        0.0000000000000000       -7.4706892050694735E-003   0.0000000000000000     
   11.088000000000001        0.0000000000000000       -7.3569279164785780E-003   0.0000000000000000     
   11.286000000000001        0.0000000000000000       -7.2459455790761301E-003   0.0000000000000000     
   11.484000000000000        0.0000000000000000       -7.1376085946466012E-003   0.0000000000000000     
   11.682000000000000        0.0000000000000000       -7.0317879050462856E-003   0.0000000000000000     
   11.880000000000001        0.0000000000000000       -6.9283579344970019E-003   0.0000000000000000     
   12.078000000000001        0.0000000000000000       -6.8271968269363039E-003   0.0000000000000000     
   12.276000000000000        0.0000000000000000       -6.7281853459107439E-003   0.0000000000000000     
   12.474000000000000        0.0000000000000000       -6.6312070119163864E-003   0.0000000000000000     
   12.672000000000001        0.0000000000000000       -6.5361472442510404E-003   0.0000000000000000     
   12.870000000000001        0.0000000000000000       -6.4428929526796986E-003   0.0000000000000000     
   13.068000000000001        0.0000000000000000       -6.3513318664017030E-003   0.0000000000000000     
   13.266000000000000        0.0000000000000000       -6.2613521635078691E-003   0.0000000000000000     
   13.464000000000000        0.0000000000000000       -6.1728416907204575E-003   0.0000000000000000     
   13.662000000000001        0.0000000000000000       -6.0856875578238732E-003   0.0000000000000000     
   13.860000000000001        0.0000000000000000       -5.9997749283307337E-003   0.0000000000000000     
   14.058000000000000        0.0000000000000000       -5.9149867494095922E-003   0.0000000000000000     
   14.256000000000000        0.0000000000000000       -5.8312023623491947E-003   0.0000000000000000     
   14.454000000000001        0.0000000000000000       -5.7482968259951429E-003   0.0000000000000000     
   14.652000000000001        0.0000000000000000       -5.6661395760668198E-003   0.0000000000000000     
   14.850000000000001        0.0000000000000000       -5.5845931499184584E-003   0.0000000000000000     
   15.048000000000000        0.0000000000000000       -5.5035115320007351E-003   0.0000000000000000     
   15.246000000000000        0.0000000000000000       -5.4227385315835496E-003   0.0000000000000000     
   15.444000000000001        0.0000000000000000       -5.3421056415344573E-003   0.0000000000000000     
   15.642000000000001        0.0000000000000000       -5.2614295095018892E-003   0.0000000000000000     
   15.840000000000000        0.0000000000000000       -5.1805092653056124E-003   0.0000000000000000     
   16.038000000000000        0.0000000000000000       -5.0991229947881652E-003   0.0000000000000000     
   16.236000000000001        0.0000000000000000       -5.0170238011838742E-003   0.0000000000000000     
   16.434000000000001        0.0000000000000000       -4.9339353346390252E-003   0.0000000000000000     
   16.632000000000001        0.0000000000000000       -4.8511231322252860E-003   0.0000000000000000     
   16.830000000000002        0.0000000000000000       -4.7655466358055487E-003   0.0000000000000000     
   17.028000000000002        0.0000000000000000       -4.6779746333338295E-003   0.0000000000000000     
   17.225999999999999        0.0000000000000000       -4.5880562999887102E-003   0.0000000000000000     
   17.423999999999999        0.0000000000000000       -4.4950902856955941E-003   0.0000000000000000     
   17.622000000000000        0.0000000000000000       -4.3985561076977219E-003   0.0000000000000000     
   17.820000000000000        0.0000000000000000       -4.2971558400666842E-003   0.0000000000000000     
   18.018000000000001        0.0000000000000000       -4.1905629137906526E-003   0.0000000000000000     
   18.216000000000001        0.0000000000000000       -4.0777820193986887E-003   0.0000000000000000     
   18.414000000000001        0.0000000000000000       -3.9576795842355883E-003   0.0000000000000000     
   18.612000000000002        0.0000000000000000       -3.8305654051789873E-003   0.0000000000000000     
   18.810000000000002        0.0000000000000000       -3.6930859789824255E-003   0.0000000000000000     
   19.008000000000003        0.0000000000000000       -3.5462026191917322E-003   0.0000000000000000     
   19.206000000000000        0.0000000000000000       -3.3882804132660642E-003   0.0000000000000000     
   19.404000000000000        0.0000000000000000       -3.2173576058934692E-003   0.0000000000000000     
   19.602000000000000        0.0000000000000000       -3.0323168988087867E-003   0.0000000000000000     
