  -19.602000000000000        0.0000000000000000        2.3620572176461289E-003   0.0000000000000000     
  -19.404000000000000        0.0000000000000000        2.5274282992779709E-003   0.0000000000000000     
  -19.206000000000000        0.0000000000000000        2.6773500114618083E-003   0.0000000000000000     
  -19.008000000000003        0.0000000000000000        2.8125150942202790E-003   0.0000000000000000     
  -18.810000000000002        0.0000000000000000        2.9358657394646949E-003   0.0000000000000000     
  -18.612000000000002        0.0000000000000000        3.0487630963082456E-003   0.0000000000000000     
  -18.414000000000001        0.0000000000000000        3.1536512949748483E-003   0.0000000000000000     
  -18.216000000000001        0.0000000000000000        3.2507292676686892E-003   0.0000000000000000     
  -18.018000000000001        0.0000000000000000        3.3413694443209570E-003   0.0000000000000000     
  -17.820000000000000        0.0000000000000000        3.4261282485026777E-003   0.0000000000000000     
  -17.622000000000000        0.0000000000000000        3.5066699384590410E-003   0.0000000000000000     
  -17.423999999999999        0.0000000000000000        3.5839385578575410E-003   0.0000000000000000     
  -17.225999999999999        0.0000000000000000        3.6579887516313176E-003   0.0000000000000000     
  -17.028000000000002        0.0000000000000000        3.7296787588094946E-003   0.0000000000000000     
  -16.830000000000002        0.0000000000000000        3.7999000036685691E-003   0.0000000000000000     
  -16.632000000000001        0.0000000000000000        3.8686364279684987E-003   0.0000000000000000     
  -16.434000000000001        0.0000000000000000        3.9362444197432707E-003   0.0000000000000000     
  -16.236000000000001        0.0000000000000000        4.0030323033774240E-003   0.0000000000000000     
  -16.038000000000000        0.0000000000000000        4.0692692141998136E-003   0.0000000000000000     
  -15.840000000000000        0.0000000000000000        4.1351916359842521E-003   0.0000000000000000     
  -15.642000000000001        0.0000000000000000        4.2010096960303171E-003   0.0000000000000000     
  -15.444000000000001        0.0000000000000000        4.2669114743372127E-003   0.0000000000000000     
  -15.246000000000000        0.0000000000000000        4.3330672358116110E-003   0.0000000000000000     
  -15.048000000000000        0.0000000000000000        4.3996325614470344E-003   0.0000000000000000     
  -14.850000000000001        0.0000000000000000        4.4667511108038562E-003   0.0000000000000000     
  -14.652000000000001        0.0000000000000000        4.5345569332934550E-003   0.0000000000000000     
  -14.454000000000001        0.0000000000000000        4.6031762508396551E-003   0.0000000000000000     
  -14.256000000000000        0.0000000000000000        4.6727293181974662E-003   0.0000000000000000     
  -14.058000000000000        0.0000000000000000        4.7433316511828515E-003   0.0000000000000000     
  -13.860000000000001        0.0000000000000000        4.8150953731167269E-003   0.0000000000000000     
  -13.662000000000001        0.0000000000000000        4.8881302285177803E-003   0.0000000000000000     
  -13.464000000000000        0.0000000000000000        4.9625444398676251E-003   0.0000000000000000     
  -13.266000000000000        0.0000000000000000        5.0384458489657839E-003   0.0000000000000000     
  -13.068000000000001        0.0000000000000000        5.1159422711115057E-003   0.0000000000000000     
  -12.870000000000001        0.0000000000000000        5.1951426834679218E-003   0.0000000000000000     
  -12.672000000000001        0.0000000000000000        5.2761573785331563E-003   0.0000000000000000     
  -12.474000000000000        0.0000000000000000        5.3590990430468412E-003   0.0000000000000000     
  -12.276000000000000        0.0000000000000000        5.4440831656333635E-003   0.0000000000000000     
  -12.078000000000001        0.0000000000000000        5.5312286412383819E-003   0.0000000000000000     
  -11.880000000000001        0.0000000000000000        5.6206582803948277E-003   0.0000000000000000     
  -11.682000000000000        0.0000000000000000        5.7124996752055488E-003   0.0000000000000000     
  -11.484000000000000        0.0000000000000000        5.8068853753972484E-003   0.0000000000000000     
  -11.286000000000001        0.0000000000000000        5.9039538374909247E-003   0.0000000000000000     
  -11.088000000000001        0.0000000000000000        6.0038498930500622E-003   0.0000000000000000     
  -10.890000000000001        0.0000000000000000        6.1067254111873076E-003   0.0000000000000000     
  -10.692000000000000        0.0000000000000000        6.2127400004758889E-003   0.0000000000000000     
  -10.494000000000000        0.0000000000000000        6.3220615502463731E-003   0.0000000000000000     
  -10.296000000000001        0.0000000000000000        6.4348671947355145E-003   0.0000000000000000     
  -10.098000000000001        0.0000000000000000        6.5513439394142923E-003   0.0000000000000000     
  -9.9000000000000004        0.0000000000000000        6.6716894396349003E-003   0.0000000000000000     
  -9.7020000000000000        0.0000000000000000        6.7961130355237718E-003   0.0000000000000000     
  -9.5040000000000013        0.0000000000000000        6.9248361573204477E-003   0.0000000000000000     
  -9.3060000000000009        0.0000000000000000        7.0580940071075663E-003   0.0000000000000000     
  -9.1080000000000005        0.0000000000000000        7.1961358973229670E-003   0.0000000000000000     
  -8.9100000000000001        0.0000000000000000        7.3392264338237832E-003   0.0000000000000000     
  -8.7119999999999997        0.0000000000000000        7.4876468291474969E-003   0.0000000000000000     
  -8.5140000000000011        0.0000000000000000        7.6416954822917009E-003   0.0000000000000000     
  -8.3160000000000007        0.0000000000000000        7.8016894274721615E-003   0.0000000000000000     
  -8.1180000000000003        0.0000000000000000        7.9679650848869122E-003   0.0000000000000000     
  -7.9199999999999999        0.0000000000000000        8.1408798693976773E-003   0.0000000000000000     
  -7.7220000000000004        0.0000000000000000        8.3208119430404175E-003   0.0000000000000000     
  -7.5240000000000000        0.0000000000000000        8.5081624209997313E-003   0.0000000000000000     
  -7.3260000000000005        0.0000000000000000        8.7033545380026337E-003   0.0000000000000000     
  -7.1280000000000001        0.0000000000000000        8.9068348671003938E-003   0.0000000000000000     
  -6.9300000000000006        0.0000000000000000        9.1190725232779112E-003   0.0000000000000000     
  -6.7320000000000002        0.0000000000000000        9.3405586518833291E-003   0.0000000000000000     
  -6.5340000000000007        0.0000000000000000        9.5718039656010664E-003   0.0000000000000000     
  -6.3360000000000003        0.0000000000000000        9.8133368724959893E-003   0.0000000000000000     
  -6.1379999999999999        0.0000000000000000        1.0065697521633860E-002   0.0000000000000000     
  -5.9400000000000004        0.0000000000000000        1.0329432544852270E-002   0.0000000000000000     
  -5.7420000000000000        0.0000000000000000        1.0605083690450486E-002   0.0000000000000000     
  -5.5440000000000005        0.0000000000000000        1.0893176001881213E-002   0.0000000000000000     
  -5.3460000000000001        0.0000000000000000        1.1194197338229061E-002   0.0000000000000000     
  -5.1480000000000006        0.0000000000000000        1.1508574284430880E-002   0.0000000000000000     
  -4.9500000000000002        0.0000000000000000        1.1836636993371563E-002   0.0000000000000000     
  -4.7520000000000007        0.0000000000000000        1.2178572739672633E-002   0.0000000000000000     
  -4.5540000000000003        0.0000000000000000        1.2534363478380547E-002   0.0000000000000000     
  -4.3559999999999999        0.0000000000000000        1.2903703541013613E-002   0.0000000000000000     
  -4.1580000000000004        0.0000000000000000        1.3285889504254605E-002   0.0000000000000000     
  -3.9600000000000000        0.0000000000000000        1.3679678459609835E-002   0.0000000000000000     
  -3.7620000000000000        0.0000000000000000        1.4083106173301078E-002   0.0000000000000000     
  -3.5640000000000001        0.0000000000000000        1.4493265351272953E-002   0.0000000000000000     
  -3.3660000000000001        0.0000000000000000        1.4906076122339306E-002   0.0000000000000000     
  -3.1680000000000001        0.0000000000000000        1.5316164619375176E-002   0.0000000000000000     
  -2.9700000000000002        0.0000000000000000        1.5717197813646663E-002   0.0000000000000000     
  -2.7720000000000002        0.0000000000000000        1.6103245477597540E-002   0.0000000000000000     
  -2.5740000000000003        0.0000000000000000        1.6468492846487014E-002   0.0000000000000000     
  -2.3760000000000003        0.0000000000000000        1.6795182076085931E-002   0.0000000000000000     
  -2.1779999999999999        0.0000000000000000        1.7054622428360665E-002   0.0000000000000000     
  -1.9800000000000000        0.0000000000000000        1.7216130362483269E-002   0.0000000000000000     
  -1.7820000000000000        0.0000000000000000        1.7235542687856924E-002   0.0000000000000000     
  -1.5840000000000001        0.0000000000000000        1.7048204189746567E-002   0.0000000000000000     
  -1.3860000000000001        0.0000000000000000        1.6583521693889509E-002   0.0000000000000000     
  -1.1880000000000002        0.0000000000000000        1.5771284775600903E-002   0.0000000000000000     
 -0.98999999999999999        0.0000000000000000        1.4535332638519345E-002   0.0000000000000000     
 -0.79200000000000004        0.0000000000000000        1.2783247574545308E-002   0.0000000000000000     
 -0.59400000000000008        0.0000000000000000        1.0423554065495479E-002   0.0000000000000000     
 -0.39600000000000002        0.0000000000000000        7.4202455998297126E-003   0.0000000000000000     
 -0.19800000000000001        0.0000000000000000        3.8648350108724766E-003   0.0000000000000000     
   0.0000000000000000        0.0000000000000000        0.0000000000000000        0.0000000000000000     
  0.19800000000000001        0.0000000000000000       -3.8648350108724766E-003   0.0000000000000000     
  0.39600000000000002        0.0000000000000000       -7.4202455998297126E-003   0.0000000000000000     
  0.59400000000000008        0.0000000000000000       -1.0423554065495479E-002   0.0000000000000000     
  0.79200000000000004        0.0000000000000000       -1.2783247574545308E-002   0.0000000000000000     
  0.98999999999999999        0.0000000000000000       -1.4535332638519345E-002   0.0000000000000000     
   1.1880000000000002        0.0000000000000000       -1.5771284775600903E-002   0.0000000000000000     
   1.3860000000000001        0.0000000000000000       -1.6583521693889509E-002   0.0000000000000000     
   1.5840000000000001        0.0000000000000000       -1.7048204189746567E-002   0.0000000000000000     
   1.7820000000000000        0.0000000000000000       -1.7235542687856924E-002   0.0000000000000000     
   1.9800000000000000        0.0000000000000000       -1.7216130362483269E-002   0.0000000000000000     
   2.1779999999999999        0.0000000000000000       -1.7054622428360665E-002   0.0000000000000000     
   2.3760000000000003        0.0000000000000000       -1.6795182076085931E-002   0.0000000000000000     
   2.5740000000000003        0.0000000000000000       -1.6468492846487014E-002   0.0000000000000000     
   2.7720000000000002        0.0000000000000000       -1.6103245477597540E-002   0.0000000000000000     
   2.9700000000000002        0.0000000000000000       -1.5717197813646663E-002   0.0000000000000000     
   3.1680000000000001        0.0000000000000000       -1.5316164619375176E-002   0.0000000000000000     
   3.3660000000000001        0.0000000000000000       -1.4906076122339306E-002   0.0000000000000000     
   3.5640000000000001        0.0000000000000000       -1.4493265351272953E-002   0.0000000000000000     
   3.7620000000000000        0.0000000000000000       -1.4083106173301078E-002   0.0000000000000000     
   3.9600000000000000        0.0000000000000000       -1.3679678459609835E-002   0.0000000000000000     
   4.1580000000000004        0.0000000000000000       -1.3285889504254605E-002   0.0000000000000000     
   4.3559999999999999        0.0000000000000000       -1.2903703541013613E-002   0.0000000000000000     
   4.5540000000000003        0.0000000000000000       -1.2534363478380547E-002   0.0000000000000000     
   4.7520000000000007        0.0000000000000000       -1.2178572739672633E-002   0.0000000000000000     
   4.9500000000000002        0.0000000000000000       -1.1836636993371563E-002   0.0000000000000000     
   5.1480000000000006        0.0000000000000000       -1.1508574284430880E-002   0.0000000000000000     
   5.3460000000000001        0.0000000000000000       -1.1194197338229061E-002   0.0000000000000000     
   5.5440000000000005        0.0000000000000000       -1.0893176001881213E-002   0.0000000000000000     
   5.7420000000000000        0.0000000000000000       -1.0605083690450486E-002   0.0000000000000000     
   5.9400000000000004        0.0000000000000000       -1.0329432544852270E-002   0.0000000000000000     
   6.1379999999999999        0.0000000000000000       -1.0065697521633860E-002   0.0000000000000000     
   6.3360000000000003        0.0000000000000000       -9.8133368724959893E-003   0.0000000000000000     
   6.5340000000000007        0.0000000000000000       -9.5718039656010664E-003   0.0000000000000000     
   6.7320000000000002        0.0000000000000000       -9.3405586518833291E-003   0.0000000000000000     
   6.9300000000000006        0.0000000000000000       -9.1190725232779112E-003   0.0000000000000000     
   7.1280000000000001        0.0000000000000000       -8.9068348671003938E-003   0.0000000000000000     
   7.3260000000000005        0.0000000000000000       -8.7033545380026337E-003   0.0000000000000000     
   7.5240000000000000        0.0000000000000000       -8.5081624209997313E-003   0.0000000000000000     
   7.7220000000000004        0.0000000000000000       -8.3208119430404175E-003   0.0000000000000000     
   7.9199999999999999        0.0000000000000000       -8.1408798693976773E-003   0.0000000000000000     
   8.1180000000000003        0.0000000000000000       -7.9679650848869122E-003   0.0000000000000000     
   8.3160000000000007        0.0000000000000000       -7.8016894274721615E-003   0.0000000000000000     
   8.5140000000000011        0.0000000000000000       -7.6416954822917009E-003   0.0000000000000000     
   8.7119999999999997        0.0000000000000000       -7.4876468291474969E-003   0.0000000000000000     
   8.9100000000000001        0.0000000000000000       -7.3392264338237832E-003   0.0000000000000000     
   9.1080000000000005        0.0000000000000000       -7.1961358973229670E-003   0.0000000000000000     
   9.3060000000000009        0.0000000000000000       -7.0580940071075663E-003   0.0000000000000000     
   9.5040000000000013        0.0000000000000000       -6.9248361573204477E-003   0.0000000000000000     
   9.7020000000000000        0.0000000000000000       -6.7961130355237718E-003   0.0000000000000000     
   9.9000000000000004        0.0000000000000000       -6.6716894396349003E-003   0.0000000000000000     
   10.098000000000001        0.0000000000000000       -6.5513439394142923E-003   0.0000000000000000     
   10.296000000000001        0.0000000000000000       -6.4348671947355145E-003   0.0000000000000000     
   10.494000000000000        0.0000000000000000       -6.3220615502463731E-003   0.0000000000000000     
   10.692000000000000        0.0000000000000000       -6.2127400004758889E-003   0.0000000000000000     
   10.890000000000001        0.0000000000000000       -6.1067254111873076E-003   0.0000000000000000     
   11.088000000000001        0.0000000000000000       -6.0038498930500622E-003   0.0000000000000000     
   11.286000000000001        0.0000000000000000       -5.9039538374909247E-003   0.0000000000000000     
   11.484000000000000        0.0000000000000000       -5.8068853753972484E-003   0.0000000000000000     
   11.682000000000000        0.0000000000000000       -5.7124996752055488E-003   0.0000000000000000     
   11.880000000000001        0.0000000000000000       -5.6206582803948277E-003   0.0000000000000000     
   12.078000000000001        0.0000000000000000       -5.5312286412383819E-003   0.0000000000000000     
   12.276000000000000        0.0000000000000000       -5.4440831656333635E-003   0.0000000000000000     
   12.474000000000000        0.0000000000000000       -5.3590990430468412E-003   0.0000000000000000     
   12.672000000000001        0.0000000000000000       -5.2761573785331563E-003   0.0000000000000000     
   12.870000000000001        0.0000000000000000       -5.1951426834679218E-003   0.0000000000000000     
   13.068000000000001        0.0000000000000000       -5.1159422711115057E-003   0.0000000000000000     
   13.266000000000000        0.0000000000000000       -5.0384458489657839E-003   0.0000000000000000     
   13.464000000000000        0.0000000000000000       -4.9625444398676251E-003   0.0000000000000000     
   13.662000000000001        0.0000000000000000       -4.8881302285177803E-003   0.0000000000000000     
   13.860000000000001        0.0000000000000000       -4.8150953731167269E-003   0.0000000000000000     
   14.058000000000000        0.0000000000000000       -4.7433316511828515E-003   0.0000000000000000     
   14.256000000000000        0.0000000000000000       -4.6727293181974662E-003   0.0000000000000000     
   14.454000000000001        0.0000000000000000       -4.6031762508396551E-003   0.0000000000000000     
   14.652000000000001        0.0000000000000000       -4.5345569332934550E-003   0.0000000000000000     
   14.850000000000001        0.0000000000000000       -4.4667511108038562E-003   0.0000000000000000     
   15.048000000000000        0.0000000000000000       -4.3996325614470344E-003   0.0000000000000000     
   15.246000000000000        0.0000000000000000       -4.3330672358116110E-003   0.0000000000000000     
   15.444000000000001        0.0000000000000000       -4.2669114743372127E-003   0.0000000000000000     
   15.642000000000001        0.0000000000000000       -4.2010096960303171E-003   0.0000000000000000     
   15.840000000000000        0.0000000000000000       -4.1351916359842521E-003   0.0000000000000000     
   16.038000000000000        0.0000000000000000       -4.0692692141998136E-003   0.0000000000000000     
   16.236000000000001        0.0000000000000000       -4.0030323033774240E-003   0.0000000000000000     
   16.434000000000001        0.0000000000000000       -3.9362444197432707E-003   0.0000000000000000     
   16.632000000000001        0.0000000000000000       -3.8686364279684987E-003   0.0000000000000000     
   16.830000000000002        0.0000000000000000       -3.7999000036685691E-003   0.0000000000000000     
   17.028000000000002        0.0000000000000000       -3.7296787588094946E-003   0.0000000000000000     
   17.225999999999999        0.0000000000000000       -3.6579887516313176E-003   0.0000000000000000     
   17.423999999999999        0.0000000000000000       -3.5839385578575410E-003   0.0000000000000000     
   17.622000000000000        0.0000000000000000       -3.5066699384590410E-003   0.0000000000000000     
   17.820000000000000        0.0000000000000000       -3.4261282485026777E-003   0.0000000000000000     
   18.018000000000001        0.0000000000000000       -3.3413694443209570E-003   0.0000000000000000     
   18.216000000000001        0.0000000000000000       -3.2507292676686892E-003   0.0000000000000000     
   18.414000000000001        0.0000000000000000       -3.1536512949748483E-003   0.0000000000000000     
   18.612000000000002        0.0000000000000000       -3.0487630963082456E-003   0.0000000000000000     
   18.810000000000002        0.0000000000000000       -2.9358657394646949E-003   0.0000000000000000     
   19.008000000000003        0.0000000000000000       -2.8125150942202790E-003   0.0000000000000000     
   19.206000000000000        0.0000000000000000       -2.6773500114618083E-003   0.0000000000000000     
   19.404000000000000        0.0000000000000000       -2.5274282992779709E-003   0.0000000000000000     
   19.602000000000000        0.0000000000000000       -2.3620572176461289E-003   0.0000000000000000     
