  -19.602000000000000        0.0000000000000000        2.5108469199992024E-003   0.0000000000000000     
  -19.404000000000000        0.0000000000000000        2.6714963296963251E-003   0.0000000000000000     
  -19.206000000000000        0.0000000000000000        2.8192197387328839E-003   0.0000000000000000     
  -19.008000000000003        0.0000000000000000        2.9551336950708251E-003   0.0000000000000000     
  -18.810000000000002        0.0000000000000000        3.0819321393464882E-003   0.0000000000000000     
  -18.612000000000002        0.0000000000000000        3.1991965664392038E-003   0.0000000000000000     
  -18.414000000000001        0.0000000000000000        3.3070699238586937E-003   0.0000000000000000     
  -18.216000000000001        0.0000000000000000        3.4086410624459898E-003   0.0000000000000000     
  -18.018000000000001        0.0000000000000000        3.5039946494019162E-003   0.0000000000000000     
  -17.820000000000000        0.0000000000000000        3.5933002053213032E-003   0.0000000000000000     
  -17.622000000000000        0.0000000000000000        3.6788070747091335E-003   0.0000000000000000     
  -17.423999999999999        0.0000000000000000        3.7600200592894694E-003   0.0000000000000000     
  -17.225999999999999        0.0000000000000000        3.8382353631646760E-003   0.0000000000000000     
  -17.028000000000002        0.0000000000000000        3.9139607014933193E-003   0.0000000000000000     
  -16.830000000000002        0.0000000000000000        3.9876418290445102E-003   0.0000000000000000     
  -16.632000000000001        0.0000000000000000        4.0591535493395411E-003   0.0000000000000000     
  -16.434000000000001        0.0000000000000000        4.1301102425123967E-003   0.0000000000000000     
  -16.236000000000001        0.0000000000000000        4.2000197608135234E-003   0.0000000000000000     
  -16.038000000000000        0.0000000000000000        4.2691507750105733E-003   0.0000000000000000     
  -15.840000000000000        0.0000000000000000        4.3377413072754655E-003   0.0000000000000000     
  -15.642000000000001        0.0000000000000000        4.4060037607046203E-003   0.0000000000000000     
  -15.444000000000001        0.0000000000000000        4.4741290390735164E-003   0.0000000000000000     
  -15.246000000000000        0.0000000000000000        4.5422898914008088E-003   0.0000000000000000     
  -15.048000000000000        0.0000000000000000        4.6106441887639625E-003   0.0000000000000000     
  -14.850000000000001        0.0000000000000000        4.6793370553815826E-003   0.0000000000000000     
  -14.652000000000001        0.0000000000000000        4.7485034661004597E-003   0.0000000000000000     
  -14.454000000000001        0.0000000000000000        4.8182696322443116E-003   0.0000000000000000     
  -14.256000000000000        0.0000000000000000        4.8887547119179685E-003   0.0000000000000000     
  -14.058000000000000        0.0000000000000000        4.9600722543871470E-003   0.0000000000000000     
  -13.860000000000001        0.0000000000000000        5.0323312015581019E-003   0.0000000000000000     
  -13.662000000000001        0.0000000000000000        5.1056370539893725E-003   0.0000000000000000     
  -13.464000000000000        0.0000000000000000        5.1800927184394554E-003   0.0000000000000000     
  -13.266000000000000        0.0000000000000000        5.2557993355968795E-003   0.0000000000000000     
  -13.068000000000001        0.0000000000000000        5.3328568621643316E-003   0.0000000000000000     
  -12.870000000000001        0.0000000000000000        5.4113649271629368E-003   0.0000000000000000     
  -12.672000000000001        0.0000000000000000        5.4914232976456465E-003   0.0000000000000000     
  -12.474000000000000        0.0000000000000000        5.5731325407430360E-003   0.0000000000000000     
  -12.276000000000000        0.0000000000000000        5.6565943859104382E-003   0.0000000000000000     
  -12.078000000000001        0.0000000000000000        5.7419123480298637E-003   0.0000000000000000     
  -11.880000000000001        0.0000000000000000        5.8291922408238786E-003   0.0000000000000000     
  -11.682000000000000        0.0000000000000000        5.9185423648922758E-003   0.0000000000000000     
  -11.484000000000000        0.0000000000000000        6.0100743047940232E-003   0.0000000000000000     
  -11.286000000000001        0.0000000000000000        6.1039031000315854E-003   0.0000000000000000     
  -11.088000000000001        0.0000000000000000        6.2001478603180048E-003   0.0000000000000000     
  -10.890000000000001        0.0000000000000000        6.2989320460188477E-003   0.0000000000000000     
  -10.692000000000000        0.0000000000000000        6.4003840361796698E-003   0.0000000000000000     
  -10.494000000000000        0.0000000000000000        6.5046376274223491E-003   0.0000000000000000     
  -10.296000000000001        0.0000000000000000        6.6118320367103255E-003   0.0000000000000000     
  -10.098000000000001        0.0000000000000000        6.7221131383349781E-003   0.0000000000000000     
  -9.9000000000000004        0.0000000000000000        6.8356331834736762E-003   0.0000000000000000     
  -9.7020000000000000        0.0000000000000000        6.9525516786160075E-003   0.0000000000000000     
  -9.5040000000000013        0.0000000000000000        7.0730359187952518E-003   0.0000000000000000     
  -9.3060000000000009        0.0000000000000000        7.1972612092688609E-003   0.0000000000000000     
  -9.1080000000000005        0.0000000000000000        7.3254114499069654E-003   0.0000000000000000     
  -8.9100000000000001        0.0000000000000000        7.4576796575932854E-003   0.0000000000000000     
  -8.7119999999999997        0.0000000000000000        7.5942686492407136E-003   0.0000000000000000     
  -8.5140000000000011        0.0000000000000000        7.7353909500773319E-003   0.0000000000000000     
  -8.3160000000000007        0.0000000000000000        7.8812697335993772E-003   0.0000000000000000     
  -8.1180000000000003        0.0000000000000000        8.0321390402560474E-003   0.0000000000000000     
  -7.9199999999999999        0.0000000000000000        8.1882437338968821E-003   0.0000000000000000     
  -7.7220000000000004        0.0000000000000000        8.3498401087431055E-003   0.0000000000000000     
  -7.5240000000000000        0.0000000000000000        8.5171957912214095E-003   0.0000000000000000     
  -7.3260000000000005        0.0000000000000000        8.6905892558156103E-003   0.0000000000000000     
  -7.1280000000000001        0.0000000000000000        8.8703094469193468E-003   0.0000000000000000     
  -6.9300000000000006        0.0000000000000000        9.0566552575873580E-003   0.0000000000000000     
  -6.7320000000000002        0.0000000000000000        9.2499335245022438E-003   0.0000000000000000     
  -6.5340000000000007        0.0000000000000000        9.4504570155672252E-003   0.0000000000000000     
  -6.3360000000000003        0.0000000000000000        9.6585417478486889E-003   0.0000000000000000     
  -6.1379999999999999        0.0000000000000000        9.8745022108454681E-003   0.0000000000000000     
  -5.9400000000000004        0.0000000000000000        1.0098645665705301E-002   0.0000000000000000     
  -5.7420000000000000        0.0000000000000000        1.0331264137305042E-002   0.0000000000000000     
  -5.5440000000000005        0.0000000000000000        1.0572622537522296E-002   0.0000000000000000     
  -5.3460000000000001        0.0000000000000000        1.0822943979478774E-002   0.0000000000000000     
  -5.1480000000000006        0.0000000000000000        1.1082389092584083E-002   0.0000000000000000     
  -4.9500000000000002        0.0000000000000000        1.1351028195872748E-002   0.0000000000000000     
  -4.7520000000000007        0.0000000000000000        1.1628802362198924E-002   0.0000000000000000     
  -4.5540000000000003        0.0000000000000000        1.1915473650043678E-002   0.0000000000000000     
  -4.3559999999999999        0.0000000000000000        1.2210554744845281E-002   0.0000000000000000     
  -4.1580000000000004        0.0000000000000000        1.2513218495729119E-002   0.0000000000000000     
  -3.9600000000000000        0.0000000000000000        1.2822184654403577E-002   0.0000000000000000     
  -3.7620000000000000        0.0000000000000000        1.3135601220560275E-002   0.0000000000000000     
  -3.5640000000000001        0.0000000000000000        1.3451004922486800E-002   0.0000000000000000     
  -3.3660000000000001        0.0000000000000000        1.3765666798637468E-002   0.0000000000000000     
  -3.1680000000000001        0.0000000000000000        1.4078017978247656E-002   0.0000000000000000     
  -2.9700000000000002        0.0000000000000000        1.4388095469170643E-002   0.0000000000000000     
  -2.7720000000000002        0.0000000000000000        1.4685325701519848E-002   0.0000000000000000     
  -2.5740000000000003        0.0000000000000000        1.4951144328623451E-002   0.0000000000000000     
  -2.3760000000000003        0.0000000000000000        1.5169552368376697E-002   0.0000000000000000     
  -2.1779999999999999        0.0000000000000000        1.5319780304971746E-002   0.0000000000000000     
  -1.9800000000000000        0.0000000000000000        1.5373695972080673E-002   0.0000000000000000     
  -1.7820000000000000        0.0000000000000000        1.5298774665102419E-002   0.0000000000000000     
  -1.5840000000000001        0.0000000000000000        1.5047893547300841E-002   0.0000000000000000     
  -1.3860000000000001        0.0000000000000000        1.4565506760797655E-002   0.0000000000000000     
  -1.1880000000000002        0.0000000000000000        1.3794059825067397E-002   0.0000000000000000     
 -0.98999999999999999        0.0000000000000000        1.2651423632773967E-002   0.0000000000000000     
 -0.79200000000000004        0.0000000000000000        1.1055988321660343E-002   0.0000000000000000     
 -0.59400000000000008        0.0000000000000000        8.9616664920873380E-003   0.0000000000000000     
 -0.39600000000000002        0.0000000000000000        6.3570881163638503E-003   0.0000000000000000     
 -0.19800000000000001        0.0000000000000000        3.3089186473514473E-003   0.0000000000000000     
   0.0000000000000000        0.0000000000000000        0.0000000000000000        0.0000000000000000     
  0.19800000000000001        0.0000000000000000       -3.3089186473514473E-003   0.0000000000000000     
  0.39600000000000002        0.0000000000000000       -6.3570881163638503E-003   0.0000000000000000     
  0.59400000000000008        0.0000000000000000       -8.9616664920873380E-003   0.0000000000000000     
  0.79200000000000004        0.0000000000000000       -1.1055988321660343E-002   0.0000000000000000     
  0.98999999999999999        0.0000000000000000       -1.2651423632773967E-002   0.0000000000000000     
   1.1880000000000002        0.0000000000000000       -1.3794059825067397E-002   0.0000000000000000     
   1.3860000000000001        0.0000000000000000       -1.4565506760797655E-002   0.0000000000000000     
   1.5840000000000001        0.0000000000000000       -1.5047893547300841E-002   0.0000000000000000     
   1.7820000000000000        0.0000000000000000       -1.5298774665102419E-002   0.0000000000000000     
   1.9800000000000000        0.0000000000000000       -1.5373695972080673E-002   0.0000000000000000     
   2.1779999999999999        0.0000000000000000       -1.5319780304971746E-002   0.0000000000000000     
   2.3760000000000003        0.0000000000000000       -1.5169552368376697E-002   0.0000000000000000     
   2.5740000000000003        0.0000000000000000       -1.4951144328623451E-002   0.0000000000000000     
   2.7720000000000002        0.0000000000000000       -1.4685325701519848E-002   0.0000000000000000     
   2.9700000000000002        0.0000000000000000       -1.4388095469170643E-002   0.0000000000000000     
   3.1680000000000001        0.0000000000000000       -1.4078017978247656E-002   0.0000000000000000     
   3.3660000000000001        0.0000000000000000       -1.3765666798637468E-002   0.0000000000000000     
   3.5640000000000001        0.0000000000000000       -1.3451004922486800E-002   0.0000000000000000     
   3.7620000000000000        0.0000000000000000       -1.3135601220560275E-002   0.0000000000000000     
   3.9600000000000000        0.0000000000000000       -1.2822184654403577E-002   0.0000000000000000     
   4.1580000000000004        0.0000000000000000       -1.2513218495729119E-002   0.0000000000000000     
   4.3559999999999999        0.0000000000000000       -1.2210554744845281E-002   0.0000000000000000     
   4.5540000000000003        0.0000000000000000       -1.1915473650043678E-002   0.0000000000000000     
   4.7520000000000007        0.0000000000000000       -1.1628802362198924E-002   0.0000000000000000     
   4.9500000000000002        0.0000000000000000       -1.1351028195872748E-002   0.0000000000000000     
   5.1480000000000006        0.0000000000000000       -1.1082389092584083E-002   0.0000000000000000     
   5.3460000000000001        0.0000000000000000       -1.0822943979478774E-002   0.0000000000000000     
   5.5440000000000005        0.0000000000000000       -1.0572622537522296E-002   0.0000000000000000     
   5.7420000000000000        0.0000000000000000       -1.0331264137305042E-002   0.0000000000000000     
   5.9400000000000004        0.0000000000000000       -1.0098645665705301E-002   0.0000000000000000     
   6.1379999999999999        0.0000000000000000       -9.8745022108454681E-003   0.0000000000000000     
   6.3360000000000003        0.0000000000000000       -9.6585417478486889E-003   0.0000000000000000     
   6.5340000000000007        0.0000000000000000       -9.4504570155672252E-003   0.0000000000000000     
   6.7320000000000002        0.0000000000000000       -9.2499335245022438E-003   0.0000000000000000     
   6.9300000000000006        0.0000000000000000       -9.0566552575873580E-003   0.0000000000000000     
   7.1280000000000001        0.0000000000000000       -8.8703094469193468E-003   0.0000000000000000     
   7.3260000000000005        0.0000000000000000       -8.6905892558156103E-003   0.0000000000000000     
   7.5240000000000000        0.0000000000000000       -8.5171957912214095E-003   0.0000000000000000     
   7.7220000000000004        0.0000000000000000       -8.3498401087431055E-003   0.0000000000000000     
   7.9199999999999999        0.0000000000000000       -8.1882437338968821E-003   0.0000000000000000     
   8.1180000000000003        0.0000000000000000       -8.0321390402560474E-003   0.0000000000000000     
   8.3160000000000007        0.0000000000000000       -7.8812697335993772E-003   0.0000000000000000     
   8.5140000000000011        0.0000000000000000       -7.7353909500773319E-003   0.0000000000000000     
   8.7119999999999997        0.0000000000000000       -7.5942686492407136E-003   0.0000000000000000     
   8.9100000000000001        0.0000000000000000       -7.4576796575932854E-003   0.0000000000000000     
   9.1080000000000005        0.0000000000000000       -7.3254114499069654E-003   0.0000000000000000     
   9.3060000000000009        0.0000000000000000       -7.1972612092688609E-003   0.0000000000000000     
   9.5040000000000013        0.0000000000000000       -7.0730359187952518E-003   0.0000000000000000     
   9.7020000000000000        0.0000000000000000       -6.9525516786160075E-003   0.0000000000000000     
   9.9000000000000004        0.0000000000000000       -6.8356331834736762E-003   0.0000000000000000     
   10.098000000000001        0.0000000000000000       -6.7221131383349781E-003   0.0000000000000000     
   10.296000000000001        0.0000000000000000       -6.6118320367103255E-003   0.0000000000000000     
   10.494000000000000        0.0000000000000000       -6.5046376274223491E-003   0.0000000000000000     
   10.692000000000000        0.0000000000000000       -6.4003840361796698E-003   0.0000000000000000     
   10.890000000000001        0.0000000000000000       -6.2989320460188477E-003   0.0000000000000000     
   11.088000000000001        0.0000000000000000       -6.2001478603180048E-003   0.0000000000000000     
   11.286000000000001        0.0000000000000000       -6.1039031000315854E-003   0.0000000000000000     
   11.484000000000000        0.0000000000000000       -6.0100743047940232E-003   0.0000000000000000     
   11.682000000000000        0.0000000000000000       -5.9185423648922758E-003   0.0000000000000000     
   11.880000000000001        0.0000000000000000       -5.8291922408238786E-003   0.0000000000000000     
   12.078000000000001        0.0000000000000000       -5.7419123480298637E-003   0.0000000000000000     
   12.276000000000000        0.0000000000000000       -5.6565943859104382E-003   0.0000000000000000     
   12.474000000000000        0.0000000000000000       -5.5731325407430360E-003   0.0000000000000000     
   12.672000000000001        0.0000000000000000       -5.4914232976456465E-003   0.0000000000000000     
   12.870000000000001        0.0000000000000000       -5.4113649271629368E-003   0.0000000000000000     
   13.068000000000001        0.0000000000000000       -5.3328568621643316E-003   0.0000000000000000     
   13.266000000000000        0.0000000000000000       -5.2557993355968795E-003   0.0000000000000000     
   13.464000000000000        0.0000000000000000       -5.1800927184394554E-003   0.0000000000000000     
   13.662000000000001        0.0000000000000000       -5.1056370539893725E-003   0.0000000000000000     
   13.860000000000001        0.0000000000000000       -5.0323312015581019E-003   0.0000000000000000     
   14.058000000000000        0.0000000000000000       -4.9600722543871470E-003   0.0000000000000000     
   14.256000000000000        0.0000000000000000       -4.8887547119179685E-003   0.0000000000000000     
   14.454000000000001        0.0000000000000000       -4.8182696322443116E-003   0.0000000000000000     
   14.652000000000001        0.0000000000000000       -4.7485034661004597E-003   0.0000000000000000     
   14.850000000000001        0.0000000000000000       -4.6793370553815826E-003   0.0000000000000000     
   15.048000000000000        0.0000000000000000       -4.6106441887639625E-003   0.0000000000000000     
   15.246000000000000        0.0000000000000000       -4.5422898914008088E-003   0.0000000000000000     
   15.444000000000001        0.0000000000000000       -4.4741290390735164E-003   0.0000000000000000     
   15.642000000000001        0.0000000000000000       -4.4060037607046203E-003   0.0000000000000000     
   15.840000000000000        0.0000000000000000       -4.3377413072754655E-003   0.0000000000000000     
   16.038000000000000        0.0000000000000000       -4.2691507750105733E-003   0.0000000000000000     
   16.236000000000001        0.0000000000000000       -4.2000197608135234E-003   0.0000000000000000     
   16.434000000000001        0.0000000000000000       -4.1301102425123967E-003   0.0000000000000000     
   16.632000000000001        0.0000000000000000       -4.0591535493395411E-003   0.0000000000000000     
   16.830000000000002        0.0000000000000000       -3.9876418290445102E-003   0.0000000000000000     
   17.028000000000002        0.0000000000000000       -3.9139607014933193E-003   0.0000000000000000     
   17.225999999999999        0.0000000000000000       -3.8382353631646760E-003   0.0000000000000000     
   17.423999999999999        0.0000000000000000       -3.7600200592894694E-003   0.0000000000000000     
   17.622000000000000        0.0000000000000000       -3.6788070747091335E-003   0.0000000000000000     
   17.820000000000000        0.0000000000000000       -3.5933002053213032E-003   0.0000000000000000     
   18.018000000000001        0.0000000000000000       -3.5039946494019162E-003   0.0000000000000000     
   18.216000000000001        0.0000000000000000       -3.4086410624459898E-003   0.0000000000000000     
   18.414000000000001        0.0000000000000000       -3.3070699238586937E-003   0.0000000000000000     
   18.612000000000002        0.0000000000000000       -3.1991965664392038E-003   0.0000000000000000     
   18.810000000000002        0.0000000000000000       -3.0819321393464882E-003   0.0000000000000000     
   19.008000000000003        0.0000000000000000       -2.9551336950708251E-003   0.0000000000000000     
   19.206000000000000        0.0000000000000000       -2.8192197387328839E-003   0.0000000000000000     
   19.404000000000000        0.0000000000000000       -2.6714963296963251E-003   0.0000000000000000     
   19.602000000000000        0.0000000000000000       -2.5108469199992024E-003   0.0000000000000000     
