  -19.602000000000000        0.0000000000000000        2.1326274687892550E-003   0.0000000000000000     
  -19.404000000000000        0.0000000000000000        2.2611161074670588E-003   0.0000000000000000     
  -19.206000000000000        0.0000000000000000        2.3806521489673827E-003   0.0000000000000000     
  -19.008000000000003        0.0000000000000000        2.4922413835015388E-003   0.0000000000000000     
  -18.810000000000002        0.0000000000000000        2.5958091139604523E-003   0.0000000000000000     
  -18.612000000000002        0.0000000000000000        2.6922737418924102E-003   0.0000000000000000     
  -18.414000000000001        0.0000000000000000        2.7824555736139390E-003   0.0000000000000000     
  -18.216000000000001        0.0000000000000000        2.8679655787898829E-003   0.0000000000000000     
  -18.018000000000001        0.0000000000000000        2.9484089154249303E-003   0.0000000000000000     
  -17.820000000000000        0.0000000000000000        3.0245795342831259E-003   0.0000000000000000     
  -17.622000000000000        0.0000000000000000        3.0965020902911223E-003   0.0000000000000000     
  -17.423999999999999        0.0000000000000000        3.1654466804100024E-003   0.0000000000000000     
  -17.225999999999999        0.0000000000000000        3.2318656425360734E-003   0.0000000000000000     
  -17.028000000000002        0.0000000000000000        3.2961669300750002E-003   0.0000000000000000     
  -16.830000000000002        0.0000000000000000        3.3587124988820826E-003   0.0000000000000000     
  -16.632000000000001        0.0000000000000000        3.4189359529901713E-003   0.0000000000000000     
  -16.434000000000001        0.0000000000000000        3.4793152139201439E-003   0.0000000000000000     
  -16.236000000000001        0.0000000000000000        3.5387530770614527E-003   0.0000000000000000     
  -16.038000000000000        0.0000000000000000        3.5974743444093502E-003   0.0000000000000000     
  -15.840000000000000        0.0000000000000000        3.6556793008338225E-003   0.0000000000000000     
  -15.642000000000001        0.0000000000000000        3.7135472895417024E-003   0.0000000000000000     
  -15.444000000000001        0.0000000000000000        3.7712401183979394E-003   0.0000000000000000     
  -15.246000000000000        0.0000000000000000        3.8289045200721288E-003   0.0000000000000000     
  -15.048000000000000        0.0000000000000000        3.8866745499670139E-003   0.0000000000000000     
  -14.850000000000001        0.0000000000000000        3.9446736905701246E-003   0.0000000000000000     
  -14.652000000000001        0.0000000000000000        4.0030165654449563E-003   0.0000000000000000     
  -14.454000000000001        0.0000000000000000        4.0618103232362172E-003   0.0000000000000000     
  -14.256000000000000        0.0000000000000000        4.1211559225871261E-003   0.0000000000000000     
  -14.058000000000000        0.0000000000000000        4.1811494483961443E-003   0.0000000000000000     
  -13.860000000000001        0.0000000000000000        4.2418829273338917E-003   0.0000000000000000     
  -13.662000000000001        0.0000000000000000        4.3034451138641121E-003   0.0000000000000000     
  -13.464000000000000        0.0000000000000000        4.3659225454151648E-003   0.0000000000000000     
  -13.266000000000000        0.0000000000000000        4.4293997951695375E-003   0.0000000000000000     
  -13.068000000000001        0.0000000000000000        4.4939604827609770E-003   0.0000000000000000     
  -12.870000000000001        0.0000000000000000        4.5596873998627165E-003   0.0000000000000000     
  -12.672000000000001        0.0000000000000000        4.6266634379272548E-003   0.0000000000000000     
  -12.474000000000000        0.0000000000000000        4.6949717098571505E-003   0.0000000000000000     
  -12.276000000000000        0.0000000000000000        4.7646962088246951E-003   0.0000000000000000     
  -12.078000000000001        0.0000000000000000        4.8359220465438880E-003   0.0000000000000000     
  -11.880000000000001        0.0000000000000000        4.9087359779757160E-003   0.0000000000000000     
  -11.682000000000000        0.0000000000000000        4.9832264552504418E-003   0.0000000000000000     
  -11.484000000000000        0.0000000000000000        5.0594845558682511E-003   0.0000000000000000     
  -11.286000000000001        0.0000000000000000        5.1376035471731377E-003   0.0000000000000000     
  -11.088000000000001        0.0000000000000000        5.2176800168773222E-003   0.0000000000000000     
  -10.890000000000001        0.0000000000000000        5.2998136930898854E-003   0.0000000000000000     
  -10.692000000000000        0.0000000000000000        5.3841077786810024E-003   0.0000000000000000     
  -10.494000000000000        0.0000000000000000        5.4706696527324879E-003   0.0000000000000000     
  -10.296000000000001        0.0000000000000000        5.5596107997936024E-003   0.0000000000000000     
  -10.098000000000001        0.0000000000000000        5.6510472113024913E-003   0.0000000000000000     
  -9.9000000000000004        0.0000000000000000        5.7450999326438728E-003   0.0000000000000000     
  -9.7020000000000000        0.0000000000000000        5.8418949884874059E-003   0.0000000000000000     
  -9.5040000000000013        0.0000000000000000        5.9415641144255089E-003   0.0000000000000000     
  -9.3060000000000009        0.0000000000000000        6.0442447336992037E-003   0.0000000000000000     
  -9.1080000000000005        0.0000000000000000        6.1500803427193924E-003   0.0000000000000000     
  -8.9100000000000001        0.0000000000000000        6.2592207159254450E-003   0.0000000000000000     
  -8.7119999999999997        0.0000000000000000        6.3718222477538592E-003   0.0000000000000000     
  -8.5140000000000011        0.0000000000000000        6.4880478726765910E-003   0.0000000000000000     
  -8.3160000000000007        0.0000000000000000        6.6080674537180046E-003   0.0000000000000000     
  -8.1180000000000003        0.0000000000000000        6.7320577236934138E-003   0.0000000000000000     
  -7.9199999999999999        0.0000000000000000        6.8602017231729883E-003   0.0000000000000000     
  -7.7220000000000004        0.0000000000000000        6.9926895046975414E-003   0.0000000000000000     
  -7.5240000000000000        0.0000000000000000        7.1297166867856972E-003   0.0000000000000000     
  -7.3260000000000005        0.0000000000000000        7.2714843970159374E-003   0.0000000000000000     
  -7.1280000000000001        0.0000000000000000        7.4181978036813572E-003   0.0000000000000000     
  -6.9300000000000006        0.0000000000000000        7.5700652322938213E-003   0.0000000000000000     
  -6.7320000000000002        0.0000000000000000        7.7272954321390298E-003   0.0000000000000000     
  -6.5340000000000007        0.0000000000000000        7.8900952701771929E-003   0.0000000000000000     
  -6.3360000000000003        0.0000000000000000        8.0586659341308729E-003   0.0000000000000000     
  -6.1379999999999999        0.0000000000000000        8.2331976461425919E-003   0.0000000000000000     
  -5.9400000000000004        0.0000000000000000        8.4138635511219525E-003   0.0000000000000000     
  -5.7420000000000000        0.0000000000000000        8.6008108127711494E-003   0.0000000000000000     
  -5.5440000000000005        0.0000000000000000        8.7941487440001808E-003   0.0000000000000000     
  -5.3460000000000001        0.0000000000000000        8.9939341927208986E-003   0.0000000000000000     
  -5.1480000000000006        0.0000000000000000        9.2001507572267594E-003   0.0000000000000000     
  -4.9500000000000002        0.0000000000000000        9.4126828271073638E-003   0.0000000000000000     
  -4.7520000000000007        0.0000000000000000        9.6312795304417751E-003   0.0000000000000000     
  -4.5540000000000003        0.0000000000000000        9.8555096895664336E-003   0.0000000000000000     
  -4.3559999999999999        0.0000000000000000        1.0084701934043563E-002   0.0000000000000000     
  -4.1580000000000004        0.0000000000000000        1.0317872754395014E-002   0.0000000000000000     
  -3.9600000000000000        0.0000000000000000        1.0553651143293067E-002   0.0000000000000000     
  -3.7620000000000000        0.0000000000000000        1.0790242765701607E-002   0.0000000000000000     
  -3.5640000000000001        0.0000000000000000        1.1025594132984493E-002   0.0000000000000000     
  -3.3660000000000001        0.0000000000000000        1.1258214849617721E-002   0.0000000000000000     
  -3.1680000000000001        0.0000000000000000        1.1489218406815048E-002   0.0000000000000000     
  -2.9700000000000002        0.0000000000000000        1.1721004722791925E-002   0.0000000000000000     
  -2.7720000000000002        0.0000000000000000        1.1941533990357241E-002   0.0000000000000000     
  -2.5740000000000003        0.0000000000000000        1.2130845132739258E-002   0.0000000000000000     
  -2.3760000000000003        0.0000000000000000        1.2276227059068653E-002   0.0000000000000000     
  -2.1779999999999999        0.0000000000000000        1.2363296843804585E-002   0.0000000000000000     
  -1.9800000000000000        0.0000000000000000        1.2369570208685211E-002   0.0000000000000000     
  -1.7820000000000000        0.0000000000000000        1.2262158794587063E-002   0.0000000000000000     
  -1.5840000000000001        0.0000000000000000        1.2006156499384557E-002   0.0000000000000000     
  -1.3860000000000001        0.0000000000000000        1.1567163290559325E-002   0.0000000000000000     
  -1.1880000000000002        0.0000000000000000        1.0905824124659628E-002   0.0000000000000000     
 -0.98999999999999999        0.0000000000000000        9.9674503565846517E-003   0.0000000000000000     
 -0.79200000000000004        0.0000000000000000        8.6864435866556948E-003   0.0000000000000000     
 -0.59400000000000008        0.0000000000000000        7.0139782291753876E-003   0.0000000000000000     
 -0.39600000000000002        0.0000000000000000        4.9506564825476627E-003   0.0000000000000000     
 -0.19800000000000001        0.0000000000000000        2.5675310882043397E-003   0.0000000000000000     
   0.0000000000000000        0.0000000000000000        0.0000000000000000        0.0000000000000000     
  0.19800000000000001        0.0000000000000000       -2.5675310882043397E-003   0.0000000000000000     
  0.39600000000000002        0.0000000000000000       -4.9506564825476627E-003   0.0000000000000000     
  0.59400000000000008        0.0000000000000000       -7.0139782291753876E-003   0.0000000000000000     
  0.79200000000000004        0.0000000000000000       -8.6864435866556948E-003   0.0000000000000000     
  0.98999999999999999        0.0000000000000000       -9.9674503565846517E-003   0.0000000000000000     
   1.1880000000000002        0.0000000000000000       -1.0905824124659628E-002   0.0000000000000000     
   1.3860000000000001        0.0000000000000000       -1.1567163290559325E-002   0.0000000000000000     
   1.5840000000000001        0.0000000000000000       -1.2006156499384557E-002   0.0000000000000000     
   1.7820000000000000        0.0000000000000000       -1.2262158794587063E-002   0.0000000000000000     
   1.9800000000000000        0.0000000000000000       -1.2369570208685211E-002   0.0000000000000000     
   2.1779999999999999        0.0000000000000000       -1.2363296843804585E-002   0.0000000000000000     
   2.3760000000000003        0.0000000000000000       -1.2276227059068653E-002   0.0000000000000000     
   2.5740000000000003        0.0000000000000000       -1.2130845132739258E-002   0.0000000000000000     
   2.7720000000000002        0.0000000000000000       -1.1941533990357241E-002   0.0000000000000000     
   2.9700000000000002        0.0000000000000000       -1.1721004722791925E-002   0.0000000000000000     
   3.1680000000000001        0.0000000000000000       -1.1489218406815048E-002   0.0000000000000000     
   3.3660000000000001        0.0000000000000000       -1.1258214849617721E-002   0.0000000000000000     
   3.5640000000000001        0.0000000000000000       -1.1025594132984493E-002   0.0000000000000000     
   3.7620000000000000        0.0000000000000000       -1.0790242765701607E-002   0.0000000000000000     
   3.9600000000000000        0.0000000000000000       -1.0553651143293067E-002   0.0000000000000000     
   4.1580000000000004        0.0000000000000000       -1.0317872754395014E-002   0.0000000000000000     
   4.3559999999999999        0.0000000000000000       -1.0084701934043563E-002   0.0000000000000000     
   4.5540000000000003        0.0000000000000000       -9.8555096895664336E-003   0.0000000000000000     
   4.7520000000000007        0.0000000000000000       -9.6312795304417751E-003   0.0000000000000000     
   4.9500000000000002        0.0000000000000000       -9.4126828271073638E-003   0.0000000000000000     
   5.1480000000000006        0.0000000000000000       -9.2001507572267594E-003   0.0000000000000000     
   5.3460000000000001        0.0000000000000000       -8.9939341927208986E-003   0.0000000000000000     
   5.5440000000000005        0.0000000000000000       -8.7941487440001808E-003   0.0000000000000000     
   5.7420000000000000        0.0000000000000000       -8.6008108127711494E-003   0.0000000000000000     
   5.9400000000000004        0.0000000000000000       -8.4138635511219525E-003   0.0000000000000000     
   6.1379999999999999        0.0000000000000000       -8.2331976461425919E-003   0.0000000000000000     
   6.3360000000000003        0.0000000000000000       -8.0586659341308729E-003   0.0000000000000000     
   6.5340000000000007        0.0000000000000000       -7.8900952701771929E-003   0.0000000000000000     
   6.7320000000000002        0.0000000000000000       -7.7272954321390298E-003   0.0000000000000000     
   6.9300000000000006        0.0000000000000000       -7.5700652322938213E-003   0.0000000000000000     
   7.1280000000000001        0.0000000000000000       -7.4181978036813572E-003   0.0000000000000000     
   7.3260000000000005        0.0000000000000000       -7.2714843970159374E-003   0.0000000000000000     
   7.5240000000000000        0.0000000000000000       -7.1297166867856972E-003   0.0000000000000000     
   7.7220000000000004        0.0000000000000000       -6.9926895046975414E-003   0.0000000000000000     
   7.9199999999999999        0.0000000000000000       -6.8602017231729883E-003   0.0000000000000000     
   8.1180000000000003        0.0000000000000000       -6.7320577236934138E-003   0.0000000000000000     
   8.3160000000000007        0.0000000000000000       -6.6080674537180046E-003   0.0000000000000000     
   8.5140000000000011        0.0000000000000000       -6.4880478726765910E-003   0.0000000000000000     
   8.7119999999999997        0.0000000000000000       -6.3718222477538592E-003   0.0000000000000000     
   8.9100000000000001        0.0000000000000000       -6.2592207159254450E-003   0.0000000000000000     
   9.1080000000000005        0.0000000000000000       -6.1500803427193924E-003   0.0000000000000000     
   9.3060000000000009        0.0000000000000000       -6.0442447336992037E-003   0.0000000000000000     
   9.5040000000000013        0.0000000000000000       -5.9415641144255089E-003   0.0000000000000000     
   9.7020000000000000        0.0000000000000000       -5.8418949884874059E-003   0.0000000000000000     
   9.9000000000000004        0.0000000000000000       -5.7450999326438728E-003   0.0000000000000000     
   10.098000000000001        0.0000000000000000       -5.6510472113024913E-003   0.0000000000000000     
   10.296000000000001        0.0000000000000000       -5.5596107997936024E-003   0.0000000000000000     
   10.494000000000000        0.0000000000000000       -5.4706696527324879E-003   0.0000000000000000     
   10.692000000000000        0.0000000000000000       -5.3841077786810024E-003   0.0000000000000000     
   10.890000000000001        0.0000000000000000       -5.2998136930898854E-003   0.0000000000000000     
   11.088000000000001        0.0000000000000000       -5.2176800168773222E-003   0.0000000000000000     
   11.286000000000001        0.0000000000000000       -5.1376035471731377E-003   0.0000000000000000     
   11.484000000000000        0.0000000000000000       -5.0594845558682511E-003   0.0000000000000000     
   11.682000000000000        0.0000000000000000       -4.9832264552504418E-003   0.0000000000000000     
   11.880000000000001        0.0000000000000000       -4.9087359779757160E-003   0.0000000000000000     
   12.078000000000001        0.0000000000000000       -4.8359220465438880E-003   0.0000000000000000     
   12.276000000000000        0.0000000000000000       -4.7646962088246951E-003   0.0000000000000000     
   12.474000000000000        0.0000000000000000       -4.6949717098571505E-003   0.0000000000000000     
   12.672000000000001        0.0000000000000000       -4.6266634379272548E-003   0.0000000000000000     
   12.870000000000001        0.0000000000000000       -4.5596873998627165E-003   0.0000000000000000     
   13.068000000000001        0.0000000000000000       -4.4939604827609770E-003   0.0000000000000000     
   13.266000000000000        0.0000000000000000       -4.4293997951695375E-003   0.0000000000000000     
   13.464000000000000        0.0000000000000000       -4.3659225454151648E-003   0.0000000000000000     
   13.662000000000001        0.0000000000000000       -4.3034451138641121E-003   0.0000000000000000     
   13.860000000000001        0.0000000000000000       -4.2418829273338917E-003   0.0000000000000000     
   14.058000000000000        0.0000000000000000       -4.1811494483961443E-003   0.0000000000000000     
   14.256000000000000        0.0000000000000000       -4.1211559225871261E-003   0.0000000000000000     
   14.454000000000001        0.0000000000000000       -4.0618103232362172E-003   0.0000000000000000     
   14.652000000000001        0.0000000000000000       -4.0030165654449563E-003   0.0000000000000000     
   14.850000000000001        0.0000000000000000       -3.9446736905701246E-003   0.0000000000000000     
   15.048000000000000        0.0000000000000000       -3.8866745499670139E-003   0.0000000000000000     
   15.246000000000000        0.0000000000000000       -3.8289045200721288E-003   0.0000000000000000     
   15.444000000000001        0.0000000000000000       -3.7712401183979394E-003   0.0000000000000000     
   15.642000000000001        0.0000000000000000       -3.7135472895417024E-003   0.0000000000000000     
   15.840000000000000        0.0000000000000000       -3.6556793008338225E-003   0.0000000000000000     
   16.038000000000000        0.0000000000000000       -3.5974743444093502E-003   0.0000000000000000     
   16.236000000000001        0.0000000000000000       -3.5387530770614527E-003   0.0000000000000000     
   16.434000000000001        0.0000000000000000       -3.4793152139201439E-003   0.0000000000000000     
   16.632000000000001        0.0000000000000000       -3.4189359529901713E-003   0.0000000000000000     
   16.830000000000002        0.0000000000000000       -3.3587124988820826E-003   0.0000000000000000     
   17.028000000000002        0.0000000000000000       -3.2961669300750002E-003   0.0000000000000000     
   17.225999999999999        0.0000000000000000       -3.2318656425360734E-003   0.0000000000000000     
   17.423999999999999        0.0000000000000000       -3.1654466804100024E-003   0.0000000000000000     
   17.622000000000000        0.0000000000000000       -3.0965020902911223E-003   0.0000000000000000     
   17.820000000000000        0.0000000000000000       -3.0245795342831259E-003   0.0000000000000000     
   18.018000000000001        0.0000000000000000       -2.9484089154249303E-003   0.0000000000000000     
   18.216000000000001        0.0000000000000000       -2.8679655787898829E-003   0.0000000000000000     
   18.414000000000001        0.0000000000000000       -2.7824555736139390E-003   0.0000000000000000     
   18.612000000000002        0.0000000000000000       -2.6922737418924102E-003   0.0000000000000000     
   18.810000000000002        0.0000000000000000       -2.5958091139604523E-003   0.0000000000000000     
   19.008000000000003        0.0000000000000000       -2.4922413835015388E-003   0.0000000000000000     
   19.206000000000000        0.0000000000000000       -2.3806521489673827E-003   0.0000000000000000     
   19.404000000000000        0.0000000000000000       -2.2611161074670588E-003   0.0000000000000000     
   19.602000000000000        0.0000000000000000       -2.1326274687892550E-003   0.0000000000000000     
