  -19.602000000000000        0.0000000000000000        2.0003986695347449E-003   0.0000000000000000     
  -19.404000000000000        0.0000000000000000        2.0963409956394432E-003   0.0000000000000000     
  -19.206000000000000        0.0000000000000000        2.1869419703315447E-003   0.0000000000000000     
  -19.008000000000003        0.0000000000000000        2.2719975314160505E-003   0.0000000000000000     
  -18.810000000000002        0.0000000000000000        2.3526386088954542E-003   0.0000000000000000     
  -18.612000000000002        0.0000000000000000        2.4297555057393055E-003   0.0000000000000000     
  -18.414000000000001        0.0000000000000000        2.5029320368677010E-003   0.0000000000000000     
  -18.216000000000001        0.0000000000000000        2.5717888797634225E-003   0.0000000000000000     
  -18.018000000000001        0.0000000000000000        2.6374184003187025E-003   0.0000000000000000     
  -17.820000000000000        0.0000000000000000        2.7001303696022219E-003   0.0000000000000000     
  -17.622000000000000        0.0000000000000000        2.7602470907741369E-003   0.0000000000000000     
  -17.423999999999999        0.0000000000000000        2.8180916329675386E-003   0.0000000000000000     
  -17.225999999999999        0.0000000000000000        2.8740859666162672E-003   0.0000000000000000     
  -17.028000000000002        0.0000000000000000        2.9281436335623257E-003   0.0000000000000000     
  -16.830000000000002        0.0000000000000000        2.9810464880044110E-003   0.0000000000000000     
  -16.632000000000001        0.0000000000000000        3.0326771710906014E-003   0.0000000000000000     
  -16.434000000000001        0.0000000000000000        3.0832321092520102E-003   0.0000000000000000     
  -16.236000000000001        0.0000000000000000        3.1328875006898732E-003   0.0000000000000000     
  -16.038000000000000        0.0000000000000000        3.1818016759732372E-003   0.0000000000000000     
  -15.840000000000000        0.0000000000000000        3.2301169894667168E-003   0.0000000000000000     
  -15.642000000000001        0.0000000000000000        3.2779620909794667E-003   0.0000000000000000     
  -15.444000000000001        0.0000000000000000        3.3254535826079579E-003   0.0000000000000000     
  -15.246000000000000        0.0000000000000000        3.3726976599090385E-003   0.0000000000000000     
  -15.048000000000000        0.0000000000000000        3.4197914931399301E-003   0.0000000000000000     
  -14.850000000000001        0.0000000000000000        3.4668244467313905E-003   0.0000000000000000     
  -14.652000000000001        0.0000000000000000        3.5138793158132073E-003   0.0000000000000000     
  -14.454000000000001        0.0000000000000000        3.5610330502475868E-003   0.0000000000000000     
  -14.256000000000000        0.0000000000000000        3.6083577837612551E-003   0.0000000000000000     
  -14.058000000000000        0.0000000000000000        3.6559213998989893E-003   0.0000000000000000     
  -13.860000000000001        0.0000000000000000        3.7037882689614754E-003   0.0000000000000000     
  -13.662000000000001        0.0000000000000000        3.7520198134979631E-003   0.0000000000000000     
  -13.464000000000000        0.0000000000000000        3.8006748258485948E-003   0.0000000000000000     
  -13.266000000000000        0.0000000000000000        3.8498102133780010E-003   0.0000000000000000     
  -13.068000000000001        0.0000000000000000        3.8994809864925689E-003   0.0000000000000000     
  -12.870000000000001        0.0000000000000000        3.9497410163176431E-003   0.0000000000000000     
  -12.672000000000001        0.0000000000000000        4.0006429600359036E-003   0.0000000000000000     
  -12.474000000000000        0.0000000000000000        4.0522387637011298E-003   0.0000000000000000     
  -12.276000000000000        0.0000000000000000        4.1045798567271056E-003   0.0000000000000000     
  -12.078000000000001        0.0000000000000000        4.1577173500635467E-003   0.0000000000000000     
  -11.880000000000001        0.0000000000000000        4.2117021514146346E-003   0.0000000000000000     
  -11.682000000000000        0.0000000000000000        4.2665854109043902E-003   0.0000000000000000     
  -11.484000000000000        0.0000000000000000        4.3224182685175977E-003   0.0000000000000000     
  -11.286000000000001        0.0000000000000000        4.3792524119880419E-003   0.0000000000000000     
  -11.088000000000001        0.0000000000000000        4.4371398834617696E-003   0.0000000000000000     
  -10.890000000000001        0.0000000000000000        4.4961334327571776E-003   0.0000000000000000     
  -10.692000000000000        0.0000000000000000        4.5562862943018924E-003   0.0000000000000000     
  -10.494000000000000        0.0000000000000000        4.6176527256642837E-003   0.0000000000000000     
  -10.296000000000001        0.0000000000000000        4.6802875277834081E-003   0.0000000000000000     
  -10.098000000000001        0.0000000000000000        4.7442465567698305E-003   0.0000000000000000     
  -9.9000000000000004        0.0000000000000000        4.8095863810151979E-003   0.0000000000000000     
  -9.7020000000000000        0.0000000000000000        4.8763644185327642E-003   0.0000000000000000     
  -9.5040000000000013        0.0000000000000000        4.9446389623054657E-003   0.0000000000000000     
  -9.3060000000000009        0.0000000000000000        5.0144687703383168E-003   0.0000000000000000     
  -9.1080000000000005        0.0000000000000000        5.0859133408003108E-003   0.0000000000000000     
  -8.9100000000000001        0.0000000000000000        5.1590324306413056E-003   0.0000000000000000     
  -8.7119999999999997        0.0000000000000000        5.2338859569649515E-003   0.0000000000000000     
  -8.5140000000000011        0.0000000000000000        5.3105334808495686E-003   0.0000000000000000     
  -8.3160000000000007        0.0000000000000000        5.3890338674534247E-003   0.0000000000000000     
  -8.1180000000000003        0.0000000000000000        5.4694447463310347E-003   0.0000000000000000     
  -7.9199999999999999        0.0000000000000000        5.5518218795746199E-003   0.0000000000000000     
  -7.7220000000000004        0.0000000000000000        5.6362180891293898E-003   0.0000000000000000     
  -7.5240000000000000        0.0000000000000000        5.7226823295146350E-003   0.0000000000000000     
  -7.3260000000000005        0.0000000000000000        5.8112580961946448E-003   0.0000000000000000     
  -7.1280000000000001        0.0000000000000000        5.9019823321546554E-003   0.0000000000000000     
  -6.9300000000000006        0.0000000000000000        5.9948826527467958E-003   0.0000000000000000     
  -6.7320000000000002        0.0000000000000000        6.0899753777572223E-003   0.0000000000000000     
  -6.5340000000000007        0.0000000000000000        6.1872621603417189E-003   0.0000000000000000     
  -6.3360000000000003        0.0000000000000000        6.2867264064939785E-003   0.0000000000000000     
  -6.1379999999999999        0.0000000000000000        6.3883281024239135E-003   0.0000000000000000     
  -5.9400000000000004        0.0000000000000000        6.4919987375673879E-003   0.0000000000000000     
  -5.7420000000000000        0.0000000000000000        6.5976335264121963E-003   0.0000000000000000     
  -5.5440000000000005        0.0000000000000000        6.7050830885664169E-003   0.0000000000000000     
  -5.3460000000000001        0.0000000000000000        6.8141420921266072E-003   0.0000000000000000     
  -5.1480000000000006        0.0000000000000000        6.9245363081821614E-003   0.0000000000000000     
  -4.9500000000000002        0.0000000000000000        7.0359057497323988E-003   0.0000000000000000     
  -4.7520000000000007        0.0000000000000000        7.1477838026110995E-003   0.0000000000000000     
  -4.5540000000000003        0.0000000000000000        7.2595719854800390E-003   0.0000000000000000     
  -4.3559999999999999        0.0000000000000000        7.3705079736850979E-003   0.0000000000000000     
  -4.1580000000000004        0.0000000000000000        7.4796268892793182E-003   0.0000000000000000     
  -3.9600000000000000        0.0000000000000000        7.5857139934375961E-003   0.0000000000000000     
  -3.7620000000000000        0.0000000000000000        7.6872481505566633E-003   0.0000000000000000     
  -3.5640000000000001        0.0000000000000000        7.7823398372174986E-003   0.0000000000000000     
  -3.3660000000000001        0.0000000000000000        7.8686674867005403E-003   0.0000000000000000     
  -3.1680000000000001        0.0000000000000000        7.9434333773325868E-003   0.0000000000000000     
  -2.9700000000000002        0.0000000000000000        8.0033458385944684E-003   0.0000000000000000     
  -2.7720000000000002        0.0000000000000000        8.0443584034626571E-003   0.0000000000000000     
  -2.5740000000000003        0.0000000000000000        8.0598332274540649E-003   0.0000000000000000     
  -2.3760000000000003        0.0000000000000000        8.0388378530968554E-003   0.0000000000000000     
  -2.1779999999999999        0.0000000000000000        7.9709108912042036E-003   0.0000000000000000     
  -1.9800000000000000        0.0000000000000000        7.8463835283351276E-003   0.0000000000000000     
  -1.7820000000000000        0.0000000000000000        7.6515471782229970E-003   0.0000000000000000     
  -1.5840000000000001        0.0000000000000000        7.3687477595862231E-003   0.0000000000000000     
  -1.3860000000000001        0.0000000000000000        6.9763949179907350E-003   0.0000000000000000     
  -1.1880000000000002        0.0000000000000000        6.4504946395254024E-003   0.0000000000000000     
 -0.98999999999999999        0.0000000000000000        5.7718503301160858E-003   0.0000000000000000     
 -0.79200000000000004        0.0000000000000000        4.9267060224014126E-003   0.0000000000000000     
 -0.59400000000000008        0.0000000000000000        3.9036114430013955E-003   0.0000000000000000     
 -0.39600000000000002        0.0000000000000000        2.7116722592443478E-003   0.0000000000000000     
 -0.19800000000000001        0.0000000000000000        1.3905765770809992E-003   0.0000000000000000     
   0.0000000000000000        0.0000000000000000        0.0000000000000000        0.0000000000000000     
  0.19800000000000001        0.0000000000000000       -1.3905765770809992E-003   0.0000000000000000     
  0.39600000000000002        0.0000000000000000       -2.7116722592443478E-003   0.0000000000000000     
  0.59400000000000008        0.0000000000000000       -3.9036114430013955E-003   0.0000000000000000     
  0.79200000000000004        0.0000000000000000       -4.9267060224014126E-003   0.0000000000000000     
  0.98999999999999999        0.0000000000000000       -5.7718503301160858E-003   0.0000000000000000     
   1.1880000000000002        0.0000000000000000       -6.4504946395254024E-003   0.0000000000000000     
   1.3860000000000001        0.0000000000000000       -6.9763949179907350E-003   0.0000000000000000     
   1.5840000000000001        0.0000000000000000       -7.3687477595862231E-003   0.0000000000000000     
   1.7820000000000000        0.0000000000000000       -7.6515471782229970E-003   0.0000000000000000     
   1.9800000000000000        0.0000000000000000       -7.8463835283351276E-003   0.0000000000000000     
   2.1779999999999999        0.0000000000000000       -7.9709108912042036E-003   0.0000000000000000     
   2.3760000000000003        0.0000000000000000       -8.0388378530968554E-003   0.0000000000000000     
   2.5740000000000003        0.0000000000000000       -8.0598332274540649E-003   0.0000000000000000     
   2.7720000000000002        0.0000000000000000       -8.0443584034626571E-003   0.0000000000000000     
   2.9700000000000002        0.0000000000000000       -8.0033458385944684E-003   0.0000000000000000     
   3.1680000000000001        0.0000000000000000       -7.9434333773325868E-003   0.0000000000000000     
   3.3660000000000001        0.0000000000000000       -7.8686674867005403E-003   0.0000000000000000     
   3.5640000000000001        0.0000000000000000       -7.7823398372174986E-003   0.0000000000000000     
   3.7620000000000000        0.0000000000000000       -7.6872481505566633E-003   0.0000000000000000     
   3.9600000000000000        0.0000000000000000       -7.5857139934375961E-003   0.0000000000000000     
   4.1580000000000004        0.0000000000000000       -7.4796268892793182E-003   0.0000000000000000     
   4.3559999999999999        0.0000000000000000       -7.3705079736850979E-003   0.0000000000000000     
   4.5540000000000003        0.0000000000000000       -7.2595719854800390E-003   0.0000000000000000     
   4.7520000000000007        0.0000000000000000       -7.1477838026110995E-003   0.0000000000000000     
   4.9500000000000002        0.0000000000000000       -7.0359057497323988E-003   0.0000000000000000     
   5.1480000000000006        0.0000000000000000       -6.9245363081821614E-003   0.0000000000000000     
   5.3460000000000001        0.0000000000000000       -6.8141420921266072E-003   0.0000000000000000     
   5.5440000000000005        0.0000000000000000       -6.7050830885664169E-003   0.0000000000000000     
   5.7420000000000000        0.0000000000000000       -6.5976335264121963E-003   0.0000000000000000     
   5.9400000000000004        0.0000000000000000       -6.4919987375673879E-003   0.0000000000000000     
   6.1379999999999999        0.0000000000000000       -6.3883281024239135E-003   0.0000000000000000     
   6.3360000000000003        0.0000000000000000       -6.2867264064939785E-003   0.0000000000000000     
   6.5340000000000007        0.0000000000000000       -6.1872621603417189E-003   0.0000000000000000     
   6.7320000000000002        0.0000000000000000       -6.0899753777572223E-003   0.0000000000000000     
   6.9300000000000006        0.0000000000000000       -5.9948826527467958E-003   0.0000000000000000     
   7.1280000000000001        0.0000000000000000       -5.9019823321546554E-003   0.0000000000000000     
   7.3260000000000005        0.0000000000000000       -5.8112580961946448E-003   0.0000000000000000     
   7.5240000000000000        0.0000000000000000       -5.7226823295146350E-003   0.0000000000000000     
   7.7220000000000004        0.0000000000000000       -5.6362180891293898E-003   0.0000000000000000     
   7.9199999999999999        0.0000000000000000       -5.5518218795746199E-003   0.0000000000000000     
   8.1180000000000003        0.0000000000000000       -5.4694447463310347E-003   0.0000000000000000     
   8.3160000000000007        0.0000000000000000       -5.3890338674534247E-003   0.0000000000000000     
   8.5140000000000011        0.0000000000000000       -5.3105334808495686E-003   0.0000000000000000     
   8.7119999999999997        0.0000000000000000       -5.2338859569649515E-003   0.0000000000000000     
   8.9100000000000001        0.0000000000000000       -5.1590324306413056E-003   0.0000000000000000     
   9.1080000000000005        0.0000000000000000       -5.0859133408003108E-003   0.0000000000000000     
   9.3060000000000009        0.0000000000000000       -5.0144687703383168E-003   0.0000000000000000     
   9.5040000000000013        0.0000000000000000       -4.9446389623054657E-003   0.0000000000000000     
   9.7020000000000000        0.0000000000000000       -4.8763644185327642E-003   0.0000000000000000     
   9.9000000000000004        0.0000000000000000       -4.8095863810151979E-003   0.0000000000000000     
   10.098000000000001        0.0000000000000000       -4.7442465567698305E-003   0.0000000000000000     
   10.296000000000001        0.0000000000000000       -4.6802875277834081E-003   0.0000000000000000     
   10.494000000000000        0.0000000000000000       -4.6176527256642837E-003   0.0000000000000000     
   10.692000000000000        0.0000000000000000       -4.5562862943018924E-003   0.0000000000000000     
   10.890000000000001        0.0000000000000000       -4.4961334327571776E-003   0.0000000000000000     
   11.088000000000001        0.0000000000000000       -4.4371398834617696E-003   0.0000000000000000     
   11.286000000000001        0.0000000000000000       -4.3792524119880419E-003   0.0000000000000000     
   11.484000000000000        0.0000000000000000       -4.3224182685175977E-003   0.0000000000000000     
   11.682000000000000        0.0000000000000000       -4.2665854109043902E-003   0.0000000000000000     
   11.880000000000001        0.0000000000000000       -4.2117021514146346E-003   0.0000000000000000     
   12.078000000000001        0.0000000000000000       -4.1577173500635467E-003   0.0000000000000000     
   12.276000000000000        0.0000000000000000       -4.1045798567271056E-003   0.0000000000000000     
   12.474000000000000        0.0000000000000000       -4.0522387637011298E-003   0.0000000000000000     
   12.672000000000001        0.0000000000000000       -4.0006429600359036E-003   0.0000000000000000     
   12.870000000000001        0.0000000000000000       -3.9497410163176431E-003   0.0000000000000000     
   13.068000000000001        0.0000000000000000       -3.8994809864925689E-003   0.0000000000000000     
   13.266000000000000        0.0000000000000000       -3.8498102133780010E-003   0.0000000000000000     
   13.464000000000000        0.0000000000000000       -3.8006748258485948E-003   0.0000000000000000     
   13.662000000000001        0.0000000000000000       -3.7520198134979631E-003   0.0000000000000000     
   13.860000000000001        0.0000000000000000       -3.7037882689614754E-003   0.0000000000000000     
   14.058000000000000        0.0000000000000000       -3.6559213998989893E-003   0.0000000000000000     
   14.256000000000000        0.0000000000000000       -3.6083577837612551E-003   0.0000000000000000     
   14.454000000000001        0.0000000000000000       -3.5610330502475868E-003   0.0000000000000000     
   14.652000000000001        0.0000000000000000       -3.5138793158132073E-003   0.0000000000000000     
   14.850000000000001        0.0000000000000000       -3.4668244467313905E-003   0.0000000000000000     
   15.048000000000000        0.0000000000000000       -3.4197914931399301E-003   0.0000000000000000     
   15.246000000000000        0.0000000000000000       -3.3726976599090385E-003   0.0000000000000000     
   15.444000000000001        0.0000000000000000       -3.3254535826079579E-003   0.0000000000000000     
   15.642000000000001        0.0000000000000000       -3.2779620909794667E-003   0.0000000000000000     
   15.840000000000000        0.0000000000000000       -3.2301169894667168E-003   0.0000000000000000     
   16.038000000000000        0.0000000000000000       -3.1818016759732372E-003   0.0000000000000000     
   16.236000000000001        0.0000000000000000       -3.1328875006898732E-003   0.0000000000000000     
   16.434000000000001        0.0000000000000000       -3.0832321092520102E-003   0.0000000000000000     
   16.632000000000001        0.0000000000000000       -3.0326771710906014E-003   0.0000000000000000     
   16.830000000000002        0.0000000000000000       -2.9810464880044110E-003   0.0000000000000000     
   17.028000000000002        0.0000000000000000       -2.9281436335623257E-003   0.0000000000000000     
   17.225999999999999        0.0000000000000000       -2.8740859666162672E-003   0.0000000000000000     
   17.423999999999999        0.0000000000000000       -2.8180916329675386E-003   0.0000000000000000     
   17.622000000000000        0.0000000000000000       -2.7602470907741369E-003   0.0000000000000000     
   17.820000000000000        0.0000000000000000       -2.7001303696022219E-003   0.0000000000000000     
   18.018000000000001        0.0000000000000000       -2.6374184003187025E-003   0.0000000000000000     
   18.216000000000001        0.0000000000000000       -2.5717888797634225E-003   0.0000000000000000     
   18.414000000000001        0.0000000000000000       -2.5029320368677010E-003   0.0000000000000000     
   18.612000000000002        0.0000000000000000       -2.4297555057393055E-003   0.0000000000000000     
   18.810000000000002        0.0000000000000000       -2.3526386088954542E-003   0.0000000000000000     
   19.008000000000003        0.0000000000000000       -2.2719975314160505E-003   0.0000000000000000     
   19.206000000000000        0.0000000000000000       -2.1869419703315447E-003   0.0000000000000000     
   19.404000000000000        0.0000000000000000       -2.0963409956394432E-003   0.0000000000000000     
   19.602000000000000        0.0000000000000000       -2.0003986695347449E-003   0.0000000000000000     
