  -19.602000000000000        0.0000000000000000        9.4091755478812183E-003   0.0000000000000000     
  -19.404000000000000        0.0000000000000000        9.9992229378669806E-003   0.0000000000000000     
  -19.206000000000000        0.0000000000000000        1.0548408221361251E-002   0.0000000000000000     
  -19.008000000000003        0.0000000000000000        1.1060917124290543E-002   0.0000000000000000     
  -18.810000000000002        0.0000000000000000        1.1535582141675190E-002   0.0000000000000000     
  -18.612000000000002        0.0000000000000000        1.1974550998944214E-002   0.0000000000000000     
  -18.414000000000001        0.0000000000000000        1.2380666161743350E-002   0.0000000000000000     
  -18.216000000000001        0.0000000000000000        1.2761216558462997E-002   0.0000000000000000     
  -18.018000000000001        0.0000000000000000        1.3117036839668545E-002   0.0000000000000000     
  -17.820000000000000        0.0000000000000000        1.3453260978126786E-002   0.0000000000000000     
  -17.622000000000000        0.0000000000000000        1.3772036039294886E-002   0.0000000000000000     
  -17.423999999999999        0.0000000000000000        1.4077847556989405E-002   0.0000000000000000     
  -17.225999999999999        0.0000000000000000        1.4371531977341650E-002   0.0000000000000000     
  -17.028000000000002        0.0000000000000000        1.4655922312545585E-002   0.0000000000000000     
  -16.830000000000002        0.0000000000000000        1.4932576000344130E-002   0.0000000000000000     
  -16.632000000000001        0.0000000000000000        1.5203031894188614E-002   0.0000000000000000     
  -16.434000000000001        0.0000000000000000        1.5468556911468969E-002   0.0000000000000000     
  -16.236000000000001        0.0000000000000000        1.5730266284812142E-002   0.0000000000000000     
  -16.038000000000000        0.0000000000000000        1.5989594990309892E-002   0.0000000000000000     
  -15.840000000000000        0.0000000000000000        1.6246868460458253E-002   0.0000000000000000     
  -15.642000000000001        0.0000000000000000        1.6502879142649602E-002   0.0000000000000000     
  -15.444000000000001        0.0000000000000000        1.6758335938843318E-002   0.0000000000000000     
  -15.246000000000000        0.0000000000000000        1.7013879071524237E-002   0.0000000000000000     
  -15.048000000000000        0.0000000000000000        1.7270090593478119E-002   0.0000000000000000     
  -14.850000000000001        0.0000000000000000        1.7527505297605897E-002   0.0000000000000000     
  -14.652000000000001        0.0000000000000000        1.7786617113857678E-002   0.0000000000000000     
  -14.454000000000001        0.0000000000000000        1.8047887412342513E-002   0.0000000000000000     
  -14.256000000000000        0.0000000000000000        1.8311749792733142E-002   0.0000000000000000     
  -14.058000000000000        0.0000000000000000        1.8578616147527090E-002   0.0000000000000000     
  -13.860000000000001        0.0000000000000000        1.8848879698285949E-002   0.0000000000000000     
  -13.662000000000001        0.0000000000000000        1.9122919453210731E-002   0.0000000000000000     
  -13.464000000000000        0.0000000000000000        1.9401103927318468E-002   0.0000000000000000     
  -13.266000000000000        0.0000000000000000        1.9683792464229442E-002   0.0000000000000000     
  -13.068000000000001        0.0000000000000000        1.9971338783976854E-002   0.0000000000000000     
  -12.870000000000001        0.0000000000000000        2.0264093998967617E-002   0.0000000000000000     
  -12.672000000000001        0.0000000000000000        2.0562406500607332E-002   0.0000000000000000     
  -12.474000000000000        0.0000000000000000        2.0866624833311833E-002   0.0000000000000000     
  -12.276000000000000        0.0000000000000000        2.1177100645945624E-002   0.0000000000000000     
  -12.078000000000001        0.0000000000000000        2.1494187347912683E-002   0.0000000000000000     
  -11.880000000000001        0.0000000000000000        2.1818243934412385E-002   0.0000000000000000     
  -11.682000000000000        0.0000000000000000        2.2149634858316496E-002   0.0000000000000000     
  -11.484000000000000        0.0000000000000000        2.2488732176921215E-002   0.0000000000000000     
  -11.286000000000001        0.0000000000000000        2.2835915004428609E-002   0.0000000000000000     
  -11.088000000000001        0.0000000000000000        2.3191572950989982E-002   0.0000000000000000     
  -10.890000000000001        0.0000000000000000        2.3556104578777267E-002   0.0000000000000000     
  -10.692000000000000        0.0000000000000000        2.3929919443655735E-002   0.0000000000000000     
  -10.494000000000000        0.0000000000000000        2.4313439118324801E-002   0.0000000000000000     
  -10.296000000000001        0.0000000000000000        2.4707097325049731E-002   0.0000000000000000     
  -10.098000000000001        0.0000000000000000        2.5111340317265540E-002   0.0000000000000000     
  -9.9000000000000004        0.0000000000000000        2.5526627078674622E-002   0.0000000000000000     
  -9.7020000000000000        0.0000000000000000        2.5953431986177920E-002   0.0000000000000000     
  -9.5040000000000013        0.0000000000000000        2.6392240073931587E-002   0.0000000000000000     
  -9.3060000000000009        0.0000000000000000        2.6843552754639382E-002   0.0000000000000000     
  -9.1080000000000005        0.0000000000000000        2.7307882086277546E-002   0.0000000000000000     
  -8.9100000000000001        0.0000000000000000        2.7785754199155369E-002   0.0000000000000000     
  -8.7119999999999997        0.0000000000000000        2.8277705356362526E-002   0.0000000000000000     
  -8.5140000000000011        0.0000000000000000        2.8784282608210386E-002   0.0000000000000000     
  -8.3160000000000007        0.0000000000000000        2.9306039922732181E-002   0.0000000000000000     
  -8.1180000000000003        0.0000000000000000        2.9843536038930980E-002   0.0000000000000000     
  -7.9199999999999999        0.0000000000000000        3.0397331771587256E-002   0.0000000000000000     
  -7.7220000000000004        0.0000000000000000        3.0967982991222991E-002   0.0000000000000000     
  -7.5240000000000000        0.0000000000000000        3.1556037139892627E-002   0.0000000000000000     
  -7.3260000000000005        0.0000000000000000        3.2162023796166318E-002   0.0000000000000000     
  -7.1280000000000001        0.0000000000000000        3.2786445596829708E-002   0.0000000000000000     
  -6.9300000000000006        0.0000000000000000        3.3429766760194463E-002   0.0000000000000000     
  -6.7320000000000002        0.0000000000000000        3.4092397209903480E-002   0.0000000000000000     
  -6.5340000000000007        0.0000000000000000        3.4774675482028283E-002   0.0000000000000000     
  -6.3360000000000003        0.0000000000000000        3.5476842734528911E-002   0.0000000000000000     
  -6.1379999999999999        0.0000000000000000        3.6199016796348973E-002   0.0000000000000000     
  -5.9400000000000004        0.0000000000000000        3.6941155410854049E-002   0.0000000000000000     
  -5.7420000000000000        0.0000000000000000        3.7703011335622823E-002   0.0000000000000000     
  -5.5440000000000005        0.0000000000000000        3.8484077326049276E-002   0.0000000000000000     
  -5.3460000000000001        0.0000000000000000        3.9283517708427293E-002   0.0000000000000000     
  -5.1480000000000006        0.0000000000000000        4.0100082116281514E-002   0.0000000000000000     
  -4.9500000000000002        0.0000000000000000        4.0932000257115880E-002   0.0000000000000000     
  -4.7520000000000007        0.0000000000000000        4.1776848802724746E-002   0.0000000000000000     
  -4.5540000000000003        0.0000000000000000        4.2631394147208720E-002   0.0000000000000000     
  -4.3559999999999999        0.0000000000000000        4.3491399889678546E-002   0.0000000000000000     
  -4.1580000000000004        0.0000000000000000        4.4351434024764866E-002   0.0000000000000000     
  -3.9600000000000000        0.0000000000000000        4.5204721150398725E-002   0.0000000000000000     
  -3.7620000000000000        0.0000000000000000        4.6043267397444167E-002   0.0000000000000000     
  -3.5640000000000001        0.0000000000000000        4.6858550917889458E-002   0.0000000000000000     
  -3.3660000000000001        0.0000000000000000        4.7641440933214187E-002   0.0000000000000000     
  -3.1680000000000001        0.0000000000000000        4.8376035524532769E-002   0.0000000000000000     
  -2.9700000000000002        0.0000000000000000        4.9037470950002264E-002   0.0000000000000000     
  -2.7720000000000002        0.0000000000000000        4.9594633813494465E-002   0.0000000000000000     
  -2.5740000000000003        0.0000000000000000        5.0010262869404236E-002   0.0000000000000000     
  -2.3760000000000003        0.0000000000000000        5.0235137311315507E-002   0.0000000000000000     
  -2.1779999999999999        0.0000000000000000        5.0203471807242391E-002   0.0000000000000000     
  -1.9800000000000000        0.0000000000000000        4.9840042454142822E-002   0.0000000000000000     
  -1.7820000000000000        0.0000000000000000        4.9045049153924415E-002   0.0000000000000000     
  -1.5840000000000001        0.0000000000000000        4.7681953630228965E-002   0.0000000000000000     
  -1.3860000000000001        0.0000000000000000        4.5601250438909863E-002   0.0000000000000000     
  -1.1880000000000002        0.0000000000000000        4.2645534440798591E-002   0.0000000000000000     
 -0.98999999999999999        0.0000000000000000        3.8628097936198584E-002   0.0000000000000000     
 -0.79200000000000004        0.0000000000000000        3.3363623446932431E-002   0.0000000000000000     
 -0.59400000000000008        0.0000000000000000        2.6739627423125568E-002   0.0000000000000000     
 -0.39600000000000002        0.0000000000000000        1.8782062668045107E-002   0.0000000000000000     
 -0.19800000000000001        0.0000000000000000        9.7140084780037023E-003   0.0000000000000000     
   0.0000000000000000        0.0000000000000000        0.0000000000000000        0.0000000000000000     
  0.19800000000000001        0.0000000000000000       -9.7140084780037023E-003   0.0000000000000000     
  0.39600000000000002        0.0000000000000000       -1.8782062668045107E-002   0.0000000000000000     
  0.59400000000000008        0.0000000000000000       -2.6739627423125568E-002   0.0000000000000000     
  0.79200000000000004        0.0000000000000000       -3.3363623446932431E-002   0.0000000000000000     
  0.98999999999999999        0.0000000000000000       -3.8628097936198584E-002   0.0000000000000000     
   1.1880000000000002        0.0000000000000000       -4.2645534440798591E-002   0.0000000000000000     
   1.3860000000000001        0.0000000000000000       -4.5601250438909863E-002   0.0000000000000000     
   1.5840000000000001        0.0000000000000000       -4.7681953630228965E-002   0.0000000000000000     
   1.7820000000000000        0.0000000000000000       -4.9045049153924415E-002   0.0000000000000000     
   1.9800000000000000        0.0000000000000000       -4.9840042454142822E-002   0.0000000000000000     
   2.1779999999999999        0.0000000000000000       -5.0203471807242391E-002   0.0000000000000000     
   2.3760000000000003        0.0000000000000000       -5.0235137311315507E-002   0.0000000000000000     
   2.5740000000000003        0.0000000000000000       -5.0010262869404236E-002   0.0000000000000000     
   2.7720000000000002        0.0000000000000000       -4.9594633813494465E-002   0.0000000000000000     
   2.9700000000000002        0.0000000000000000       -4.9037470950002264E-002   0.0000000000000000     
   3.1680000000000001        0.0000000000000000       -4.8376035524532769E-002   0.0000000000000000     
   3.3660000000000001        0.0000000000000000       -4.7641440933214187E-002   0.0000000000000000     
   3.5640000000000001        0.0000000000000000       -4.6858550917889458E-002   0.0000000000000000     
   3.7620000000000000        0.0000000000000000       -4.6043267397444167E-002   0.0000000000000000     
   3.9600000000000000        0.0000000000000000       -4.5204721150398725E-002   0.0000000000000000     
   4.1580000000000004        0.0000000000000000       -4.4351434024764866E-002   0.0000000000000000     
   4.3559999999999999        0.0000000000000000       -4.3491399889678546E-002   0.0000000000000000     
   4.5540000000000003        0.0000000000000000       -4.2631394147208720E-002   0.0000000000000000     
   4.7520000000000007        0.0000000000000000       -4.1776848802724746E-002   0.0000000000000000     
   4.9500000000000002        0.0000000000000000       -4.0932000257115880E-002   0.0000000000000000     
   5.1480000000000006        0.0000000000000000       -4.0100082116281514E-002   0.0000000000000000     
   5.3460000000000001        0.0000000000000000       -3.9283517708427293E-002   0.0000000000000000     
   5.5440000000000005        0.0000000000000000       -3.8484077326049276E-002   0.0000000000000000     
   5.7420000000000000        0.0000000000000000       -3.7703011335622823E-002   0.0000000000000000     
   5.9400000000000004        0.0000000000000000       -3.6941155410854049E-002   0.0000000000000000     
   6.1379999999999999        0.0000000000000000       -3.6199016796348973E-002   0.0000000000000000     
   6.3360000000000003        0.0000000000000000       -3.5476842734528911E-002   0.0000000000000000     
   6.5340000000000007        0.0000000000000000       -3.4774675482028283E-002   0.0000000000000000     
   6.7320000000000002        0.0000000000000000       -3.4092397209903480E-002   0.0000000000000000     
   6.9300000000000006        0.0000000000000000       -3.3429766760194463E-002   0.0000000000000000     
   7.1280000000000001        0.0000000000000000       -3.2786445596829708E-002   0.0000000000000000     
   7.3260000000000005        0.0000000000000000       -3.2162023796166318E-002   0.0000000000000000     
   7.5240000000000000        0.0000000000000000       -3.1556037139892627E-002   0.0000000000000000     
   7.7220000000000004        0.0000000000000000       -3.0967982991222991E-002   0.0000000000000000     
   7.9199999999999999        0.0000000000000000       -3.0397331771587256E-002   0.0000000000000000     
   8.1180000000000003        0.0000000000000000       -2.9843536038930980E-002   0.0000000000000000     
   8.3160000000000007        0.0000000000000000       -2.9306039922732181E-002   0.0000000000000000     
   8.5140000000000011        0.0000000000000000       -2.8784282608210386E-002   0.0000000000000000     
   8.7119999999999997        0.0000000000000000       -2.8277705356362526E-002   0.0000000000000000     
   8.9100000000000001        0.0000000000000000       -2.7785754199155369E-002   0.0000000000000000     
   9.1080000000000005        0.0000000000000000       -2.7307882086277546E-002   0.0000000000000000     
   9.3060000000000009        0.0000000000000000       -2.6843552754639382E-002   0.0000000000000000     
   9.5040000000000013        0.0000000000000000       -2.6392240073931587E-002   0.0000000000000000     
   9.7020000000000000        0.0000000000000000       -2.5953431986177920E-002   0.0000000000000000     
   9.9000000000000004        0.0000000000000000       -2.5526627078674622E-002   0.0000000000000000     
   10.098000000000001        0.0000000000000000       -2.5111340317265540E-002   0.0000000000000000     
   10.296000000000001        0.0000000000000000       -2.4707097325049731E-002   0.0000000000000000     
   10.494000000000000        0.0000000000000000       -2.4313439118324801E-002   0.0000000000000000     
   10.692000000000000        0.0000000000000000       -2.3929919443655735E-002   0.0000000000000000     
   10.890000000000001        0.0000000000000000       -2.3556104578777267E-002   0.0000000000000000     
   11.088000000000001        0.0000000000000000       -2.3191572950989982E-002   0.0000000000000000     
   11.286000000000001        0.0000000000000000       -2.2835915004428609E-002   0.0000000000000000     
   11.484000000000000        0.0000000000000000       -2.2488732176921215E-002   0.0000000000000000     
   11.682000000000000        0.0000000000000000       -2.2149634858316496E-002   0.0000000000000000     
   11.880000000000001        0.0000000000000000       -2.1818243934412385E-002   0.0000000000000000     
   12.078000000000001        0.0000000000000000       -2.1494187347912683E-002   0.0000000000000000     
   12.276000000000000        0.0000000000000000       -2.1177100645945624E-002   0.0000000000000000     
   12.474000000000000        0.0000000000000000       -2.0866624833311833E-002   0.0000000000000000     
   12.672000000000001        0.0000000000000000       -2.0562406500607332E-002   0.0000000000000000     
   12.870000000000001        0.0000000000000000       -2.0264093998967617E-002   0.0000000000000000     
   13.068000000000001        0.0000000000000000       -1.9971338783976854E-002   0.0000000000000000     
   13.266000000000000        0.0000000000000000       -1.9683792464229442E-002   0.0000000000000000     
   13.464000000000000        0.0000000000000000       -1.9401103927318468E-002   0.0000000000000000     
   13.662000000000001        0.0000000000000000       -1.9122919453210731E-002   0.0000000000000000     
   13.860000000000001        0.0000000000000000       -1.8848879698285949E-002   0.0000000000000000     
   14.058000000000000        0.0000000000000000       -1.8578616147527090E-002   0.0000000000000000     
   14.256000000000000        0.0000000000000000       -1.8311749792733142E-002   0.0000000000000000     
   14.454000000000001        0.0000000000000000       -1.8047887412342513E-002   0.0000000000000000     
   14.652000000000001        0.0000000000000000       -1.7786617113857678E-002   0.0000000000000000     
   14.850000000000001        0.0000000000000000       -1.7527505297605897E-002   0.0000000000000000     
   15.048000000000000        0.0000000000000000       -1.7270090593478119E-002   0.0000000000000000     
   15.246000000000000        0.0000000000000000       -1.7013879071524237E-002   0.0000000000000000     
   15.444000000000001        0.0000000000000000       -1.6758335938843318E-002   0.0000000000000000     
   15.642000000000001        0.0000000000000000       -1.6502879142649602E-002   0.0000000000000000     
   15.840000000000000        0.0000000000000000       -1.6246868460458253E-002   0.0000000000000000     
   16.038000000000000        0.0000000000000000       -1.5989594990309892E-002   0.0000000000000000     
   16.236000000000001        0.0000000000000000       -1.5730266284812142E-002   0.0000000000000000     
   16.434000000000001        0.0000000000000000       -1.5468556911468969E-002   0.0000000000000000     
   16.632000000000001        0.0000000000000000       -1.5203031894188614E-002   0.0000000000000000     
   16.830000000000002        0.0000000000000000       -1.4932576000344130E-002   0.0000000000000000     
   17.028000000000002        0.0000000000000000       -1.4655922312545585E-002   0.0000000000000000     
   17.225999999999999        0.0000000000000000       -1.4371531977341650E-002   0.0000000000000000     
   17.423999999999999        0.0000000000000000       -1.4077847556989405E-002   0.0000000000000000     
   17.622000000000000        0.0000000000000000       -1.3772036039294886E-002   0.0000000000000000     
   17.820000000000000        0.0000000000000000       -1.3453260978126786E-002   0.0000000000000000     
   18.018000000000001        0.0000000000000000       -1.3117036839668545E-002   0.0000000000000000     
   18.216000000000001        0.0000000000000000       -1.2761216558462997E-002   0.0000000000000000     
   18.414000000000001        0.0000000000000000       -1.2380666161743350E-002   0.0000000000000000     
   18.612000000000002        0.0000000000000000       -1.1974550998944214E-002   0.0000000000000000     
   18.810000000000002        0.0000000000000000       -1.1535582141675190E-002   0.0000000000000000     
   19.008000000000003        0.0000000000000000       -1.1060917124290543E-002   0.0000000000000000     
   19.206000000000000        0.0000000000000000       -1.0548408221361251E-002   0.0000000000000000     
   19.404000000000000        0.0000000000000000       -9.9992229378669806E-003   0.0000000000000000     
   19.602000000000000        0.0000000000000000       -9.4091755478812183E-003   0.0000000000000000     
