  -19.602000000000000        0.0000000000000000       -4.4061793777434779E-004   0.0000000000000000     
  -19.404000000000000        0.0000000000000000       -4.8581926204309791E-004   0.0000000000000000     
  -19.206000000000000        0.0000000000000000       -5.2336747212628984E-004   0.0000000000000000     
  -19.008000000000003        0.0000000000000000       -5.5473650780388294E-004   0.0000000000000000     
  -18.810000000000002        0.0000000000000000       -5.8213031124953281E-004   0.0000000000000000     
  -18.612000000000002        0.0000000000000000       -6.0694273590156892E-004   0.0000000000000000     
  -18.414000000000001        0.0000000000000000       -6.3005553943040543E-004   0.0000000000000000     
  -18.216000000000001        0.0000000000000000       -6.5213085520249997E-004   0.0000000000000000     
  -18.018000000000001        0.0000000000000000       -6.7351175567421007E-004   0.0000000000000000     
  -17.820000000000000        0.0000000000000000       -6.9443115883559639E-004   0.0000000000000000     
  -17.622000000000000        0.0000000000000000       -7.1512826992267068E-004   0.0000000000000000     
  -17.423999999999999        0.0000000000000000       -7.3570151530531140E-004   0.0000000000000000     
  -17.225999999999999        0.0000000000000000       -7.5628293267897826E-004   0.0000000000000000     
  -17.028000000000002        0.0000000000000000       -7.7696048610814510E-004   0.0000000000000000     
  -16.830000000000002        0.0000000000000000       -7.9780799058865102E-004   0.0000000000000000     
  -16.632000000000001        0.0000000000000000       -8.1886565923867493E-004   0.0000000000000000     
  -16.434000000000001        0.0000000000000000       -8.4025197498233356E-004   0.0000000000000000     
  -16.236000000000001        0.0000000000000000       -8.6197802322696159E-004   0.0000000000000000     
  -16.038000000000000        0.0000000000000000       -8.8409241882755679E-004   0.0000000000000000     
  -15.840000000000000        0.0000000000000000       -9.0664124044834919E-004   0.0000000000000000     
  -15.642000000000001        0.0000000000000000       -9.2966892074133238E-004   0.0000000000000000     
  -15.444000000000001        0.0000000000000000       -9.5321894019238633E-004   0.0000000000000000     
  -15.246000000000000        0.0000000000000000       -9.7733440298359946E-004   0.0000000000000000     
  -15.048000000000000        0.0000000000000000       -1.0020585285156122E-003   0.0000000000000000     
  -14.850000000000001        0.0000000000000000       -1.0274350256374745E-003   0.0000000000000000     
  -14.652000000000001        0.0000000000000000       -1.0535085004051013E-003   0.0000000000000000     
  -14.454000000000001        0.0000000000000000       -1.0803247610647808E-003   0.0000000000000000     
  -14.256000000000000        0.0000000000000000       -1.1079311414716483E-003   0.0000000000000000     
  -14.058000000000000        0.0000000000000000       -1.1363767650553916E-003   0.0000000000000000     
  -13.860000000000001        0.0000000000000000       -1.1657128949694284E-003   0.0000000000000000     
  -13.662000000000001        0.0000000000000000       -1.1959931733998407E-003   0.0000000000000000     
  -13.464000000000000        0.0000000000000000       -1.2272739727515213E-003   0.0000000000000000     
  -13.266000000000000        0.0000000000000000       -1.2596146256244030E-003   0.0000000000000000     
  -13.068000000000001        0.0000000000000000       -1.2930778477807641E-003   0.0000000000000000     
  -12.870000000000001        0.0000000000000000       -1.3277299825237771E-003   0.0000000000000000     
  -12.672000000000001        0.0000000000000000       -1.3636414319605494E-003   0.0000000000000000     
  -12.474000000000000        0.0000000000000000       -1.4008870101469850E-003   0.0000000000000000     
  -12.276000000000000        0.0000000000000000       -1.4395464028098084E-003   0.0000000000000000     
  -12.078000000000001        0.0000000000000000       -1.4797045612787924E-003   0.0000000000000000     
  -11.880000000000001        0.0000000000000000       -1.5214522387139023E-003   0.0000000000000000     
  -11.682000000000000        0.0000000000000000       -1.5648865742633523E-003   0.0000000000000000     
  -11.484000000000000        0.0000000000000000       -1.6101115848163869E-003   0.0000000000000000     
  -11.286000000000001        0.0000000000000000       -1.6572389468763767E-003   0.0000000000000000     
  -11.088000000000001        0.0000000000000000       -1.7063885827928087E-003   0.0000000000000000     
  -10.890000000000001        0.0000000000000000       -1.7576895814727397E-003   0.0000000000000000     
  -10.692000000000000        0.0000000000000000       -1.8112809837104440E-003   0.0000000000000000     
  -10.494000000000000        0.0000000000000000       -1.8673128538351682E-003   0.0000000000000000     
  -10.296000000000001        0.0000000000000000       -1.9259472467980483E-003   0.0000000000000000     
  -10.098000000000001        0.0000000000000000       -1.9873595774293823E-003   0.0000000000000000     
  -9.9000000000000004        0.0000000000000000       -2.0517397741219925E-003   0.0000000000000000     
  -9.7020000000000000        0.0000000000000000       -2.1192939858516845E-003   0.0000000000000000     
  -9.5040000000000013        0.0000000000000000       -2.1902461187318562E-003   0.0000000000000000     
  -9.3060000000000009        0.0000000000000000       -2.2648398167932414E-003   0.0000000000000000     
  -9.1080000000000005        0.0000000000000000       -2.3433405834454913E-003   0.0000000000000000     
  -8.9100000000000001        0.0000000000000000       -2.4260381430542374E-003   0.0000000000000000     
  -8.7119999999999997        0.0000000000000000       -2.5132491314094948E-003   0.0000000000000000     
  -8.5140000000000011        0.0000000000000000       -2.6053203387246412E-003   0.0000000000000000     
  -8.3160000000000007        0.0000000000000000       -2.7026318103404823E-003   0.0000000000000000     
  -8.1180000000000003        0.0000000000000000       -2.8056011928842542E-003   0.0000000000000000     
  -7.9199999999999999        0.0000000000000000       -2.9146878895114870E-003   0.0000000000000000     
  -7.7220000000000004        0.0000000000000000       -3.0303984460852687E-003   0.0000000000000000     
  -7.5240000000000000        0.0000000000000000       -3.1532920483685846E-003   0.0000000000000000     
  -7.3260000000000005        0.0000000000000000       -3.2839874960880573E-003   0.0000000000000000     
  -7.1280000000000001        0.0000000000000000       -3.4231707329848106E-003   0.0000000000000000     
  -6.9300000000000006        0.0000000000000000       -3.5716035980667628E-003   0.0000000000000000     
  -6.7320000000000002        0.0000000000000000       -3.7301340996469239E-003   0.0000000000000000     
  -6.5340000000000007        0.0000000000000000       -3.8997080312169361E-003   0.0000000000000000     
  -6.3360000000000003        0.0000000000000000       -4.0813825218977279E-003   0.0000000000000000     
  -6.1379999999999999        0.0000000000000000       -4.2763418507042687E-003   0.0000000000000000     
  -5.9400000000000004        0.0000000000000000       -4.4859153175767028E-003   0.0000000000000000     
  -5.7420000000000000        0.0000000000000000       -4.7115988217412263E-003   0.0000000000000000     
  -5.5440000000000005        0.0000000000000000       -4.9550787560790717E-003   0.0000000000000000     
  -5.3460000000000001        0.0000000000000000       -5.2182604890373702E-003   0.0000000000000000     
  -5.1480000000000006        0.0000000000000000       -5.5033011005241762E-003   0.0000000000000000     
  -4.9500000000000002        0.0000000000000000       -5.8126455480326106E-003   0.0000000000000000     
  -4.7520000000000007        0.0000000000000000       -6.1490685044558449E-003   0.0000000000000000     
  -4.5540000000000003        0.0000000000000000       -6.5157183171908441E-003   0.0000000000000000     
  -4.3559999999999999        0.0000000000000000       -6.9161604202420367E-003   0.0000000000000000     
  -4.1580000000000004        0.0000000000000000       -7.3544142132026457E-003   0.0000000000000000     
  -3.9600000000000000        0.0000000000000000       -7.8349639663449835E-003   0.0000000000000000     
  -3.7620000000000000        0.0000000000000000       -8.3627135857880959E-003   0.0000000000000000     
  -3.5640000000000001        0.0000000000000000       -8.9428301022008490E-003   0.0000000000000000     
  -3.3660000000000001        0.0000000000000000       -9.5804996955466612E-003   0.0000000000000000     
  -3.1680000000000001        0.0000000000000000       -1.0281426279891931E-002   0.0000000000000000     
  -2.9700000000000002        0.0000000000000000       -1.1057543669799599E-002   0.0000000000000000     
  -2.7720000000000002        0.0000000000000000       -1.1927024390602149E-002   0.0000000000000000     
  -2.5740000000000003        0.0000000000000000       -1.2901545939799223E-002   0.0000000000000000     
  -2.3760000000000003        0.0000000000000000       -1.3989504438313585E-002   0.0000000000000000     
  -2.1779999999999999        0.0000000000000000       -1.5201724998697560E-002   0.0000000000000000     
  -1.9800000000000000        0.0000000000000000       -1.6546566863411077E-002   0.0000000000000000     
  -1.7820000000000000        0.0000000000000000       -1.8032325321963770E-002   0.0000000000000000     
  -1.5840000000000001        0.0000000000000000       -1.9662798383949402E-002   0.0000000000000000     
  -1.3860000000000001        0.0000000000000000       -2.1425222892444751E-002   0.0000000000000000     
  -1.1880000000000002        0.0000000000000000       -2.3300449258598695E-002   0.0000000000000000     
 -0.98999999999999999        0.0000000000000000       -2.5249570313087465E-002   0.0000000000000000     
 -0.79200000000000004        0.0000000000000000       -2.7181667423872451E-002   0.0000000000000000     
 -0.59400000000000008        0.0000000000000000       -2.8970180642570984E-002   0.0000000000000000     
 -0.39600000000000002        0.0000000000000000       -3.0458793818246097E-002   0.0000000000000000     
 -0.19800000000000001        0.0000000000000000       -3.1459524224067122E-002   0.0000000000000000     
   0.0000000000000000        0.0000000000000000       -3.1813731696690925E-002   0.0000000000000000     
  0.19800000000000001        0.0000000000000000       -3.1459524224067122E-002   0.0000000000000000     
  0.39600000000000002        0.0000000000000000       -3.0458793818246097E-002   0.0000000000000000     
  0.59400000000000008        0.0000000000000000       -2.8970180642570984E-002   0.0000000000000000     
  0.79200000000000004        0.0000000000000000       -2.7181667423872451E-002   0.0000000000000000     
  0.98999999999999999        0.0000000000000000       -2.5249570313087465E-002   0.0000000000000000     
   1.1880000000000002        0.0000000000000000       -2.3300449258598695E-002   0.0000000000000000     
   1.3860000000000001        0.0000000000000000       -2.1425222892444751E-002   0.0000000000000000     
   1.5840000000000001        0.0000000000000000       -1.9662798383949402E-002   0.0000000000000000     
   1.7820000000000000        0.0000000000000000       -1.8032325321963770E-002   0.0000000000000000     
   1.9800000000000000        0.0000000000000000       -1.6546566863411077E-002   0.0000000000000000     
   2.1779999999999999        0.0000000000000000       -1.5201724998697560E-002   0.0000000000000000     
   2.3760000000000003        0.0000000000000000       -1.3989504438313585E-002   0.0000000000000000     
   2.5740000000000003        0.0000000000000000       -1.2901545939799223E-002   0.0000000000000000     
   2.7720000000000002        0.0000000000000000       -1.1927024390602149E-002   0.0000000000000000     
   2.9700000000000002        0.0000000000000000       -1.1057543669799599E-002   0.0000000000000000     
   3.1680000000000001        0.0000000000000000       -1.0281426279891931E-002   0.0000000000000000     
   3.3660000000000001        0.0000000000000000       -9.5804996955466612E-003   0.0000000000000000     
   3.5640000000000001        0.0000000000000000       -8.9428301022008490E-003   0.0000000000000000     
   3.7620000000000000        0.0000000000000000       -8.3627135857880959E-003   0.0000000000000000     
   3.9600000000000000        0.0000000000000000       -7.8349639663449835E-003   0.0000000000000000     
   4.1580000000000004        0.0000000000000000       -7.3544142132026457E-003   0.0000000000000000     
   4.3559999999999999        0.0000000000000000       -6.9161604202420367E-003   0.0000000000000000     
   4.5540000000000003        0.0000000000000000       -6.5157183171908441E-003   0.0000000000000000     
   4.7520000000000007        0.0000000000000000       -6.1490685044558449E-003   0.0000000000000000     
   4.9500000000000002        0.0000000000000000       -5.8126455480326106E-003   0.0000000000000000     
   5.1480000000000006        0.0000000000000000       -5.5033011005241762E-003   0.0000000000000000     
   5.3460000000000001        0.0000000000000000       -5.2182604890373702E-003   0.0000000000000000     
   5.5440000000000005        0.0000000000000000       -4.9550787560790717E-003   0.0000000000000000     
   5.7420000000000000        0.0000000000000000       -4.7115988217412263E-003   0.0000000000000000     
   5.9400000000000004        0.0000000000000000       -4.4859153175767028E-003   0.0000000000000000     
   6.1379999999999999        0.0000000000000000       -4.2763418507042687E-003   0.0000000000000000     
   6.3360000000000003        0.0000000000000000       -4.0813825218977279E-003   0.0000000000000000     
   6.5340000000000007        0.0000000000000000       -3.8997080312169361E-003   0.0000000000000000     
   6.7320000000000002        0.0000000000000000       -3.7301340996469239E-003   0.0000000000000000     
   6.9300000000000006        0.0000000000000000       -3.5716035980667628E-003   0.0000000000000000     
   7.1280000000000001        0.0000000000000000       -3.4231707329848106E-003   0.0000000000000000     
   7.3260000000000005        0.0000000000000000       -3.2839874960880573E-003   0.0000000000000000     
   7.5240000000000000        0.0000000000000000       -3.1532920483685846E-003   0.0000000000000000     
   7.7220000000000004        0.0000000000000000       -3.0303984460852687E-003   0.0000000000000000     
   7.9199999999999999        0.0000000000000000       -2.9146878895114870E-003   0.0000000000000000     
   8.1180000000000003        0.0000000000000000       -2.8056011928842542E-003   0.0000000000000000     
   8.3160000000000007        0.0000000000000000       -2.7026318103404823E-003   0.0000000000000000     
   8.5140000000000011        0.0000000000000000       -2.6053203387246412E-003   0.0000000000000000     
   8.7119999999999997        0.0000000000000000       -2.5132491314094948E-003   0.0000000000000000     
   8.9100000000000001        0.0000000000000000       -2.4260381430542374E-003   0.0000000000000000     
   9.1080000000000005        0.0000000000000000       -2.3433405834454913E-003   0.0000000000000000     
   9.3060000000000009        0.0000000000000000       -2.2648398167932414E-003   0.0000000000000000     
   9.5040000000000013        0.0000000000000000       -2.1902461187318562E-003   0.0000000000000000     
   9.7020000000000000        0.0000000000000000       -2.1192939858516845E-003   0.0000000000000000     
   9.9000000000000004        0.0000000000000000       -2.0517397741219925E-003   0.0000000000000000     
   10.098000000000001        0.0000000000000000       -1.9873595774293823E-003   0.0000000000000000     
   10.296000000000001        0.0000000000000000       -1.9259472467980483E-003   0.0000000000000000     
   10.494000000000000        0.0000000000000000       -1.8673128538351682E-003   0.0000000000000000     
   10.692000000000000        0.0000000000000000       -1.8112809837104440E-003   0.0000000000000000     
   10.890000000000001        0.0000000000000000       -1.7576895814727397E-003   0.0000000000000000     
   11.088000000000001        0.0000000000000000       -1.7063885827928087E-003   0.0000000000000000     
   11.286000000000001        0.0000000000000000       -1.6572389468763767E-003   0.0000000000000000     
   11.484000000000000        0.0000000000000000       -1.6101115848163869E-003   0.0000000000000000     
   11.682000000000000        0.0000000000000000       -1.5648865742633523E-003   0.0000000000000000     
   11.880000000000001        0.0000000000000000       -1.5214522387139023E-003   0.0000000000000000     
   12.078000000000001        0.0000000000000000       -1.4797045612787924E-003   0.0000000000000000     
   12.276000000000000        0.0000000000000000       -1.4395464028098084E-003   0.0000000000000000     
   12.474000000000000        0.0000000000000000       -1.4008870101469850E-003   0.0000000000000000     
   12.672000000000001        0.0000000000000000       -1.3636414319605494E-003   0.0000000000000000     
   12.870000000000001        0.0000000000000000       -1.3277299825237771E-003   0.0000000000000000     
   13.068000000000001        0.0000000000000000       -1.2930778477807641E-003   0.0000000000000000     
   13.266000000000000        0.0000000000000000       -1.2596146256244030E-003   0.0000000000000000     
   13.464000000000000        0.0000000000000000       -1.2272739727515213E-003   0.0000000000000000     
   13.662000000000001        0.0000000000000000       -1.1959931733998407E-003   0.0000000000000000     
   13.860000000000001        0.0000000000000000       -1.1657128949694284E-003   0.0000000000000000     
   14.058000000000000        0.0000000000000000       -1.1363767650553916E-003   0.0000000000000000     
   14.256000000000000        0.0000000000000000       -1.1079311414716483E-003   0.0000000000000000     
   14.454000000000001        0.0000000000000000       -1.0803247610647808E-003   0.0000000000000000     
   14.652000000000001        0.0000000000000000       -1.0535085004051013E-003   0.0000000000000000     
   14.850000000000001        0.0000000000000000       -1.0274350256374745E-003   0.0000000000000000     
   15.048000000000000        0.0000000000000000       -1.0020585285156122E-003   0.0000000000000000     
   15.246000000000000        0.0000000000000000       -9.7733440298359946E-004   0.0000000000000000     
   15.444000000000001        0.0000000000000000       -9.5321894019238633E-004   0.0000000000000000     
   15.642000000000001        0.0000000000000000       -9.2966892074133238E-004   0.0000000000000000     
   15.840000000000000        0.0000000000000000       -9.0664124044834919E-004   0.0000000000000000     
   16.038000000000000        0.0000000000000000       -8.8409241882755679E-004   0.0000000000000000     
   16.236000000000001        0.0000000000000000       -8.6197802322696159E-004   0.0000000000000000     
   16.434000000000001        0.0000000000000000       -8.4025197498233356E-004   0.0000000000000000     
   16.632000000000001        0.0000000000000000       -8.1886565923867493E-004   0.0000000000000000     
   16.830000000000002        0.0000000000000000       -7.9780799058865102E-004   0.0000000000000000     
   17.028000000000002        0.0000000000000000       -7.7696048610814510E-004   0.0000000000000000     
   17.225999999999999        0.0000000000000000       -7.5628293267897826E-004   0.0000000000000000     
   17.423999999999999        0.0000000000000000       -7.3570151530531140E-004   0.0000000000000000     
   17.622000000000000        0.0000000000000000       -7.1512826992267068E-004   0.0000000000000000     
   17.820000000000000        0.0000000000000000       -6.9443115883559639E-004   0.0000000000000000     
   18.018000000000001        0.0000000000000000       -6.7351175567421007E-004   0.0000000000000000     
   18.216000000000001        0.0000000000000000       -6.5213085520249997E-004   0.0000000000000000     
   18.414000000000001        0.0000000000000000       -6.3005553943040543E-004   0.0000000000000000     
   18.612000000000002        0.0000000000000000       -6.0694273590156892E-004   0.0000000000000000     
   18.810000000000002        0.0000000000000000       -5.8213031124953281E-004   0.0000000000000000     
   19.008000000000003        0.0000000000000000       -5.5473650780388294E-004   0.0000000000000000     
   19.206000000000000        0.0000000000000000       -5.2336747212628984E-004   0.0000000000000000     
   19.404000000000000        0.0000000000000000       -4.8581926204309791E-004   0.0000000000000000     
   19.602000000000000        0.0000000000000000       -4.4061793777434779E-004   0.0000000000000000     
