  -19.602000000000000        0.0000000000000000       -3.2417149004428070E-004   0.0000000000000000     
  -19.404000000000000        0.0000000000000000       -3.6204143779497520E-004   0.0000000000000000     
  -19.206000000000000        0.0000000000000000       -3.9308401737492027E-004   0.0000000000000000     
  -19.008000000000003        0.0000000000000000       -4.1845236278422159E-004   0.0000000000000000     
  -18.810000000000002        0.0000000000000000       -4.4005366712861194E-004   0.0000000000000000     
  -18.612000000000002        0.0000000000000000       -4.5919226006840684E-004   0.0000000000000000     
  -18.414000000000001        0.0000000000000000       -4.7677133568563865E-004   0.0000000000000000     
  -18.216000000000001        0.0000000000000000       -4.9333360838713103E-004   0.0000000000000000     
  -18.018000000000001        0.0000000000000000       -5.0924670911796561E-004   0.0000000000000000     
  -17.820000000000000        0.0000000000000000       -5.2475386643077476E-004   0.0000000000000000     
  -17.622000000000000        0.0000000000000000       -5.4003928322048078E-004   0.0000000000000000     
  -17.423999999999999        0.0000000000000000       -5.5523105094713399E-004   0.0000000000000000     
  -17.225999999999999        0.0000000000000000       -5.7042676421788523E-004   0.0000000000000000     
  -17.028000000000002        0.0000000000000000       -5.8570320997590637E-004   0.0000000000000000     
  -16.830000000000002        0.0000000000000000       -6.0107059116964133E-004   0.0000000000000000     
  -16.632000000000001        0.0000000000000000       -6.1667003209044243E-004   0.0000000000000000     
  -16.434000000000001        0.0000000000000000       -6.3251431612144676E-004   0.0000000000000000     
  -16.236000000000001        0.0000000000000000       -6.4864410008747713E-004   0.0000000000000000     
  -16.038000000000000        0.0000000000000000       -6.6509671756465917E-004   0.0000000000000000     
  -15.840000000000000        0.0000000000000000       -6.8190732622676136E-004   0.0000000000000000     
  -15.642000000000001        0.0000000000000000       -6.9910968822044955E-004   0.0000000000000000     
  -15.444000000000001        0.0000000000000000       -7.1673684465469064E-004   0.0000000000000000     
  -15.246000000000000        0.0000000000000000       -7.3482157728149027E-004   0.0000000000000000     
  -15.048000000000000        0.0000000000000000       -7.5339688215936176E-004   0.0000000000000000     
  -14.850000000000001        0.0000000000000000       -7.7249625193877704E-004   0.0000000000000000     
  -14.652000000000001        0.0000000000000000       -7.9215402589612953E-004   0.0000000000000000     
  -14.454000000000001        0.0000000000000000       -8.1240565781686715E-004   0.0000000000000000     
  -14.256000000000000        0.0000000000000000       -8.3328793698467436E-004   0.0000000000000000     
  -14.058000000000000        0.0000000000000000       -8.5483924592537526E-004   0.0000000000000000     
  -13.860000000000001        0.0000000000000000       -8.7709983462708543E-004   0.0000000000000000     
  -13.662000000000001        0.0000000000000000       -9.0011200483228714E-004   0.0000000000000000     
  -13.464000000000000        0.0000000000000000       -9.2392039457004401E-004   0.0000000000000000     
  -13.266000000000000        0.0000000000000000       -9.4857220600068673E-004   0.0000000000000000     
  -13.068000000000001        0.0000000000000000       -9.7411749628504869E-004   0.0000000000000000     
  -12.870000000000001        0.0000000000000000       -1.0006094482904540E-003   0.0000000000000000     
  -12.672000000000001        0.0000000000000000       -1.0281047115224130E-003   0.0000000000000000     
  -12.474000000000000        0.0000000000000000       -1.0566636643620463E-003   0.0000000000000000     
  -12.276000000000000        0.0000000000000000       -1.0863508619205985E-003   0.0000000000000000     
  -12.078000000000001        0.0000000000000000       -1.1172353815798741E-003   0.0000000000000000     
  -11.880000000000001        0.0000000000000000       -1.1493912690032529E-003   0.0000000000000000     
  -11.682000000000000        0.0000000000000000       -1.1828980051740922E-003   0.0000000000000000     
  -11.484000000000000        0.0000000000000000       -1.2178410772460424E-003   0.0000000000000000     
  -11.286000000000001        0.0000000000000000       -1.2543124904590729E-003   0.0000000000000000     
  -11.088000000000001        0.0000000000000000       -1.2924115024849161E-003   0.0000000000000000     
  -10.890000000000001        0.0000000000000000       -1.3322452650215732E-003   0.0000000000000000     
  -10.692000000000000        0.0000000000000000       -1.3739296757192885E-003   0.0000000000000000     
  -10.494000000000000        0.0000000000000000       -1.4175902460066847E-003   0.0000000000000000     
  -10.296000000000001        0.0000000000000000       -1.4633631651916998E-003   0.0000000000000000     
  -10.098000000000001        0.0000000000000000       -1.5113962759594585E-003   0.0000000000000000     
  -9.9000000000000004        0.0000000000000000       -1.5618505667405701E-003   0.0000000000000000     
  -9.7020000000000000        0.0000000000000000       -1.6149013465947010E-003   0.0000000000000000     
  -9.5040000000000013        0.0000000000000000       -1.6707400356492678E-003   0.0000000000000000     
  -9.3060000000000009        0.0000000000000000       -1.7295758673959341E-003   0.0000000000000000     
  -9.1080000000000005        0.0000000000000000       -1.7916379315731487E-003   0.0000000000000000     
  -8.9100000000000001        0.0000000000000000       -1.8571776029156146E-003   0.0000000000000000     
  -8.7119999999999997        0.0000000000000000       -1.9264710174890197E-003   0.0000000000000000     
  -8.5140000000000011        0.0000000000000000       -1.9998221598559220E-003   0.0000000000000000     
  -8.3160000000000007        0.0000000000000000       -2.0775663185665402E-003   0.0000000000000000     
  -8.1180000000000003        0.0000000000000000       -2.1600738857209495E-003   0.0000000000000000     
  -7.9199999999999999        0.0000000000000000       -2.2477548886011430E-003   0.0000000000000000     
  -7.7220000000000004        0.0000000000000000       -2.3410641172134589E-003   0.0000000000000000     
  -7.5240000000000000        0.0000000000000000       -2.4405069628158737E-003   0.0000000000000000     
  -7.3260000000000005        0.0000000000000000       -2.5466462474112682E-003   0.0000000000000000     
  -7.1280000000000001        0.0000000000000000       -2.6601099569285957E-003   0.0000000000000000     
  -6.9300000000000006        0.0000000000000000       -2.7816002717073419E-003   0.0000000000000000     
  -6.7320000000000002        0.0000000000000000       -2.9119039460760053E-003   0.0000000000000000     
  -6.5340000000000007        0.0000000000000000       -3.0519043595789493E-003   0.0000000000000000     
  -6.3360000000000003        0.0000000000000000       -3.2025953255742138E-003   0.0000000000000000     
  -6.1379999999999999        0.0000000000000000       -3.3650973008707342E-003   0.0000000000000000     
  -5.9400000000000004        0.0000000000000000       -3.5406757235962438E-003   0.0000000000000000     
  -5.7420000000000000        0.0000000000000000       -3.7307627951205262E-003   0.0000000000000000     
  -5.5440000000000005        0.0000000000000000       -3.9369816278764106E-003   0.0000000000000000     
  -5.3460000000000001        0.0000000000000000       -4.1611746352110150E-003   0.0000000000000000     
  -5.1480000000000006        0.0000000000000000       -4.4054355052540652E-003   0.0000000000000000     
  -4.9500000000000002        0.0000000000000000       -4.6721442952790699E-003   0.0000000000000000     
  -4.7520000000000007        0.0000000000000000       -4.9640063067884540E-003   0.0000000000000000     
  -4.5540000000000003        0.0000000000000000       -5.2840924953962238E-003   0.0000000000000000     
  -4.3559999999999999        0.0000000000000000       -5.6358776817645563E-003   0.0000000000000000     
  -4.1580000000000004        0.0000000000000000       -6.0232703345337486E-003   0.0000000000000000     
  -3.9600000000000000        0.0000000000000000       -6.4506205507335965E-003   0.0000000000000000     
  -3.7620000000000000        0.0000000000000000       -6.9226799106729617E-003   0.0000000000000000     
  -3.5640000000000001        0.0000000000000000       -7.4444737324522369E-003   0.0000000000000000     
  -3.3660000000000001        0.0000000000000000       -8.0210580118314240E-003   0.0000000000000000     
  -3.1680000000000001        0.0000000000000000       -8.6574117676607651E-003   0.0000000000000000     
  -2.9700000000000002        0.0000000000000000       -9.3601895562406296E-003   0.0000000000000000     
  -2.7720000000000002        0.0000000000000000       -1.0145614040652130E-002   0.0000000000000000     
  -2.5740000000000003        0.0000000000000000       -1.1034487295449596E-002   0.0000000000000000     
  -2.3760000000000003        0.0000000000000000       -1.2036794983709662E-002   0.0000000000000000     
  -2.1779999999999999        0.0000000000000000       -1.3156655683455717E-002   0.0000000000000000     
  -1.9800000000000000        0.0000000000000000       -1.4403317301306165E-002   0.0000000000000000     
  -1.7820000000000000        0.0000000000000000       -1.5785848389611588E-002   0.0000000000000000     
  -1.5840000000000001        0.0000000000000000       -1.7302539604819311E-002   0.0000000000000000     
  -1.3860000000000001        0.0000000000000000       -1.8934655409512176E-002   0.0000000000000000     
  -1.1880000000000002        0.0000000000000000       -2.0651107917957587E-002   0.0000000000000000     
 -0.98999999999999999        0.0000000000000000       -2.2410455476420930E-002   0.0000000000000000     
 -0.79200000000000004        0.0000000000000000       -2.4145105603445651E-002   0.0000000000000000     
 -0.59400000000000008        0.0000000000000000       -2.5744463191682169E-002   0.0000000000000000     
 -0.39600000000000002        0.0000000000000000       -2.7068773763643313E-002   0.0000000000000000     
 -0.19800000000000001        0.0000000000000000       -2.7960006171986844E-002   0.0000000000000000     
   0.0000000000000000        0.0000000000000000       -2.8276361314957560E-002   0.0000000000000000     
  0.19800000000000001        0.0000000000000000       -2.7960006171986844E-002   0.0000000000000000     
  0.39600000000000002        0.0000000000000000       -2.7068773763643313E-002   0.0000000000000000     
  0.59400000000000008        0.0000000000000000       -2.5744463191682169E-002   0.0000000000000000     
  0.79200000000000004        0.0000000000000000       -2.4145105603445651E-002   0.0000000000000000     
  0.98999999999999999        0.0000000000000000       -2.2410455476420930E-002   0.0000000000000000     
   1.1880000000000002        0.0000000000000000       -2.0651107917957587E-002   0.0000000000000000     
   1.3860000000000001        0.0000000000000000       -1.8934655409512176E-002   0.0000000000000000     
   1.5840000000000001        0.0000000000000000       -1.7302539604819311E-002   0.0000000000000000     
   1.7820000000000000        0.0000000000000000       -1.5785848389611588E-002   0.0000000000000000     
   1.9800000000000000        0.0000000000000000       -1.4403317301306165E-002   0.0000000000000000     
   2.1779999999999999        0.0000000000000000       -1.3156655683455717E-002   0.0000000000000000     
   2.3760000000000003        0.0000000000000000       -1.2036794983709662E-002   0.0000000000000000     
   2.5740000000000003        0.0000000000000000       -1.1034487295449596E-002   0.0000000000000000     
   2.7720000000000002        0.0000000000000000       -1.0145614040652130E-002   0.0000000000000000     
   2.9700000000000002        0.0000000000000000       -9.3601895562406296E-003   0.0000000000000000     
   3.1680000000000001        0.0000000000000000       -8.6574117676607651E-003   0.0000000000000000     
   3.3660000000000001        0.0000000000000000       -8.0210580118314240E-003   0.0000000000000000     
   3.5640000000000001        0.0000000000000000       -7.4444737324522369E-003   0.0000000000000000     
   3.7620000000000000        0.0000000000000000       -6.9226799106729617E-003   0.0000000000000000     
   3.9600000000000000        0.0000000000000000       -6.4506205507335965E-003   0.0000000000000000     
   4.1580000000000004        0.0000000000000000       -6.0232703345337486E-003   0.0000000000000000     
   4.3559999999999999        0.0000000000000000       -5.6358776817645563E-003   0.0000000000000000     
   4.5540000000000003        0.0000000000000000       -5.2840924953962238E-003   0.0000000000000000     
   4.7520000000000007        0.0000000000000000       -4.9640063067884540E-003   0.0000000000000000     
   4.9500000000000002        0.0000000000000000       -4.6721442952790699E-003   0.0000000000000000     
   5.1480000000000006        0.0000000000000000       -4.4054355052540652E-003   0.0000000000000000     
   5.3460000000000001        0.0000000000000000       -4.1611746352110150E-003   0.0000000000000000     
   5.5440000000000005        0.0000000000000000       -3.9369816278764106E-003   0.0000000000000000     
   5.7420000000000000        0.0000000000000000       -3.7307627951205262E-003   0.0000000000000000     
   5.9400000000000004        0.0000000000000000       -3.5406757235962438E-003   0.0000000000000000     
   6.1379999999999999        0.0000000000000000       -3.3650973008707342E-003   0.0000000000000000     
   6.3360000000000003        0.0000000000000000       -3.2025953255742138E-003   0.0000000000000000     
   6.5340000000000007        0.0000000000000000       -3.0519043595789493E-003   0.0000000000000000     
   6.7320000000000002        0.0000000000000000       -2.9119039460760053E-003   0.0000000000000000     
   6.9300000000000006        0.0000000000000000       -2.7816002717073419E-003   0.0000000000000000     
   7.1280000000000001        0.0000000000000000       -2.6601099569285957E-003   0.0000000000000000     
   7.3260000000000005        0.0000000000000000       -2.5466462474112682E-003   0.0000000000000000     
   7.5240000000000000        0.0000000000000000       -2.4405069628158737E-003   0.0000000000000000     
   7.7220000000000004        0.0000000000000000       -2.3410641172134589E-003   0.0000000000000000     
   7.9199999999999999        0.0000000000000000       -2.2477548886011430E-003   0.0000000000000000     
   8.1180000000000003        0.0000000000000000       -2.1600738857209495E-003   0.0000000000000000     
   8.3160000000000007        0.0000000000000000       -2.0775663185665402E-003   0.0000000000000000     
   8.5140000000000011        0.0000000000000000       -1.9998221598559220E-003   0.0000000000000000     
   8.7119999999999997        0.0000000000000000       -1.9264710174890197E-003   0.0000000000000000     
   8.9100000000000001        0.0000000000000000       -1.8571776029156146E-003   0.0000000000000000     
   9.1080000000000005        0.0000000000000000       -1.7916379315731487E-003   0.0000000000000000     
   9.3060000000000009        0.0000000000000000       -1.7295758673959341E-003   0.0000000000000000     
   9.5040000000000013        0.0000000000000000       -1.6707400356492678E-003   0.0000000000000000     
   9.7020000000000000        0.0000000000000000       -1.6149013465947010E-003   0.0000000000000000     
   9.9000000000000004        0.0000000000000000       -1.5618505667405701E-003   0.0000000000000000     
   10.098000000000001        0.0000000000000000       -1.5113962759594585E-003   0.0000000000000000     
   10.296000000000001        0.0000000000000000       -1.4633631651916998E-003   0.0000000000000000     
   10.494000000000000        0.0000000000000000       -1.4175902460066847E-003   0.0000000000000000     
   10.692000000000000        0.0000000000000000       -1.3739296757192885E-003   0.0000000000000000     
   10.890000000000001        0.0000000000000000       -1.3322452650215732E-003   0.0000000000000000     
   11.088000000000001        0.0000000000000000       -1.2924115024849161E-003   0.0000000000000000     
   11.286000000000001        0.0000000000000000       -1.2543124904590729E-003   0.0000000000000000     
   11.484000000000000        0.0000000000000000       -1.2178410772460424E-003   0.0000000000000000     
   11.682000000000000        0.0000000000000000       -1.1828980051740922E-003   0.0000000000000000     
   11.880000000000001        0.0000000000000000       -1.1493912690032529E-003   0.0000000000000000     
   12.078000000000001        0.0000000000000000       -1.1172353815798741E-003   0.0000000000000000     
   12.276000000000000        0.0000000000000000       -1.0863508619205985E-003   0.0000000000000000     
   12.474000000000000        0.0000000000000000       -1.0566636643620463E-003   0.0000000000000000     
   12.672000000000001        0.0000000000000000       -1.0281047115224130E-003   0.0000000000000000     
   12.870000000000001        0.0000000000000000       -1.0006094482904540E-003   0.0000000000000000     
   13.068000000000001        0.0000000000000000       -9.7411749628504869E-004   0.0000000000000000     
   13.266000000000000        0.0000000000000000       -9.4857220600068673E-004   0.0000000000000000     
   13.464000000000000        0.0000000000000000       -9.2392039457004401E-004   0.0000000000000000     
   13.662000000000001        0.0000000000000000       -9.0011200483228714E-004   0.0000000000000000     
   13.860000000000001        0.0000000000000000       -8.7709983462708543E-004   0.0000000000000000     
   14.058000000000000        0.0000000000000000       -8.5483924592537526E-004   0.0000000000000000     
   14.256000000000000        0.0000000000000000       -8.3328793698467436E-004   0.0000000000000000     
   14.454000000000001        0.0000000000000000       -8.1240565781686715E-004   0.0000000000000000     
   14.652000000000001        0.0000000000000000       -7.9215402589612953E-004   0.0000000000000000     
   14.850000000000001        0.0000000000000000       -7.7249625193877704E-004   0.0000000000000000     
   15.048000000000000        0.0000000000000000       -7.5339688215936176E-004   0.0000000000000000     
   15.246000000000000        0.0000000000000000       -7.3482157728149027E-004   0.0000000000000000     
   15.444000000000001        0.0000000000000000       -7.1673684465469064E-004   0.0000000000000000     
   15.642000000000001        0.0000000000000000       -6.9910968822044955E-004   0.0000000000000000     
   15.840000000000000        0.0000000000000000       -6.8190732622676136E-004   0.0000000000000000     
   16.038000000000000        0.0000000000000000       -6.6509671756465917E-004   0.0000000000000000     
   16.236000000000001        0.0000000000000000       -6.4864410008747713E-004   0.0000000000000000     
   16.434000000000001        0.0000000000000000       -6.3251431612144676E-004   0.0000000000000000     
   16.632000000000001        0.0000000000000000       -6.1667003209044243E-004   0.0000000000000000     
   16.830000000000002        0.0000000000000000       -6.0107059116964133E-004   0.0000000000000000     
   17.028000000000002        0.0000000000000000       -5.8570320997590637E-004   0.0000000000000000     
   17.225999999999999        0.0000000000000000       -5.7042676421788523E-004   0.0000000000000000     
   17.423999999999999        0.0000000000000000       -5.5523105094713399E-004   0.0000000000000000     
   17.622000000000000        0.0000000000000000       -5.4003928322048078E-004   0.0000000000000000     
   17.820000000000000        0.0000000000000000       -5.2475386643077476E-004   0.0000000000000000     
   18.018000000000001        0.0000000000000000       -5.0924670911796561E-004   0.0000000000000000     
   18.216000000000001        0.0000000000000000       -4.9333360838713103E-004   0.0000000000000000     
   18.414000000000001        0.0000000000000000       -4.7677133568563865E-004   0.0000000000000000     
   18.612000000000002        0.0000000000000000       -4.5919226006840684E-004   0.0000000000000000     
   18.810000000000002        0.0000000000000000       -4.4005366712861194E-004   0.0000000000000000     
   19.008000000000003        0.0000000000000000       -4.1845236278422159E-004   0.0000000000000000     
   19.206000000000000        0.0000000000000000       -3.9308401737492027E-004   0.0000000000000000     
   19.404000000000000        0.0000000000000000       -3.6204143779497520E-004   0.0000000000000000     
   19.602000000000000        0.0000000000000000       -3.2417149004428070E-004   0.0000000000000000     
