  -19.602000000000000        0.0000000000000000       -3.9542878358038176E-004   0.0000000000000000     
  -19.404000000000000        0.0000000000000000       -4.3504972333704024E-004   0.0000000000000000     
  -19.206000000000000        0.0000000000000000       -4.6789699068565784E-004   0.0000000000000000     
  -19.008000000000003        0.0000000000000000       -4.9534580891600092E-004   0.0000000000000000     
  -18.810000000000002        0.0000000000000000       -5.1938607524093527E-004   0.0000000000000000     
  -18.612000000000002        0.0000000000000000       -5.4127193530431746E-004   0.0000000000000000     
  -18.414000000000001        0.0000000000000000       -5.6179178541423350E-004   0.0000000000000000     
  -18.216000000000001        0.0000000000000000       -5.8148353075514235E-004   0.0000000000000000     
  -18.018000000000001        0.0000000000000000       -6.0059313390069952E-004   0.0000000000000000     
  -17.820000000000000        0.0000000000000000       -6.1934394762720734E-004   0.0000000000000000     
  -17.622000000000000        0.0000000000000000       -6.3785397416698316E-004   0.0000000000000000     
  -17.423999999999999        0.0000000000000000       -6.5628187407500876E-004   0.0000000000000000     
  -17.225999999999999        0.0000000000000000       -6.7471696039456586E-004   0.0000000000000000     
  -17.028000000000002        0.0000000000000000       -6.9323361084890176E-004   0.0000000000000000     
  -16.830000000000002        0.0000000000000000       -7.1189720666627921E-004   0.0000000000000000     
  -16.632000000000001        0.0000000000000000       -7.3076838829241604E-004   0.0000000000000000     
  -16.434000000000001        0.0000000000000000       -7.4989795213037576E-004   0.0000000000000000     
  -16.236000000000001        0.0000000000000000       -7.6932014735564384E-004   0.0000000000000000     
  -16.038000000000000        0.0000000000000000       -7.8907746541804894E-004   0.0000000000000000     
  -15.840000000000000        0.0000000000000000       -8.0921036577303435E-004   0.0000000000000000     
  -15.642000000000001        0.0000000000000000       -8.2975793689049246E-004   0.0000000000000000     
  -15.444000000000001        0.0000000000000000       -8.5075846336047744E-004   0.0000000000000000     
  -15.246000000000000        0.0000000000000000       -8.7224995209633283E-004   0.0000000000000000     
  -15.048000000000000        0.0000000000000000       -8.9427047234463884E-004   0.0000000000000000     
  -14.850000000000001        0.0000000000000000       -9.1685853187378546E-004   0.0000000000000000     
  -14.652000000000001        0.0000000000000000       -9.4005337446827274E-004   0.0000000000000000     
  -14.454000000000001        0.0000000000000000       -9.6389528237741105E-004   0.0000000000000000     
  -14.256000000000000        0.0000000000000000       -9.8842579788059690E-004   0.0000000000000000     
  -14.058000000000000        0.0000000000000000       -1.0136880634124782E-003   0.0000000000000000     
  -13.860000000000001        0.0000000000000000       -1.0397269722688199E-003   0.0000000000000000     
  -13.662000000000001        0.0000000000000000       -1.0665894991685315E-003   0.0000000000000000     
  -13.464000000000000        0.0000000000000000       -1.0943249357603859E-003   0.0000000000000000     
  -13.266000000000000        0.0000000000000000       -1.1229851556256909E-003   0.0000000000000000     
  -13.068000000000001        0.0000000000000000       -1.1526248706395655E-003   0.0000000000000000     
  -12.870000000000001        0.0000000000000000       -1.1833020101551972E-003   0.0000000000000000     
  -12.672000000000001        0.0000000000000000       -1.2150778994773771E-003   0.0000000000000000     
  -12.474000000000000        0.0000000000000000       -1.2480177803047014E-003   0.0000000000000000     
  -12.276000000000000        0.0000000000000000       -1.2821909622419661E-003   0.0000000000000000     
  -12.078000000000001        0.0000000000000000       -1.3176714099539099E-003   0.0000000000000000     
  -11.880000000000001        0.0000000000000000       -1.3545380876686833E-003   0.0000000000000000     
  -11.682000000000000        0.0000000000000000       -1.3928753557024968E-003   0.0000000000000000     
  -11.484000000000000        0.0000000000000000       -1.4327736963941082E-003   0.0000000000000000     
  -11.286000000000001        0.0000000000000000       -1.4743300277297213E-003   0.0000000000000000     
  -11.088000000000001        0.0000000000000000       -1.5176485231805932E-003   0.0000000000000000     
  -10.890000000000001        0.0000000000000000       -1.5628411847425038E-003   0.0000000000000000     
  -10.692000000000000        0.0000000000000000       -1.6100286332774128E-003   0.0000000000000000     
  -10.494000000000000        0.0000000000000000       -1.6593409948897819E-003   0.0000000000000000     
  -10.296000000000001        0.0000000000000000       -1.7109187511242709E-003   0.0000000000000000     
  -10.098000000000001        0.0000000000000000       -1.7649138407431412E-003   0.0000000000000000     
  -9.9000000000000004        0.0000000000000000       -1.8214907914028751E-003   0.0000000000000000     
  -9.7020000000000000        0.0000000000000000       -1.8808279956996402E-003   0.0000000000000000     
  -9.5040000000000013        0.0000000000000000       -1.9431192037680234E-003   0.0000000000000000     
  -9.3060000000000009        0.0000000000000000       -2.0085750821880384E-003   0.0000000000000000     
  -9.1080000000000005        0.0000000000000000       -2.0774249988933288E-003   0.0000000000000000     
  -8.9100000000000001        0.0000000000000000       -2.1499192021844217E-003   0.0000000000000000     
  -8.7119999999999997        0.0000000000000000       -2.2263309110237047E-003   0.0000000000000000     
  -8.5140000000000011        0.0000000000000000       -2.3069590227866128E-003   0.0000000000000000     
  -8.3160000000000007        0.0000000000000000       -2.3921310339367111E-003   0.0000000000000000     
  -8.1180000000000003        0.0000000000000000       -2.4822062252425640E-003   0.0000000000000000     
  -7.9199999999999999        0.0000000000000000       -2.5775795318536830E-003   0.0000000000000000     
  -7.7220000000000004        0.0000000000000000       -2.6786857434776246E-003   0.0000000000000000     
  -7.5240000000000000        0.0000000000000000       -2.7860042884271011E-003   0.0000000000000000     
  -7.3260000000000005        0.0000000000000000       -2.9000648202219181E-003   0.0000000000000000     
  -7.1280000000000001        0.0000000000000000       -3.0214534285026300E-003   0.0000000000000000     
  -6.9300000000000006        0.0000000000000000       -3.1508198637522451E-003   0.0000000000000000     
  -6.7320000000000002        0.0000000000000000       -3.2888858729552030E-003   0.0000000000000000     
  -6.5340000000000007        0.0000000000000000       -3.4364544557373661E-003   0.0000000000000000     
  -6.3360000000000003        0.0000000000000000       -3.5944209507527123E-003   0.0000000000000000     
  -6.1379999999999999        0.0000000000000000       -3.7637852451052546E-003   0.0000000000000000     
  -5.9400000000000004        0.0000000000000000       -3.9456665309651005E-003   0.0000000000000000     
  -5.7420000000000000        0.0000000000000000       -4.1413193549942788E-003   0.0000000000000000     
  -5.5440000000000005        0.0000000000000000       -4.3521530043866066E-003   0.0000000000000000     
  -5.3460000000000001        0.0000000000000000       -4.5797527511523819E-003   0.0000000000000000     
  -5.1480000000000006        0.0000000000000000       -4.8259045149374961E-003   0.0000000000000000     
  -4.9500000000000002        0.0000000000000000       -5.0926224420817286E-003   0.0000000000000000     
  -4.7520000000000007        0.0000000000000000       -5.3821788814245415E-003   0.0000000000000000     
  -4.5540000000000003        0.0000000000000000       -5.6971360705591004E-003   0.0000000000000000     
  -4.3559999999999999        0.0000000000000000       -6.0403761625070574E-003   0.0000000000000000     
  -4.1580000000000004        0.0000000000000000       -6.4151249426509811E-003   0.0000000000000000     
  -3.9600000000000000        0.0000000000000000       -6.8249549538071360E-003   0.0000000000000000     
  -3.7620000000000000        0.0000000000000000       -7.2737415862624555E-003   0.0000000000000000     
  -3.5640000000000001        0.0000000000000000       -7.7655187626782156E-003   0.0000000000000000     
  -3.3660000000000001        0.0000000000000000       -8.3041677487961964E-003   0.0000000000000000     
  -3.1680000000000001        0.0000000000000000       -8.8933043457195653E-003   0.0000000000000000     
  -2.9700000000000002        0.0000000000000000       -9.5397917175460093E-003   0.0000000000000000     
  -2.7720000000000002        0.0000000000000000       -1.0256505417789268E-002   0.0000000000000000     
  -2.5740000000000003        0.0000000000000000       -1.1054503481168390E-002   0.0000000000000000     
  -2.3760000000000003        0.0000000000000000       -1.1943698313047504E-002   0.0000000000000000     
  -2.1779999999999999        0.0000000000000000       -1.2936322539757600E-002   0.0000000000000000     
  -1.9800000000000000        0.0000000000000000       -1.4042071117166622E-002   0.0000000000000000     
  -1.7820000000000000        0.0000000000000000       -1.5263750985872177E-002   0.0000000000000000     
  -1.5840000000000001        0.0000000000000000       -1.6595173714118883E-002   0.0000000000000000     
  -1.3860000000000001        0.0000000000000000       -1.8027840354331172E-002   0.0000000000000000     
  -1.1880000000000002        0.0000000000000000       -1.9553755621855559E-002   0.0000000000000000     
 -0.98999999999999999        0.0000000000000000       -2.1158642131488950E-002   0.0000000000000000     
 -0.79200000000000004        0.0000000000000000       -2.2793528666526567E-002   0.0000000000000000     
 -0.59400000000000008        0.0000000000000000       -2.4346951744756068E-002   0.0000000000000000     
 -0.39600000000000002        0.0000000000000000       -2.5647509393478478E-002   0.0000000000000000     
 -0.19800000000000001        0.0000000000000000       -2.6510494700754082E-002   0.0000000000000000     
   0.0000000000000000        0.0000000000000000       -2.6811898370020678E-002   0.0000000000000000     
  0.19800000000000001        0.0000000000000000       -2.6510494700754082E-002   0.0000000000000000     
  0.39600000000000002        0.0000000000000000       -2.5647509393478478E-002   0.0000000000000000     
  0.59400000000000008        0.0000000000000000       -2.4346951744756068E-002   0.0000000000000000     
  0.79200000000000004        0.0000000000000000       -2.2793528666526567E-002   0.0000000000000000     
  0.98999999999999999        0.0000000000000000       -2.1158642131488950E-002   0.0000000000000000     
   1.1880000000000002        0.0000000000000000       -1.9553755621855559E-002   0.0000000000000000     
   1.3860000000000001        0.0000000000000000       -1.8027840354331172E-002   0.0000000000000000     
   1.5840000000000001        0.0000000000000000       -1.6595173714118883E-002   0.0000000000000000     
   1.7820000000000000        0.0000000000000000       -1.5263750985872177E-002   0.0000000000000000     
   1.9800000000000000        0.0000000000000000       -1.4042071117166622E-002   0.0000000000000000     
   2.1779999999999999        0.0000000000000000       -1.2936322539757600E-002   0.0000000000000000     
   2.3760000000000003        0.0000000000000000       -1.1943698313047504E-002   0.0000000000000000     
   2.5740000000000003        0.0000000000000000       -1.1054503481168390E-002   0.0000000000000000     
   2.7720000000000002        0.0000000000000000       -1.0256505417789268E-002   0.0000000000000000     
   2.9700000000000002        0.0000000000000000       -9.5397917175460093E-003   0.0000000000000000     
   3.1680000000000001        0.0000000000000000       -8.8933043457195653E-003   0.0000000000000000     
   3.3660000000000001        0.0000000000000000       -8.3041677487961964E-003   0.0000000000000000     
   3.5640000000000001        0.0000000000000000       -7.7655187626782156E-003   0.0000000000000000     
   3.7620000000000000        0.0000000000000000       -7.2737415862624555E-003   0.0000000000000000     
   3.9600000000000000        0.0000000000000000       -6.8249549538071360E-003   0.0000000000000000     
   4.1580000000000004        0.0000000000000000       -6.4151249426509811E-003   0.0000000000000000     
   4.3559999999999999        0.0000000000000000       -6.0403761625070574E-003   0.0000000000000000     
   4.5540000000000003        0.0000000000000000       -5.6971360705591004E-003   0.0000000000000000     
   4.7520000000000007        0.0000000000000000       -5.3821788814245415E-003   0.0000000000000000     
   4.9500000000000002        0.0000000000000000       -5.0926224420817286E-003   0.0000000000000000     
   5.1480000000000006        0.0000000000000000       -4.8259045149374961E-003   0.0000000000000000     
   5.3460000000000001        0.0000000000000000       -4.5797527511523819E-003   0.0000000000000000     
   5.5440000000000005        0.0000000000000000       -4.3521530043866066E-003   0.0000000000000000     
   5.7420000000000000        0.0000000000000000       -4.1413193549942788E-003   0.0000000000000000     
   5.9400000000000004        0.0000000000000000       -3.9456665309651005E-003   0.0000000000000000     
   6.1379999999999999        0.0000000000000000       -3.7637852451052546E-003   0.0000000000000000     
   6.3360000000000003        0.0000000000000000       -3.5944209507527123E-003   0.0000000000000000     
   6.5340000000000007        0.0000000000000000       -3.4364544557373661E-003   0.0000000000000000     
   6.7320000000000002        0.0000000000000000       -3.2888858729552030E-003   0.0000000000000000     
   6.9300000000000006        0.0000000000000000       -3.1508198637522451E-003   0.0000000000000000     
   7.1280000000000001        0.0000000000000000       -3.0214534285026300E-003   0.0000000000000000     
   7.3260000000000005        0.0000000000000000       -2.9000648202219181E-003   0.0000000000000000     
   7.5240000000000000        0.0000000000000000       -2.7860042884271011E-003   0.0000000000000000     
   7.7220000000000004        0.0000000000000000       -2.6786857434776246E-003   0.0000000000000000     
   7.9199999999999999        0.0000000000000000       -2.5775795318536830E-003   0.0000000000000000     
   8.1180000000000003        0.0000000000000000       -2.4822062252425640E-003   0.0000000000000000     
   8.3160000000000007        0.0000000000000000       -2.3921310339367111E-003   0.0000000000000000     
   8.5140000000000011        0.0000000000000000       -2.3069590227866128E-003   0.0000000000000000     
   8.7119999999999997        0.0000000000000000       -2.2263309110237047E-003   0.0000000000000000     
   8.9100000000000001        0.0000000000000000       -2.1499192021844217E-003   0.0000000000000000     
   9.1080000000000005        0.0000000000000000       -2.0774249988933288E-003   0.0000000000000000     
   9.3060000000000009        0.0000000000000000       -2.0085750821880384E-003   0.0000000000000000     
   9.5040000000000013        0.0000000000000000       -1.9431192037680234E-003   0.0000000000000000     
   9.7020000000000000        0.0000000000000000       -1.8808279956996402E-003   0.0000000000000000     
   9.9000000000000004        0.0000000000000000       -1.8214907914028751E-003   0.0000000000000000     
   10.098000000000001        0.0000000000000000       -1.7649138407431412E-003   0.0000000000000000     
   10.296000000000001        0.0000000000000000       -1.7109187511242709E-003   0.0000000000000000     
   10.494000000000000        0.0000000000000000       -1.6593409948897819E-003   0.0000000000000000     
   10.692000000000000        0.0000000000000000       -1.6100286332774128E-003   0.0000000000000000     
   10.890000000000001        0.0000000000000000       -1.5628411847425038E-003   0.0000000000000000     
   11.088000000000001        0.0000000000000000       -1.5176485231805932E-003   0.0000000000000000     
   11.286000000000001        0.0000000000000000       -1.4743300277297213E-003   0.0000000000000000     
   11.484000000000000        0.0000000000000000       -1.4327736963941082E-003   0.0000000000000000     
   11.682000000000000        0.0000000000000000       -1.3928753557024968E-003   0.0000000000000000     
   11.880000000000001        0.0000000000000000       -1.3545380876686833E-003   0.0000000000000000     
   12.078000000000001        0.0000000000000000       -1.3176714099539099E-003   0.0000000000000000     
   12.276000000000000        0.0000000000000000       -1.2821909622419661E-003   0.0000000000000000     
   12.474000000000000        0.0000000000000000       -1.2480177803047014E-003   0.0000000000000000     
   12.672000000000001        0.0000000000000000       -1.2150778994773771E-003   0.0000000000000000     
   12.870000000000001        0.0000000000000000       -1.1833020101551972E-003   0.0000000000000000     
   13.068000000000001        0.0000000000000000       -1.1526248706395655E-003   0.0000000000000000     
   13.266000000000000        0.0000000000000000       -1.1229851556256909E-003   0.0000000000000000     
   13.464000000000000        0.0000000000000000       -1.0943249357603859E-003   0.0000000000000000     
   13.662000000000001        0.0000000000000000       -1.0665894991685315E-003   0.0000000000000000     
   13.860000000000001        0.0000000000000000       -1.0397269722688199E-003   0.0000000000000000     
   14.058000000000000        0.0000000000000000       -1.0136880634124782E-003   0.0000000000000000     
   14.256000000000000        0.0000000000000000       -9.8842579788059690E-004   0.0000000000000000     
   14.454000000000001        0.0000000000000000       -9.6389528237741105E-004   0.0000000000000000     
   14.652000000000001        0.0000000000000000       -9.4005337446827274E-004   0.0000000000000000     
   14.850000000000001        0.0000000000000000       -9.1685853187378546E-004   0.0000000000000000     
   15.048000000000000        0.0000000000000000       -8.9427047234463884E-004   0.0000000000000000     
   15.246000000000000        0.0000000000000000       -8.7224995209633283E-004   0.0000000000000000     
   15.444000000000001        0.0000000000000000       -8.5075846336047744E-004   0.0000000000000000     
   15.642000000000001        0.0000000000000000       -8.2975793689049246E-004   0.0000000000000000     
   15.840000000000000        0.0000000000000000       -8.0921036577303435E-004   0.0000000000000000     
   16.038000000000000        0.0000000000000000       -7.8907746541804894E-004   0.0000000000000000     
   16.236000000000001        0.0000000000000000       -7.6932014735564384E-004   0.0000000000000000     
   16.434000000000001        0.0000000000000000       -7.4989795213037576E-004   0.0000000000000000     
   16.632000000000001        0.0000000000000000       -7.3076838829241604E-004   0.0000000000000000     
   16.830000000000002        0.0000000000000000       -7.1189720666627921E-004   0.0000000000000000     
   17.028000000000002        0.0000000000000000       -6.9323361084890176E-004   0.0000000000000000     
   17.225999999999999        0.0000000000000000       -6.7471696039456586E-004   0.0000000000000000     
   17.423999999999999        0.0000000000000000       -6.5628187407500876E-004   0.0000000000000000     
   17.622000000000000        0.0000000000000000       -6.3785397416698316E-004   0.0000000000000000     
   17.820000000000000        0.0000000000000000       -6.1934394762720734E-004   0.0000000000000000     
   18.018000000000001        0.0000000000000000       -6.0059313390069952E-004   0.0000000000000000     
   18.216000000000001        0.0000000000000000       -5.8148353075514235E-004   0.0000000000000000     
   18.414000000000001        0.0000000000000000       -5.6179178541423350E-004   0.0000000000000000     
   18.612000000000002        0.0000000000000000       -5.4127193530431746E-004   0.0000000000000000     
   18.810000000000002        0.0000000000000000       -5.1938607524093527E-004   0.0000000000000000     
   19.008000000000003        0.0000000000000000       -4.9534580891600092E-004   0.0000000000000000     
   19.206000000000000        0.0000000000000000       -4.6789699068565784E-004   0.0000000000000000     
   19.404000000000000        0.0000000000000000       -4.3504972333704024E-004   0.0000000000000000     
   19.602000000000000        0.0000000000000000       -3.9542878358038176E-004   0.0000000000000000     
