  -19.602000000000000        0.0000000000000000       -1.4708740493334608E-003   0.0000000000000000     
  -19.404000000000000        0.0000000000000000       -1.6037552727174804E-003   0.0000000000000000     
  -19.206000000000000        0.0000000000000000       -1.7218945395283051E-003   0.0000000000000000     
  -19.008000000000003        0.0000000000000000       -1.8265344578848590E-003   0.0000000000000000     
  -18.810000000000002        0.0000000000000000       -1.9213241329856215E-003   0.0000000000000000     
  -18.612000000000002        0.0000000000000000       -2.0091856004084011E-003   0.0000000000000000     
  -18.414000000000001        0.0000000000000000       -2.0922517168585134E-003   0.0000000000000000     
  -18.216000000000001        0.0000000000000000       -2.1719055842703175E-003   0.0000000000000000     
  -18.018000000000001        0.0000000000000000       -2.2491927132987743E-003   0.0000000000000000     
  -17.820000000000000        0.0000000000000000       -2.3248888769074037E-003   0.0000000000000000     
  -17.622000000000000        0.0000000000000000       -2.3995581565530769E-003   0.0000000000000000     
  -17.423999999999999        0.0000000000000000       -2.4736834553096020E-003   0.0000000000000000     
  -17.225999999999999        0.0000000000000000       -2.5476413451969216E-003   0.0000000000000000     
  -17.028000000000002        0.0000000000000000       -2.6217636049489165E-003   0.0000000000000000     
  -16.830000000000002        0.0000000000000000       -2.6963251469526422E-003   0.0000000000000000     
  -16.632000000000001        0.0000000000000000       -2.7715581808345009E-003   0.0000000000000000     
  -16.434000000000001        0.0000000000000000       -2.8476829528481943E-003   0.0000000000000000     
  -16.236000000000001        0.0000000000000000       -2.9249017858494581E-003   0.0000000000000000     
  -16.038000000000000        0.0000000000000000       -3.0034037949609651E-003   0.0000000000000000     
  -15.840000000000000        0.0000000000000000       -3.0833777090928010E-003   0.0000000000000000     
  -15.642000000000001        0.0000000000000000       -3.1649855600947813E-003   0.0000000000000000     
  -15.444000000000001        0.0000000000000000       -3.2483960601883744E-003   0.0000000000000000     
  -15.246000000000000        0.0000000000000000       -3.3337756301284817E-003   0.0000000000000000     
  -15.048000000000000        0.0000000000000000       -3.4212900666463274E-003   0.0000000000000000     
  -14.850000000000001        0.0000000000000000       -3.5111060554994852E-003   0.0000000000000000     
  -14.652000000000001        0.0000000000000000       -3.6033925725294682E-003   0.0000000000000000     
  -14.454000000000001        0.0000000000000000       -3.6983220358472527E-003   0.0000000000000000     
  -14.256000000000000        0.0000000000000000       -3.7960715262281824E-003   0.0000000000000000     
  -14.058000000000000        0.0000000000000000       -3.8968238655576128E-003   0.0000000000000000     
  -13.860000000000001        0.0000000000000000       -4.0007686786850925E-003   0.0000000000000000     
  -13.662000000000001        0.0000000000000000       -4.1081034313130748E-003   0.0000000000000000     
  -13.464000000000000        0.0000000000000000       -4.2190345148948073E-003   0.0000000000000000     
  -13.266000000000000        0.0000000000000000       -4.3337783743935213E-003   0.0000000000000000     
  -13.068000000000001        0.0000000000000000       -4.4525624265742882E-003   0.0000000000000000     
  -12.870000000000001        0.0000000000000000       -4.5756264387092184E-003   0.0000000000000000     
  -12.672000000000001        0.0000000000000000       -4.7032236899804602E-003   0.0000000000000000     
  -12.474000000000000        0.0000000000000000       -4.8356222328929154E-003   0.0000000000000000     
  -12.276000000000000        0.0000000000000000       -4.9731061106734562E-003   0.0000000000000000     
  -12.078000000000001        0.0000000000000000       -5.1159772189722907E-003   0.0000000000000000     
  -11.880000000000001        0.0000000000000000       -5.2645563674867026E-003   0.0000000000000000     
  -11.682000000000000        0.0000000000000000       -5.4191853727908329E-003   0.0000000000000000     
  -11.484000000000000        0.0000000000000000       -5.5802287939879435E-003   0.0000000000000000     
  -11.286000000000001        0.0000000000000000       -5.7480757798942517E-003   0.0000000000000000     
  -11.088000000000001        0.0000000000000000       -5.9231423909231881E-003   0.0000000000000000     
  -10.890000000000001        0.0000000000000000       -6.1058739133652302E-003   0.0000000000000000     
  -10.692000000000000        0.0000000000000000       -6.2967472538598612E-003   0.0000000000000000     
  -10.494000000000000        0.0000000000000000       -6.4962741141275484E-003   0.0000000000000000     
  -10.296000000000001        0.0000000000000000       -6.7050036091961199E-003   0.0000000000000000     
  -10.098000000000001        0.0000000000000000       -6.9235260295169333E-003   0.0000000000000000     
  -9.9000000000000004        0.0000000000000000       -7.1524761193935546E-003   0.0000000000000000     
  -9.7020000000000000        0.0000000000000000       -7.3925375287961668E-003   0.0000000000000000     
  -9.5040000000000013        0.0000000000000000       -7.6444469736730632E-003   0.0000000000000000     
  -9.3060000000000009        0.0000000000000000       -7.9089990527774282E-003   0.0000000000000000     
  -9.1080000000000005        0.0000000000000000       -8.1870520113601821E-003   0.0000000000000000     
  -8.9100000000000001        0.0000000000000000       -8.4795330006664608E-003   0.0000000000000000     
  -8.7119999999999997        0.0000000000000000       -8.7874454374054032E-003   0.0000000000000000     
  -8.5140000000000011        0.0000000000000000       -9.1118753181876795E-003   0.0000000000000000     
  -8.3160000000000007        0.0000000000000000       -9.4539998228947830E-003   0.0000000000000000     
  -8.1180000000000003        0.0000000000000000       -9.8150957039722375E-003   0.0000000000000000     
  -7.9199999999999999        0.0000000000000000       -1.0196548958566184E-002   0.0000000000000000     
  -7.7220000000000004        0.0000000000000000       -1.0599865462389191E-002   0.0000000000000000     
  -7.5240000000000000        0.0000000000000000       -1.1026682920649370E-002   0.0000000000000000     
  -7.3260000000000005        0.0000000000000000       -1.1478783721025511E-002   0.0000000000000000     
  -7.1280000000000001        0.0000000000000000       -1.1958108996782674E-002   0.0000000000000000     
  -6.9300000000000006        0.0000000000000000       -1.2466774154891681E-002   0.0000000000000000     
  -6.7320000000000002        0.0000000000000000       -1.3007086591457578E-002   0.0000000000000000     
  -6.5340000000000007        0.0000000000000000       -1.3581563861454900E-002   0.0000000000000000     
  -6.3360000000000003        0.0000000000000000       -1.4192954377855723E-002   0.0000000000000000     
  -6.1379999999999999        0.0000000000000000       -1.4844259033773628E-002   0.0000000000000000     
  -5.9400000000000004        0.0000000000000000       -1.5538754991292489E-002   0.0000000000000000     
  -5.7420000000000000        0.0000000000000000       -1.6280019606598799E-002   0.0000000000000000     
  -5.5440000000000005        0.0000000000000000       -1.7071956176143249E-002   0.0000000000000000     
  -5.3460000000000001        0.0000000000000000       -1.7918818471048762E-002   0.0000000000000000     
  -5.1480000000000006        0.0000000000000000       -1.8825232288395017E-002   0.0000000000000000     
  -4.9500000000000002        0.0000000000000000       -1.9796212474989958E-002   0.0000000000000000     
  -4.7520000000000007        0.0000000000000000       -2.0837168927606311E-002   0.0000000000000000     
  -4.5540000000000003        0.0000000000000000       -2.1953890705725905E-002   0.0000000000000000     
  -4.3559999999999999        0.0000000000000000       -2.3152499997119349E-002   0.0000000000000000     
  -4.1580000000000004        0.0000000000000000       -2.4439368411567922E-002   0.0000000000000000     
  -3.9600000000000000        0.0000000000000000       -2.5821080769170519E-002   0.0000000000000000     
  -3.7620000000000000        0.0000000000000000       -2.7304879079364408E-002   0.0000000000000000     
  -3.5640000000000001        0.0000000000000000       -2.8900286343171551E-002   0.0000000000000000     
  -3.3660000000000001        0.0000000000000000       -3.0618785236885340E-002   0.0000000000000000     
  -3.1680000000000001        0.0000000000000000       -3.2471310471076403E-002   0.0000000000000000     
  -2.9700000000000002        0.0000000000000000       -3.4466911853621149E-002   0.0000000000000000     
  -2.7720000000000002        0.0000000000000000       -3.6612968371532516E-002   0.0000000000000000     
  -2.5740000000000003        0.0000000000000000       -3.8917063345819000E-002   0.0000000000000000     
  -2.3760000000000003        0.0000000000000000       -4.1392755708019945E-002   0.0000000000000000     
  -2.1779999999999999        0.0000000000000000       -4.4052897238806864E-002   0.0000000000000000     
  -1.9800000000000000        0.0000000000000000       -4.6901368782912928E-002   0.0000000000000000     
  -1.7820000000000000        0.0000000000000000       -4.9926610962363317E-002   0.0000000000000000     
  -1.5840000000000001        0.0000000000000000       -5.3105071164598242E-002   0.0000000000000000     
  -1.3860000000000001        0.0000000000000000       -5.6403455323389459E-002   0.0000000000000000     
  -1.1880000000000002        0.0000000000000000       -5.9758470148881582E-002   0.0000000000000000     
 -0.98999999999999999        0.0000000000000000       -6.3067096506123077E-002   0.0000000000000000     
 -0.79200000000000004        0.0000000000000000       -6.6188406300792590E-002   0.0000000000000000     
 -0.59400000000000008        0.0000000000000000       -6.8934919643527021E-002   0.0000000000000000     
 -0.39600000000000002        0.0000000000000000       -7.1101670988317670E-002   0.0000000000000000     
 -0.19800000000000001        0.0000000000000000       -7.2497274166572853E-002   0.0000000000000000     
   0.0000000000000000        0.0000000000000000       -7.2980556840688826E-002   0.0000000000000000     
  0.19800000000000001        0.0000000000000000       -7.2497274166572853E-002   0.0000000000000000     
  0.39600000000000002        0.0000000000000000       -7.1101670988317670E-002   0.0000000000000000     
  0.59400000000000008        0.0000000000000000       -6.8934919643527021E-002   0.0000000000000000     
  0.79200000000000004        0.0000000000000000       -6.6188406300792590E-002   0.0000000000000000     
  0.98999999999999999        0.0000000000000000       -6.3067096506123077E-002   0.0000000000000000     
   1.1880000000000002        0.0000000000000000       -5.9758470148881582E-002   0.0000000000000000     
   1.3860000000000001        0.0000000000000000       -5.6403455323389459E-002   0.0000000000000000     
   1.5840000000000001        0.0000000000000000       -5.3105071164598242E-002   0.0000000000000000     
   1.7820000000000000        0.0000000000000000       -4.9926610962363317E-002   0.0000000000000000     
   1.9800000000000000        0.0000000000000000       -4.6901368782912928E-002   0.0000000000000000     
   2.1779999999999999        0.0000000000000000       -4.4052897238806864E-002   0.0000000000000000     
   2.3760000000000003        0.0000000000000000       -4.1392755708019945E-002   0.0000000000000000     
   2.5740000000000003        0.0000000000000000       -3.8917063345819000E-002   0.0000000000000000     
   2.7720000000000002        0.0000000000000000       -3.6612968371532516E-002   0.0000000000000000     
   2.9700000000000002        0.0000000000000000       -3.4466911853621149E-002   0.0000000000000000     
   3.1680000000000001        0.0000000000000000       -3.2471310471076403E-002   0.0000000000000000     
   3.3660000000000001        0.0000000000000000       -3.0618785236885340E-002   0.0000000000000000     
   3.5640000000000001        0.0000000000000000       -2.8900286343171551E-002   0.0000000000000000     
   3.7620000000000000        0.0000000000000000       -2.7304879079364408E-002   0.0000000000000000     
   3.9600000000000000        0.0000000000000000       -2.5821080769170519E-002   0.0000000000000000     
   4.1580000000000004        0.0000000000000000       -2.4439368411567922E-002   0.0000000000000000     
   4.3559999999999999        0.0000000000000000       -2.3152499997119349E-002   0.0000000000000000     
   4.5540000000000003        0.0000000000000000       -2.1953890705725905E-002   0.0000000000000000     
   4.7520000000000007        0.0000000000000000       -2.0837168927606311E-002   0.0000000000000000     
   4.9500000000000002        0.0000000000000000       -1.9796212474989958E-002   0.0000000000000000     
   5.1480000000000006        0.0000000000000000       -1.8825232288395017E-002   0.0000000000000000     
   5.3460000000000001        0.0000000000000000       -1.7918818471048762E-002   0.0000000000000000     
   5.5440000000000005        0.0000000000000000       -1.7071956176143249E-002   0.0000000000000000     
   5.7420000000000000        0.0000000000000000       -1.6280019606598799E-002   0.0000000000000000     
   5.9400000000000004        0.0000000000000000       -1.5538754991292489E-002   0.0000000000000000     
   6.1379999999999999        0.0000000000000000       -1.4844259033773628E-002   0.0000000000000000     
   6.3360000000000003        0.0000000000000000       -1.4192954377855723E-002   0.0000000000000000     
   6.5340000000000007        0.0000000000000000       -1.3581563861454900E-002   0.0000000000000000     
   6.7320000000000002        0.0000000000000000       -1.3007086591457578E-002   0.0000000000000000     
   6.9300000000000006        0.0000000000000000       -1.2466774154891681E-002   0.0000000000000000     
   7.1280000000000001        0.0000000000000000       -1.1958108996782674E-002   0.0000000000000000     
   7.3260000000000005        0.0000000000000000       -1.1478783721025511E-002   0.0000000000000000     
   7.5240000000000000        0.0000000000000000       -1.1026682920649370E-002   0.0000000000000000     
   7.7220000000000004        0.0000000000000000       -1.0599865462389191E-002   0.0000000000000000     
   7.9199999999999999        0.0000000000000000       -1.0196548958566184E-002   0.0000000000000000     
   8.1180000000000003        0.0000000000000000       -9.8150957039722375E-003   0.0000000000000000     
   8.3160000000000007        0.0000000000000000       -9.4539998228947830E-003   0.0000000000000000     
   8.5140000000000011        0.0000000000000000       -9.1118753181876795E-003   0.0000000000000000     
   8.7119999999999997        0.0000000000000000       -8.7874454374054032E-003   0.0000000000000000     
   8.9100000000000001        0.0000000000000000       -8.4795330006664608E-003   0.0000000000000000     
   9.1080000000000005        0.0000000000000000       -8.1870520113601821E-003   0.0000000000000000     
   9.3060000000000009        0.0000000000000000       -7.9089990527774282E-003   0.0000000000000000     
   9.5040000000000013        0.0000000000000000       -7.6444469736730632E-003   0.0000000000000000     
   9.7020000000000000        0.0000000000000000       -7.3925375287961668E-003   0.0000000000000000     
   9.9000000000000004        0.0000000000000000       -7.1524761193935546E-003   0.0000000000000000     
   10.098000000000001        0.0000000000000000       -6.9235260295169333E-003   0.0000000000000000     
   10.296000000000001        0.0000000000000000       -6.7050036091961199E-003   0.0000000000000000     
   10.494000000000000        0.0000000000000000       -6.4962741141275484E-003   0.0000000000000000     
   10.692000000000000        0.0000000000000000       -6.2967472538598612E-003   0.0000000000000000     
   10.890000000000001        0.0000000000000000       -6.1058739133652302E-003   0.0000000000000000     
   11.088000000000001        0.0000000000000000       -5.9231423909231881E-003   0.0000000000000000     
   11.286000000000001        0.0000000000000000       -5.7480757798942517E-003   0.0000000000000000     
   11.484000000000000        0.0000000000000000       -5.5802287939879435E-003   0.0000000000000000     
   11.682000000000000        0.0000000000000000       -5.4191853727908329E-003   0.0000000000000000     
   11.880000000000001        0.0000000000000000       -5.2645563674867026E-003   0.0000000000000000     
   12.078000000000001        0.0000000000000000       -5.1159772189722907E-003   0.0000000000000000     
   12.276000000000000        0.0000000000000000       -4.9731061106734562E-003   0.0000000000000000     
   12.474000000000000        0.0000000000000000       -4.8356222328929154E-003   0.0000000000000000     
   12.672000000000001        0.0000000000000000       -4.7032236899804602E-003   0.0000000000000000     
   12.870000000000001        0.0000000000000000       -4.5756264387092184E-003   0.0000000000000000     
   13.068000000000001        0.0000000000000000       -4.4525624265742882E-003   0.0000000000000000     
   13.266000000000000        0.0000000000000000       -4.3337783743935213E-003   0.0000000000000000     
   13.464000000000000        0.0000000000000000       -4.2190345148948073E-003   0.0000000000000000     
   13.662000000000001        0.0000000000000000       -4.1081034313130748E-003   0.0000000000000000     
   13.860000000000001        0.0000000000000000       -4.0007686786850925E-003   0.0000000000000000     
   14.058000000000000        0.0000000000000000       -3.8968238655576128E-003   0.0000000000000000     
   14.256000000000000        0.0000000000000000       -3.7960715262281824E-003   0.0000000000000000     
   14.454000000000001        0.0000000000000000       -3.6983220358472527E-003   0.0000000000000000     
   14.652000000000001        0.0000000000000000       -3.6033925725294682E-003   0.0000000000000000     
   14.850000000000001        0.0000000000000000       -3.5111060554994852E-003   0.0000000000000000     
   15.048000000000000        0.0000000000000000       -3.4212900666463274E-003   0.0000000000000000     
   15.246000000000000        0.0000000000000000       -3.3337756301284817E-003   0.0000000000000000     
   15.444000000000001        0.0000000000000000       -3.2483960601883744E-003   0.0000000000000000     
   15.642000000000001        0.0000000000000000       -3.1649855600947813E-003   0.0000000000000000     
   15.840000000000000        0.0000000000000000       -3.0833777090928010E-003   0.0000000000000000     
   16.038000000000000        0.0000000000000000       -3.0034037949609651E-003   0.0000000000000000     
   16.236000000000001        0.0000000000000000       -2.9249017858494581E-003   0.0000000000000000     
   16.434000000000001        0.0000000000000000       -2.8476829528481943E-003   0.0000000000000000     
   16.632000000000001        0.0000000000000000       -2.7715581808345009E-003   0.0000000000000000     
   16.830000000000002        0.0000000000000000       -2.6963251469526422E-003   0.0000000000000000     
   17.028000000000002        0.0000000000000000       -2.6217636049489165E-003   0.0000000000000000     
   17.225999999999999        0.0000000000000000       -2.5476413451969216E-003   0.0000000000000000     
   17.423999999999999        0.0000000000000000       -2.4736834553096020E-003   0.0000000000000000     
   17.622000000000000        0.0000000000000000       -2.3995581565530769E-003   0.0000000000000000     
   17.820000000000000        0.0000000000000000       -2.3248888769074037E-003   0.0000000000000000     
   18.018000000000001        0.0000000000000000       -2.2491927132987743E-003   0.0000000000000000     
   18.216000000000001        0.0000000000000000       -2.1719055842703175E-003   0.0000000000000000     
   18.414000000000001        0.0000000000000000       -2.0922517168585134E-003   0.0000000000000000     
   18.612000000000002        0.0000000000000000       -2.0091856004084011E-003   0.0000000000000000     
   18.810000000000002        0.0000000000000000       -1.9213241329856215E-003   0.0000000000000000     
   19.008000000000003        0.0000000000000000       -1.8265344578848590E-003   0.0000000000000000     
   19.206000000000000        0.0000000000000000       -1.7218945395283051E-003   0.0000000000000000     
   19.404000000000000        0.0000000000000000       -1.6037552727174804E-003   0.0000000000000000     
   19.602000000000000        0.0000000000000000       -1.4708740493334608E-003   0.0000000000000000     
