  -19.602000000000000        0.0000000000000000       -3.9544944641464090E-004   0.0000000000000000     
  -19.404000000000000        0.0000000000000000       -4.3507604248045899E-004   0.0000000000000000     
  -19.206000000000000        0.0000000000000000       -4.6792671476772821E-004   0.0000000000000000     
  -19.008000000000003        0.0000000000000000       -4.9537965782223635E-004   0.0000000000000000     
  -18.810000000000002        0.0000000000000000       -5.1949971875542668E-004   0.0000000000000000     
  -18.612000000000002        0.0000000000000000       -5.4138794748180281E-004   0.0000000000000000     
  -18.414000000000001        0.0000000000000000       -5.6191017570263418E-004   0.0000000000000000     
  -18.216000000000001        0.0000000000000000       -5.8160351958573488E-004   0.0000000000000000     
  -18.018000000000001        0.0000000000000000       -6.0071488534470198E-004   0.0000000000000000     
  -17.820000000000000        0.0000000000000000       -6.1946749141100624E-004   0.0000000000000000     
  -17.622000000000000        0.0000000000000000       -6.3798026545237537E-004   0.0000000000000000     
  -17.423999999999999        0.0000000000000000       -6.5641173183546265E-004   0.0000000000000000     
  -17.225999999999999        0.0000000000000000       -6.7485186311454194E-004   0.0000000000000000     
  -17.028000000000002        0.0000000000000000       -6.9337473283588298E-004   0.0000000000000000     
  -16.830000000000002        0.0000000000000000       -7.1204306667056001E-004   0.0000000000000000     
  -16.632000000000001        0.0000000000000000       -7.3086307466809343E-004   0.0000000000000000     
  -16.434000000000001        0.0000000000000000       -7.4999394946273902E-004   0.0000000000000000     
  -16.236000000000001        0.0000000000000000       -7.6941753791073917E-004   0.0000000000000000     
  -16.038000000000000        0.0000000000000000       -7.8917636049699743E-004   0.0000000000000000     
  -15.840000000000000        0.0000000000000000       -8.0931084810275669E-004   0.0000000000000000     
  -15.642000000000001        0.0000000000000000       -8.2986010993724830E-004   0.0000000000000000     
  -15.444000000000001        0.0000000000000000       -8.5086243289489742E-004   0.0000000000000000     
  -15.246000000000000        0.0000000000000000       -8.7235580914107327E-004   0.0000000000000000     
  -15.048000000000000        0.0000000000000000       -8.9437832612688725E-004   0.0000000000000000     
  -14.850000000000001        0.0000000000000000       -9.1696847560535034E-004   0.0000000000000000     
  -14.652000000000001        0.0000000000000000       -9.4016553005038203E-004   0.0000000000000000     
  -14.454000000000001        0.0000000000000000       -9.6400974014141012E-004   0.0000000000000000     
  -14.256000000000000        0.0000000000000000       -9.8854268998216474E-004   0.0000000000000000     
  -14.058000000000000        0.0000000000000000       -1.0138074760350916E-003   0.0000000000000000     
  -13.860000000000001        0.0000000000000000       -1.0398490331898535E-003   0.0000000000000000     
  -13.662000000000001        0.0000000000000000       -1.0667143295979018E-003   0.0000000000000000     
  -13.464000000000000        0.0000000000000000       -1.0944526518383937E-003   0.0000000000000000     
  -13.266000000000000        0.0000000000000000       -1.1231158663490861E-003   0.0000000000000000     
  -13.068000000000001        0.0000000000000000       -1.1527587280968370E-003   0.0000000000000000     
  -12.870000000000001        0.0000000000000000       -1.1834391200017573E-003   0.0000000000000000     
  -12.672000000000001        0.0000000000000000       -1.2152184210604835E-003   0.0000000000000000     
  -12.474000000000000        0.0000000000000000       -1.2481618144405868E-003   0.0000000000000000     
  -12.276000000000000        0.0000000000000000       -1.2823386832563006E-003   0.0000000000000000     
  -12.078000000000001        0.0000000000000000       -1.3178229654416580E-003   0.0000000000000000     
  -11.880000000000001        0.0000000000000000       -1.3546936186573529E-003   0.0000000000000000     
  -11.682000000000000        0.0000000000000000       -1.3930350419330292E-003   0.0000000000000000     
  -11.484000000000000        0.0000000000000000       -1.4329376931235024E-003   0.0000000000000000     
  -11.286000000000001        0.0000000000000000       -1.4744985186739589E-003   0.0000000000000000     
  -11.088000000000001        0.0000000000000000       -1.5178216864675555E-003   0.0000000000000000     
  -10.890000000000001        0.0000000000000000       -1.5630191986152908E-003   0.0000000000000000     
  -10.692000000000000        0.0000000000000000       -1.6102117009815506E-003   0.0000000000000000     
  -10.494000000000000        0.0000000000000000       -1.6595293012358280E-003   0.0000000000000000     
  -10.296000000000001        0.0000000000000000       -1.7111125165829248E-003   0.0000000000000000     
  -10.098000000000001        0.0000000000000000       -1.7651132781806775E-003   0.0000000000000000     
  -9.9000000000000004        0.0000000000000000       -1.8216960967484420E-003   0.0000000000000000     
  -9.7020000000000000        0.0000000000000000       -1.8810393927652755E-003   0.0000000000000000     
  -9.5040000000000013        0.0000000000000000       -1.9433369051895641E-003   0.0000000000000000     
  -9.3060000000000009        0.0000000000000000       -2.0087992673031613E-003   0.0000000000000000     
  -9.1080000000000005        0.0000000000000000       -2.0776558823541965E-003   0.0000000000000000     
  -8.9100000000000001        0.0000000000000000       -2.1501569214467668E-003   0.0000000000000000     
  -8.7119999999999997        0.0000000000000000       -2.2265755756603702E-003   0.0000000000000000     
  -8.5140000000000011        0.0000000000000000       -2.3072107329225209E-003   0.0000000000000000     
  -8.3160000000000007        0.0000000000000000       -2.3923897688901312E-003   0.0000000000000000     
  -8.1180000000000003        0.0000000000000000       -2.4824719144997428E-003   0.0000000000000000     
  -7.9199999999999999        0.0000000000000000       -2.5778519650255438E-003   0.0000000000000000     
  -7.7220000000000004        0.0000000000000000       -2.6789644893587361E-003   0.0000000000000000     
  -7.5240000000000000        0.0000000000000000       -2.7862887021968367E-003   0.0000000000000000     
  -7.3260000000000005        0.0000000000000000       -2.9003538517783935E-003   0.0000000000000000     
  -7.1280000000000001        0.0000000000000000       -3.0217456561641319E-003   0.0000000000000000     
  -6.9300000000000006        0.0000000000000000       -3.1511132611700974E-003   0.0000000000000000     
  -6.7320000000000002        0.0000000000000000       -3.2891774784365238E-003   0.0000000000000000     
  -6.5340000000000007        0.0000000000000000       -3.4367402472905480E-003   0.0000000000000000     
  -6.3360000000000003        0.0000000000000000       -3.5946952519629581E-003   0.0000000000000000     
  -6.1379999999999999        0.0000000000000000       -3.7640403303958190E-003   0.0000000000000000     
  -5.9400000000000004        0.0000000000000000       -3.9458915850009348E-003   0.0000000000000000     
  -5.7420000000000000        0.0000000000000000       -4.1414993039626475E-003   0.0000000000000000     
  -5.5440000000000005        0.0000000000000000       -4.3522665383858641E-003   0.0000000000000000     
  -5.3460000000000001        0.0000000000000000       -4.5797697033155612E-003   0.0000000000000000     
  -5.1480000000000006        0.0000000000000000       -4.8257812569533157E-003   0.0000000000000000     
  -4.9500000000000002        0.0000000000000000       -5.0922950933859580E-003   0.0000000000000000     
  -4.7520000000000007        0.0000000000000000       -5.3815518764375372E-003   0.0000000000000000     
  -4.5540000000000003        0.0000000000000000       -5.6960629160354168E-003   0.0000000000000000     
  -4.3559999999999999        0.0000000000000000       -6.0386266728357950E-003   0.0000000000000000     
  -4.1580000000000004        0.0000000000000000       -6.4123260629161067E-003   0.0000000000000000     
  -3.9600000000000000        0.0000000000000000       -6.8204846102028474E-003   0.0000000000000000     
  -3.7620000000000000        0.0000000000000000       -7.2665391269758125E-003   0.0000000000000000     
  -3.5640000000000001        0.0000000000000000       -7.7537879165117535E-003   0.0000000000000000     
  -3.3660000000000001        0.0000000000000000       -8.2851871350088663E-003   0.0000000000000000     
  -3.1680000000000001        0.0000000000000000       -8.8647753874951628E-003   0.0000000000000000     
  -2.9700000000000002        0.0000000000000000       -9.5054437560647392E-003   0.0000000000000000     
  -2.7720000000000002        0.0000000000000000       -1.0225629510486322E-002   0.0000000000000000     
  -2.5740000000000003        0.0000000000000000       -1.1033921586559480E-002   0.0000000000000000     
  -2.3760000000000003        0.0000000000000000       -1.1933587072291585E-002   0.0000000000000000     
  -2.1779999999999999        0.0000000000000000       -1.2933004512159306E-002   0.0000000000000000     
  -1.9800000000000000        0.0000000000000000       -1.4042555910400776E-002   0.0000000000000000     
  -1.7820000000000000        0.0000000000000000       -1.5267006217544886E-002   0.0000000000000000     
  -1.5840000000000001        0.0000000000000000       -1.6601349308943313E-002   0.0000000000000000     
  -1.3860000000000001        0.0000000000000000       -1.8038121644304635E-002   0.0000000000000000     
  -1.1880000000000002        0.0000000000000000       -1.9570648308498379E-002   0.0000000000000000     
 -0.98999999999999999        0.0000000000000000       -2.1185348419151553E-002   0.0000000000000000     
 -0.79200000000000004        0.0000000000000000       -2.2826946611421338E-002   0.0000000000000000     
 -0.59400000000000008        0.0000000000000000       -2.4376325167689301E-002   0.0000000000000000     
 -0.39600000000000002        0.0000000000000000       -2.5669890104952350E-002   0.0000000000000000     
 -0.19800000000000001        0.0000000000000000       -2.6529112894153720E-002   0.0000000000000000     
   0.0000000000000000        0.0000000000000000       -2.6829444662733713E-002   0.0000000000000000     
  0.19800000000000001        0.0000000000000000       -2.6529112894153720E-002   0.0000000000000000     
  0.39600000000000002        0.0000000000000000       -2.5669890104952350E-002   0.0000000000000000     
  0.59400000000000008        0.0000000000000000       -2.4376325167689301E-002   0.0000000000000000     
  0.79200000000000004        0.0000000000000000       -2.2826946611421338E-002   0.0000000000000000     
  0.98999999999999999        0.0000000000000000       -2.1185348419151553E-002   0.0000000000000000     
   1.1880000000000002        0.0000000000000000       -1.9570648308498379E-002   0.0000000000000000     
   1.3860000000000001        0.0000000000000000       -1.8038121644304635E-002   0.0000000000000000     
   1.5840000000000001        0.0000000000000000       -1.6601349308943313E-002   0.0000000000000000     
   1.7820000000000000        0.0000000000000000       -1.5267006217544886E-002   0.0000000000000000     
   1.9800000000000000        0.0000000000000000       -1.4042555910400776E-002   0.0000000000000000     
   2.1779999999999999        0.0000000000000000       -1.2933004512159306E-002   0.0000000000000000     
   2.3760000000000003        0.0000000000000000       -1.1933587072291585E-002   0.0000000000000000     
   2.5740000000000003        0.0000000000000000       -1.1033921586559480E-002   0.0000000000000000     
   2.7720000000000002        0.0000000000000000       -1.0225629510486322E-002   0.0000000000000000     
   2.9700000000000002        0.0000000000000000       -9.5054437560647392E-003   0.0000000000000000     
   3.1680000000000001        0.0000000000000000       -8.8647753874951628E-003   0.0000000000000000     
   3.3660000000000001        0.0000000000000000       -8.2851871350088663E-003   0.0000000000000000     
   3.5640000000000001        0.0000000000000000       -7.7537879165117535E-003   0.0000000000000000     
   3.7620000000000000        0.0000000000000000       -7.2665391269758125E-003   0.0000000000000000     
   3.9600000000000000        0.0000000000000000       -6.8204846102028474E-003   0.0000000000000000     
   4.1580000000000004        0.0000000000000000       -6.4123260629161067E-003   0.0000000000000000     
   4.3559999999999999        0.0000000000000000       -6.0386266728357950E-003   0.0000000000000000     
   4.5540000000000003        0.0000000000000000       -5.6960629160354168E-003   0.0000000000000000     
   4.7520000000000007        0.0000000000000000       -5.3815518764375372E-003   0.0000000000000000     
   4.9500000000000002        0.0000000000000000       -5.0922950933859580E-003   0.0000000000000000     
   5.1480000000000006        0.0000000000000000       -4.8257812569533157E-003   0.0000000000000000     
   5.3460000000000001        0.0000000000000000       -4.5797697033155612E-003   0.0000000000000000     
   5.5440000000000005        0.0000000000000000       -4.3522665383858641E-003   0.0000000000000000     
   5.7420000000000000        0.0000000000000000       -4.1414993039626475E-003   0.0000000000000000     
   5.9400000000000004        0.0000000000000000       -3.9458915850009348E-003   0.0000000000000000     
   6.1379999999999999        0.0000000000000000       -3.7640403303958190E-003   0.0000000000000000     
   6.3360000000000003        0.0000000000000000       -3.5946952519629581E-003   0.0000000000000000     
   6.5340000000000007        0.0000000000000000       -3.4367402472905480E-003   0.0000000000000000     
   6.7320000000000002        0.0000000000000000       -3.2891774784365238E-003   0.0000000000000000     
   6.9300000000000006        0.0000000000000000       -3.1511132611700974E-003   0.0000000000000000     
   7.1280000000000001        0.0000000000000000       -3.0217456561641319E-003   0.0000000000000000     
   7.3260000000000005        0.0000000000000000       -2.9003538517783935E-003   0.0000000000000000     
   7.5240000000000000        0.0000000000000000       -2.7862887021968367E-003   0.0000000000000000     
   7.7220000000000004        0.0000000000000000       -2.6789644893587361E-003   0.0000000000000000     
   7.9199999999999999        0.0000000000000000       -2.5778519650255438E-003   0.0000000000000000     
   8.1180000000000003        0.0000000000000000       -2.4824719144997428E-003   0.0000000000000000     
   8.3160000000000007        0.0000000000000000       -2.3923897688901312E-003   0.0000000000000000     
   8.5140000000000011        0.0000000000000000       -2.3072107329225209E-003   0.0000000000000000     
   8.7119999999999997        0.0000000000000000       -2.2265755756603702E-003   0.0000000000000000     
   8.9100000000000001        0.0000000000000000       -2.1501569214467668E-003   0.0000000000000000     
   9.1080000000000005        0.0000000000000000       -2.0776558823541965E-003   0.0000000000000000     
   9.3060000000000009        0.0000000000000000       -2.0087992673031613E-003   0.0000000000000000     
   9.5040000000000013        0.0000000000000000       -1.9433369051895641E-003   0.0000000000000000     
   9.7020000000000000        0.0000000000000000       -1.8810393927652755E-003   0.0000000000000000     
   9.9000000000000004        0.0000000000000000       -1.8216960967484420E-003   0.0000000000000000     
   10.098000000000001        0.0000000000000000       -1.7651132781806775E-003   0.0000000000000000     
   10.296000000000001        0.0000000000000000       -1.7111125165829248E-003   0.0000000000000000     
   10.494000000000000        0.0000000000000000       -1.6595293012358280E-003   0.0000000000000000     
   10.692000000000000        0.0000000000000000       -1.6102117009815506E-003   0.0000000000000000     
   10.890000000000001        0.0000000000000000       -1.5630191986152908E-003   0.0000000000000000     
   11.088000000000001        0.0000000000000000       -1.5178216864675555E-003   0.0000000000000000     
   11.286000000000001        0.0000000000000000       -1.4744985186739589E-003   0.0000000000000000     
   11.484000000000000        0.0000000000000000       -1.4329376931235024E-003   0.0000000000000000     
   11.682000000000000        0.0000000000000000       -1.3930350419330292E-003   0.0000000000000000     
   11.880000000000001        0.0000000000000000       -1.3546936186573529E-003   0.0000000000000000     
   12.078000000000001        0.0000000000000000       -1.3178229654416580E-003   0.0000000000000000     
   12.276000000000000        0.0000000000000000       -1.2823386832563006E-003   0.0000000000000000     
   12.474000000000000        0.0000000000000000       -1.2481618144405868E-003   0.0000000000000000     
   12.672000000000001        0.0000000000000000       -1.2152184210604835E-003   0.0000000000000000     
   12.870000000000001        0.0000000000000000       -1.1834391200017573E-003   0.0000000000000000     
   13.068000000000001        0.0000000000000000       -1.1527587280968370E-003   0.0000000000000000     
   13.266000000000000        0.0000000000000000       -1.1231158663490861E-003   0.0000000000000000     
   13.464000000000000        0.0000000000000000       -1.0944526518383937E-003   0.0000000000000000     
   13.662000000000001        0.0000000000000000       -1.0667143295979018E-003   0.0000000000000000     
   13.860000000000001        0.0000000000000000       -1.0398490331898535E-003   0.0000000000000000     
   14.058000000000000        0.0000000000000000       -1.0138074760350916E-003   0.0000000000000000     
   14.256000000000000        0.0000000000000000       -9.8854268998216474E-004   0.0000000000000000     
   14.454000000000001        0.0000000000000000       -9.6400974014141012E-004   0.0000000000000000     
   14.652000000000001        0.0000000000000000       -9.4016553005038203E-004   0.0000000000000000     
   14.850000000000001        0.0000000000000000       -9.1696847560535034E-004   0.0000000000000000     
   15.048000000000000        0.0000000000000000       -8.9437832612688725E-004   0.0000000000000000     
   15.246000000000000        0.0000000000000000       -8.7235580914107327E-004   0.0000000000000000     
   15.444000000000001        0.0000000000000000       -8.5086243289489742E-004   0.0000000000000000     
   15.642000000000001        0.0000000000000000       -8.2986010993724830E-004   0.0000000000000000     
   15.840000000000000        0.0000000000000000       -8.0931084810275669E-004   0.0000000000000000     
   16.038000000000000        0.0000000000000000       -7.8917636049699743E-004   0.0000000000000000     
   16.236000000000001        0.0000000000000000       -7.6941753791073917E-004   0.0000000000000000     
   16.434000000000001        0.0000000000000000       -7.4999394946273902E-004   0.0000000000000000     
   16.632000000000001        0.0000000000000000       -7.3086307466809343E-004   0.0000000000000000     
   16.830000000000002        0.0000000000000000       -7.1204306667056001E-004   0.0000000000000000     
   17.028000000000002        0.0000000000000000       -6.9337473283588298E-004   0.0000000000000000     
   17.225999999999999        0.0000000000000000       -6.7485186311454194E-004   0.0000000000000000     
   17.423999999999999        0.0000000000000000       -6.5641173183546265E-004   0.0000000000000000     
   17.622000000000000        0.0000000000000000       -6.3798026545237537E-004   0.0000000000000000     
   17.820000000000000        0.0000000000000000       -6.1946749141100624E-004   0.0000000000000000     
   18.018000000000001        0.0000000000000000       -6.0071488534470198E-004   0.0000000000000000     
   18.216000000000001        0.0000000000000000       -5.8160351958573488E-004   0.0000000000000000     
   18.414000000000001        0.0000000000000000       -5.6191017570263418E-004   0.0000000000000000     
   18.612000000000002        0.0000000000000000       -5.4138794748180281E-004   0.0000000000000000     
   18.810000000000002        0.0000000000000000       -5.1949971875542668E-004   0.0000000000000000     
   19.008000000000003        0.0000000000000000       -4.9537965782223635E-004   0.0000000000000000     
   19.206000000000000        0.0000000000000000       -4.6792671476772821E-004   0.0000000000000000     
   19.404000000000000        0.0000000000000000       -4.3507604248045899E-004   0.0000000000000000     
   19.602000000000000        0.0000000000000000       -3.9544944641464090E-004   0.0000000000000000     
