  -19.602000000000000        0.0000000000000000       -3.9553549047716249E-004   0.0000000000000000     
  -19.404000000000000        0.0000000000000000       -4.3520013700893697E-004   0.0000000000000000     
  -19.206000000000000        0.0000000000000000       -4.6806278926037927E-004   0.0000000000000000     
  -19.008000000000003        0.0000000000000000       -4.9558896822228342E-004   0.0000000000000000     
  -18.810000000000002        0.0000000000000000       -5.1963544644023575E-004   0.0000000000000000     
  -18.612000000000002        0.0000000000000000       -5.4153037581672781E-004   0.0000000000000000     
  -18.414000000000001        0.0000000000000000       -5.6205970311342811E-004   0.0000000000000000     
  -18.216000000000001        0.0000000000000000       -5.8176086780140817E-004   0.0000000000000000     
  -18.018000000000001        0.0000000000000000       -6.0088060580124492E-004   0.0000000000000000     
  -17.820000000000000        0.0000000000000000       -6.1964202977377850E-004   0.0000000000000000     
  -17.622000000000000        0.0000000000000000       -6.3816391691130727E-004   0.0000000000000000     
  -17.423999999999999        0.0000000000000000       -6.5660485656374808E-004   0.0000000000000000     
  -17.225999999999999        0.0000000000000000       -6.7505478856330593E-004   0.0000000000000000     
  -17.028000000000002        0.0000000000000000       -6.9358779705635761E-004   0.0000000000000000     
  -16.830000000000002        0.0000000000000000       -7.1226659527037317E-004   0.0000000000000000     
  -16.632000000000001        0.0000000000000000       -7.3109747529048264E-004   0.0000000000000000     
  -16.434000000000001        0.0000000000000000       -7.5023971017349096E-004   0.0000000000000000     
  -16.236000000000001        0.0000000000000000       -7.6967500736119232E-004   0.0000000000000000     
  -16.038000000000000        0.0000000000000000       -7.8944590439083647E-004   0.0000000000000000     
  -15.840000000000000        0.0000000000000000       -8.0959284804382585E-004   0.0000000000000000     
  -15.642000000000001        0.0000000000000000       -8.3015494822070361E-004   0.0000000000000000     
  -15.444000000000001        0.0000000000000000       -8.5117051716397630E-004   0.0000000000000000     
  -15.246000000000000        0.0000000000000000       -8.7267756950663064E-004   0.0000000000000000     
  -15.048000000000000        0.0000000000000000       -8.9471418797581743E-004   0.0000000000000000     
  -14.850000000000001        0.0000000000000000       -9.1731889981186139E-004   0.0000000000000000     
  -14.652000000000001        0.0000000000000000       -9.4053097138209973E-004   0.0000000000000000     
  -14.454000000000001        0.0000000000000000       -9.6439070532952599E-004   0.0000000000000000     
  -14.256000000000000        0.0000000000000000       -9.8893967607951278E-004   0.0000000000000000     
  -14.058000000000000        0.0000000000000000       -1.0142210022164677E-003   0.0000000000000000     
  -13.860000000000001        0.0000000000000000       -1.0402796276171001E-003   0.0000000000000000     
  -13.662000000000001        0.0000000000000000       -1.0671625524636195E-003   0.0000000000000000     
  -13.464000000000000        0.0000000000000000       -1.0949190770461906E-003   0.0000000000000000     
  -13.266000000000000        0.0000000000000000       -1.1236010815135777E-003   0.0000000000000000     
  -13.068000000000001        0.0000000000000000       -1.1532633234826659E-003   0.0000000000000000     
  -12.870000000000001        0.0000000000000000       -1.1839637114520844E-003   0.0000000000000000     
  -12.672000000000001        0.0000000000000000       -1.2157636422773452E-003   0.0000000000000000     
  -12.474000000000000        0.0000000000000000       -1.2487282977433972E-003   0.0000000000000000     
  -12.276000000000000        0.0000000000000000       -1.2829270822799054E-003   0.0000000000000000     
  -12.078000000000001        0.0000000000000000       -1.3184339303643471E-003   0.0000000000000000     
  -11.880000000000001        0.0000000000000000       -1.3553278032291908E-003   0.0000000000000000     
  -11.682000000000000        0.0000000000000000       -1.3936931150553202E-003   0.0000000000000000     
  -11.484000000000000        0.0000000000000000       -1.4336202986375156E-003   0.0000000000000000     
  -11.286000000000001        0.0000000000000000       -1.4752063319332371E-003   0.0000000000000000     
  -11.088000000000001        0.0000000000000000       -1.5185553102955633E-003   0.0000000000000000     
  -10.890000000000001        0.0000000000000000       -1.5637792741456619E-003   0.0000000000000000     
  -10.692000000000000        0.0000000000000000       -1.6109988060353231E-003   0.0000000000000000     
  -10.494000000000000        0.0000000000000000       -1.6603439907055492E-003   0.0000000000000000     
  -10.296000000000001        0.0000000000000000       -1.7119553007139525E-003   0.0000000000000000     
  -10.098000000000001        0.0000000000000000       -1.7659845656532165E-003   0.0000000000000000     
  -9.9000000000000004        0.0000000000000000       -1.8225962650184682E-003   0.0000000000000000     
  -9.7020000000000000        0.0000000000000000       -1.8819687013625777E-003   0.0000000000000000     
  -9.5040000000000013        0.0000000000000000       -1.9442954815458611E-003   0.0000000000000000     
  -9.3060000000000009        0.0000000000000000       -2.0097871104390957E-003   0.0000000000000000     
  -9.1080000000000005        0.0000000000000000       -2.0786728307909670E-003   0.0000000000000000     
  -8.9100000000000001        0.0000000000000000       -2.1512025335516639E-003   0.0000000000000000     
  -8.7119999999999997        0.0000000000000000       -2.2276492438859682E-003   0.0000000000000000     
  -8.5140000000000011        0.0000000000000000       -2.3083114537152307E-003   0.0000000000000000     
  -8.3160000000000007        0.0000000000000000       -2.3935162272030091E-003   0.0000000000000000     
  -8.1180000000000003        0.0000000000000000       -2.4836222938547045E-003   0.0000000000000000     
  -7.9199999999999999        0.0000000000000000       -2.5790239777006294E-003   0.0000000000000000     
  -7.7220000000000004        0.0000000000000000       -2.6801551644435795E-003   0.0000000000000000     
  -7.5240000000000000        0.0000000000000000       -2.7874942866775404E-003   0.0000000000000000     
  -7.3260000000000005        0.0000000000000000       -2.9015697809263601E-003   0.0000000000000000     
  -7.1280000000000001        0.0000000000000000       -3.0229661100598573E-003   0.0000000000000000     
  -6.9300000000000006        0.0000000000000000       -3.1523311976556783E-003   0.0000000000000000     
  -6.7320000000000002        0.0000000000000000       -3.2903842265093850E-003   0.0000000000000000     
  -6.5340000000000007        0.0000000000000000       -3.4379252415822894E-003   0.0000000000000000     
  -6.3360000000000003        0.0000000000000000       -3.5958455806793669E-003   0.0000000000000000     
  -6.1379999999999999        0.0000000000000000       -3.7651403595315596E-003   0.0000000000000000     
  -5.9400000000000004        0.0000000000000000       -3.9469220101484796E-003   0.0000000000000000     
  -5.7420000000000000        0.0000000000000000       -4.1424369467210889E-003   0.0000000000000000     
  -5.5440000000000005        0.0000000000000000       -4.3530828610785612E-003   0.0000000000000000     
  -5.3460000000000001        0.0000000000000000       -4.5804296679808221E-003   0.0000000000000000     
  -5.1480000000000006        0.0000000000000000       -4.8262422072059543E-003   0.0000000000000000     
  -4.9500000000000002        0.0000000000000000       -5.0925043064839366E-003   0.0000000000000000     
  -4.7520000000000007        0.0000000000000000       -5.3814442293573699E-003   0.0000000000000000     
  -4.5540000000000003        0.0000000000000000       -5.6955574414168167E-003   0.0000000000000000     
  -4.3559999999999999        0.0000000000000000       -6.0376222730819705E-003   0.0000000000000000     
  -4.1580000000000004        0.0000000000000000       -6.4106959017291099E-003   0.0000000000000000     
  -3.9600000000000000        0.0000000000000000       -6.8180681464592918E-003   0.0000000000000000     
  -3.7620000000000000        0.0000000000000000       -7.2631316338712896E-003   0.0000000000000000     
  -3.5640000000000001        0.0000000000000000       -7.7491257086125306E-003   0.0000000000000000     
  -3.3660000000000001        0.0000000000000000       -8.2789249134617004E-003   0.0000000000000000     
  -3.1680000000000001        0.0000000000000000       -8.8564516693056330E-003   0.0000000000000000     
  -2.9700000000000002        0.0000000000000000       -9.4944247443714373E-003   0.0000000000000000     
  -2.7720000000000002        0.0000000000000000       -1.0211037076513548E-002   0.0000000000000000     
  -2.5740000000000003        0.0000000000000000       -1.1014538523558350E-002   0.0000000000000000     
  -2.3760000000000003        0.0000000000000000       -1.1907704155903018E-002   0.0000000000000000     
  -2.1779999999999999        0.0000000000000000       -1.2898168814877278E-002   0.0000000000000000     
  -1.9800000000000000        0.0000000000000000       -1.3995151037084069E-002   0.0000000000000000     
  -1.7820000000000000        0.0000000000000000       -1.5201528431037305E-002   0.0000000000000000     
  -1.5840000000000001        0.0000000000000000       -1.6509155327043418E-002   0.0000000000000000     
  -1.3860000000000001        0.0000000000000000       -1.7905258045153610E-002   0.0000000000000000     
  -1.1880000000000002        0.0000000000000000       -1.9374321241172041E-002   0.0000000000000000     
 -0.98999999999999999        0.0000000000000000       -2.0890411528807662E-002   0.0000000000000000     
 -0.79200000000000004        0.0000000000000000       -2.2394463065431826E-002   0.0000000000000000     
 -0.59400000000000008        0.0000000000000000       -2.3785781509450512E-002   0.0000000000000000     
 -0.39600000000000002        0.0000000000000000       -2.4929783213866848E-002   0.0000000000000000     
 -0.19800000000000001        0.0000000000000000       -2.5688824838481797E-002   0.0000000000000000     
   0.0000000000000000        0.0000000000000000       -2.5956011029837137E-002   0.0000000000000000     
  0.19800000000000001        0.0000000000000000       -2.5688824838481797E-002   0.0000000000000000     
  0.39600000000000002        0.0000000000000000       -2.4929783213866848E-002   0.0000000000000000     
  0.59400000000000008        0.0000000000000000       -2.3785781509450512E-002   0.0000000000000000     
  0.79200000000000004        0.0000000000000000       -2.2394463065431826E-002   0.0000000000000000     
  0.98999999999999999        0.0000000000000000       -2.0890411528807662E-002   0.0000000000000000     
   1.1880000000000002        0.0000000000000000       -1.9374321241172041E-002   0.0000000000000000     
   1.3860000000000001        0.0000000000000000       -1.7905258045153610E-002   0.0000000000000000     
   1.5840000000000001        0.0000000000000000       -1.6509155327043418E-002   0.0000000000000000     
   1.7820000000000000        0.0000000000000000       -1.5201528431037305E-002   0.0000000000000000     
   1.9800000000000000        0.0000000000000000       -1.3995151037084069E-002   0.0000000000000000     
   2.1779999999999999        0.0000000000000000       -1.2898168814877278E-002   0.0000000000000000     
   2.3760000000000003        0.0000000000000000       -1.1907704155903018E-002   0.0000000000000000     
   2.5740000000000003        0.0000000000000000       -1.1014538523558350E-002   0.0000000000000000     
   2.7720000000000002        0.0000000000000000       -1.0211037076513548E-002   0.0000000000000000     
   2.9700000000000002        0.0000000000000000       -9.4944247443714373E-003   0.0000000000000000     
   3.1680000000000001        0.0000000000000000       -8.8564516693056330E-003   0.0000000000000000     
   3.3660000000000001        0.0000000000000000       -8.2789249134617004E-003   0.0000000000000000     
   3.5640000000000001        0.0000000000000000       -7.7491257086125306E-003   0.0000000000000000     
   3.7620000000000000        0.0000000000000000       -7.2631316338712896E-003   0.0000000000000000     
   3.9600000000000000        0.0000000000000000       -6.8180681464592918E-003   0.0000000000000000     
   4.1580000000000004        0.0000000000000000       -6.4106959017291099E-003   0.0000000000000000     
   4.3559999999999999        0.0000000000000000       -6.0376222730819705E-003   0.0000000000000000     
   4.5540000000000003        0.0000000000000000       -5.6955574414168167E-003   0.0000000000000000     
   4.7520000000000007        0.0000000000000000       -5.3814442293573699E-003   0.0000000000000000     
   4.9500000000000002        0.0000000000000000       -5.0925043064839366E-003   0.0000000000000000     
   5.1480000000000006        0.0000000000000000       -4.8262422072059543E-003   0.0000000000000000     
   5.3460000000000001        0.0000000000000000       -4.5804296679808221E-003   0.0000000000000000     
   5.5440000000000005        0.0000000000000000       -4.3530828610785612E-003   0.0000000000000000     
   5.7420000000000000        0.0000000000000000       -4.1424369467210889E-003   0.0000000000000000     
   5.9400000000000004        0.0000000000000000       -3.9469220101484796E-003   0.0000000000000000     
   6.1379999999999999        0.0000000000000000       -3.7651403595315596E-003   0.0000000000000000     
   6.3360000000000003        0.0000000000000000       -3.5958455806793669E-003   0.0000000000000000     
   6.5340000000000007        0.0000000000000000       -3.4379252415822894E-003   0.0000000000000000     
   6.7320000000000002        0.0000000000000000       -3.2903842265093850E-003   0.0000000000000000     
   6.9300000000000006        0.0000000000000000       -3.1523311976556783E-003   0.0000000000000000     
   7.1280000000000001        0.0000000000000000       -3.0229661100598573E-003   0.0000000000000000     
   7.3260000000000005        0.0000000000000000       -2.9015697809263601E-003   0.0000000000000000     
   7.5240000000000000        0.0000000000000000       -2.7874942866775404E-003   0.0000000000000000     
   7.7220000000000004        0.0000000000000000       -2.6801551644435795E-003   0.0000000000000000     
   7.9199999999999999        0.0000000000000000       -2.5790239777006294E-003   0.0000000000000000     
   8.1180000000000003        0.0000000000000000       -2.4836222938547045E-003   0.0000000000000000     
   8.3160000000000007        0.0000000000000000       -2.3935162272030091E-003   0.0000000000000000     
   8.5140000000000011        0.0000000000000000       -2.3083114537152307E-003   0.0000000000000000     
   8.7119999999999997        0.0000000000000000       -2.2276492438859682E-003   0.0000000000000000     
   8.9100000000000001        0.0000000000000000       -2.1512025335516639E-003   0.0000000000000000     
   9.1080000000000005        0.0000000000000000       -2.0786728307909670E-003   0.0000000000000000     
   9.3060000000000009        0.0000000000000000       -2.0097871104390957E-003   0.0000000000000000     
   9.5040000000000013        0.0000000000000000       -1.9442954815458611E-003   0.0000000000000000     
   9.7020000000000000        0.0000000000000000       -1.8819687013625777E-003   0.0000000000000000     
   9.9000000000000004        0.0000000000000000       -1.8225962650184682E-003   0.0000000000000000     
   10.098000000000001        0.0000000000000000       -1.7659845656532165E-003   0.0000000000000000     
   10.296000000000001        0.0000000000000000       -1.7119553007139525E-003   0.0000000000000000     
   10.494000000000000        0.0000000000000000       -1.6603439907055492E-003   0.0000000000000000     
   10.692000000000000        0.0000000000000000       -1.6109988060353231E-003   0.0000000000000000     
   10.890000000000001        0.0000000000000000       -1.5637792741456619E-003   0.0000000000000000     
   11.088000000000001        0.0000000000000000       -1.5185553102955633E-003   0.0000000000000000     
   11.286000000000001        0.0000000000000000       -1.4752063319332371E-003   0.0000000000000000     
   11.484000000000000        0.0000000000000000       -1.4336202986375156E-003   0.0000000000000000     
   11.682000000000000        0.0000000000000000       -1.3936931150553202E-003   0.0000000000000000     
   11.880000000000001        0.0000000000000000       -1.3553278032291908E-003   0.0000000000000000     
   12.078000000000001        0.0000000000000000       -1.3184339303643471E-003   0.0000000000000000     
   12.276000000000000        0.0000000000000000       -1.2829270822799054E-003   0.0000000000000000     
   12.474000000000000        0.0000000000000000       -1.2487282977433972E-003   0.0000000000000000     
   12.672000000000001        0.0000000000000000       -1.2157636422773452E-003   0.0000000000000000     
   12.870000000000001        0.0000000000000000       -1.1839637114520844E-003   0.0000000000000000     
   13.068000000000001        0.0000000000000000       -1.1532633234826659E-003   0.0000000000000000     
   13.266000000000000        0.0000000000000000       -1.1236010815135777E-003   0.0000000000000000     
   13.464000000000000        0.0000000000000000       -1.0949190770461906E-003   0.0000000000000000     
   13.662000000000001        0.0000000000000000       -1.0671625524636195E-003   0.0000000000000000     
   13.860000000000001        0.0000000000000000       -1.0402796276171001E-003   0.0000000000000000     
   14.058000000000000        0.0000000000000000       -1.0142210022164677E-003   0.0000000000000000     
   14.256000000000000        0.0000000000000000       -9.8893967607951278E-004   0.0000000000000000     
   14.454000000000001        0.0000000000000000       -9.6439070532952599E-004   0.0000000000000000     
   14.652000000000001        0.0000000000000000       -9.4053097138209973E-004   0.0000000000000000     
   14.850000000000001        0.0000000000000000       -9.1731889981186139E-004   0.0000000000000000     
   15.048000000000000        0.0000000000000000       -8.9471418797581743E-004   0.0000000000000000     
   15.246000000000000        0.0000000000000000       -8.7267756950663064E-004   0.0000000000000000     
   15.444000000000001        0.0000000000000000       -8.5117051716397630E-004   0.0000000000000000     
   15.642000000000001        0.0000000000000000       -8.3015494822070361E-004   0.0000000000000000     
   15.840000000000000        0.0000000000000000       -8.0959284804382585E-004   0.0000000000000000     
   16.038000000000000        0.0000000000000000       -7.8944590439083647E-004   0.0000000000000000     
   16.236000000000001        0.0000000000000000       -7.6967500736119232E-004   0.0000000000000000     
   16.434000000000001        0.0000000000000000       -7.5023971017349096E-004   0.0000000000000000     
   16.632000000000001        0.0000000000000000       -7.3109747529048264E-004   0.0000000000000000     
   16.830000000000002        0.0000000000000000       -7.1226659527037317E-004   0.0000000000000000     
   17.028000000000002        0.0000000000000000       -6.9358779705635761E-004   0.0000000000000000     
   17.225999999999999        0.0000000000000000       -6.7505478856330593E-004   0.0000000000000000     
   17.423999999999999        0.0000000000000000       -6.5660485656374808E-004   0.0000000000000000     
   17.622000000000000        0.0000000000000000       -6.3816391691130727E-004   0.0000000000000000     
   17.820000000000000        0.0000000000000000       -6.1964202977377850E-004   0.0000000000000000     
   18.018000000000001        0.0000000000000000       -6.0088060580124492E-004   0.0000000000000000     
   18.216000000000001        0.0000000000000000       -5.8176086780140817E-004   0.0000000000000000     
   18.414000000000001        0.0000000000000000       -5.6205970311342811E-004   0.0000000000000000     
   18.612000000000002        0.0000000000000000       -5.4153037581672781E-004   0.0000000000000000     
   18.810000000000002        0.0000000000000000       -5.1963544644023575E-004   0.0000000000000000     
   19.008000000000003        0.0000000000000000       -4.9558896822228342E-004   0.0000000000000000     
   19.206000000000000        0.0000000000000000       -4.6806278926037927E-004   0.0000000000000000     
   19.404000000000000        0.0000000000000000       -4.3520013700893697E-004   0.0000000000000000     
   19.602000000000000        0.0000000000000000       -3.9553549047716249E-004   0.0000000000000000     
