  -19.602000000000000        0.0000000000000000       -1.4697274214945549E-003   0.0000000000000000     
  -19.404000000000000        0.0000000000000000       -1.6025521656660839E-003   0.0000000000000000     
  -19.206000000000000        0.0000000000000000       -1.7206395703022383E-003   0.0000000000000000     
  -19.008000000000003        0.0000000000000000       -1.8251675888618685E-003   0.0000000000000000     
  -18.810000000000002        0.0000000000000000       -1.9198418223474157E-003   0.0000000000000000     
  -18.612000000000002        0.0000000000000000       -2.0076235686713752E-003   0.0000000000000000     
  -18.414000000000001        0.0000000000000000       -2.0905699546108891E-003   0.0000000000000000     
  -18.216000000000001        0.0000000000000000       -2.1700936932682047E-003   0.0000000000000000     
  -18.018000000000001        0.0000000000000000       -2.2472740681602748E-003   0.0000000000000000     
  -17.820000000000000        0.0000000000000000       -2.3228493204985831E-003   0.0000000000000000     
  -17.622000000000000        0.0000000000000000       -2.3973978603191413E-003   0.0000000000000000     
  -17.423999999999999        0.0000000000000000       -2.4714132285942351E-003   0.0000000000000000     
  -17.225999999999999        0.0000000000000000       -2.5452529918132010E-003   0.0000000000000000     
  -17.028000000000002        0.0000000000000000       -2.6192513372385339E-003   0.0000000000000000     
  -16.830000000000002        0.0000000000000000       -2.6936759765586555E-003   0.0000000000000000     
  -16.632000000000001        0.0000000000000000       -2.7687800394020378E-003   0.0000000000000000     
  -16.434000000000001        0.0000000000000000       -2.8447734138745463E-003   0.0000000000000000     
  -16.236000000000001        0.0000000000000000       -2.9218580168017417E-003   0.0000000000000000     
  -16.038000000000000        0.0000000000000000       -3.0002226121201483E-003   0.0000000000000000     
  -15.840000000000000        0.0000000000000000       -3.0800555254749196E-003   0.0000000000000000     
  -15.642000000000001        0.0000000000000000       -3.1615184979042464E-003   0.0000000000000000     
  -15.444000000000001        0.0000000000000000       -3.2447799526614668E-003   0.0000000000000000     
  -15.246000000000000        0.0000000000000000       -3.3300059924982806E-003   0.0000000000000000     
  -15.048000000000000        0.0000000000000000       -3.4173620993688267E-003   0.0000000000000000     
  -14.850000000000001        0.0000000000000000       -3.5070146571580712E-003   0.0000000000000000     
  -14.652000000000001        0.0000000000000000       -3.5991323444436634E-003   0.0000000000000000     
  -14.454000000000001        0.0000000000000000       -3.6938873175600311E-003   0.0000000000000000     
  -14.256000000000000        0.0000000000000000       -3.7914563858276072E-003   0.0000000000000000     
  -14.058000000000000        0.0000000000000000       -3.8920220747896321E-003   0.0000000000000000     
  -13.860000000000001        0.0000000000000000       -3.9957736959011919E-003   0.0000000000000000     
  -13.662000000000001        0.0000000000000000       -4.1029084706014091E-003   0.0000000000000000     
  -13.464000000000000        0.0000000000000000       -4.2136325497671972E-003   0.0000000000000000     
  -13.266000000000000        0.0000000000000000       -4.3281620257930153E-003   0.0000000000000000     
  -13.068000000000001        0.0000000000000000       -4.4467241827121631E-003   0.0000000000000000     
  -12.870000000000001        0.0000000000000000       -4.5695584965242519E-003   0.0000000000000000     
  -12.672000000000001        0.0000000000000000       -4.6969180058350941E-003   0.0000000000000000     
  -12.474000000000000        0.0000000000000000       -4.8290705066730928E-003   0.0000000000000000     
  -12.276000000000000        0.0000000000000000       -4.9662998961679970E-003   0.0000000000000000     
  -12.078000000000001        0.0000000000000000       -5.1089077607234228E-003   0.0000000000000000     
  -11.880000000000001        0.0000000000000000       -5.2572148595709245E-003   0.0000000000000000     
  -11.682000000000000        0.0000000000000000       -5.4115628035043099E-003   0.0000000000000000     
  -11.484000000000000        0.0000000000000000       -5.5723160285734300E-003   0.0000000000000000     
  -11.286000000000001        0.0000000000000000       -5.7398636695378362E-003   0.0000000000000000     
  -11.088000000000001        0.0000000000000000       -5.9146217630759376E-003   0.0000000000000000     
  -10.890000000000001        0.0000000000000000       -6.0970354638986259E-003   0.0000000000000000     
  -10.692000000000000        0.0000000000000000       -6.2875820097835029E-003   0.0000000000000000     
  -10.494000000000000        0.0000000000000000       -6.4867730646593503E-003   0.0000000000000000     
  -10.296000000000001        0.0000000000000000       -6.6951581829975560E-003   0.0000000000000000     
  -10.098000000000001        0.0000000000000000       -6.9133278384469711E-003   0.0000000000000000     
  -9.9000000000000004        0.0000000000000000       -7.1419174463440123E-003   0.0000000000000000     
  -9.7020000000000000        0.0000000000000000       -7.3816112938174562E-003   0.0000000000000000     
  -9.5040000000000013        0.0000000000000000       -7.6331467680788795E-003   0.0000000000000000     
  -9.3060000000000009        0.0000000000000000       -7.8973197138548865E-003   0.0000000000000000     
  -9.1080000000000005        0.0000000000000000       -8.1749895059990887E-003   0.0000000000000000     
  -8.9100000000000001        0.0000000000000000       -8.4670850486916679E-003   0.0000000000000000     
  -8.7119999999999997        0.0000000000000000       -8.7746115180290553E-003   0.0000000000000000     
  -8.5140000000000011        0.0000000000000000       -9.0986573815989881E-003   0.0000000000000000     
  -8.3160000000000007        0.0000000000000000       -9.4404024826750116E-003   0.0000000000000000     
  -8.1180000000000003        0.0000000000000000       -9.8011269025970599E-003   0.0000000000000000     
  -7.9199999999999999        0.0000000000000000       -1.0182220691208617E-002   0.0000000000000000     
  -7.7220000000000004        0.0000000000000000       -1.0585194565590600E-002   0.0000000000000000     
  -7.5240000000000000        0.0000000000000000       -1.1011691726530397E-002   0.0000000000000000     
  -7.3260000000000005        0.0000000000000000       -1.1463501226639160E-002   0.0000000000000000     
  -7.1280000000000001        0.0000000000000000       -1.1942572030932595E-002   0.0000000000000000     
  -6.9300000000000006        0.0000000000000000       -1.2451029136482487E-002   0.0000000000000000     
  -6.7320000000000002        0.0000000000000000       -1.2991190808305563E-002   0.0000000000000000     
  -6.5340000000000007        0.0000000000000000       -1.3565587762445897E-002   0.0000000000000000     
  -6.3360000000000003        0.0000000000000000       -1.4176983550095480E-002   0.0000000000000000     
  -6.1379999999999999        0.0000000000000000       -1.4828397405433104E-002   0.0000000000000000     
  -5.9400000000000004        0.0000000000000000       -1.5523127224121093E-002   0.0000000000000000     
  -5.7420000000000000        0.0000000000000000       -1.6264775790619513E-002   0.0000000000000000     
  -5.5440000000000005        0.0000000000000000       -1.7057274879026831E-002   0.0000000000000000     
  -5.3460000000000001        0.0000000000000000       -1.7904912455603959E-002   0.0000000000000000     
  -5.1480000000000006        0.0000000000000000       -1.8812352656864654E-002   0.0000000000000000     
  -4.9500000000000002        0.0000000000000000       -1.9784656306773542E-002   0.0000000000000000     
  -4.7520000000000007        0.0000000000000000       -2.0827282438322308E-002   0.0000000000000000     
  -4.5540000000000003        0.0000000000000000       -2.1946077326797469E-002   0.0000000000000000     
  -4.3559999999999999        0.0000000000000000       -2.3147222832579504E-002   0.0000000000000000     
  -4.1580000000000004        0.0000000000000000       -2.4437151796275286E-002   0.0000000000000000     
  -3.9600000000000000        0.0000000000000000       -2.5822505005049727E-002   0.0000000000000000     
  -3.7620000000000000        0.0000000000000000       -2.7310569482039252E-002   0.0000000000000000     
  -3.5640000000000001        0.0000000000000000       -2.8910870545541340E-002   0.0000000000000000     
  -3.3660000000000001        0.0000000000000000       -3.0634783356809678E-002   0.0000000000000000     
  -3.1680000000000001        0.0000000000000000       -3.2492973992978055E-002   0.0000000000000000     
  -2.9700000000000002        0.0000000000000000       -3.4494241224317657E-002   0.0000000000000000     
  -2.7720000000000002        0.0000000000000000       -3.6648995868173218E-002   0.0000000000000000     
  -2.5740000000000003        0.0000000000000000       -3.8970776834671476E-002   0.0000000000000000     
  -2.3760000000000003        0.0000000000000000       -4.1470355538009651E-002   0.0000000000000000     
  -2.1779999999999999        0.0000000000000000       -4.4155603769811168E-002   0.0000000000000000     
  -1.9800000000000000        0.0000000000000000       -4.7029954760527910E-002   0.0000000000000000     
  -1.7820000000000000        0.0000000000000000       -5.0087248308101948E-002   0.0000000000000000     
  -1.5840000000000001        0.0000000000000000       -5.3302455911271696E-002   0.0000000000000000     
  -1.3860000000000001        0.0000000000000000       -5.6633254462578698E-002   0.0000000000000000     
  -1.1880000000000002        0.0000000000000000       -6.0018712775769430E-002   0.0000000000000000     
 -0.98999999999999999        0.0000000000000000       -6.3354250650838981E-002   0.0000000000000000     
 -0.79200000000000004        0.0000000000000000       -6.6494893420671858E-002   0.0000000000000000     
 -0.59400000000000008        0.0000000000000000       -6.9260967143928098E-002   0.0000000000000000     
 -0.39600000000000002        0.0000000000000000       -7.1441814701418874E-002   0.0000000000000000     
 -0.19800000000000001        0.0000000000000000       -7.2841959286077423E-002   0.0000000000000000     
   0.0000000000000000        0.0000000000000000       -7.3326035162728148E-002   0.0000000000000000     
  0.19800000000000001        0.0000000000000000       -7.2841959286077423E-002   0.0000000000000000     
  0.39600000000000002        0.0000000000000000       -7.1441814701418874E-002   0.0000000000000000     
  0.59400000000000008        0.0000000000000000       -6.9260967143928098E-002   0.0000000000000000     
  0.79200000000000004        0.0000000000000000       -6.6494893420671858E-002   0.0000000000000000     
  0.98999999999999999        0.0000000000000000       -6.3354250650838981E-002   0.0000000000000000     
   1.1880000000000002        0.0000000000000000       -6.0018712775769430E-002   0.0000000000000000     
   1.3860000000000001        0.0000000000000000       -5.6633254462578698E-002   0.0000000000000000     
   1.5840000000000001        0.0000000000000000       -5.3302455911271696E-002   0.0000000000000000     
   1.7820000000000000        0.0000000000000000       -5.0087248308101948E-002   0.0000000000000000     
   1.9800000000000000        0.0000000000000000       -4.7029954760527910E-002   0.0000000000000000     
   2.1779999999999999        0.0000000000000000       -4.4155603769811168E-002   0.0000000000000000     
   2.3760000000000003        0.0000000000000000       -4.1470355538009651E-002   0.0000000000000000     
   2.5740000000000003        0.0000000000000000       -3.8970776834671476E-002   0.0000000000000000     
   2.7720000000000002        0.0000000000000000       -3.6648995868173218E-002   0.0000000000000000     
   2.9700000000000002        0.0000000000000000       -3.4494241224317657E-002   0.0000000000000000     
   3.1680000000000001        0.0000000000000000       -3.2492973992978055E-002   0.0000000000000000     
   3.3660000000000001        0.0000000000000000       -3.0634783356809678E-002   0.0000000000000000     
   3.5640000000000001        0.0000000000000000       -2.8910870545541340E-002   0.0000000000000000     
   3.7620000000000000        0.0000000000000000       -2.7310569482039252E-002   0.0000000000000000     
   3.9600000000000000        0.0000000000000000       -2.5822505005049727E-002   0.0000000000000000     
   4.1580000000000004        0.0000000000000000       -2.4437151796275286E-002   0.0000000000000000     
   4.3559999999999999        0.0000000000000000       -2.3147222832579504E-002   0.0000000000000000     
   4.5540000000000003        0.0000000000000000       -2.1946077326797469E-002   0.0000000000000000     
   4.7520000000000007        0.0000000000000000       -2.0827282438322308E-002   0.0000000000000000     
   4.9500000000000002        0.0000000000000000       -1.9784656306773542E-002   0.0000000000000000     
   5.1480000000000006        0.0000000000000000       -1.8812352656864654E-002   0.0000000000000000     
   5.3460000000000001        0.0000000000000000       -1.7904912455603959E-002   0.0000000000000000     
   5.5440000000000005        0.0000000000000000       -1.7057274879026831E-002   0.0000000000000000     
   5.7420000000000000        0.0000000000000000       -1.6264775790619513E-002   0.0000000000000000     
   5.9400000000000004        0.0000000000000000       -1.5523127224121093E-002   0.0000000000000000     
   6.1379999999999999        0.0000000000000000       -1.4828397405433104E-002   0.0000000000000000     
   6.3360000000000003        0.0000000000000000       -1.4176983550095480E-002   0.0000000000000000     
   6.5340000000000007        0.0000000000000000       -1.3565587762445897E-002   0.0000000000000000     
   6.7320000000000002        0.0000000000000000       -1.2991190808305563E-002   0.0000000000000000     
   6.9300000000000006        0.0000000000000000       -1.2451029136482487E-002   0.0000000000000000     
   7.1280000000000001        0.0000000000000000       -1.1942572030932595E-002   0.0000000000000000     
   7.3260000000000005        0.0000000000000000       -1.1463501226639160E-002   0.0000000000000000     
   7.5240000000000000        0.0000000000000000       -1.1011691726530397E-002   0.0000000000000000     
   7.7220000000000004        0.0000000000000000       -1.0585194565590600E-002   0.0000000000000000     
   7.9199999999999999        0.0000000000000000       -1.0182220691208617E-002   0.0000000000000000     
   8.1180000000000003        0.0000000000000000       -9.8011269025970599E-003   0.0000000000000000     
   8.3160000000000007        0.0000000000000000       -9.4404024826750116E-003   0.0000000000000000     
   8.5140000000000011        0.0000000000000000       -9.0986573815989881E-003   0.0000000000000000     
   8.7119999999999997        0.0000000000000000       -8.7746115180290553E-003   0.0000000000000000     
   8.9100000000000001        0.0000000000000000       -8.4670850486916679E-003   0.0000000000000000     
   9.1080000000000005        0.0000000000000000       -8.1749895059990887E-003   0.0000000000000000     
   9.3060000000000009        0.0000000000000000       -7.8973197138548865E-003   0.0000000000000000     
   9.5040000000000013        0.0000000000000000       -7.6331467680788795E-003   0.0000000000000000     
   9.7020000000000000        0.0000000000000000       -7.3816112938174562E-003   0.0000000000000000     
   9.9000000000000004        0.0000000000000000       -7.1419174463440123E-003   0.0000000000000000     
   10.098000000000001        0.0000000000000000       -6.9133278384469711E-003   0.0000000000000000     
   10.296000000000001        0.0000000000000000       -6.6951581829975560E-003   0.0000000000000000     
   10.494000000000000        0.0000000000000000       -6.4867730646593503E-003   0.0000000000000000     
   10.692000000000000        0.0000000000000000       -6.2875820097835029E-003   0.0000000000000000     
   10.890000000000001        0.0000000000000000       -6.0970354638986259E-003   0.0000000000000000     
   11.088000000000001        0.0000000000000000       -5.9146217630759376E-003   0.0000000000000000     
   11.286000000000001        0.0000000000000000       -5.7398636695378362E-003   0.0000000000000000     
   11.484000000000000        0.0000000000000000       -5.5723160285734300E-003   0.0000000000000000     
   11.682000000000000        0.0000000000000000       -5.4115628035043099E-003   0.0000000000000000     
   11.880000000000001        0.0000000000000000       -5.2572148595709245E-003   0.0000000000000000     
   12.078000000000001        0.0000000000000000       -5.1089077607234228E-003   0.0000000000000000     
   12.276000000000000        0.0000000000000000       -4.9662998961679970E-003   0.0000000000000000     
   12.474000000000000        0.0000000000000000       -4.8290705066730928E-003   0.0000000000000000     
   12.672000000000001        0.0000000000000000       -4.6969180058350941E-003   0.0000000000000000     
   12.870000000000001        0.0000000000000000       -4.5695584965242519E-003   0.0000000000000000     
   13.068000000000001        0.0000000000000000       -4.4467241827121631E-003   0.0000000000000000     
   13.266000000000000        0.0000000000000000       -4.3281620257930153E-003   0.0000000000000000     
   13.464000000000000        0.0000000000000000       -4.2136325497671972E-003   0.0000000000000000     
   13.662000000000001        0.0000000000000000       -4.1029084706014091E-003   0.0000000000000000     
   13.860000000000001        0.0000000000000000       -3.9957736959011919E-003   0.0000000000000000     
   14.058000000000000        0.0000000000000000       -3.8920220747896321E-003   0.0000000000000000     
   14.256000000000000        0.0000000000000000       -3.7914563858276072E-003   0.0000000000000000     
   14.454000000000001        0.0000000000000000       -3.6938873175600311E-003   0.0000000000000000     
   14.652000000000001        0.0000000000000000       -3.5991323444436634E-003   0.0000000000000000     
   14.850000000000001        0.0000000000000000       -3.5070146571580712E-003   0.0000000000000000     
   15.048000000000000        0.0000000000000000       -3.4173620993688267E-003   0.0000000000000000     
   15.246000000000000        0.0000000000000000       -3.3300059924982806E-003   0.0000000000000000     
   15.444000000000001        0.0000000000000000       -3.2447799526614668E-003   0.0000000000000000     
   15.642000000000001        0.0000000000000000       -3.1615184979042464E-003   0.0000000000000000     
   15.840000000000000        0.0000000000000000       -3.0800555254749196E-003   0.0000000000000000     
   16.038000000000000        0.0000000000000000       -3.0002226121201483E-003   0.0000000000000000     
   16.236000000000001        0.0000000000000000       -2.9218580168017417E-003   0.0000000000000000     
   16.434000000000001        0.0000000000000000       -2.8447734138745463E-003   0.0000000000000000     
   16.632000000000001        0.0000000000000000       -2.7687800394020378E-003   0.0000000000000000     
   16.830000000000002        0.0000000000000000       -2.6936759765586555E-003   0.0000000000000000     
   17.028000000000002        0.0000000000000000       -2.6192513372385339E-003   0.0000000000000000     
   17.225999999999999        0.0000000000000000       -2.5452529918132010E-003   0.0000000000000000     
   17.423999999999999        0.0000000000000000       -2.4714132285942351E-003   0.0000000000000000     
   17.622000000000000        0.0000000000000000       -2.3973978603191413E-003   0.0000000000000000     
   17.820000000000000        0.0000000000000000       -2.3228493204985831E-003   0.0000000000000000     
   18.018000000000001        0.0000000000000000       -2.2472740681602748E-003   0.0000000000000000     
   18.216000000000001        0.0000000000000000       -2.1700936932682047E-003   0.0000000000000000     
   18.414000000000001        0.0000000000000000       -2.0905699546108891E-003   0.0000000000000000     
   18.612000000000002        0.0000000000000000       -2.0076235686713752E-003   0.0000000000000000     
   18.810000000000002        0.0000000000000000       -1.9198418223474157E-003   0.0000000000000000     
   19.008000000000003        0.0000000000000000       -1.8251675888618685E-003   0.0000000000000000     
   19.206000000000000        0.0000000000000000       -1.7206395703022383E-003   0.0000000000000000     
   19.404000000000000        0.0000000000000000       -1.6025521656660839E-003   0.0000000000000000     
   19.602000000000000        0.0000000000000000       -1.4697274214945549E-003   0.0000000000000000     
