  -19.602000000000000        0.0000000000000000       -1.4698923513213932E-003   0.0000000000000000     
  -19.404000000000000        0.0000000000000000       -1.6026216544357290E-003   0.0000000000000000     
  -19.206000000000000        0.0000000000000000       -1.7205997484662622E-003   0.0000000000000000     
  -19.008000000000003        0.0000000000000000       -1.8251130231990915E-003   0.0000000000000000     
  -18.810000000000002        0.0000000000000000       -1.9197653163070738E-003   0.0000000000000000     
  -18.612000000000002        0.0000000000000000       -2.0075402610494663E-003   0.0000000000000000     
  -18.414000000000001        0.0000000000000000       -2.0904715174104669E-003   0.0000000000000000     
  -18.216000000000001        0.0000000000000000       -2.1700659670758275E-003   0.0000000000000000     
  -18.018000000000001        0.0000000000000000       -2.2473159588605727E-003   0.0000000000000000     
  -17.820000000000000        0.0000000000000000       -2.3229545878547739E-003   0.0000000000000000     
  -17.622000000000000        0.0000000000000000       -2.3975646783476116E-003   0.0000000000000000     
  -17.423999999999999        0.0000000000000000       -2.4716405630932610E-003   0.0000000000000000     
  -17.225999999999999        0.0000000000000000       -2.5455431757280258E-003   0.0000000000000000     
  -17.028000000000002        0.0000000000000000       -2.6195950959365874E-003   0.0000000000000000     
  -16.830000000000002        0.0000000000000000       -2.6940814693569241E-003   0.0000000000000000     
  -16.632000000000001        0.0000000000000000       -2.7692431460850974E-003   0.0000000000000000     
  -16.434000000000001        0.0000000000000000       -2.8452935938369514E-003   0.0000000000000000     
  -16.236000000000001        0.0000000000000000       -2.9224350764763232E-003   0.0000000000000000     
  -16.038000000000000        0.0000000000000000       -3.0008566045074412E-003   0.0000000000000000     
  -15.840000000000000        0.0000000000000000       -3.0807466515160786E-003   0.0000000000000000     
  -15.642000000000001        0.0000000000000000       -3.1622672507346751E-003   0.0000000000000000     
  -15.444000000000001        0.0000000000000000       -3.2455869567657170E-003   0.0000000000000000     
  -15.246000000000000        0.0000000000000000       -3.3308720244493925E-003   0.0000000000000000     
  -15.048000000000000        0.0000000000000000       -3.4182880426626584E-003   0.0000000000000000     
  -14.850000000000001        0.0000000000000000       -3.5080016109796108E-003   0.0000000000000000     
  -14.652000000000001        0.0000000000000000       -3.6001813402293894E-003   0.0000000000000000     
  -14.454000000000001        0.0000000000000000       -3.6949995356087904E-003   0.0000000000000000     
  -14.256000000000000        0.0000000000000000       -3.7926329230200157E-003   0.0000000000000000     
  -14.058000000000000        0.0000000000000000       -3.8932641625815745E-003   0.0000000000000000     
  -13.860000000000001        0.0000000000000000       -3.9970824417733912E-003   0.0000000000000000     
  -13.662000000000001        0.0000000000000000       -4.1042849935564434E-003   0.0000000000000000     
  -13.464000000000000        0.0000000000000000       -4.2150777927536963E-003   0.0000000000000000     
  -13.266000000000000        0.0000000000000000       -4.3296768944287986E-003   0.0000000000000000     
  -13.068000000000001        0.0000000000000000       -4.4483093060905263E-003   0.0000000000000000     
  -12.870000000000001        0.0000000000000000       -4.5712143657066625E-003   0.0000000000000000     
  -12.672000000000001        0.0000000000000000       -4.6986447335052974E-003   0.0000000000000000     
  -12.474000000000000        0.0000000000000000       -4.8308679232293801E-003   0.0000000000000000     
  -12.276000000000000        0.0000000000000000       -4.9681674243654220E-003   0.0000000000000000     
  -12.078000000000001        0.0000000000000000       -5.1108443596775844E-003   0.0000000000000000     
  -11.880000000000001        0.0000000000000000       -5.2592188641433103E-003   0.0000000000000000     
  -11.682000000000000        0.0000000000000000       -5.4136318862801659E-003   0.0000000000000000     
  -11.484000000000000        0.0000000000000000       -5.5744470938606976E-003   0.0000000000000000     
  -11.286000000000001        0.0000000000000000       -5.7420526487390062E-003   0.0000000000000000     
  -11.088000000000001        0.0000000000000000       -5.9168634455472073E-003   0.0000000000000000     
  -10.890000000000001        0.0000000000000000       -6.0993236140119578E-003   0.0000000000000000     
  -10.692000000000000        0.0000000000000000       -6.2899087154809231E-003   0.0000000000000000     
  -10.494000000000000        0.0000000000000000       -6.4891288976067409E-003   0.0000000000000000     
  -10.296000000000001        0.0000000000000000       -6.6975317167406673E-003   0.0000000000000000     
  -10.098000000000001        0.0000000000000000       -6.9157055214405828E-003   0.0000000000000000     
  -9.9000000000000004        0.0000000000000000       -7.1442831044382146E-003   0.0000000000000000     
  -9.7020000000000000        0.0000000000000000       -7.3839458733202896E-003   0.0000000000000000     
  -9.5040000000000013        0.0000000000000000       -7.6354279493133052E-003   0.0000000000000000     
  -9.3060000000000009        0.0000000000000000       -7.8995212797611236E-003   0.0000000000000000     
  -9.1080000000000005        0.0000000000000000       -8.1770809450914805E-003   0.0000000000000000     
  -8.9100000000000001        0.0000000000000000       -8.4690307803291440E-003   0.0000000000000000     
  -8.7119999999999997        0.0000000000000000       -8.7763703167832337E-003   0.0000000000000000     
  -8.5140000000000011        0.0000000000000000       -9.1001815633503375E-003   0.0000000000000000     
  -8.3160000000000007        0.0000000000000000       -9.4416368289324381E-003   0.0000000000000000     
  -8.1180000000000003        0.0000000000000000       -9.8020078836944316E-003   0.0000000000000000     
  -7.9199999999999999        0.0000000000000000       -1.0182675007637899E-002   0.0000000000000000     
  -7.7220000000000004        0.0000000000000000       -1.0585138114030562E-002   0.0000000000000000     
  -7.5240000000000000        0.0000000000000000       -1.1011027938625531E-002   0.0000000000000000     
  -7.3260000000000005        0.0000000000000000       -1.1462119391648000E-002   0.0000000000000000     
  -7.1280000000000001        0.0000000000000000       -1.1940345497050900E-002   0.0000000000000000     
  -6.9300000000000006        0.0000000000000000       -1.2447813193587124E-002   0.0000000000000000     
  -6.7320000000000002        0.0000000000000000       -1.2986820361346291E-002   0.0000000000000000     
  -6.5340000000000007        0.0000000000000000       -1.3559874782810991E-002   0.0000000000000000     
  -6.3360000000000003        0.0000000000000000       -1.4169714290548885E-002   0.0000000000000000     
  -6.1379999999999999        0.0000000000000000       -1.4819329275156879E-002   0.0000000000000000     
  -5.9400000000000004        0.0000000000000000       -1.5511986061953139E-002   0.0000000000000000     
  -5.7420000000000000        0.0000000000000000       -1.6251251611875954E-002   0.0000000000000000     
  -5.5440000000000005        0.0000000000000000       -1.7041019719993337E-002   0.0000000000000000     
  -5.3460000000000001        0.0000000000000000       -1.7885535936930173E-002   0.0000000000000000     
  -5.1480000000000006        0.0000000000000000       -1.8789420617533054E-002   0.0000000000000000     
  -4.9500000000000002        0.0000000000000000       -1.9757687285555280E-002   0.0000000000000000     
  -4.7520000000000007        0.0000000000000000       -2.0795749803361713E-002   0.0000000000000000     
  -4.5540000000000003        0.0000000000000000       -2.1909409679453082E-002   0.0000000000000000     
  -4.3559999999999999        0.0000000000000000       -2.3104811308593286E-002   0.0000000000000000     
  -4.1580000000000004        0.0000000000000000       -2.4388363367754434E-002   0.0000000000000000     
  -3.9600000000000000        0.0000000000000000       -2.5766702980842805E-002   0.0000000000000000     
  -3.7620000000000000        0.0000000000000000       -2.7247138035346327E-002   0.0000000000000000     
  -3.5640000000000001        0.0000000000000000       -2.8839234058763232E-002   0.0000000000000000     
  -3.3660000000000001        0.0000000000000000       -3.0554484159044180E-002   0.0000000000000000     
  -3.1680000000000001        0.0000000000000000       -3.2403907567287400E-002   0.0000000000000000     
  -2.9700000000000002        0.0000000000000000       -3.4397082175093949E-002   0.0000000000000000     
  -2.7720000000000002        0.0000000000000000       -3.6544215865487964E-002   0.0000000000000000     
  -2.5740000000000003        0.0000000000000000       -3.8858629576411043E-002   0.0000000000000000     
  -2.3760000000000003        0.0000000000000000       -4.1353849022470066E-002   0.0000000000000000     
  -2.1779999999999999        0.0000000000000000       -4.4033364520185490E-002   0.0000000000000000     
  -1.9800000000000000        0.0000000000000000       -4.6894531739609925E-002   0.0000000000000000     
  -1.7820000000000000        0.0000000000000000       -4.9926502727207660E-002   0.0000000000000000     
  -1.5840000000000001        0.0000000000000000       -5.3102699223982058E-002   0.0000000000000000     
  -1.3860000000000001        0.0000000000000000       -5.6384278000770338E-002   0.0000000000000000     
  -1.1880000000000002        0.0000000000000000       -5.9719866389150972E-002   0.0000000000000000     
 -0.98999999999999999        0.0000000000000000       -6.3026857930519986E-002   0.0000000000000000     
 -0.79200000000000004        0.0000000000000000       -6.6167806297168619E-002   0.0000000000000000     
 -0.59400000000000008        0.0000000000000000       -6.8961068180761753E-002   0.0000000000000000     
 -0.39600000000000002        0.0000000000000000       -7.1186161611986681E-002   0.0000000000000000     
 -0.19800000000000001        0.0000000000000000       -7.2629840040005902E-002   0.0000000000000000     
   0.0000000000000000        0.0000000000000000       -7.3131879265501826E-002   0.0000000000000000     
  0.19800000000000001        0.0000000000000000       -7.2629840040005902E-002   0.0000000000000000     
  0.39600000000000002        0.0000000000000000       -7.1186161611986681E-002   0.0000000000000000     
  0.59400000000000008        0.0000000000000000       -6.8961068180761753E-002   0.0000000000000000     
  0.79200000000000004        0.0000000000000000       -6.6167806297168619E-002   0.0000000000000000     
  0.98999999999999999        0.0000000000000000       -6.3026857930519986E-002   0.0000000000000000     
   1.1880000000000002        0.0000000000000000       -5.9719866389150972E-002   0.0000000000000000     
   1.3860000000000001        0.0000000000000000       -5.6384278000770338E-002   0.0000000000000000     
   1.5840000000000001        0.0000000000000000       -5.3102699223982058E-002   0.0000000000000000     
   1.7820000000000000        0.0000000000000000       -4.9926502727207660E-002   0.0000000000000000     
   1.9800000000000000        0.0000000000000000       -4.6894531739609925E-002   0.0000000000000000     
   2.1779999999999999        0.0000000000000000       -4.4033364520185490E-002   0.0000000000000000     
   2.3760000000000003        0.0000000000000000       -4.1353849022470066E-002   0.0000000000000000     
   2.5740000000000003        0.0000000000000000       -3.8858629576411043E-002   0.0000000000000000     
   2.7720000000000002        0.0000000000000000       -3.6544215865487964E-002   0.0000000000000000     
   2.9700000000000002        0.0000000000000000       -3.4397082175093949E-002   0.0000000000000000     
   3.1680000000000001        0.0000000000000000       -3.2403907567287400E-002   0.0000000000000000     
   3.3660000000000001        0.0000000000000000       -3.0554484159044180E-002   0.0000000000000000     
   3.5640000000000001        0.0000000000000000       -2.8839234058763232E-002   0.0000000000000000     
   3.7620000000000000        0.0000000000000000       -2.7247138035346327E-002   0.0000000000000000     
   3.9600000000000000        0.0000000000000000       -2.5766702980842805E-002   0.0000000000000000     
   4.1580000000000004        0.0000000000000000       -2.4388363367754434E-002   0.0000000000000000     
   4.3559999999999999        0.0000000000000000       -2.3104811308593286E-002   0.0000000000000000     
   4.5540000000000003        0.0000000000000000       -2.1909409679453082E-002   0.0000000000000000     
   4.7520000000000007        0.0000000000000000       -2.0795749803361713E-002   0.0000000000000000     
   4.9500000000000002        0.0000000000000000       -1.9757687285555280E-002   0.0000000000000000     
   5.1480000000000006        0.0000000000000000       -1.8789420617533054E-002   0.0000000000000000     
   5.3460000000000001        0.0000000000000000       -1.7885535936930173E-002   0.0000000000000000     
   5.5440000000000005        0.0000000000000000       -1.7041019719993337E-002   0.0000000000000000     
   5.7420000000000000        0.0000000000000000       -1.6251251611875954E-002   0.0000000000000000     
   5.9400000000000004        0.0000000000000000       -1.5511986061953139E-002   0.0000000000000000     
   6.1379999999999999        0.0000000000000000       -1.4819329275156879E-002   0.0000000000000000     
   6.3360000000000003        0.0000000000000000       -1.4169714290548885E-002   0.0000000000000000     
   6.5340000000000007        0.0000000000000000       -1.3559874782810991E-002   0.0000000000000000     
   6.7320000000000002        0.0000000000000000       -1.2986820361346291E-002   0.0000000000000000     
   6.9300000000000006        0.0000000000000000       -1.2447813193587124E-002   0.0000000000000000     
   7.1280000000000001        0.0000000000000000       -1.1940345497050900E-002   0.0000000000000000     
   7.3260000000000005        0.0000000000000000       -1.1462119391648000E-002   0.0000000000000000     
   7.5240000000000000        0.0000000000000000       -1.1011027938625531E-002   0.0000000000000000     
   7.7220000000000004        0.0000000000000000       -1.0585138114030562E-002   0.0000000000000000     
   7.9199999999999999        0.0000000000000000       -1.0182675007637899E-002   0.0000000000000000     
   8.1180000000000003        0.0000000000000000       -9.8020078836944316E-003   0.0000000000000000     
   8.3160000000000007        0.0000000000000000       -9.4416368289324381E-003   0.0000000000000000     
   8.5140000000000011        0.0000000000000000       -9.1001815633503375E-003   0.0000000000000000     
   8.7119999999999997        0.0000000000000000       -8.7763703167832337E-003   0.0000000000000000     
   8.9100000000000001        0.0000000000000000       -8.4690307803291440E-003   0.0000000000000000     
   9.1080000000000005        0.0000000000000000       -8.1770809450914805E-003   0.0000000000000000     
   9.3060000000000009        0.0000000000000000       -7.8995212797611236E-003   0.0000000000000000     
   9.5040000000000013        0.0000000000000000       -7.6354279493133052E-003   0.0000000000000000     
   9.7020000000000000        0.0000000000000000       -7.3839458733202896E-003   0.0000000000000000     
   9.9000000000000004        0.0000000000000000       -7.1442831044382146E-003   0.0000000000000000     
   10.098000000000001        0.0000000000000000       -6.9157055214405828E-003   0.0000000000000000     
   10.296000000000001        0.0000000000000000       -6.6975317167406673E-003   0.0000000000000000     
   10.494000000000000        0.0000000000000000       -6.4891288976067409E-003   0.0000000000000000     
   10.692000000000000        0.0000000000000000       -6.2899087154809231E-003   0.0000000000000000     
   10.890000000000001        0.0000000000000000       -6.0993236140119578E-003   0.0000000000000000     
   11.088000000000001        0.0000000000000000       -5.9168634455472073E-003   0.0000000000000000     
   11.286000000000001        0.0000000000000000       -5.7420526487390062E-003   0.0000000000000000     
   11.484000000000000        0.0000000000000000       -5.5744470938606976E-003   0.0000000000000000     
   11.682000000000000        0.0000000000000000       -5.4136318862801659E-003   0.0000000000000000     
   11.880000000000001        0.0000000000000000       -5.2592188641433103E-003   0.0000000000000000     
   12.078000000000001        0.0000000000000000       -5.1108443596775844E-003   0.0000000000000000     
   12.276000000000000        0.0000000000000000       -4.9681674243654220E-003   0.0000000000000000     
   12.474000000000000        0.0000000000000000       -4.8308679232293801E-003   0.0000000000000000     
   12.672000000000001        0.0000000000000000       -4.6986447335052974E-003   0.0000000000000000     
   12.870000000000001        0.0000000000000000       -4.5712143657066625E-003   0.0000000000000000     
   13.068000000000001        0.0000000000000000       -4.4483093060905263E-003   0.0000000000000000     
   13.266000000000000        0.0000000000000000       -4.3296768944287986E-003   0.0000000000000000     
   13.464000000000000        0.0000000000000000       -4.2150777927536963E-003   0.0000000000000000     
   13.662000000000001        0.0000000000000000       -4.1042849935564434E-003   0.0000000000000000     
   13.860000000000001        0.0000000000000000       -3.9970824417733912E-003   0.0000000000000000     
   14.058000000000000        0.0000000000000000       -3.8932641625815745E-003   0.0000000000000000     
   14.256000000000000        0.0000000000000000       -3.7926329230200157E-003   0.0000000000000000     
   14.454000000000001        0.0000000000000000       -3.6949995356087904E-003   0.0000000000000000     
   14.652000000000001        0.0000000000000000       -3.6001813402293894E-003   0.0000000000000000     
   14.850000000000001        0.0000000000000000       -3.5080016109796108E-003   0.0000000000000000     
   15.048000000000000        0.0000000000000000       -3.4182880426626584E-003   0.0000000000000000     
   15.246000000000000        0.0000000000000000       -3.3308720244493925E-003   0.0000000000000000     
   15.444000000000001        0.0000000000000000       -3.2455869567657170E-003   0.0000000000000000     
   15.642000000000001        0.0000000000000000       -3.1622672507346751E-003   0.0000000000000000     
   15.840000000000000        0.0000000000000000       -3.0807466515160786E-003   0.0000000000000000     
   16.038000000000000        0.0000000000000000       -3.0008566045074412E-003   0.0000000000000000     
   16.236000000000001        0.0000000000000000       -2.9224350764763232E-003   0.0000000000000000     
   16.434000000000001        0.0000000000000000       -2.8452935938369514E-003   0.0000000000000000     
   16.632000000000001        0.0000000000000000       -2.7692431460850974E-003   0.0000000000000000     
   16.830000000000002        0.0000000000000000       -2.6940814693569241E-003   0.0000000000000000     
   17.028000000000002        0.0000000000000000       -2.6195950959365874E-003   0.0000000000000000     
   17.225999999999999        0.0000000000000000       -2.5455431757280258E-003   0.0000000000000000     
   17.423999999999999        0.0000000000000000       -2.4716405630932610E-003   0.0000000000000000     
   17.622000000000000        0.0000000000000000       -2.3975646783476116E-003   0.0000000000000000     
   17.820000000000000        0.0000000000000000       -2.3229545878547739E-003   0.0000000000000000     
   18.018000000000001        0.0000000000000000       -2.2473159588605727E-003   0.0000000000000000     
   18.216000000000001        0.0000000000000000       -2.1700659670758275E-003   0.0000000000000000     
   18.414000000000001        0.0000000000000000       -2.0904715174104669E-003   0.0000000000000000     
   18.612000000000002        0.0000000000000000       -2.0075402610494663E-003   0.0000000000000000     
   18.810000000000002        0.0000000000000000       -1.9197653163070738E-003   0.0000000000000000     
   19.008000000000003        0.0000000000000000       -1.8251130231990915E-003   0.0000000000000000     
   19.206000000000000        0.0000000000000000       -1.7205997484662622E-003   0.0000000000000000     
   19.404000000000000        0.0000000000000000       -1.6026216544357290E-003   0.0000000000000000     
   19.602000000000000        0.0000000000000000       -1.4698923513213932E-003   0.0000000000000000     
