  -19.602000000000000        0.0000000000000000       -4.2574901012630356E-004   0.0000000000000000     
  -19.404000000000000        0.0000000000000000       -4.5573904611086684E-004   0.0000000000000000     
  -19.206000000000000        0.0000000000000000       -4.8143171169629743E-004   0.0000000000000000     
  -19.008000000000003        0.0000000000000000       -5.0380628691812845E-004   0.0000000000000000     
  -18.810000000000002        0.0000000000000000       -5.2403386212693606E-004   0.0000000000000000     
  -18.612000000000002        0.0000000000000000       -5.4295452781682823E-004   0.0000000000000000     
  -18.414000000000001        0.0000000000000000       -5.6105099326400675E-004   0.0000000000000000     
  -18.216000000000001        0.0000000000000000       -5.7863116069223819E-004   0.0000000000000000     
  -18.018000000000001        0.0000000000000000       -5.9587668597513202E-004   0.0000000000000000     
  -17.820000000000000        0.0000000000000000       -6.1291145855214379E-004   0.0000000000000000     
  -17.622000000000000        0.0000000000000000       -6.2979505240607270E-004   0.0000000000000000     
  -17.423999999999999        0.0000000000000000       -6.4664119746532446E-004   0.0000000000000000     
  -17.225999999999999        0.0000000000000000       -6.6349483518701930E-004   0.0000000000000000     
  -17.028000000000002        0.0000000000000000       -6.8040250787484004E-004   0.0000000000000000     
  -16.830000000000002        0.0000000000000000       -6.9740442472953528E-004   0.0000000000000000     
  -16.632000000000001        0.0000000000000000       -7.1453625856702032E-004   0.0000000000000000     
  -16.434000000000001        0.0000000000000000       -7.3183039294398480E-004   0.0000000000000000     
  -16.236000000000001        0.0000000000000000       -7.4931686948482906E-004   0.0000000000000000     
  -16.038000000000000        0.0000000000000000       -7.6702397918327204E-004   0.0000000000000000     
  -15.840000000000000        0.0000000000000000       -7.8497884010817311E-004   0.0000000000000000     
  -15.642000000000001        0.0000000000000000       -8.0320775711585028E-004   0.0000000000000000     
  -15.444000000000001        0.0000000000000000       -8.2173656888836035E-004   0.0000000000000000     
  -15.246000000000000        0.0000000000000000       -8.4059090740567718E-004   0.0000000000000000     
  -15.048000000000000        0.0000000000000000       -8.5979643322197567E-004   0.0000000000000000     
  -14.850000000000001        0.0000000000000000       -8.7937904032421750E-004   0.0000000000000000     
  -14.652000000000001        0.0000000000000000       -8.9936502550342203E-004   0.0000000000000000     
  -14.454000000000001        0.0000000000000000       -9.1978129090888199E-004   0.0000000000000000     
  -14.256000000000000        0.0000000000000000       -9.4065545604059492E-004   0.0000000000000000     
  -14.058000000000000        0.0000000000000000       -9.6201605085555740E-004   0.0000000000000000     
  -13.860000000000001        0.0000000000000000       -9.8389265126478179E-004   0.0000000000000000     
  -13.662000000000001        0.0000000000000000       -1.0063160372131496E-003   0.0000000000000000     
  -13.464000000000000        0.0000000000000000       -1.0293183196502568E-003   0.0000000000000000     
  -13.266000000000000        0.0000000000000000       -1.0529331687783642E-003   0.0000000000000000     
  -13.068000000000001        0.0000000000000000       -1.0771958956271338E-003   0.0000000000000000     
  -12.870000000000001        0.0000000000000000       -1.1021436740797773E-003   0.0000000000000000     
  -12.672000000000001        0.0000000000000000       -1.1278157346706619E-003   0.0000000000000000     
  -12.474000000000000        0.0000000000000000       -1.1542535321130841E-003   0.0000000000000000     
  -12.276000000000000        0.0000000000000000       -1.1815009843777660E-003   0.0000000000000000     
  -12.078000000000001        0.0000000000000000       -1.2096046838884602E-003   0.0000000000000000     
  -11.880000000000001        0.0000000000000000       -1.2386141627550591E-003   0.0000000000000000     
  -11.682000000000000        0.0000000000000000       -1.2685821631915333E-003   0.0000000000000000     
  -11.484000000000000        0.0000000000000000       -1.2995649135795859E-003   0.0000000000000000     
  -11.286000000000001        0.0000000000000000       -1.3316224798852335E-003   0.0000000000000000     
  -11.088000000000001        0.0000000000000000       -1.3648191131579613E-003   0.0000000000000000     
  -10.890000000000001        0.0000000000000000       -1.3992236222627381E-003   0.0000000000000000     
  -10.692000000000000        0.0000000000000000       -1.4349098539957236E-003   0.0000000000000000     
  -10.494000000000000        0.0000000000000000       -1.4719571121341408E-003   0.0000000000000000     
  -10.296000000000001        0.0000000000000000       -1.5104507180897537E-003   0.0000000000000000     
  -10.098000000000001        0.0000000000000000       -1.5504825837755047E-003   0.0000000000000000     
  -9.9000000000000004        0.0000000000000000       -1.5921518988841795E-003   0.0000000000000000     
  -9.7020000000000000        0.0000000000000000       -1.6355657732318367E-003   0.0000000000000000     
  -9.5040000000000013        0.0000000000000000       -1.6808401182949460E-003   0.0000000000000000     
  -9.3060000000000009        0.0000000000000000       -1.7281005169952420E-003   0.0000000000000000     
  -9.1080000000000005        0.0000000000000000       -1.7774831939551487E-003   0.0000000000000000     
  -8.9100000000000001        0.0000000000000000       -1.8291362020184305E-003   0.0000000000000000     
  -8.7119999999999997        0.0000000000000000       -1.8832206134948017E-003   0.0000000000000000     
  -8.5140000000000011        0.0000000000000000       -1.9399119908095259E-003   0.0000000000000000     
  -8.3160000000000007        0.0000000000000000       -1.9994019432212715E-003   0.0000000000000000     
  -8.1180000000000003        0.0000000000000000       -2.0618998650091930E-003   0.0000000000000000     
  -7.9199999999999999        0.0000000000000000       -2.1276350777314650E-003   0.0000000000000000     
  -7.7220000000000004        0.0000000000000000       -2.1968589834295881E-003   0.0000000000000000     
  -7.5240000000000000        0.0000000000000000       -2.2698476878091609E-003   0.0000000000000000     
  -7.3260000000000005        0.0000000000000000       -2.3469049680393483E-003   0.0000000000000000     
  -7.1280000000000001        0.0000000000000000       -2.4283654358477898E-003   0.0000000000000000     
  -6.9300000000000006        0.0000000000000000       -2.5145984553546371E-003   0.0000000000000000     
  -6.7320000000000002        0.0000000000000000       -2.6060123044209993E-003   0.0000000000000000     
  -6.5340000000000007        0.0000000000000000       -2.7030590372751073E-003   0.0000000000000000     
  -6.3360000000000003        0.0000000000000000       -2.8062400216278811E-003   0.0000000000000000     
  -6.1379999999999999        0.0000000000000000       -2.9161121964229307E-003   0.0000000000000000     
  -5.9400000000000004        0.0000000000000000       -3.0332952292130137E-003   0.0000000000000000     
  -5.7420000000000000        0.0000000000000000       -3.1584795009785209E-003   0.0000000000000000     
  -5.5440000000000005        0.0000000000000000       -3.2924355419508048E-003   0.0000000000000000     
  -5.3460000000000001        0.0000000000000000       -3.4360240554533799E-003   0.0000000000000000     
  -5.1480000000000006        0.0000000000000000       -3.5902077696278495E-003   0.0000000000000000     
  -4.9500000000000002        0.0000000000000000       -3.7560643489400729E-003   0.0000000000000000     
  -4.7520000000000007        0.0000000000000000       -3.9348006472911517E-003   0.0000000000000000     
  -4.5540000000000003        0.0000000000000000       -4.1277681496077806E-003   0.0000000000000000     
  -4.3559999999999999        0.0000000000000000       -4.3364791179364408E-003   0.0000000000000000     
  -4.1580000000000004        0.0000000000000000       -4.5626229892325098E-003   0.0000000000000000     
  -3.9600000000000000        0.0000000000000000       -4.8080811088174000E-003   0.0000000000000000     
  -3.7620000000000000        0.0000000000000000       -5.0749378084118989E-003   0.0000000000000000     
  -3.5640000000000001        0.0000000000000000       -5.3654834750975272E-003   0.0000000000000000     
  -3.3660000000000001        0.0000000000000000       -5.6822019566613877E-003   0.0000000000000000     
  -3.1680000000000001        0.0000000000000000       -6.0277288122114261E-003   0.0000000000000000     
  -2.9700000000000002        0.0000000000000000       -6.4047574648222420E-003   0.0000000000000000     
  -2.7720000000000002        0.0000000000000000       -6.8158500894081060E-003   0.0000000000000000     
  -2.5740000000000003        0.0000000000000000       -7.2630930321133649E-003   0.0000000000000000     
  -2.3760000000000003        0.0000000000000000       -7.7476104597843307E-003   0.0000000000000000     
  -2.1779999999999999        0.0000000000000000       -8.2696857072842161E-003   0.0000000000000000     
  -1.9800000000000000        0.0000000000000000       -8.8331739096513245E-003   0.0000000000000000     
  -1.7820000000000000        0.0000000000000000       -9.4440173394469262E-003   0.0000000000000000     
  -1.5840000000000001        0.0000000000000000       -1.0098103983944751E-002   0.0000000000000000     
  -1.3860000000000001        0.0000000000000000       -1.0783936505233042E-002   0.0000000000000000     
  -1.1880000000000002        0.0000000000000000       -1.1487666827013757E-002   0.0000000000000000     
 -0.98999999999999999        0.0000000000000000       -1.2189046098684398E-002   0.0000000000000000     
 -0.79200000000000004        0.0000000000000000       -1.2858535414320625E-002   0.0000000000000000     
 -0.59400000000000008        0.0000000000000000       -1.3453352792564837E-002   0.0000000000000000     
 -0.39600000000000002        0.0000000000000000       -1.3928040544240478E-002   0.0000000000000000     
 -0.19800000000000001        0.0000000000000000       -1.4237568730658729E-002   0.0000000000000000     
   0.0000000000000000        0.0000000000000000       -1.4345386334857825E-002   0.0000000000000000     
  0.19800000000000001        0.0000000000000000       -1.4237568730658729E-002   0.0000000000000000     
  0.39600000000000002        0.0000000000000000       -1.3928040544240478E-002   0.0000000000000000     
  0.59400000000000008        0.0000000000000000       -1.3453352792564837E-002   0.0000000000000000     
  0.79200000000000004        0.0000000000000000       -1.2858535414320625E-002   0.0000000000000000     
  0.98999999999999999        0.0000000000000000       -1.2189046098684398E-002   0.0000000000000000     
   1.1880000000000002        0.0000000000000000       -1.1487666827013757E-002   0.0000000000000000     
   1.3860000000000001        0.0000000000000000       -1.0783936505233042E-002   0.0000000000000000     
   1.5840000000000001        0.0000000000000000       -1.0098103983944751E-002   0.0000000000000000     
   1.7820000000000000        0.0000000000000000       -9.4440173394469262E-003   0.0000000000000000     
   1.9800000000000000        0.0000000000000000       -8.8331739096513245E-003   0.0000000000000000     
   2.1779999999999999        0.0000000000000000       -8.2696857072842161E-003   0.0000000000000000     
   2.3760000000000003        0.0000000000000000       -7.7476104597843307E-003   0.0000000000000000     
   2.5740000000000003        0.0000000000000000       -7.2630930321133649E-003   0.0000000000000000     
   2.7720000000000002        0.0000000000000000       -6.8158500894081060E-003   0.0000000000000000     
   2.9700000000000002        0.0000000000000000       -6.4047574648222420E-003   0.0000000000000000     
   3.1680000000000001        0.0000000000000000       -6.0277288122114261E-003   0.0000000000000000     
   3.3660000000000001        0.0000000000000000       -5.6822019566613877E-003   0.0000000000000000     
   3.5640000000000001        0.0000000000000000       -5.3654834750975272E-003   0.0000000000000000     
   3.7620000000000000        0.0000000000000000       -5.0749378084118989E-003   0.0000000000000000     
   3.9600000000000000        0.0000000000000000       -4.8080811088174000E-003   0.0000000000000000     
   4.1580000000000004        0.0000000000000000       -4.5626229892325098E-003   0.0000000000000000     
   4.3559999999999999        0.0000000000000000       -4.3364791179364408E-003   0.0000000000000000     
   4.5540000000000003        0.0000000000000000       -4.1277681496077806E-003   0.0000000000000000     
   4.7520000000000007        0.0000000000000000       -3.9348006472911517E-003   0.0000000000000000     
   4.9500000000000002        0.0000000000000000       -3.7560643489400729E-003   0.0000000000000000     
   5.1480000000000006        0.0000000000000000       -3.5902077696278495E-003   0.0000000000000000     
   5.3460000000000001        0.0000000000000000       -3.4360240554533799E-003   0.0000000000000000     
   5.5440000000000005        0.0000000000000000       -3.2924355419508048E-003   0.0000000000000000     
   5.7420000000000000        0.0000000000000000       -3.1584795009785209E-003   0.0000000000000000     
   5.9400000000000004        0.0000000000000000       -3.0332952292130137E-003   0.0000000000000000     
   6.1379999999999999        0.0000000000000000       -2.9161121964229307E-003   0.0000000000000000     
   6.3360000000000003        0.0000000000000000       -2.8062400216278811E-003   0.0000000000000000     
   6.5340000000000007        0.0000000000000000       -2.7030590372751073E-003   0.0000000000000000     
   6.7320000000000002        0.0000000000000000       -2.6060123044209993E-003   0.0000000000000000     
   6.9300000000000006        0.0000000000000000       -2.5145984553546371E-003   0.0000000000000000     
   7.1280000000000001        0.0000000000000000       -2.4283654358477898E-003   0.0000000000000000     
   7.3260000000000005        0.0000000000000000       -2.3469049680393483E-003   0.0000000000000000     
   7.5240000000000000        0.0000000000000000       -2.2698476878091609E-003   0.0000000000000000     
   7.7220000000000004        0.0000000000000000       -2.1968589834295881E-003   0.0000000000000000     
   7.9199999999999999        0.0000000000000000       -2.1276350777314650E-003   0.0000000000000000     
   8.1180000000000003        0.0000000000000000       -2.0618998650091930E-003   0.0000000000000000     
   8.3160000000000007        0.0000000000000000       -1.9994019432212715E-003   0.0000000000000000     
   8.5140000000000011        0.0000000000000000       -1.9399119908095259E-003   0.0000000000000000     
   8.7119999999999997        0.0000000000000000       -1.8832206134948017E-003   0.0000000000000000     
   8.9100000000000001        0.0000000000000000       -1.8291362020184305E-003   0.0000000000000000     
   9.1080000000000005        0.0000000000000000       -1.7774831939551487E-003   0.0000000000000000     
   9.3060000000000009        0.0000000000000000       -1.7281005169952420E-003   0.0000000000000000     
   9.5040000000000013        0.0000000000000000       -1.6808401182949460E-003   0.0000000000000000     
   9.7020000000000000        0.0000000000000000       -1.6355657732318367E-003   0.0000000000000000     
   9.9000000000000004        0.0000000000000000       -1.5921518988841795E-003   0.0000000000000000     
   10.098000000000001        0.0000000000000000       -1.5504825837755047E-003   0.0000000000000000     
   10.296000000000001        0.0000000000000000       -1.5104507180897537E-003   0.0000000000000000     
   10.494000000000000        0.0000000000000000       -1.4719571121341408E-003   0.0000000000000000     
   10.692000000000000        0.0000000000000000       -1.4349098539957236E-003   0.0000000000000000     
   10.890000000000001        0.0000000000000000       -1.3992236222627381E-003   0.0000000000000000     
   11.088000000000001        0.0000000000000000       -1.3648191131579613E-003   0.0000000000000000     
   11.286000000000001        0.0000000000000000       -1.3316224798852335E-003   0.0000000000000000     
   11.484000000000000        0.0000000000000000       -1.2995649135795859E-003   0.0000000000000000     
   11.682000000000000        0.0000000000000000       -1.2685821631915333E-003   0.0000000000000000     
   11.880000000000001        0.0000000000000000       -1.2386141627550591E-003   0.0000000000000000     
   12.078000000000001        0.0000000000000000       -1.2096046838884602E-003   0.0000000000000000     
   12.276000000000000        0.0000000000000000       -1.1815009843777660E-003   0.0000000000000000     
   12.474000000000000        0.0000000000000000       -1.1542535321130841E-003   0.0000000000000000     
   12.672000000000001        0.0000000000000000       -1.1278157346706619E-003   0.0000000000000000     
   12.870000000000001        0.0000000000000000       -1.1021436740797773E-003   0.0000000000000000     
   13.068000000000001        0.0000000000000000       -1.0771958956271338E-003   0.0000000000000000     
   13.266000000000000        0.0000000000000000       -1.0529331687783642E-003   0.0000000000000000     
   13.464000000000000        0.0000000000000000       -1.0293183196502568E-003   0.0000000000000000     
   13.662000000000001        0.0000000000000000       -1.0063160372131496E-003   0.0000000000000000     
   13.860000000000001        0.0000000000000000       -9.8389265126478179E-004   0.0000000000000000     
   14.058000000000000        0.0000000000000000       -9.6201605085555740E-004   0.0000000000000000     
   14.256000000000000        0.0000000000000000       -9.4065545604059492E-004   0.0000000000000000     
   14.454000000000001        0.0000000000000000       -9.1978129090888199E-004   0.0000000000000000     
   14.652000000000001        0.0000000000000000       -8.9936502550342203E-004   0.0000000000000000     
   14.850000000000001        0.0000000000000000       -8.7937904032421750E-004   0.0000000000000000     
   15.048000000000000        0.0000000000000000       -8.5979643322197567E-004   0.0000000000000000     
   15.246000000000000        0.0000000000000000       -8.4059090740567718E-004   0.0000000000000000     
   15.444000000000001        0.0000000000000000       -8.2173656888836035E-004   0.0000000000000000     
   15.642000000000001        0.0000000000000000       -8.0320775711585028E-004   0.0000000000000000     
   15.840000000000000        0.0000000000000000       -7.8497884010817311E-004   0.0000000000000000     
   16.038000000000000        0.0000000000000000       -7.6702397918327204E-004   0.0000000000000000     
   16.236000000000001        0.0000000000000000       -7.4931686948482906E-004   0.0000000000000000     
   16.434000000000001        0.0000000000000000       -7.3183039294398480E-004   0.0000000000000000     
   16.632000000000001        0.0000000000000000       -7.1453625856702032E-004   0.0000000000000000     
   16.830000000000002        0.0000000000000000       -6.9740442472953528E-004   0.0000000000000000     
   17.028000000000002        0.0000000000000000       -6.8040250787484004E-004   0.0000000000000000     
   17.225999999999999        0.0000000000000000       -6.6349483518701930E-004   0.0000000000000000     
   17.423999999999999        0.0000000000000000       -6.4664119746532446E-004   0.0000000000000000     
   17.622000000000000        0.0000000000000000       -6.2979505240607270E-004   0.0000000000000000     
   17.820000000000000        0.0000000000000000       -6.1291145855214379E-004   0.0000000000000000     
   18.018000000000001        0.0000000000000000       -5.9587668597513202E-004   0.0000000000000000     
   18.216000000000001        0.0000000000000000       -5.7863116069223819E-004   0.0000000000000000     
   18.414000000000001        0.0000000000000000       -5.6105099326400675E-004   0.0000000000000000     
   18.612000000000002        0.0000000000000000       -5.4295452781682823E-004   0.0000000000000000     
   18.810000000000002        0.0000000000000000       -5.2403386212693606E-004   0.0000000000000000     
   19.008000000000003        0.0000000000000000       -5.0380628691812845E-004   0.0000000000000000     
   19.206000000000000        0.0000000000000000       -4.8143171169629743E-004   0.0000000000000000     
   19.404000000000000        0.0000000000000000       -4.5573904611086684E-004   0.0000000000000000     
   19.602000000000000        0.0000000000000000       -4.2574901012630356E-004   0.0000000000000000     
