  -19.602000000000000        0.0000000000000000       -1.6450069709253059E-003   0.0000000000000000     
  -19.404000000000000        0.0000000000000000       -1.7865190731760189E-003   0.0000000000000000     
  -19.206000000000000        0.0000000000000000       -1.9133783399427117E-003   0.0000000000000000     
  -19.008000000000003        0.0000000000000000       -2.0261564156280171E-003   0.0000000000000000     
  -18.810000000000002        0.0000000000000000       -2.1284424456959028E-003   0.0000000000000000     
  -18.612000000000002        0.0000000000000000       -2.2234512489695368E-003   0.0000000000000000     
  -18.414000000000001        0.0000000000000000       -2.3133778347282311E-003   0.0000000000000000     
  -18.216000000000001        0.0000000000000000       -2.3997896186415133E-003   0.0000000000000000     
  -18.018000000000001        0.0000000000000000       -2.4837537014775119E-003   0.0000000000000000     
  -17.820000000000000        0.0000000000000000       -2.5660464829886684E-003   0.0000000000000000     
  -17.622000000000000        0.0000000000000000       -2.6473293821864183E-003   0.0000000000000000     
  -17.423999999999999        0.0000000000000000       -2.7280686655073915E-003   0.0000000000000000     
  -17.225999999999999        0.0000000000000000       -2.8086879334975061E-003   0.0000000000000000     
  -17.028000000000002        0.0000000000000000       -2.8895243479013953E-003   0.0000000000000000     
  -16.830000000000002        0.0000000000000000       -2.9708637677903133E-003   0.0000000000000000     
  -16.632000000000001        0.0000000000000000       -3.0529623461275366E-003   0.0000000000000000     
  -16.434000000000001        0.0000000000000000       -3.1360483529867355E-003   0.0000000000000000     
  -16.236000000000001        0.0000000000000000       -3.2203329839739043E-003   0.0000000000000000     
  -16.038000000000000        0.0000000000000000       -3.3060188633565143E-003   0.0000000000000000     
  -15.840000000000000        0.0000000000000000       -3.3932885217474204E-003   0.0000000000000000     
  -15.642000000000001        0.0000000000000000       -3.4823238187266332E-003   0.0000000000000000     
  -15.444000000000001        0.0000000000000000       -3.5733024503365649E-003   0.0000000000000000     
  -15.246000000000000        0.0000000000000000       -3.6664001926176720E-003   0.0000000000000000     
  -15.048000000000000        0.0000000000000000       -3.7617928022536983E-003   0.0000000000000000     
  -14.850000000000001        0.0000000000000000       -3.8596572724538866E-003   0.0000000000000000     
  -14.652000000000001        0.0000000000000000       -3.9601736667714557E-003   0.0000000000000000     
  -14.454000000000001        0.0000000000000000       -4.0635260076690768E-003   0.0000000000000000     
  -14.256000000000000        0.0000000000000000       -4.1699038748306229E-003   0.0000000000000000     
  -14.058000000000000        0.0000000000000000       -4.2795032241346419E-003   0.0000000000000000     
  -13.860000000000001        0.0000000000000000       -4.3925278587648277E-003   0.0000000000000000     
  -13.662000000000001        0.0000000000000000       -4.5091902698445770E-003   0.0000000000000000     
  -13.464000000000000        0.0000000000000000       -4.6297130393380785E-003   0.0000000000000000     
  -13.266000000000000        0.0000000000000000       -4.7543299152698441E-003   0.0000000000000000     
  -13.068000000000001        0.0000000000000000       -4.8832868749615005E-003   0.0000000000000000     
  -12.870000000000001        0.0000000000000000       -5.0168438809625330E-003   0.0000000000000000     
  -12.672000000000001        0.0000000000000000       -5.1552757212239616E-003   0.0000000000000000     
  -12.474000000000000        0.0000000000000000       -5.2988737166372807E-003   0.0000000000000000     
  -12.276000000000000        0.0000000000000000       -5.4479473239549643E-003   0.0000000000000000     
  -12.078000000000001        0.0000000000000000       -5.6028255995269434E-003   0.0000000000000000     
  -11.880000000000001        0.0000000000000000       -5.7638591001762810E-003   0.0000000000000000     
  -11.682000000000000        0.0000000000000000       -5.9314219880116864E-003   0.0000000000000000     
  -11.484000000000000        0.0000000000000000       -6.1059138465023284E-003   0.0000000000000000     
  -11.286000000000001        0.0000000000000000       -6.2877621436200392E-003   0.0000000000000000     
  -11.088000000000001        0.0000000000000000       -6.4774247274731632E-003   0.0000000000000000     
  -10.890000000000001        0.0000000000000000       -6.6753925885561149E-003   0.0000000000000000     
  -10.692000000000000        0.0000000000000000       -6.8821927210869095E-003   0.0000000000000000     
  -10.494000000000000        0.0000000000000000       -7.0983916544557733E-003   0.0000000000000000     
  -10.296000000000001        0.0000000000000000       -7.3245989302906257E-003   0.0000000000000000     
  -10.098000000000001        0.0000000000000000       -7.5614710062920469E-003   0.0000000000000000     
  -9.9000000000000004        0.0000000000000000       -7.8097158668188641E-003   0.0000000000000000     
  -9.7020000000000000        0.0000000000000000       -8.0700976625088083E-003   0.0000000000000000     
  -9.5040000000000013        0.0000000000000000       -8.3434421193286593E-003   0.0000000000000000     
  -9.3060000000000009        0.0000000000000000       -8.6306422628623543E-003   0.0000000000000000     
  -9.1080000000000005        0.0000000000000000       -8.9326654464122225E-003   0.0000000000000000     
  -8.9100000000000001        0.0000000000000000       -9.2505599124650985E-003   0.0000000000000000     
  -8.7119999999999997        0.0000000000000000       -9.5854631663158038E-003   0.0000000000000000     
  -8.5140000000000011        0.0000000000000000       -9.9386108958265888E-003   0.0000000000000000     
  -8.3160000000000007        0.0000000000000000       -1.0311346429026752E-002   0.0000000000000000     
  -8.1180000000000003        0.0000000000000000       -1.0705132316111941E-002   0.0000000000000000     
  -7.9199999999999999        0.0000000000000000       -1.1121561697597808E-002   0.0000000000000000     
  -7.7220000000000004        0.0000000000000000       -1.1562372219034122E-002   0.0000000000000000     
  -7.5240000000000000        0.0000000000000000       -1.2029461519143397E-002   0.0000000000000000     
  -7.3260000000000005        0.0000000000000000       -1.2524902605736684E-002   0.0000000000000000     
  -7.1280000000000001        0.0000000000000000       -1.3050963927015782E-002   0.0000000000000000     
  -6.9300000000000006        0.0000000000000000       -1.3610128801799419E-002   0.0000000000000000     
  -6.7320000000000002        0.0000000000000000       -1.4205119289120266E-002   0.0000000000000000     
  -6.5340000000000007        0.0000000000000000       -1.4838920985331265E-002   0.0000000000000000     
  -6.3360000000000003        0.0000000000000000       -1.5514811340677889E-002   0.0000000000000000     
  -6.1379999999999999        0.0000000000000000       -1.6236391232407506E-002   0.0000000000000000     
  -5.9400000000000004        0.0000000000000000       -1.7007618374692977E-002   0.0000000000000000     
  -5.7420000000000000        0.0000000000000000       -1.7832845449751542E-002   0.0000000000000000     
  -5.5440000000000005        0.0000000000000000       -1.8716860686551508E-002   0.0000000000000000     
  -5.3460000000000001        0.0000000000000000       -1.9664930494672203E-002   0.0000000000000000     
  -5.1480000000000006        0.0000000000000000       -2.0682845389842722E-002   0.0000000000000000     
  -4.9500000000000002        0.0000000000000000       -2.1776964815341346E-002   0.0000000000000000     
  -4.7520000000000007        0.0000000000000000       -2.2954260289730227E-002   0.0000000000000000     
  -4.5540000000000003        0.0000000000000000       -2.4222348688079830E-002   0.0000000000000000     
  -4.3559999999999999        0.0000000000000000       -2.5589506859170524E-002   0.0000000000000000     
  -4.1580000000000004        0.0000000000000000       -2.7064655247175433E-002   0.0000000000000000     
  -3.9600000000000000        0.0000000000000000       -2.8657310128385710E-002   0.0000000000000000     
  -3.7620000000000000        0.0000000000000000       -3.0377622996483476E-002   0.0000000000000000     
  -3.5640000000000001        0.0000000000000000       -3.2237092232165990E-002   0.0000000000000000     
  -3.3660000000000001        0.0000000000000000       -3.4250341995093581E-002   0.0000000000000000     
  -3.1680000000000001        0.0000000000000000       -3.6434502230671677E-002   0.0000000000000000     
  -2.9700000000000002        0.0000000000000000       -3.8807543328635973E-002   0.0000000000000000     
  -2.7720000000000002        0.0000000000000000       -4.1385810738462224E-002   0.0000000000000000     
  -2.5740000000000003        0.0000000000000000       -4.4184672507653039E-002   0.0000000000000000     
  -2.3760000000000003        0.0000000000000000       -4.7221687771181305E-002   0.0000000000000000     
  -2.1779999999999999        0.0000000000000000       -5.0513233035337814E-002   0.0000000000000000     
  -1.9800000000000000        0.0000000000000000       -5.4066260926529178E-002   0.0000000000000000     
  -1.7820000000000000        0.0000000000000000       -5.7873808800786991E-002   0.0000000000000000     
  -1.5840000000000001        0.0000000000000000       -6.1911427863324882E-002   0.0000000000000000     
  -1.3860000000000001        0.0000000000000000       -6.6125782194872515E-002   0.0000000000000000     
  -1.1880000000000002        0.0000000000000000       -7.0440573590345015E-002   0.0000000000000000     
 -0.98999999999999999        0.0000000000000000       -7.4738119098517936E-002   0.0000000000000000     
 -0.79200000000000004        0.0000000000000000       -7.8840390233320096E-002   0.0000000000000000     
 -0.59400000000000008        0.0000000000000000       -8.2490930898146686E-002   0.0000000000000000     
 -0.39600000000000002        0.0000000000000000       -8.5404826832767497E-002   0.0000000000000000     
 -0.19800000000000001        0.0000000000000000       -8.7297459371069530E-002   0.0000000000000000     
   0.0000000000000000        0.0000000000000000       -8.7955020067491355E-002   0.0000000000000000     
  0.19800000000000001        0.0000000000000000       -8.7297459371069530E-002   0.0000000000000000     
  0.39600000000000002        0.0000000000000000       -8.5404826832767497E-002   0.0000000000000000     
  0.59400000000000008        0.0000000000000000       -8.2490930898146686E-002   0.0000000000000000     
  0.79200000000000004        0.0000000000000000       -7.8840390233320096E-002   0.0000000000000000     
  0.98999999999999999        0.0000000000000000       -7.4738119098517936E-002   0.0000000000000000     
   1.1880000000000002        0.0000000000000000       -7.0440573590345015E-002   0.0000000000000000     
   1.3860000000000001        0.0000000000000000       -6.6125782194872515E-002   0.0000000000000000     
   1.5840000000000001        0.0000000000000000       -6.1911427863324882E-002   0.0000000000000000     
   1.7820000000000000        0.0000000000000000       -5.7873808800786991E-002   0.0000000000000000     
   1.9800000000000000        0.0000000000000000       -5.4066260926529178E-002   0.0000000000000000     
   2.1779999999999999        0.0000000000000000       -5.0513233035337814E-002   0.0000000000000000     
   2.3760000000000003        0.0000000000000000       -4.7221687771181305E-002   0.0000000000000000     
   2.5740000000000003        0.0000000000000000       -4.4184672507653039E-002   0.0000000000000000     
   2.7720000000000002        0.0000000000000000       -4.1385810738462224E-002   0.0000000000000000     
   2.9700000000000002        0.0000000000000000       -3.8807543328635973E-002   0.0000000000000000     
   3.1680000000000001        0.0000000000000000       -3.6434502230671677E-002   0.0000000000000000     
   3.3660000000000001        0.0000000000000000       -3.4250341995093581E-002   0.0000000000000000     
   3.5640000000000001        0.0000000000000000       -3.2237092232165990E-002   0.0000000000000000     
   3.7620000000000000        0.0000000000000000       -3.0377622996483476E-002   0.0000000000000000     
   3.9600000000000000        0.0000000000000000       -2.8657310128385710E-002   0.0000000000000000     
   4.1580000000000004        0.0000000000000000       -2.7064655247175433E-002   0.0000000000000000     
   4.3559999999999999        0.0000000000000000       -2.5589506859170524E-002   0.0000000000000000     
   4.5540000000000003        0.0000000000000000       -2.4222348688079830E-002   0.0000000000000000     
   4.7520000000000007        0.0000000000000000       -2.2954260289730227E-002   0.0000000000000000     
   4.9500000000000002        0.0000000000000000       -2.1776964815341346E-002   0.0000000000000000     
   5.1480000000000006        0.0000000000000000       -2.0682845389842722E-002   0.0000000000000000     
   5.3460000000000001        0.0000000000000000       -1.9664930494672203E-002   0.0000000000000000     
   5.5440000000000005        0.0000000000000000       -1.8716860686551508E-002   0.0000000000000000     
   5.7420000000000000        0.0000000000000000       -1.7832845449751542E-002   0.0000000000000000     
   5.9400000000000004        0.0000000000000000       -1.7007618374692977E-002   0.0000000000000000     
   6.1379999999999999        0.0000000000000000       -1.6236391232407506E-002   0.0000000000000000     
   6.3360000000000003        0.0000000000000000       -1.5514811340677889E-002   0.0000000000000000     
   6.5340000000000007        0.0000000000000000       -1.4838920985331265E-002   0.0000000000000000     
   6.7320000000000002        0.0000000000000000       -1.4205119289120266E-002   0.0000000000000000     
   6.9300000000000006        0.0000000000000000       -1.3610128801799419E-002   0.0000000000000000     
   7.1280000000000001        0.0000000000000000       -1.3050963927015782E-002   0.0000000000000000     
   7.3260000000000005        0.0000000000000000       -1.2524902605736684E-002   0.0000000000000000     
   7.5240000000000000        0.0000000000000000       -1.2029461519143397E-002   0.0000000000000000     
   7.7220000000000004        0.0000000000000000       -1.1562372219034122E-002   0.0000000000000000     
   7.9199999999999999        0.0000000000000000       -1.1121561697597808E-002   0.0000000000000000     
   8.1180000000000003        0.0000000000000000       -1.0705132316111941E-002   0.0000000000000000     
   8.3160000000000007        0.0000000000000000       -1.0311346429026752E-002   0.0000000000000000     
   8.5140000000000011        0.0000000000000000       -9.9386108958265888E-003   0.0000000000000000     
   8.7119999999999997        0.0000000000000000       -9.5854631663158038E-003   0.0000000000000000     
   8.9100000000000001        0.0000000000000000       -9.2505599124650985E-003   0.0000000000000000     
   9.1080000000000005        0.0000000000000000       -8.9326654464122225E-003   0.0000000000000000     
   9.3060000000000009        0.0000000000000000       -8.6306422628623543E-003   0.0000000000000000     
   9.5040000000000013        0.0000000000000000       -8.3434421193286593E-003   0.0000000000000000     
   9.7020000000000000        0.0000000000000000       -8.0700976625088083E-003   0.0000000000000000     
   9.9000000000000004        0.0000000000000000       -7.8097158668188641E-003   0.0000000000000000     
   10.098000000000001        0.0000000000000000       -7.5614710062920469E-003   0.0000000000000000     
   10.296000000000001        0.0000000000000000       -7.3245989302906257E-003   0.0000000000000000     
   10.494000000000000        0.0000000000000000       -7.0983916544557733E-003   0.0000000000000000     
   10.692000000000000        0.0000000000000000       -6.8821927210869095E-003   0.0000000000000000     
   10.890000000000001        0.0000000000000000       -6.6753925885561149E-003   0.0000000000000000     
   11.088000000000001        0.0000000000000000       -6.4774247274731632E-003   0.0000000000000000     
   11.286000000000001        0.0000000000000000       -6.2877621436200392E-003   0.0000000000000000     
   11.484000000000000        0.0000000000000000       -6.1059138465023284E-003   0.0000000000000000     
   11.682000000000000        0.0000000000000000       -5.9314219880116864E-003   0.0000000000000000     
   11.880000000000001        0.0000000000000000       -5.7638591001762810E-003   0.0000000000000000     
   12.078000000000001        0.0000000000000000       -5.6028255995269434E-003   0.0000000000000000     
   12.276000000000000        0.0000000000000000       -5.4479473239549643E-003   0.0000000000000000     
   12.474000000000000        0.0000000000000000       -5.2988737166372807E-003   0.0000000000000000     
   12.672000000000001        0.0000000000000000       -5.1552757212239616E-003   0.0000000000000000     
   12.870000000000001        0.0000000000000000       -5.0168438809625330E-003   0.0000000000000000     
   13.068000000000001        0.0000000000000000       -4.8832868749615005E-003   0.0000000000000000     
   13.266000000000000        0.0000000000000000       -4.7543299152698441E-003   0.0000000000000000     
   13.464000000000000        0.0000000000000000       -4.6297130393380785E-003   0.0000000000000000     
   13.662000000000001        0.0000000000000000       -4.5091902698445770E-003   0.0000000000000000     
   13.860000000000001        0.0000000000000000       -4.3925278587648277E-003   0.0000000000000000     
   14.058000000000000        0.0000000000000000       -4.2795032241346419E-003   0.0000000000000000     
   14.256000000000000        0.0000000000000000       -4.1699038748306229E-003   0.0000000000000000     
   14.454000000000001        0.0000000000000000       -4.0635260076690768E-003   0.0000000000000000     
   14.652000000000001        0.0000000000000000       -3.9601736667714557E-003   0.0000000000000000     
   14.850000000000001        0.0000000000000000       -3.8596572724538866E-003   0.0000000000000000     
   15.048000000000000        0.0000000000000000       -3.7617928022536983E-003   0.0000000000000000     
   15.246000000000000        0.0000000000000000       -3.6664001926176720E-003   0.0000000000000000     
   15.444000000000001        0.0000000000000000       -3.5733024503365649E-003   0.0000000000000000     
   15.642000000000001        0.0000000000000000       -3.4823238187266332E-003   0.0000000000000000     
   15.840000000000000        0.0000000000000000       -3.3932885217474204E-003   0.0000000000000000     
   16.038000000000000        0.0000000000000000       -3.3060188633565143E-003   0.0000000000000000     
   16.236000000000001        0.0000000000000000       -3.2203329839739043E-003   0.0000000000000000     
   16.434000000000001        0.0000000000000000       -3.1360483529867355E-003   0.0000000000000000     
   16.632000000000001        0.0000000000000000       -3.0529623461275366E-003   0.0000000000000000     
   16.830000000000002        0.0000000000000000       -2.9708637677903133E-003   0.0000000000000000     
   17.028000000000002        0.0000000000000000       -2.8895243479013953E-003   0.0000000000000000     
   17.225999999999999        0.0000000000000000       -2.8086879334975061E-003   0.0000000000000000     
   17.423999999999999        0.0000000000000000       -2.7280686655073915E-003   0.0000000000000000     
   17.622000000000000        0.0000000000000000       -2.6473293821864183E-003   0.0000000000000000     
   17.820000000000000        0.0000000000000000       -2.5660464829886684E-003   0.0000000000000000     
   18.018000000000001        0.0000000000000000       -2.4837537014775119E-003   0.0000000000000000     
   18.216000000000001        0.0000000000000000       -2.3997896186415133E-003   0.0000000000000000     
   18.414000000000001        0.0000000000000000       -2.3133778347282311E-003   0.0000000000000000     
   18.612000000000002        0.0000000000000000       -2.2234512489695368E-003   0.0000000000000000     
   18.810000000000002        0.0000000000000000       -2.1284424456959028E-003   0.0000000000000000     
   19.008000000000003        0.0000000000000000       -2.0261564156280171E-003   0.0000000000000000     
   19.206000000000000        0.0000000000000000       -1.9133783399427117E-003   0.0000000000000000     
   19.404000000000000        0.0000000000000000       -1.7865190731760189E-003   0.0000000000000000     
   19.602000000000000        0.0000000000000000       -1.6450069709253059E-003   0.0000000000000000     
