  -19.602000000000000        0.0000000000000000       -1.6444076381219807E-003   0.0000000000000000     
  -19.404000000000000        0.0000000000000000       -1.7858373674036795E-003   0.0000000000000000     
  -19.206000000000000        0.0000000000000000       -1.9126415965724059E-003   0.0000000000000000     
  -19.008000000000003        0.0000000000000000       -2.0253783465891927E-003   0.0000000000000000     
  -18.810000000000002        0.0000000000000000       -2.1276676866556431E-003   0.0000000000000000     
  -18.612000000000002        0.0000000000000000       -2.2226575507645575E-003   0.0000000000000000     
  -18.414000000000001        0.0000000000000000       -2.3125580197036104E-003   0.0000000000000000     
  -18.216000000000001        0.0000000000000000       -2.3989433844637709E-003   0.0000000000000000     
  -18.018000000000001        0.0000000000000000       -2.4828807365956827E-003   0.0000000000000000     
  -17.820000000000000        0.0000000000000000       -2.5651451623602941E-003   0.0000000000000000     
  -17.622000000000000        0.0000000000000000       -2.6463938103086239E-003   0.0000000000000000     
  -17.423999999999999        0.0000000000000000       -2.7271228428654539E-003   0.0000000000000000     
  -17.225999999999999        0.0000000000000000       -2.8077148160414499E-003   0.0000000000000000     
  -17.028000000000002        0.0000000000000000       -2.8885217381829959E-003   0.0000000000000000     
  -16.830000000000002        0.0000000000000000       -2.9698304583191449E-003   0.0000000000000000     
  -16.632000000000001        0.0000000000000000       -3.0518971155869463E-003   0.0000000000000000     
  -16.434000000000001        0.0000000000000000       -3.1349501183223333E-003   0.0000000000000000     
  -16.236000000000001        0.0000000000000000       -3.2192007690541175E-003   0.0000000000000000     
  -16.038000000000000        0.0000000000000000       -3.3048515491787638E-003   0.0000000000000000     
  -15.840000000000000        0.0000000000000000       -3.3920851192756570E-003   0.0000000000000000     
  -15.642000000000001        0.0000000000000000       -3.4810833564380243E-003   0.0000000000000000     
  -15.444000000000001        0.0000000000000000       -3.5720238709856756E-003   0.0000000000000000     
  -15.246000000000000        0.0000000000000000       -3.6650825223773016E-003   0.0000000000000000     
  -15.048000000000000        0.0000000000000000       -3.7604348884774505E-003   0.0000000000000000     
  -14.850000000000001        0.0000000000000000       -3.8582580256351336E-003   0.0000000000000000     
  -14.652000000000001        0.0000000000000000       -3.9587318582195580E-003   0.0000000000000000     
  -14.454000000000001        0.0000000000000000       -4.0620404497111982E-003   0.0000000000000000     
  -14.256000000000000        0.0000000000000000       -4.1683732166444588E-003   0.0000000000000000     
  -14.058000000000000        0.0000000000000000       -4.2779261826463967E-003   0.0000000000000000     
  -13.860000000000001        0.0000000000000000       -4.3909029619422805E-003   0.0000000000000000     
  -13.662000000000001        0.0000000000000000       -4.5075160829863162E-003   0.0000000000000000     
  -13.464000000000000        0.0000000000000000       -4.6279879977761673E-003   0.0000000000000000     
  -13.266000000000000        0.0000000000000000       -4.7525524050228028E-003   0.0000000000000000     
  -13.068000000000001        0.0000000000000000       -4.8814552603867658E-003   0.0000000000000000     
  -12.870000000000001        0.0000000000000000       -5.0149563909205209E-003   0.0000000000000000     
  -12.672000000000001        0.0000000000000000       -5.1533304910176244E-003   0.0000000000000000     
  -12.474000000000000        0.0000000000000000       -5.2968689129090189E-003   0.0000000000000000     
  -12.276000000000000        0.0000000000000000       -5.4458809488150840E-003   0.0000000000000000     
  -12.078000000000001        0.0000000000000000       -5.6006956407986495E-003   0.0000000000000000     
  -11.880000000000001        0.0000000000000000       -5.7616635157259587E-003   0.0000000000000000     
  -11.682000000000000        0.0000000000000000       -5.9291586174914810E-003   0.0000000000000000     
  -11.484000000000000        0.0000000000000000       -6.1035804016717956E-003   0.0000000000000000     
  -11.286000000000001        0.0000000000000000       -6.2853563242560072E-003   0.0000000000000000     
  -11.088000000000001        0.0000000000000000       -6.4749442637701523E-003   0.0000000000000000     
  -10.890000000000001        0.0000000000000000       -6.6728349943282108E-003   0.0000000000000000     
  -10.692000000000000        0.0000000000000000       -6.8795556921935055E-003   0.0000000000000000     
  -10.494000000000000        0.0000000000000000       -7.0956727572506146E-003   0.0000000000000000     
  -10.296000000000001        0.0000000000000000       -7.3217957444928041E-003   0.0000000000000000     
  -10.098000000000001        0.0000000000000000       -7.5585812150869187E-003   0.0000000000000000     
  -9.9000000000000004        0.0000000000000000       -7.8067370925563864E-003   0.0000000000000000     
  -9.7020000000000000        0.0000000000000000       -8.0670277061276972E-003   0.0000000000000000     
  -9.5040000000000013        0.0000000000000000       -8.3402789633520661E-003   0.0000000000000000     
  -9.3060000000000009        0.0000000000000000       -8.6273840983590120E-003   0.0000000000000000     
  -9.1080000000000005        0.0000000000000000       -8.9293106490309845E-003   0.0000000000000000     
  -8.9100000000000001        0.0000000000000000       -9.2471072795547171E-003   0.0000000000000000     
  -8.7119999999999997        0.0000000000000000       -9.5819120035692852E-003   0.0000000000000000     
  -8.5140000000000011        0.0000000000000000       -9.9349610822644513E-003   0.0000000000000000     
  -8.3160000000000007        0.0000000000000000       -1.0307598848836164E-002   0.0000000000000000     
  -8.1180000000000003        0.0000000000000000       -1.0701288527508601E-002   0.0000000000000000     
  -7.9199999999999999        0.0000000000000000       -1.1117624545558208E-002   0.0000000000000000     
  -7.7220000000000004        0.0000000000000000       -1.1558346330735313E-002   0.0000000000000000     
  -7.5240000000000000        0.0000000000000000       -1.2025352978124928E-002   0.0000000000000000     
  -7.3260000000000005        0.0000000000000000       -1.2520720290970618E-002   0.0000000000000000     
  -7.1280000000000001        0.0000000000000000       -1.3046719149046504E-002   0.0000000000000000     
  -6.9300000000000006        0.0000000000000000       -1.3605836703801232E-002   0.0000000000000000     
  -6.7320000000000002        0.0000000000000000       -1.4200798943911408E-002   0.0000000000000000     
  -6.5340000000000007        0.0000000000000000       -1.4834596945063441E-002   0.0000000000000000     
  -6.3360000000000003        0.0000000000000000       -1.5510514428157282E-002   0.0000000000000000     
  -6.1379999999999999        0.0000000000000000       -1.6232160011513942E-002   0.0000000000000000     
  -5.9400000000000004        0.0000000000000000       -1.7003500783487675E-002   0.0000000000000000     
  -5.7420000000000000        0.0000000000000000       -1.7828900681304775E-002   0.0000000000000000     
  -5.5440000000000005        0.0000000000000000       -1.8713161428906454E-002   0.0000000000000000     
  -5.3460000000000001        0.0000000000000000       -1.9661565720055663E-002   0.0000000000000000     
  -5.1480000000000006        0.0000000000000000       -2.0679923171758725E-002   0.0000000000000000     
  -4.9500000000000002        0.0000000000000000       -2.1774616763563653E-002   0.0000000000000000     
  -4.7520000000000007        0.0000000000000000       -2.2952644528356238E-002   0.0000000000000000     
  -4.5540000000000003        0.0000000000000000       -2.4221654863044090E-002   0.0000000000000000     
  -4.3559999999999999        0.0000000000000000       -2.5589960144278549E-002   0.0000000000000000     
  -4.1580000000000004        0.0000000000000000       -2.7066522570053396E-002   0.0000000000000000     
  -3.9600000000000000        0.0000000000000000       -2.8660901602762277E-002   0.0000000000000000     
  -3.7620000000000000        0.0000000000000000       -3.0383298904894898E-002   0.0000000000000000     
  -3.5640000000000001        0.0000000000000000       -3.2245259968977522E-002   0.0000000000000000     
  -3.3660000000000001        0.0000000000000000       -3.4261442017555759E-002   0.0000000000000000     
  -3.1680000000000001        0.0000000000000000       -3.6448972889839892E-002   0.0000000000000000     
  -2.9700000000000002        0.0000000000000000       -3.8825815895616012E-002   0.0000000000000000     
  -2.7720000000000002        0.0000000000000000       -4.1408286892087857E-002   0.0000000000000000     
  -2.5740000000000003        0.0000000000000000       -4.4211548889122772E-002   0.0000000000000000     
  -2.3760000000000003        0.0000000000000000       -4.7252136629792718E-002   0.0000000000000000     
  -2.1779999999999999        0.0000000000000000       -5.0542871713615156E-002   0.0000000000000000     
  -1.9800000000000000        0.0000000000000000       -5.4090996077439654E-002   0.0000000000000000     
  -1.7820000000000000        0.0000000000000000       -5.7895369221671676E-002   0.0000000000000000     
  -1.5840000000000001        0.0000000000000000       -6.1934509625708387E-002   0.0000000000000000     
  -1.3860000000000001        0.0000000000000000       -6.6151234259118744E-002   0.0000000000000000     
  -1.1880000000000002        0.0000000000000000       -7.0467178534995303E-002   0.0000000000000000     
 -0.98999999999999999        0.0000000000000000       -7.4757197847056978E-002   0.0000000000000000     
 -0.79200000000000004        0.0000000000000000       -7.8832509388859801E-002   0.0000000000000000     
 -0.59400000000000008        0.0000000000000000       -8.2445959055359466E-002   0.0000000000000000     
 -0.39600000000000002        0.0000000000000000       -8.5317495958644629E-002   0.0000000000000000     
 -0.19800000000000001        0.0000000000000000       -8.7175208892474196E-002   0.0000000000000000     
   0.0000000000000000        0.0000000000000000       -8.7820727254385972E-002   0.0000000000000000     
  0.19800000000000001        0.0000000000000000       -8.7175208892474196E-002   0.0000000000000000     
  0.39600000000000002        0.0000000000000000       -8.5317495958644629E-002   0.0000000000000000     
  0.59400000000000008        0.0000000000000000       -8.2445959055359466E-002   0.0000000000000000     
  0.79200000000000004        0.0000000000000000       -7.8832509388859801E-002   0.0000000000000000     
  0.98999999999999999        0.0000000000000000       -7.4757197847056978E-002   0.0000000000000000     
   1.1880000000000002        0.0000000000000000       -7.0467178534995303E-002   0.0000000000000000     
   1.3860000000000001        0.0000000000000000       -6.6151234259118744E-002   0.0000000000000000     
   1.5840000000000001        0.0000000000000000       -6.1934509625708387E-002   0.0000000000000000     
   1.7820000000000000        0.0000000000000000       -5.7895369221671676E-002   0.0000000000000000     
   1.9800000000000000        0.0000000000000000       -5.4090996077439654E-002   0.0000000000000000     
   2.1779999999999999        0.0000000000000000       -5.0542871713615156E-002   0.0000000000000000     
   2.3760000000000003        0.0000000000000000       -4.7252136629792718E-002   0.0000000000000000     
   2.5740000000000003        0.0000000000000000       -4.4211548889122772E-002   0.0000000000000000     
   2.7720000000000002        0.0000000000000000       -4.1408286892087857E-002   0.0000000000000000     
   2.9700000000000002        0.0000000000000000       -3.8825815895616012E-002   0.0000000000000000     
   3.1680000000000001        0.0000000000000000       -3.6448972889839892E-002   0.0000000000000000     
   3.3660000000000001        0.0000000000000000       -3.4261442017555759E-002   0.0000000000000000     
   3.5640000000000001        0.0000000000000000       -3.2245259968977522E-002   0.0000000000000000     
   3.7620000000000000        0.0000000000000000       -3.0383298904894898E-002   0.0000000000000000     
   3.9600000000000000        0.0000000000000000       -2.8660901602762277E-002   0.0000000000000000     
   4.1580000000000004        0.0000000000000000       -2.7066522570053396E-002   0.0000000000000000     
   4.3559999999999999        0.0000000000000000       -2.5589960144278549E-002   0.0000000000000000     
   4.5540000000000003        0.0000000000000000       -2.4221654863044090E-002   0.0000000000000000     
   4.7520000000000007        0.0000000000000000       -2.2952644528356238E-002   0.0000000000000000     
   4.9500000000000002        0.0000000000000000       -2.1774616763563653E-002   0.0000000000000000     
   5.1480000000000006        0.0000000000000000       -2.0679923171758725E-002   0.0000000000000000     
   5.3460000000000001        0.0000000000000000       -1.9661565720055663E-002   0.0000000000000000     
   5.5440000000000005        0.0000000000000000       -1.8713161428906454E-002   0.0000000000000000     
   5.7420000000000000        0.0000000000000000       -1.7828900681304775E-002   0.0000000000000000     
   5.9400000000000004        0.0000000000000000       -1.7003500783487675E-002   0.0000000000000000     
   6.1379999999999999        0.0000000000000000       -1.6232160011513942E-002   0.0000000000000000     
   6.3360000000000003        0.0000000000000000       -1.5510514428157282E-002   0.0000000000000000     
   6.5340000000000007        0.0000000000000000       -1.4834596945063441E-002   0.0000000000000000     
   6.7320000000000002        0.0000000000000000       -1.4200798943911408E-002   0.0000000000000000     
   6.9300000000000006        0.0000000000000000       -1.3605836703801232E-002   0.0000000000000000     
   7.1280000000000001        0.0000000000000000       -1.3046719149046504E-002   0.0000000000000000     
   7.3260000000000005        0.0000000000000000       -1.2520720290970618E-002   0.0000000000000000     
   7.5240000000000000        0.0000000000000000       -1.2025352978124928E-002   0.0000000000000000     
   7.7220000000000004        0.0000000000000000       -1.1558346330735313E-002   0.0000000000000000     
   7.9199999999999999        0.0000000000000000       -1.1117624545558208E-002   0.0000000000000000     
   8.1180000000000003        0.0000000000000000       -1.0701288527508601E-002   0.0000000000000000     
   8.3160000000000007        0.0000000000000000       -1.0307598848836164E-002   0.0000000000000000     
   8.5140000000000011        0.0000000000000000       -9.9349610822644513E-003   0.0000000000000000     
   8.7119999999999997        0.0000000000000000       -9.5819120035692852E-003   0.0000000000000000     
   8.9100000000000001        0.0000000000000000       -9.2471072795547171E-003   0.0000000000000000     
   9.1080000000000005        0.0000000000000000       -8.9293106490309845E-003   0.0000000000000000     
   9.3060000000000009        0.0000000000000000       -8.6273840983590120E-003   0.0000000000000000     
   9.5040000000000013        0.0000000000000000       -8.3402789633520661E-003   0.0000000000000000     
   9.7020000000000000        0.0000000000000000       -8.0670277061276972E-003   0.0000000000000000     
   9.9000000000000004        0.0000000000000000       -7.8067370925563864E-003   0.0000000000000000     
   10.098000000000001        0.0000000000000000       -7.5585812150869187E-003   0.0000000000000000     
   10.296000000000001        0.0000000000000000       -7.3217957444928041E-003   0.0000000000000000     
   10.494000000000000        0.0000000000000000       -7.0956727572506146E-003   0.0000000000000000     
   10.692000000000000        0.0000000000000000       -6.8795556921935055E-003   0.0000000000000000     
   10.890000000000001        0.0000000000000000       -6.6728349943282108E-003   0.0000000000000000     
   11.088000000000001        0.0000000000000000       -6.4749442637701523E-003   0.0000000000000000     
   11.286000000000001        0.0000000000000000       -6.2853563242560072E-003   0.0000000000000000     
   11.484000000000000        0.0000000000000000       -6.1035804016717956E-003   0.0000000000000000     
   11.682000000000000        0.0000000000000000       -5.9291586174914810E-003   0.0000000000000000     
   11.880000000000001        0.0000000000000000       -5.7616635157259587E-003   0.0000000000000000     
   12.078000000000001        0.0000000000000000       -5.6006956407986495E-003   0.0000000000000000     
   12.276000000000000        0.0000000000000000       -5.4458809488150840E-003   0.0000000000000000     
   12.474000000000000        0.0000000000000000       -5.2968689129090189E-003   0.0000000000000000     
   12.672000000000001        0.0000000000000000       -5.1533304910176244E-003   0.0000000000000000     
   12.870000000000001        0.0000000000000000       -5.0149563909205209E-003   0.0000000000000000     
   13.068000000000001        0.0000000000000000       -4.8814552603867658E-003   0.0000000000000000     
   13.266000000000000        0.0000000000000000       -4.7525524050228028E-003   0.0000000000000000     
   13.464000000000000        0.0000000000000000       -4.6279879977761673E-003   0.0000000000000000     
   13.662000000000001        0.0000000000000000       -4.5075160829863162E-003   0.0000000000000000     
   13.860000000000001        0.0000000000000000       -4.3909029619422805E-003   0.0000000000000000     
   14.058000000000000        0.0000000000000000       -4.2779261826463967E-003   0.0000000000000000     
   14.256000000000000        0.0000000000000000       -4.1683732166444588E-003   0.0000000000000000     
   14.454000000000001        0.0000000000000000       -4.0620404497111982E-003   0.0000000000000000     
   14.652000000000001        0.0000000000000000       -3.9587318582195580E-003   0.0000000000000000     
   14.850000000000001        0.0000000000000000       -3.8582580256351336E-003   0.0000000000000000     
   15.048000000000000        0.0000000000000000       -3.7604348884774505E-003   0.0000000000000000     
   15.246000000000000        0.0000000000000000       -3.6650825223773016E-003   0.0000000000000000     
   15.444000000000001        0.0000000000000000       -3.5720238709856756E-003   0.0000000000000000     
   15.642000000000001        0.0000000000000000       -3.4810833564380243E-003   0.0000000000000000     
   15.840000000000000        0.0000000000000000       -3.3920851192756570E-003   0.0000000000000000     
   16.038000000000000        0.0000000000000000       -3.3048515491787638E-003   0.0000000000000000     
   16.236000000000001        0.0000000000000000       -3.2192007690541175E-003   0.0000000000000000     
   16.434000000000001        0.0000000000000000       -3.1349501183223333E-003   0.0000000000000000     
   16.632000000000001        0.0000000000000000       -3.0518971155869463E-003   0.0000000000000000     
   16.830000000000002        0.0000000000000000       -2.9698304583191449E-003   0.0000000000000000     
   17.028000000000002        0.0000000000000000       -2.8885217381829959E-003   0.0000000000000000     
   17.225999999999999        0.0000000000000000       -2.8077148160414499E-003   0.0000000000000000     
   17.423999999999999        0.0000000000000000       -2.7271228428654539E-003   0.0000000000000000     
   17.622000000000000        0.0000000000000000       -2.6463938103086239E-003   0.0000000000000000     
   17.820000000000000        0.0000000000000000       -2.5651451623602941E-003   0.0000000000000000     
   18.018000000000001        0.0000000000000000       -2.4828807365956827E-003   0.0000000000000000     
   18.216000000000001        0.0000000000000000       -2.3989433844637709E-003   0.0000000000000000     
   18.414000000000001        0.0000000000000000       -2.3125580197036104E-003   0.0000000000000000     
   18.612000000000002        0.0000000000000000       -2.2226575507645575E-003   0.0000000000000000     
   18.810000000000002        0.0000000000000000       -2.1276676866556431E-003   0.0000000000000000     
   19.008000000000003        0.0000000000000000       -2.0253783465891927E-003   0.0000000000000000     
   19.206000000000000        0.0000000000000000       -1.9126415965724059E-003   0.0000000000000000     
   19.404000000000000        0.0000000000000000       -1.7858373674036795E-003   0.0000000000000000     
   19.602000000000000        0.0000000000000000       -1.6444076381219807E-003   0.0000000000000000     
