  -19.602000000000000        0.0000000000000000       -5.2506135324557352E-003   0.0000000000000000     
  -19.404000000000000        0.0000000000000000       -5.5512557006792244E-003   0.0000000000000000     
  -19.206000000000000        0.0000000000000000       -5.8326628340021622E-003   0.0000000000000000     
  -19.008000000000003        0.0000000000000000       -6.0986446108059755E-003   0.0000000000000000     
  -18.810000000000002        0.0000000000000000       -6.3526684237280081E-003   0.0000000000000000     
  -18.612000000000002        0.0000000000000000       -6.5976632021024755E-003   0.0000000000000000     
  -18.414000000000001        0.0000000000000000       -6.8352600977366826E-003   0.0000000000000000     
  -18.216000000000001        0.0000000000000000       -7.0676113268179431E-003   0.0000000000000000     
  -18.018000000000001        0.0000000000000000       -7.2956138869745566E-003   0.0000000000000000     
  -17.820000000000000        0.0000000000000000       -7.5203181326494164E-003   0.0000000000000000     
  -17.622000000000000        0.0000000000000000       -7.7431945733357462E-003   0.0000000000000000     
  -17.423999999999999        0.0000000000000000       -7.9642471799257295E-003   0.0000000000000000     
  -17.225999999999999        0.0000000000000000       -8.1841490536702297E-003   0.0000000000000000     
  -17.028000000000002        0.0000000000000000       -8.4034689428383602E-003   0.0000000000000000     
  -16.830000000000002        0.0000000000000000       -8.6225200722901147E-003   0.0000000000000000     
  -16.632000000000001        0.0000000000000000       -8.8419615474484049E-003   0.0000000000000000     
  -16.434000000000001        0.0000000000000000       -9.0622068646530034E-003   0.0000000000000000     
  -16.236000000000001        0.0000000000000000       -9.2836420502973600E-003   0.0000000000000000     
  -16.038000000000000        0.0000000000000000       -9.5066307507233726E-003   0.0000000000000000     
  -15.840000000000000        0.0000000000000000       -9.7315183579672875E-003   0.0000000000000000     
  -15.642000000000001        0.0000000000000000       -9.9586359179729914E-003   0.0000000000000000     
  -15.444000000000001        0.0000000000000000       -1.0188303028569044E-002   0.0000000000000000     
  -15.246000000000000        0.0000000000000000       -1.0420830580748448E-002   0.0000000000000000     
  -15.048000000000000        0.0000000000000000       -1.0656523321129268E-002   0.0000000000000000     
  -14.850000000000001        0.0000000000000000       -1.0895681791313285E-002   0.0000000000000000     
  -14.652000000000001        0.0000000000000000       -1.1138604624883064E-002   0.0000000000000000     
  -14.454000000000001        0.0000000000000000       -1.1385590107000260E-002   0.0000000000000000     
  -14.256000000000000        0.0000000000000000       -1.1636937778247885E-002   0.0000000000000000     
  -14.058000000000000        0.0000000000000000       -1.1892950246787664E-002   0.0000000000000000     
  -13.860000000000001        0.0000000000000000       -1.2153935070570337E-002   0.0000000000000000     
  -13.662000000000001        0.0000000000000000       -1.2420262444038549E-002   0.0000000000000000     
  -13.464000000000000        0.0000000000000000       -1.2692190099110613E-002   0.0000000000000000     
  -13.266000000000000        0.0000000000000000       -1.2970048156295006E-002   0.0000000000000000     
  -13.068000000000001        0.0000000000000000       -1.3254177043091012E-002   0.0000000000000000     
  -12.870000000000001        0.0000000000000000       -1.3544928660922191E-002   0.0000000000000000     
  -12.672000000000001        0.0000000000000000       -1.3842668495940281E-002   0.0000000000000000     
  -12.474000000000000        0.0000000000000000       -1.4147776625574452E-002   0.0000000000000000     
  -12.276000000000000        0.0000000000000000       -1.4460649488288275E-002   0.0000000000000000     
  -12.078000000000001        0.0000000000000000       -1.4781701784224954E-002   0.0000000000000000     
  -11.880000000000001        0.0000000000000000       -1.5111368025588162E-002   0.0000000000000000     
  -11.682000000000000        0.0000000000000000       -1.5450104655741655E-002   0.0000000000000000     
  -11.484000000000000        0.0000000000000000       -1.5798391921280297E-002   0.0000000000000000     
  -11.286000000000001        0.0000000000000000       -1.6156735729353139E-002   0.0000000000000000     
  -11.088000000000001        0.0000000000000000       -1.6525670580666861E-002   0.0000000000000000     
  -10.890000000000001        0.0000000000000000       -1.6905761523592425E-002   0.0000000000000000     
  -10.692000000000000        0.0000000000000000       -1.7297606535962982E-002   0.0000000000000000     
  -10.494000000000000        0.0000000000000000       -1.7701839901438324E-002   0.0000000000000000     
  -10.296000000000001        0.0000000000000000       -1.8119134844783617E-002   0.0000000000000000     
  -10.098000000000001        0.0000000000000000       -1.8550206873207381E-002   0.0000000000000000     
  -9.9000000000000004        0.0000000000000000       -1.8995816793244094E-002   0.0000000000000000     
  -9.7020000000000000        0.0000000000000000       -1.9456774991353825E-002   0.0000000000000000     
  -9.5040000000000013        0.0000000000000000       -1.9933944615797762E-002   0.0000000000000000     
  -9.3060000000000009        0.0000000000000000       -2.0428246500618263E-002   0.0000000000000000     
  -9.1080000000000005        0.0000000000000000       -2.0940662523568337E-002   0.0000000000000000     
  -8.9100000000000001        0.0000000000000000       -2.1472241463822837E-002   0.0000000000000000     
  -8.7119999999999997        0.0000000000000000       -2.2024102027156742E-002   0.0000000000000000     
  -8.5140000000000011        0.0000000000000000       -2.2597439721266634E-002   0.0000000000000000     
  -8.3160000000000007        0.0000000000000000       -2.3193530123368816E-002   0.0000000000000000     
  -8.1180000000000003        0.0000000000000000       -2.3813735060522419E-002   0.0000000000000000     
  -7.9199999999999999        0.0000000000000000       -2.4459506436728888E-002   0.0000000000000000     
  -7.7220000000000004        0.0000000000000000       -2.5132391952380866E-002   0.0000000000000000     
  -7.5240000000000000        0.0000000000000000       -2.5834036242621494E-002   0.0000000000000000     
  -7.3260000000000005        0.0000000000000000       -2.6566186058492269E-002   0.0000000000000000     
  -7.1280000000000001        0.0000000000000000       -2.7330688862188455E-002   0.0000000000000000     
  -6.9300000000000006        0.0000000000000000       -2.8129491554124524E-002   0.0000000000000000     
  -6.7320000000000002        0.0000000000000000       -2.8964634621675204E-002   0.0000000000000000     
  -6.5340000000000007        0.0000000000000000       -2.9838241470859277E-002   0.0000000000000000     
  -6.3360000000000003        0.0000000000000000       -3.0752504789993557E-002   0.0000000000000000     
  -6.1379999999999999        0.0000000000000000       -3.1709675199282819E-002   0.0000000000000000     
  -5.9400000000000004        0.0000000000000000       -3.2712100139385580E-002   0.0000000000000000     
  -5.7420000000000000        0.0000000000000000       -3.3762780696867355E-002   0.0000000000000000     
  -5.5440000000000005        0.0000000000000000       -3.4865580806986624E-002   0.0000000000000000     
  -5.3460000000000001        0.0000000000000000       -3.6023819126290962E-002   0.0000000000000000     
  -5.1480000000000006        0.0000000000000000       -3.7240293529924674E-002   0.0000000000000000     
  -4.9500000000000002        0.0000000000000000       -3.8517726812936554E-002   0.0000000000000000     
  -4.7520000000000007        0.0000000000000000       -3.9858743635508419E-002   0.0000000000000000     
  -4.5540000000000003        0.0000000000000000       -4.1265781156220045E-002   0.0000000000000000     
  -4.3559999999999999        0.0000000000000000       -4.2740962292102697E-002   0.0000000000000000     
  -4.1580000000000004        0.0000000000000000       -4.4285938572516809E-002   0.0000000000000000     
  -3.9600000000000000        0.0000000000000000       -4.5901695874681757E-002   0.0000000000000000     
  -3.7620000000000000        0.0000000000000000       -4.7588316696924357E-002   0.0000000000000000     
  -3.5640000000000001        0.0000000000000000       -4.9344676483593267E-002   0.0000000000000000     
  -3.3660000000000001        0.0000000000000000       -5.1168053646669279E-002   0.0000000000000000     
  -3.1680000000000001        0.0000000000000000       -5.3053534682702408E-002   0.0000000000000000     
  -2.9700000000000002        0.0000000000000000       -5.4992952538011924E-002   0.0000000000000000     
  -2.7720000000000002        0.0000000000000000       -5.6972504154492447E-002   0.0000000000000000     
  -2.5740000000000003        0.0000000000000000       -5.8966962314482597E-002   0.0000000000000000     
  -2.3760000000000003        0.0000000000000000       -6.0946769851184933E-002   0.0000000000000000     
  -2.1779999999999999        0.0000000000000000       -6.2889217211024528E-002   0.0000000000000000     
  -1.9800000000000000        0.0000000000000000       -6.4737378285617486E-002   0.0000000000000000     
  -1.7820000000000000        0.0000000000000000       -6.6438033628053880E-002   0.0000000000000000     
  -1.5840000000000001        0.0000000000000000       -6.7982255604407710E-002   0.0000000000000000     
  -1.3860000000000001        0.0000000000000000       -6.9317279434462767E-002   0.0000000000000000     
  -1.1880000000000002        0.0000000000000000       -7.0417448626189330E-002   0.0000000000000000     
 -0.98999999999999999        0.0000000000000000       -7.1242698112178010E-002   0.0000000000000000     
 -0.79200000000000004        0.0000000000000000       -7.1771497078103333E-002   0.0000000000000000     
 -0.59400000000000008        0.0000000000000000       -7.2018255780153168E-002   0.0000000000000000     
 -0.39600000000000002        0.0000000000000000       -7.2019366842329402E-002   0.0000000000000000     
 -0.19800000000000001        0.0000000000000000       -7.1913755148582489E-002   0.0000000000000000     
   0.0000000000000000        0.0000000000000000       -7.1862121607154467E-002   0.0000000000000000     
  0.19800000000000001        0.0000000000000000       -7.1913755148582489E-002   0.0000000000000000     
  0.39600000000000002        0.0000000000000000       -7.2019366842329402E-002   0.0000000000000000     
  0.59400000000000008        0.0000000000000000       -7.2018255780153168E-002   0.0000000000000000     
  0.79200000000000004        0.0000000000000000       -7.1771497078103333E-002   0.0000000000000000     
  0.98999999999999999        0.0000000000000000       -7.1242698112178010E-002   0.0000000000000000     
   1.1880000000000002        0.0000000000000000       -7.0417448626189330E-002   0.0000000000000000     
   1.3860000000000001        0.0000000000000000       -6.9317279434462767E-002   0.0000000000000000     
   1.5840000000000001        0.0000000000000000       -6.7982255604407710E-002   0.0000000000000000     
   1.7820000000000000        0.0000000000000000       -6.6438033628053880E-002   0.0000000000000000     
   1.9800000000000000        0.0000000000000000       -6.4737378285617486E-002   0.0000000000000000     
   2.1779999999999999        0.0000000000000000       -6.2889217211024528E-002   0.0000000000000000     
   2.3760000000000003        0.0000000000000000       -6.0946769851184933E-002   0.0000000000000000     
   2.5740000000000003        0.0000000000000000       -5.8966962314482597E-002   0.0000000000000000     
   2.7720000000000002        0.0000000000000000       -5.6972504154492447E-002   0.0000000000000000     
   2.9700000000000002        0.0000000000000000       -5.4992952538011924E-002   0.0000000000000000     
   3.1680000000000001        0.0000000000000000       -5.3053534682702408E-002   0.0000000000000000     
   3.3660000000000001        0.0000000000000000       -5.1168053646669279E-002   0.0000000000000000     
   3.5640000000000001        0.0000000000000000       -4.9344676483593267E-002   0.0000000000000000     
   3.7620000000000000        0.0000000000000000       -4.7588316696924357E-002   0.0000000000000000     
   3.9600000000000000        0.0000000000000000       -4.5901695874681757E-002   0.0000000000000000     
   4.1580000000000004        0.0000000000000000       -4.4285938572516809E-002   0.0000000000000000     
   4.3559999999999999        0.0000000000000000       -4.2740962292102697E-002   0.0000000000000000     
   4.5540000000000003        0.0000000000000000       -4.1265781156220045E-002   0.0000000000000000     
   4.7520000000000007        0.0000000000000000       -3.9858743635508419E-002   0.0000000000000000     
   4.9500000000000002        0.0000000000000000       -3.8517726812936554E-002   0.0000000000000000     
   5.1480000000000006        0.0000000000000000       -3.7240293529924674E-002   0.0000000000000000     
   5.3460000000000001        0.0000000000000000       -3.6023819126290962E-002   0.0000000000000000     
   5.5440000000000005        0.0000000000000000       -3.4865580806986624E-002   0.0000000000000000     
   5.7420000000000000        0.0000000000000000       -3.3762780696867355E-002   0.0000000000000000     
   5.9400000000000004        0.0000000000000000       -3.2712100139385580E-002   0.0000000000000000     
   6.1379999999999999        0.0000000000000000       -3.1709675199282819E-002   0.0000000000000000     
   6.3360000000000003        0.0000000000000000       -3.0752504789993557E-002   0.0000000000000000     
   6.5340000000000007        0.0000000000000000       -2.9838241470859277E-002   0.0000000000000000     
   6.7320000000000002        0.0000000000000000       -2.8964634621675204E-002   0.0000000000000000     
   6.9300000000000006        0.0000000000000000       -2.8129491554124524E-002   0.0000000000000000     
   7.1280000000000001        0.0000000000000000       -2.7330688862188455E-002   0.0000000000000000     
   7.3260000000000005        0.0000000000000000       -2.6566186058492269E-002   0.0000000000000000     
   7.5240000000000000        0.0000000000000000       -2.5834036242621494E-002   0.0000000000000000     
   7.7220000000000004        0.0000000000000000       -2.5132391952380866E-002   0.0000000000000000     
   7.9199999999999999        0.0000000000000000       -2.4459506436728888E-002   0.0000000000000000     
   8.1180000000000003        0.0000000000000000       -2.3813735060522419E-002   0.0000000000000000     
   8.3160000000000007        0.0000000000000000       -2.3193530123368816E-002   0.0000000000000000     
   8.5140000000000011        0.0000000000000000       -2.2597439721266634E-002   0.0000000000000000     
   8.7119999999999997        0.0000000000000000       -2.2024102027156742E-002   0.0000000000000000     
   8.9100000000000001        0.0000000000000000       -2.1472241463822837E-002   0.0000000000000000     
   9.1080000000000005        0.0000000000000000       -2.0940662523568337E-002   0.0000000000000000     
   9.3060000000000009        0.0000000000000000       -2.0428246500618263E-002   0.0000000000000000     
   9.5040000000000013        0.0000000000000000       -1.9933944615797762E-002   0.0000000000000000     
   9.7020000000000000        0.0000000000000000       -1.9456774991353825E-002   0.0000000000000000     
   9.9000000000000004        0.0000000000000000       -1.8995816793244094E-002   0.0000000000000000     
   10.098000000000001        0.0000000000000000       -1.8550206873207381E-002   0.0000000000000000     
   10.296000000000001        0.0000000000000000       -1.8119134844783617E-002   0.0000000000000000     
   10.494000000000000        0.0000000000000000       -1.7701839901438324E-002   0.0000000000000000     
   10.692000000000000        0.0000000000000000       -1.7297606535962982E-002   0.0000000000000000     
   10.890000000000001        0.0000000000000000       -1.6905761523592425E-002   0.0000000000000000     
   11.088000000000001        0.0000000000000000       -1.6525670580666861E-002   0.0000000000000000     
   11.286000000000001        0.0000000000000000       -1.6156735729353139E-002   0.0000000000000000     
   11.484000000000000        0.0000000000000000       -1.5798391921280297E-002   0.0000000000000000     
   11.682000000000000        0.0000000000000000       -1.5450104655741655E-002   0.0000000000000000     
   11.880000000000001        0.0000000000000000       -1.5111368025588162E-002   0.0000000000000000     
   12.078000000000001        0.0000000000000000       -1.4781701784224954E-002   0.0000000000000000     
   12.276000000000000        0.0000000000000000       -1.4460649488288275E-002   0.0000000000000000     
   12.474000000000000        0.0000000000000000       -1.4147776625574452E-002   0.0000000000000000     
   12.672000000000001        0.0000000000000000       -1.3842668495940281E-002   0.0000000000000000     
   12.870000000000001        0.0000000000000000       -1.3544928660922191E-002   0.0000000000000000     
   13.068000000000001        0.0000000000000000       -1.3254177043091012E-002   0.0000000000000000     
   13.266000000000000        0.0000000000000000       -1.2970048156295006E-002   0.0000000000000000     
   13.464000000000000        0.0000000000000000       -1.2692190099110613E-002   0.0000000000000000     
   13.662000000000001        0.0000000000000000       -1.2420262444038549E-002   0.0000000000000000     
   13.860000000000001        0.0000000000000000       -1.2153935070570337E-002   0.0000000000000000     
   14.058000000000000        0.0000000000000000       -1.1892950246787664E-002   0.0000000000000000     
   14.256000000000000        0.0000000000000000       -1.1636937778247885E-002   0.0000000000000000     
   14.454000000000001        0.0000000000000000       -1.1385590107000260E-002   0.0000000000000000     
   14.652000000000001        0.0000000000000000       -1.1138604624883064E-002   0.0000000000000000     
   14.850000000000001        0.0000000000000000       -1.0895681791313285E-002   0.0000000000000000     
   15.048000000000000        0.0000000000000000       -1.0656523321129268E-002   0.0000000000000000     
   15.246000000000000        0.0000000000000000       -1.0420830580748448E-002   0.0000000000000000     
   15.444000000000001        0.0000000000000000       -1.0188303028569044E-002   0.0000000000000000     
   15.642000000000001        0.0000000000000000       -9.9586359179729914E-003   0.0000000000000000     
   15.840000000000000        0.0000000000000000       -9.7315183579672875E-003   0.0000000000000000     
   16.038000000000000        0.0000000000000000       -9.5066307507233726E-003   0.0000000000000000     
   16.236000000000001        0.0000000000000000       -9.2836420502973600E-003   0.0000000000000000     
   16.434000000000001        0.0000000000000000       -9.0622068646530034E-003   0.0000000000000000     
   16.632000000000001        0.0000000000000000       -8.8419615474484049E-003   0.0000000000000000     
   16.830000000000002        0.0000000000000000       -8.6225200722901147E-003   0.0000000000000000     
   17.028000000000002        0.0000000000000000       -8.4034689428383602E-003   0.0000000000000000     
   17.225999999999999        0.0000000000000000       -8.1841490536702297E-003   0.0000000000000000     
   17.423999999999999        0.0000000000000000       -7.9642471799257295E-003   0.0000000000000000     
   17.622000000000000        0.0000000000000000       -7.7431945733357462E-003   0.0000000000000000     
   17.820000000000000        0.0000000000000000       -7.5203181326494164E-003   0.0000000000000000     
   18.018000000000001        0.0000000000000000       -7.2956138869745566E-003   0.0000000000000000     
   18.216000000000001        0.0000000000000000       -7.0676113268179431E-003   0.0000000000000000     
   18.414000000000001        0.0000000000000000       -6.8352600977366826E-003   0.0000000000000000     
   18.612000000000002        0.0000000000000000       -6.5976632021024755E-003   0.0000000000000000     
   18.810000000000002        0.0000000000000000       -6.3526684237280081E-003   0.0000000000000000     
   19.008000000000003        0.0000000000000000       -6.0986446108059755E-003   0.0000000000000000     
   19.206000000000000        0.0000000000000000       -5.8326628340021622E-003   0.0000000000000000     
   19.404000000000000        0.0000000000000000       -5.5512557006792244E-003   0.0000000000000000     
   19.602000000000000        0.0000000000000000       -5.2506135324557352E-003   0.0000000000000000     
