  -19.602000000000000        0.0000000000000000       -8.2675640730963122E-004   0.0000000000000000     
  -19.404000000000000        0.0000000000000000       -8.8260677399489029E-004   0.0000000000000000     
  -19.206000000000000        0.0000000000000000       -9.3168214233701097E-004   0.0000000000000000     
  -19.008000000000003        0.0000000000000000       -9.7524785307524580E-004   0.0000000000000000     
  -18.810000000000002        0.0000000000000000       -1.0153863755377073E-003   0.0000000000000000     
  -18.612000000000002        0.0000000000000000       -1.0534289038575367E-003   0.0000000000000000     
  -18.414000000000001        0.0000000000000000       -1.0900800695336963E-003   0.0000000000000000     
  -18.216000000000001        0.0000000000000000       -1.1258042862885003E-003   0.0000000000000000     
  -18.018000000000001        0.0000000000000000       -1.1608478038202356E-003   0.0000000000000000     
  -17.820000000000000        0.0000000000000000       -1.1954782024681768E-003   0.0000000000000000     
  -17.622000000000000        0.0000000000000000       -1.2298487722201548E-003   0.0000000000000000     
  -17.423999999999999        0.0000000000000000       -1.2640832315312935E-003   0.0000000000000000     
  -17.225999999999999        0.0000000000000000       -1.2982987853215296E-003   0.0000000000000000     
  -17.028000000000002        0.0000000000000000       -1.3325291552958173E-003   0.0000000000000000     
  -16.830000000000002        0.0000000000000000       -1.3668955831712844E-003   0.0000000000000000     
  -16.632000000000001        0.0000000000000000       -1.4014974435664935E-003   0.0000000000000000     
  -16.434000000000001        0.0000000000000000       -1.4363683554114496E-003   0.0000000000000000     
  -16.236000000000001        0.0000000000000000       -1.4715695463056123E-003   0.0000000000000000     
  -16.038000000000000        0.0000000000000000       -1.5071589080409211E-003   0.0000000000000000     
  -15.840000000000000        0.0000000000000000       -1.5431918141926393E-003   0.0000000000000000     
  -15.642000000000001        0.0000000000000000       -1.5797218335526319E-003   0.0000000000000000     
  -15.444000000000001        0.0000000000000000       -1.6168012218821435E-003   0.0000000000000000     
  -15.246000000000000        0.0000000000000000       -1.6544814980045590E-003   0.0000000000000000     
  -15.048000000000000        0.0000000000000000       -1.6928137834696963E-003   0.0000000000000000     
  -14.850000000000001        0.0000000000000000       -1.7318492814021077E-003   0.0000000000000000     
  -14.652000000000001        0.0000000000000000       -1.7716395004859465E-003   0.0000000000000000     
  -14.454000000000001        0.0000000000000000       -1.8122366522385330E-003   0.0000000000000000     
  -14.256000000000000        0.0000000000000000       -1.8536939443567885E-003   0.0000000000000000     
  -14.058000000000000        0.0000000000000000       -1.8960657818888295E-003   0.0000000000000000     
  -13.860000000000001        0.0000000000000000       -1.9394081428464444E-003   0.0000000000000000     
  -13.662000000000001        0.0000000000000000       -1.9837787936637869E-003   0.0000000000000000     
  -13.464000000000000        0.0000000000000000       -2.0292375417564432E-003   0.0000000000000000     
  -13.266000000000000        0.0000000000000000       -2.0758465532941988E-003   0.0000000000000000     
  -13.068000000000001        0.0000000000000000       -2.1236706092166591E-003   0.0000000000000000     
  -12.870000000000001        0.0000000000000000       -2.1727773755359754E-003   0.0000000000000000     
  -12.672000000000001        0.0000000000000000       -2.2232377102790646E-003   0.0000000000000000     
  -12.474000000000000        0.0000000000000000       -2.2751260649090488E-003   0.0000000000000000     
  -12.276000000000000        0.0000000000000000       -2.3285206615313832E-003   0.0000000000000000     
  -12.078000000000001        0.0000000000000000       -2.3835039855683911E-003   0.0000000000000000     
  -11.880000000000001        0.0000000000000000       -2.4401631042233357E-003   0.0000000000000000     
  -11.682000000000000        0.0000000000000000       -2.4985900932499405E-003   0.0000000000000000     
  -11.484000000000000        0.0000000000000000       -2.5588825065832091E-003   0.0000000000000000     
  -11.286000000000001        0.0000000000000000       -2.6211438086394278E-003   0.0000000000000000     
  -11.088000000000001        0.0000000000000000       -2.6854839199912327E-003   0.0000000000000000     
  -10.890000000000001        0.0000000000000000       -2.7520197886211897E-003   0.0000000000000000     
  -10.692000000000000        0.0000000000000000       -2.8208760510458459E-003   0.0000000000000000     
  -10.494000000000000        0.0000000000000000       -2.8921856319130751E-003   0.0000000000000000     
  -10.296000000000001        0.0000000000000000       -2.9660904984531557E-003   0.0000000000000000     
  -10.098000000000001        0.0000000000000000       -3.0427425753140778E-003   0.0000000000000000     
  -9.9000000000000004        0.0000000000000000       -3.1223045349608068E-003   0.0000000000000000     
  -9.7020000000000000        0.0000000000000000       -3.2049507664328714E-003   0.0000000000000000     
  -9.5040000000000013        0.0000000000000000       -3.2908685968914522E-003   0.0000000000000000     
  -9.3060000000000009        0.0000000000000000       -3.3802593947218013E-003   0.0000000000000000     
  -9.1080000000000005        0.0000000000000000       -3.4733398717333138E-003   0.0000000000000000     
  -8.9100000000000001        0.0000000000000000       -3.5703435268479911E-003   0.0000000000000000     
  -8.7119999999999997        0.0000000000000000       -3.6715225677154493E-003   0.0000000000000000     
  -8.5140000000000011        0.0000000000000000       -3.7771492095716574E-003   0.0000000000000000     
  -8.3160000000000007        0.0000000000000000       -3.8875181143004675E-003   0.0000000000000000     
  -8.1180000000000003        0.0000000000000000       -4.0029483801427915E-003   0.0000000000000000     
  -7.9199999999999999        0.0000000000000000       -4.1237861897645807E-003   0.0000000000000000     
  -7.7220000000000004        0.0000000000000000       -4.2504073114211600E-003   0.0000000000000000     
  -7.5240000000000000        0.0000000000000000       -4.3832205023980331E-003   0.0000000000000000     
  -7.3260000000000005        0.0000000000000000       -4.5226707497631009E-003   0.0000000000000000     
  -7.1280000000000001        0.0000000000000000       -4.6692430253392732E-003   0.0000000000000000     
  -6.9300000000000006        0.0000000000000000       -4.8234667649409025E-003   0.0000000000000000     
  -6.7320000000000002        0.0000000000000000       -4.9859205124879544E-003   0.0000000000000000     
  -6.5340000000000007        0.0000000000000000       -5.1572373114277294E-003   0.0000000000000000     
  -6.3360000000000003        0.0000000000000000       -5.3381105856049708E-003   0.0000000000000000     
  -6.1379999999999999        0.0000000000000000       -5.5293007713569445E-003   0.0000000000000000     
  -5.9400000000000004        0.0000000000000000       -5.7316428104063231E-003   0.0000000000000000     
  -5.7420000000000000        0.0000000000000000       -5.9460539779248251E-003   0.0000000000000000     
  -5.5440000000000005        0.0000000000000000       -6.1735434883039121E-003   0.0000000000000000     
  -5.3460000000000001        0.0000000000000000       -6.4152218247466057E-003   0.0000000000000000     
  -5.1480000000000006        0.0000000000000000       -6.6723118802101593E-003   0.0000000000000000     
  -4.9500000000000002        0.0000000000000000       -6.9461602068846178E-003   0.0000000000000000     
  -4.7520000000000007        0.0000000000000000       -7.2382497175403392E-003   0.0000000000000000     
  -4.5540000000000003        0.0000000000000000       -7.5502111698219606E-003   0.0000000000000000     
  -4.3559999999999999        0.0000000000000000       -7.8838356277109011E-003   0.0000000000000000     
  -4.1580000000000004        0.0000000000000000       -8.2410827317978049E-003   0.0000000000000000     
  -3.9600000000000000        0.0000000000000000       -8.6240856996524975E-003   0.0000000000000000     
  -3.7620000000000000        0.0000000000000000       -9.0351447519142619E-003   0.0000000000000000     
  -3.5640000000000001        0.0000000000000000       -9.4767079827860808E-003   0.0000000000000000     
  -3.3660000000000001        0.0000000000000000       -9.9513458772626882E-003   0.0000000000000000     
  -3.1680000000000001        0.0000000000000000       -1.0461821114907729E-002   0.0000000000000000     
  -2.9700000000000002        0.0000000000000000       -1.1011640198028652E-002   0.0000000000000000     
  -2.7720000000000002        0.0000000000000000       -1.1605831858421109E-002   0.0000000000000000     
  -2.5740000000000003        0.0000000000000000       -1.2249282125901765E-002   0.0000000000000000     
  -2.3760000000000003        0.0000000000000000       -1.2944922886312884E-002   0.0000000000000000     
  -2.1779999999999999        0.0000000000000000       -1.3693552210057840E-002   0.0000000000000000     
  -1.9800000000000000        0.0000000000000000       -1.4496479354118335E-002   0.0000000000000000     
  -1.7820000000000000        0.0000000000000000       -1.5354266410126839E-002   0.0000000000000000     
  -1.5840000000000001        0.0000000000000000       -1.6263143340183910E-002   0.0000000000000000     
  -1.3860000000000001        0.0000000000000000       -1.7210327961614858E-002   0.0000000000000000     
  -1.1880000000000002        0.0000000000000000       -1.8172455980361504E-002   0.0000000000000000     
 -0.98999999999999999        0.0000000000000000       -1.9118803042880373E-002   0.0000000000000000     
 -0.79200000000000004        0.0000000000000000       -2.0013664488346287E-002   0.0000000000000000     
 -0.59400000000000008        0.0000000000000000       -2.0811404934017484E-002   0.0000000000000000     
 -0.39600000000000002        0.0000000000000000       -2.1451506471525859E-002   0.0000000000000000     
 -0.19800000000000001        0.0000000000000000       -2.1867662403324190E-002   0.0000000000000000     
   0.0000000000000000        0.0000000000000000       -2.2011973184944716E-002   0.0000000000000000     
  0.19800000000000001        0.0000000000000000       -2.1867662403324190E-002   0.0000000000000000     
  0.39600000000000002        0.0000000000000000       -2.1451506471525859E-002   0.0000000000000000     
  0.59400000000000008        0.0000000000000000       -2.0811404934017484E-002   0.0000000000000000     
  0.79200000000000004        0.0000000000000000       -2.0013664488346287E-002   0.0000000000000000     
  0.98999999999999999        0.0000000000000000       -1.9118803042880373E-002   0.0000000000000000     
   1.1880000000000002        0.0000000000000000       -1.8172455980361504E-002   0.0000000000000000     
   1.3860000000000001        0.0000000000000000       -1.7210327961614858E-002   0.0000000000000000     
   1.5840000000000001        0.0000000000000000       -1.6263143340183910E-002   0.0000000000000000     
   1.7820000000000000        0.0000000000000000       -1.5354266410126839E-002   0.0000000000000000     
   1.9800000000000000        0.0000000000000000       -1.4496479354118335E-002   0.0000000000000000     
   2.1779999999999999        0.0000000000000000       -1.3693552210057840E-002   0.0000000000000000     
   2.3760000000000003        0.0000000000000000       -1.2944922886312884E-002   0.0000000000000000     
   2.5740000000000003        0.0000000000000000       -1.2249282125901765E-002   0.0000000000000000     
   2.7720000000000002        0.0000000000000000       -1.1605831858421109E-002   0.0000000000000000     
   2.9700000000000002        0.0000000000000000       -1.1011640198028652E-002   0.0000000000000000     
   3.1680000000000001        0.0000000000000000       -1.0461821114907729E-002   0.0000000000000000     
   3.3660000000000001        0.0000000000000000       -9.9513458772626882E-003   0.0000000000000000     
   3.5640000000000001        0.0000000000000000       -9.4767079827860808E-003   0.0000000000000000     
   3.7620000000000000        0.0000000000000000       -9.0351447519142619E-003   0.0000000000000000     
   3.9600000000000000        0.0000000000000000       -8.6240856996524975E-003   0.0000000000000000     
   4.1580000000000004        0.0000000000000000       -8.2410827317978049E-003   0.0000000000000000     
   4.3559999999999999        0.0000000000000000       -7.8838356277109011E-003   0.0000000000000000     
   4.5540000000000003        0.0000000000000000       -7.5502111698219606E-003   0.0000000000000000     
   4.7520000000000007        0.0000000000000000       -7.2382497175403392E-003   0.0000000000000000     
   4.9500000000000002        0.0000000000000000       -6.9461602068846178E-003   0.0000000000000000     
   5.1480000000000006        0.0000000000000000       -6.6723118802101593E-003   0.0000000000000000     
   5.3460000000000001        0.0000000000000000       -6.4152218247466057E-003   0.0000000000000000     
   5.5440000000000005        0.0000000000000000       -6.1735434883039121E-003   0.0000000000000000     
   5.7420000000000000        0.0000000000000000       -5.9460539779248251E-003   0.0000000000000000     
   5.9400000000000004        0.0000000000000000       -5.7316428104063231E-003   0.0000000000000000     
   6.1379999999999999        0.0000000000000000       -5.5293007713569445E-003   0.0000000000000000     
   6.3360000000000003        0.0000000000000000       -5.3381105856049708E-003   0.0000000000000000     
   6.5340000000000007        0.0000000000000000       -5.1572373114277294E-003   0.0000000000000000     
   6.7320000000000002        0.0000000000000000       -4.9859205124879544E-003   0.0000000000000000     
   6.9300000000000006        0.0000000000000000       -4.8234667649409025E-003   0.0000000000000000     
   7.1280000000000001        0.0000000000000000       -4.6692430253392732E-003   0.0000000000000000     
   7.3260000000000005        0.0000000000000000       -4.5226707497631009E-003   0.0000000000000000     
   7.5240000000000000        0.0000000000000000       -4.3832205023980331E-003   0.0000000000000000     
   7.7220000000000004        0.0000000000000000       -4.2504073114211600E-003   0.0000000000000000     
   7.9199999999999999        0.0000000000000000       -4.1237861897645807E-003   0.0000000000000000     
   8.1180000000000003        0.0000000000000000       -4.0029483801427915E-003   0.0000000000000000     
   8.3160000000000007        0.0000000000000000       -3.8875181143004675E-003   0.0000000000000000     
   8.5140000000000011        0.0000000000000000       -3.7771492095716574E-003   0.0000000000000000     
   8.7119999999999997        0.0000000000000000       -3.6715225677154493E-003   0.0000000000000000     
   8.9100000000000001        0.0000000000000000       -3.5703435268479911E-003   0.0000000000000000     
   9.1080000000000005        0.0000000000000000       -3.4733398717333138E-003   0.0000000000000000     
   9.3060000000000009        0.0000000000000000       -3.3802593947218013E-003   0.0000000000000000     
   9.5040000000000013        0.0000000000000000       -3.2908685968914522E-003   0.0000000000000000     
   9.7020000000000000        0.0000000000000000       -3.2049507664328714E-003   0.0000000000000000     
   9.9000000000000004        0.0000000000000000       -3.1223045349608068E-003   0.0000000000000000     
   10.098000000000001        0.0000000000000000       -3.0427425753140778E-003   0.0000000000000000     
   10.296000000000001        0.0000000000000000       -2.9660904984531557E-003   0.0000000000000000     
   10.494000000000000        0.0000000000000000       -2.8921856319130751E-003   0.0000000000000000     
   10.692000000000000        0.0000000000000000       -2.8208760510458459E-003   0.0000000000000000     
   10.890000000000001        0.0000000000000000       -2.7520197886211897E-003   0.0000000000000000     
   11.088000000000001        0.0000000000000000       -2.6854839199912327E-003   0.0000000000000000     
   11.286000000000001        0.0000000000000000       -2.6211438086394278E-003   0.0000000000000000     
   11.484000000000000        0.0000000000000000       -2.5588825065832091E-003   0.0000000000000000     
   11.682000000000000        0.0000000000000000       -2.4985900932499405E-003   0.0000000000000000     
   11.880000000000001        0.0000000000000000       -2.4401631042233357E-003   0.0000000000000000     
   12.078000000000001        0.0000000000000000       -2.3835039855683911E-003   0.0000000000000000     
   12.276000000000000        0.0000000000000000       -2.3285206615313832E-003   0.0000000000000000     
   12.474000000000000        0.0000000000000000       -2.2751260649090488E-003   0.0000000000000000     
   12.672000000000001        0.0000000000000000       -2.2232377102790646E-003   0.0000000000000000     
   12.870000000000001        0.0000000000000000       -2.1727773755359754E-003   0.0000000000000000     
   13.068000000000001        0.0000000000000000       -2.1236706092166591E-003   0.0000000000000000     
   13.266000000000000        0.0000000000000000       -2.0758465532941988E-003   0.0000000000000000     
   13.464000000000000        0.0000000000000000       -2.0292375417564432E-003   0.0000000000000000     
   13.662000000000001        0.0000000000000000       -1.9837787936637869E-003   0.0000000000000000     
   13.860000000000001        0.0000000000000000       -1.9394081428464444E-003   0.0000000000000000     
   14.058000000000000        0.0000000000000000       -1.8960657818888295E-003   0.0000000000000000     
   14.256000000000000        0.0000000000000000       -1.8536939443567885E-003   0.0000000000000000     
   14.454000000000001        0.0000000000000000       -1.8122366522385330E-003   0.0000000000000000     
   14.652000000000001        0.0000000000000000       -1.7716395004859465E-003   0.0000000000000000     
   14.850000000000001        0.0000000000000000       -1.7318492814021077E-003   0.0000000000000000     
   15.048000000000000        0.0000000000000000       -1.6928137834696963E-003   0.0000000000000000     
   15.246000000000000        0.0000000000000000       -1.6544814980045590E-003   0.0000000000000000     
   15.444000000000001        0.0000000000000000       -1.6168012218821435E-003   0.0000000000000000     
   15.642000000000001        0.0000000000000000       -1.5797218335526319E-003   0.0000000000000000     
   15.840000000000000        0.0000000000000000       -1.5431918141926393E-003   0.0000000000000000     
   16.038000000000000        0.0000000000000000       -1.5071589080409211E-003   0.0000000000000000     
   16.236000000000001        0.0000000000000000       -1.4715695463056123E-003   0.0000000000000000     
   16.434000000000001        0.0000000000000000       -1.4363683554114496E-003   0.0000000000000000     
   16.632000000000001        0.0000000000000000       -1.4014974435664935E-003   0.0000000000000000     
   16.830000000000002        0.0000000000000000       -1.3668955831712844E-003   0.0000000000000000     
   17.028000000000002        0.0000000000000000       -1.3325291552958173E-003   0.0000000000000000     
   17.225999999999999        0.0000000000000000       -1.2982987853215296E-003   0.0000000000000000     
   17.423999999999999        0.0000000000000000       -1.2640832315312935E-003   0.0000000000000000     
   17.622000000000000        0.0000000000000000       -1.2298487722201548E-003   0.0000000000000000     
   17.820000000000000        0.0000000000000000       -1.1954782024681768E-003   0.0000000000000000     
   18.018000000000001        0.0000000000000000       -1.1608478038202356E-003   0.0000000000000000     
   18.216000000000001        0.0000000000000000       -1.1258042862885003E-003   0.0000000000000000     
   18.414000000000001        0.0000000000000000       -1.0900800695336963E-003   0.0000000000000000     
   18.612000000000002        0.0000000000000000       -1.0534289038575367E-003   0.0000000000000000     
   18.810000000000002        0.0000000000000000       -1.0153863755377073E-003   0.0000000000000000     
   19.008000000000003        0.0000000000000000       -9.7524785307524580E-004   0.0000000000000000     
   19.206000000000000        0.0000000000000000       -9.3168214233701097E-004   0.0000000000000000     
   19.404000000000000        0.0000000000000000       -8.8260677399489029E-004   0.0000000000000000     
   19.602000000000000        0.0000000000000000       -8.2675640730963122E-004   0.0000000000000000     
