  -19.602000000000000        0.0000000000000000       -3.9595358979808997E-004   0.0000000000000000     
  -19.404000000000000        0.0000000000000000       -4.3568262068721404E-004   0.0000000000000000     
  -19.206000000000000        0.0000000000000000       -4.6858962194198169E-004   0.0000000000000000     
  -19.008000000000003        0.0000000000000000       -4.9613969907508801E-004   0.0000000000000000     
  -18.810000000000002        0.0000000000000000       -5.2020142301185404E-004   0.0000000000000000     
  -18.612000000000002        0.0000000000000000       -5.4211571094859537E-004   0.0000000000000000     
  -18.414000000000001        0.0000000000000000       -5.6265590081995044E-004   0.0000000000000000     
  -18.216000000000001        0.0000000000000000       -5.8236644452850847E-004   0.0000000000000000     
  -18.018000000000001        0.0000000000000000       -6.0149552859641725E-004   0.0000000000000000     
  -17.820000000000000        0.0000000000000000       -6.2026690422573266E-004   0.0000000000000000     
  -17.622000000000000        0.0000000000000000       -6.3880002517209111E-004   0.0000000000000000     
  -17.423999999999999        0.0000000000000000       -6.5725307452479443E-004   0.0000000000000000     
  -17.225999999999999        0.0000000000000000       -6.7571549206753203E-004   0.0000000000000000     
  -17.028000000000002        0.0000000000000000       -6.9425995996733817E-004   0.0000000000000000     
  -16.830000000000002        0.0000000000000000       -7.1294872182086505E-004   0.0000000000000000     
  -16.632000000000001        0.0000000000000000       -7.3183736412726094E-004   0.0000000000000000     
  -16.434000000000001        0.0000000000000000       -7.5099511111437537E-004   0.0000000000000000     
  -16.236000000000001        0.0000000000000000       -7.7044682717618794E-004   0.0000000000000000     
  -16.038000000000000        0.0000000000000000       -7.9023494615325113E-004   0.0000000000000000     
  -15.840000000000000        0.0000000000000000       -8.1039984615671095E-004   0.0000000000000000     
  -15.642000000000001        0.0000000000000000       -8.3098056599726364E-004   0.0000000000000000     
  -15.444000000000001        0.0000000000000000       -8.5201537424958414E-004   0.0000000000000000     
  -15.246000000000000        0.0000000000000000       -8.7354223703964924E-004   0.0000000000000000     
  -15.048000000000000        0.0000000000000000       -8.9559920782909710E-004   0.0000000000000000     
  -14.850000000000001        0.0000000000000000       -9.1822478056009143E-004   0.0000000000000000     
  -14.652000000000001        0.0000000000000000       -9.4145819740407296E-004   0.0000000000000000     
  -14.454000000000001        0.0000000000000000       -9.6533972182972778E-004   0.0000000000000000     
  -14.256000000000000        0.0000000000000000       -9.8991092791677281E-004   0.0000000000000000     
  -14.058000000000000        0.0000000000000000       -1.0152149268756283E-003   0.0000000000000000     
  -13.860000000000001        0.0000000000000000       -1.0412966285935307E-003   0.0000000000000000     
  -13.662000000000001        0.0000000000000000       -1.0682030008762763E-003   0.0000000000000000     
  -13.464000000000000        0.0000000000000000       -1.0959833495445201E-003   0.0000000000000000     
  -13.266000000000000        0.0000000000000000       -1.1246895285924160E-003   0.0000000000000000     
  -13.068000000000001        0.0000000000000000       -1.1543762702887670E-003   0.0000000000000000     
  -12.870000000000001        0.0000000000000000       -1.1851014694211942E-003   0.0000000000000000     
  -12.672000000000001        0.0000000000000000       -1.2169264849383064E-003   0.0000000000000000     
  -12.474000000000000        0.0000000000000000       -1.2499164879097276E-003   0.0000000000000000     
  -12.276000000000000        0.0000000000000000       -1.2841408152470504E-003   0.0000000000000000     
  -12.078000000000001        0.0000000000000000       -1.3196733884080561E-003   0.0000000000000000     
  -11.880000000000001        0.0000000000000000       -1.3565931152790239E-003   0.0000000000000000     
  -11.682000000000000        0.0000000000000000       -1.3949843662577871E-003   0.0000000000000000     
  -11.484000000000000        0.0000000000000000       -1.4349375171059432E-003   0.0000000000000000     
  -11.286000000000001        0.0000000000000000       -1.4765494547582959E-003   0.0000000000000000     
  -11.088000000000001        0.0000000000000000       -1.5199242515818231E-003   0.0000000000000000     
  -10.890000000000001        0.0000000000000000       -1.5651738044353751E-003   0.0000000000000000     
  -10.692000000000000        0.0000000000000000       -1.6124186524333502E-003   0.0000000000000000     
  -10.494000000000000        0.0000000000000000       -1.6617887417664401E-003   0.0000000000000000     
  -10.296000000000001        0.0000000000000000       -1.7134243972244650E-003   0.0000000000000000     
  -10.098000000000001        0.0000000000000000       -1.7674773765613400E-003   0.0000000000000000     
  -9.9000000000000004        0.0000000000000000       -1.8241119464635278E-003   0.0000000000000000     
  -9.7020000000000000        0.0000000000000000       -1.8835062519225278E-003   0.0000000000000000     
  -9.5040000000000013        0.0000000000000000       -1.9458536932694015E-003   0.0000000000000000     
  -9.3060000000000009        0.0000000000000000       -2.0113645811164469E-003   0.0000000000000000     
  -9.1080000000000005        0.0000000000000000       -2.0802678569734460E-003   0.0000000000000000     
  -8.9100000000000001        0.0000000000000000       -2.1528131970808147E-003   0.0000000000000000     
  -8.7119999999999997        0.0000000000000000       -2.2292732319797947E-003   0.0000000000000000     
  -8.5140000000000011        0.0000000000000000       -2.3099462066783804E-003   0.0000000000000000     
  -8.3160000000000007        0.0000000000000000       -2.3951587070103085E-003   0.0000000000000000     
  -8.1180000000000003        0.0000000000000000       -2.4852690896337475E-003   0.0000000000000000     
  -7.9199999999999999        0.0000000000000000       -2.5806711413148995E-003   0.0000000000000000     
  -7.7220000000000004        0.0000000000000000       -2.6817982679865106E-003   0.0000000000000000     
  -7.5240000000000000        0.0000000000000000       -2.7891283439510721E-003   0.0000000000000000     
  -7.3260000000000005        0.0000000000000000       -2.9031890799131629E-003   0.0000000000000000     
  -7.1280000000000001        0.0000000000000000       -3.0245643670281461E-003   0.0000000000000000     
  -6.9300000000000006        0.0000000000000000       -3.1539013046001465E-003   0.0000000000000000     
  -6.7320000000000002        0.0000000000000000       -3.2919184149343751E-003   0.0000000000000000     
  -6.5340000000000007        0.0000000000000000       -3.4394148491842277E-003   0.0000000000000000     
  -6.3360000000000003        0.0000000000000000       -3.5972812972231501E-003   0.0000000000000000     
  -6.1379999999999999        0.0000000000000000       -3.7665121300093662E-003   0.0000000000000000     
  -5.9400000000000004        0.0000000000000000       -3.9482194290576490E-003   0.0000000000000000     
  -5.7420000000000000        0.0000000000000000       -4.1436494731195558E-003   0.0000000000000000     
  -5.5440000000000005        0.0000000000000000       -4.3542006264397299E-003   0.0000000000000000     
  -5.3460000000000001        0.0000000000000000       -4.5814447695794206E-003   0.0000000000000000     
  -5.1480000000000006        0.0000000000000000       -4.8271504487823165E-003   0.0000000000000000     
  -4.9500000000000002        0.0000000000000000       -5.0933089728325692E-003   0.0000000000000000     
  -4.7520000000000007        0.0000000000000000       -5.3821620020794870E-003   0.0000000000000000     
  -4.5540000000000003        0.0000000000000000       -5.6962289616675193E-003   0.0000000000000000     
  -4.3559999999999999        0.0000000000000000       -6.0383306498463822E-003   0.0000000000000000     
  -4.1580000000000004        0.0000000000000000       -6.4115997236946411E-003   0.0000000000000000     
  -3.9600000000000000        0.0000000000000000       -6.8194625203974301E-003   0.0000000000000000     
  -3.7620000000000000        0.0000000000000000       -7.2655546623934808E-003   0.0000000000000000     
  -3.5640000000000001        0.0000000000000000       -7.7535172798563626E-003   0.0000000000000000     
  -3.3660000000000001        0.0000000000000000       -8.2866679501390709E-003   0.0000000000000000     
  -3.1680000000000001        0.0000000000000000       -8.8683441543690386E-003   0.0000000000000000     
  -2.9700000000000002        0.0000000000000000       -9.5075175880052886E-003   0.0000000000000000     
  -2.7720000000000002        0.0000000000000000       -1.0219958145171213E-002   0.0000000000000000     
  -2.5740000000000003        0.0000000000000000       -1.1016128658684485E-002   0.0000000000000000     
  -2.3760000000000003        0.0000000000000000       -1.1904148939998270E-002   0.0000000000000000     
  -2.1779999999999999        0.0000000000000000       -1.2892130801661773E-002   0.0000000000000000     
  -1.9800000000000000        0.0000000000000000       -1.3988474042921230E-002   0.0000000000000000     
  -1.7820000000000000        0.0000000000000000       -1.5196059133397645E-002   0.0000000000000000     
  -1.5840000000000001        0.0000000000000000       -1.6507186486136170E-002   0.0000000000000000     
  -1.3860000000000001        0.0000000000000000       -1.7909429672333197E-002   0.0000000000000000     
  -1.1880000000000002        0.0000000000000000       -1.9387083043355527E-002   0.0000000000000000     
 -0.98999999999999999        0.0000000000000000       -2.0913627695763725E-002   0.0000000000000000     
 -0.79200000000000004        0.0000000000000000       -2.2429308659123341E-002   0.0000000000000000     
 -0.59400000000000008        0.0000000000000000       -2.3831947863265032E-002   0.0000000000000000     
 -0.39600000000000002        0.0000000000000000       -2.4984863585741368E-002   0.0000000000000000     
 -0.19800000000000001        0.0000000000000000       -2.5749459166987482E-002   0.0000000000000000     
   0.0000000000000000        0.0000000000000000       -2.6018564666362452E-002   0.0000000000000000     
  0.19800000000000001        0.0000000000000000       -2.5749459166987482E-002   0.0000000000000000     
  0.39600000000000002        0.0000000000000000       -2.4984863585741368E-002   0.0000000000000000     
  0.59400000000000008        0.0000000000000000       -2.3831947863265032E-002   0.0000000000000000     
  0.79200000000000004        0.0000000000000000       -2.2429308659123341E-002   0.0000000000000000     
  0.98999999999999999        0.0000000000000000       -2.0913627695763725E-002   0.0000000000000000     
   1.1880000000000002        0.0000000000000000       -1.9387083043355527E-002   0.0000000000000000     
   1.3860000000000001        0.0000000000000000       -1.7909429672333197E-002   0.0000000000000000     
   1.5840000000000001        0.0000000000000000       -1.6507186486136170E-002   0.0000000000000000     
   1.7820000000000000        0.0000000000000000       -1.5196059133397645E-002   0.0000000000000000     
   1.9800000000000000        0.0000000000000000       -1.3988474042921230E-002   0.0000000000000000     
   2.1779999999999999        0.0000000000000000       -1.2892130801661773E-002   0.0000000000000000     
   2.3760000000000003        0.0000000000000000       -1.1904148939998270E-002   0.0000000000000000     
   2.5740000000000003        0.0000000000000000       -1.1016128658684485E-002   0.0000000000000000     
   2.7720000000000002        0.0000000000000000       -1.0219958145171213E-002   0.0000000000000000     
   2.9700000000000002        0.0000000000000000       -9.5075175880052886E-003   0.0000000000000000     
   3.1680000000000001        0.0000000000000000       -8.8683441543690386E-003   0.0000000000000000     
   3.3660000000000001        0.0000000000000000       -8.2866679501390709E-003   0.0000000000000000     
   3.5640000000000001        0.0000000000000000       -7.7535172798563626E-003   0.0000000000000000     
   3.7620000000000000        0.0000000000000000       -7.2655546623934808E-003   0.0000000000000000     
   3.9600000000000000        0.0000000000000000       -6.8194625203974301E-003   0.0000000000000000     
   4.1580000000000004        0.0000000000000000       -6.4115997236946411E-003   0.0000000000000000     
   4.3559999999999999        0.0000000000000000       -6.0383306498463822E-003   0.0000000000000000     
   4.5540000000000003        0.0000000000000000       -5.6962289616675193E-003   0.0000000000000000     
   4.7520000000000007        0.0000000000000000       -5.3821620020794870E-003   0.0000000000000000     
   4.9500000000000002        0.0000000000000000       -5.0933089728325692E-003   0.0000000000000000     
   5.1480000000000006        0.0000000000000000       -4.8271504487823165E-003   0.0000000000000000     
   5.3460000000000001        0.0000000000000000       -4.5814447695794206E-003   0.0000000000000000     
   5.5440000000000005        0.0000000000000000       -4.3542006264397299E-003   0.0000000000000000     
   5.7420000000000000        0.0000000000000000       -4.1436494731195558E-003   0.0000000000000000     
   5.9400000000000004        0.0000000000000000       -3.9482194290576490E-003   0.0000000000000000     
   6.1379999999999999        0.0000000000000000       -3.7665121300093662E-003   0.0000000000000000     
   6.3360000000000003        0.0000000000000000       -3.5972812972231501E-003   0.0000000000000000     
   6.5340000000000007        0.0000000000000000       -3.4394148491842277E-003   0.0000000000000000     
   6.7320000000000002        0.0000000000000000       -3.2919184149343751E-003   0.0000000000000000     
   6.9300000000000006        0.0000000000000000       -3.1539013046001465E-003   0.0000000000000000     
   7.1280000000000001        0.0000000000000000       -3.0245643670281461E-003   0.0000000000000000     
   7.3260000000000005        0.0000000000000000       -2.9031890799131629E-003   0.0000000000000000     
   7.5240000000000000        0.0000000000000000       -2.7891283439510721E-003   0.0000000000000000     
   7.7220000000000004        0.0000000000000000       -2.6817982679865106E-003   0.0000000000000000     
   7.9199999999999999        0.0000000000000000       -2.5806711413148995E-003   0.0000000000000000     
   8.1180000000000003        0.0000000000000000       -2.4852690896337475E-003   0.0000000000000000     
   8.3160000000000007        0.0000000000000000       -2.3951587070103085E-003   0.0000000000000000     
   8.5140000000000011        0.0000000000000000       -2.3099462066783804E-003   0.0000000000000000     
   8.7119999999999997        0.0000000000000000       -2.2292732319797947E-003   0.0000000000000000     
   8.9100000000000001        0.0000000000000000       -2.1528131970808147E-003   0.0000000000000000     
   9.1080000000000005        0.0000000000000000       -2.0802678569734460E-003   0.0000000000000000     
   9.3060000000000009        0.0000000000000000       -2.0113645811164469E-003   0.0000000000000000     
   9.5040000000000013        0.0000000000000000       -1.9458536932694015E-003   0.0000000000000000     
   9.7020000000000000        0.0000000000000000       -1.8835062519225278E-003   0.0000000000000000     
   9.9000000000000004        0.0000000000000000       -1.8241119464635278E-003   0.0000000000000000     
   10.098000000000001        0.0000000000000000       -1.7674773765613400E-003   0.0000000000000000     
   10.296000000000001        0.0000000000000000       -1.7134243972244650E-003   0.0000000000000000     
   10.494000000000000        0.0000000000000000       -1.6617887417664401E-003   0.0000000000000000     
   10.692000000000000        0.0000000000000000       -1.6124186524333502E-003   0.0000000000000000     
   10.890000000000001        0.0000000000000000       -1.5651738044353751E-003   0.0000000000000000     
   11.088000000000001        0.0000000000000000       -1.5199242515818231E-003   0.0000000000000000     
   11.286000000000001        0.0000000000000000       -1.4765494547582959E-003   0.0000000000000000     
   11.484000000000000        0.0000000000000000       -1.4349375171059432E-003   0.0000000000000000     
   11.682000000000000        0.0000000000000000       -1.3949843662577871E-003   0.0000000000000000     
   11.880000000000001        0.0000000000000000       -1.3565931152790239E-003   0.0000000000000000     
   12.078000000000001        0.0000000000000000       -1.3196733884080561E-003   0.0000000000000000     
   12.276000000000000        0.0000000000000000       -1.2841408152470504E-003   0.0000000000000000     
   12.474000000000000        0.0000000000000000       -1.2499164879097276E-003   0.0000000000000000     
   12.672000000000001        0.0000000000000000       -1.2169264849383064E-003   0.0000000000000000     
   12.870000000000001        0.0000000000000000       -1.1851014694211942E-003   0.0000000000000000     
   13.068000000000001        0.0000000000000000       -1.1543762702887670E-003   0.0000000000000000     
   13.266000000000000        0.0000000000000000       -1.1246895285924160E-003   0.0000000000000000     
   13.464000000000000        0.0000000000000000       -1.0959833495445201E-003   0.0000000000000000     
   13.662000000000001        0.0000000000000000       -1.0682030008762763E-003   0.0000000000000000     
   13.860000000000001        0.0000000000000000       -1.0412966285935307E-003   0.0000000000000000     
   14.058000000000000        0.0000000000000000       -1.0152149268756283E-003   0.0000000000000000     
   14.256000000000000        0.0000000000000000       -9.8991092791677281E-004   0.0000000000000000     
   14.454000000000001        0.0000000000000000       -9.6533972182972778E-004   0.0000000000000000     
   14.652000000000001        0.0000000000000000       -9.4145819740407296E-004   0.0000000000000000     
   14.850000000000001        0.0000000000000000       -9.1822478056009143E-004   0.0000000000000000     
   15.048000000000000        0.0000000000000000       -8.9559920782909710E-004   0.0000000000000000     
   15.246000000000000        0.0000000000000000       -8.7354223703964924E-004   0.0000000000000000     
   15.444000000000001        0.0000000000000000       -8.5201537424958414E-004   0.0000000000000000     
   15.642000000000001        0.0000000000000000       -8.3098056599726364E-004   0.0000000000000000     
   15.840000000000000        0.0000000000000000       -8.1039984615671095E-004   0.0000000000000000     
   16.038000000000000        0.0000000000000000       -7.9023494615325113E-004   0.0000000000000000     
   16.236000000000001        0.0000000000000000       -7.7044682717618794E-004   0.0000000000000000     
   16.434000000000001        0.0000000000000000       -7.5099511111437537E-004   0.0000000000000000     
   16.632000000000001        0.0000000000000000       -7.3183736412726094E-004   0.0000000000000000     
   16.830000000000002        0.0000000000000000       -7.1294872182086505E-004   0.0000000000000000     
   17.028000000000002        0.0000000000000000       -6.9425995996733817E-004   0.0000000000000000     
   17.225999999999999        0.0000000000000000       -6.7571549206753203E-004   0.0000000000000000     
   17.423999999999999        0.0000000000000000       -6.5725307452479443E-004   0.0000000000000000     
   17.622000000000000        0.0000000000000000       -6.3880002517209111E-004   0.0000000000000000     
   17.820000000000000        0.0000000000000000       -6.2026690422573266E-004   0.0000000000000000     
   18.018000000000001        0.0000000000000000       -6.0149552859641725E-004   0.0000000000000000     
   18.216000000000001        0.0000000000000000       -5.8236644452850847E-004   0.0000000000000000     
   18.414000000000001        0.0000000000000000       -5.6265590081995044E-004   0.0000000000000000     
   18.612000000000002        0.0000000000000000       -5.4211571094859537E-004   0.0000000000000000     
   18.810000000000002        0.0000000000000000       -5.2020142301185404E-004   0.0000000000000000     
   19.008000000000003        0.0000000000000000       -4.9613969907508801E-004   0.0000000000000000     
   19.206000000000000        0.0000000000000000       -4.6858962194198169E-004   0.0000000000000000     
   19.404000000000000        0.0000000000000000       -4.3568262068721404E-004   0.0000000000000000     
   19.602000000000000        0.0000000000000000       -3.9595358979808997E-004   0.0000000000000000     
