  -19.602000000000000        0.0000000000000000       -3.9606215586142737E-004   0.0000000000000000     
  -19.404000000000000        0.0000000000000000       -4.3582261514544461E-004   0.0000000000000000     
  -19.206000000000000        0.0000000000000000       -4.6875367265126762E-004   0.0000000000000000     
  -19.008000000000003        0.0000000000000000       -4.9631741585683847E-004   0.0000000000000000     
  -18.810000000000002        0.0000000000000000       -5.2039892742774185E-004   0.0000000000000000     
  -18.612000000000002        0.0000000000000000       -5.4231724524856143E-004   0.0000000000000000     
  -18.414000000000001        0.0000000000000000       -5.6293272537409655E-004   0.0000000000000000     
  -18.216000000000001        0.0000000000000000       -5.8260394499082334E-004   0.0000000000000000     
  -18.018000000000001        0.0000000000000000       -6.0170698989639492E-004   0.0000000000000000     
  -17.820000000000000        0.0000000000000000       -6.2048710669638379E-004   0.0000000000000000     
  -17.622000000000000        0.0000000000000000       -6.3903281711305592E-004   0.0000000000000000     
  -17.423999999999999        0.0000000000000000       -6.5749766599767969E-004   0.0000000000000000     
  -17.225999999999999        0.0000000000000000       -6.7597164710474287E-004   0.0000000000000000     
  -17.028000000000002        0.0000000000000000       -6.9452867797459576E-004   0.0000000000000000     
  -16.830000000000002        0.0000000000000000       -7.1323107456114062E-004   0.0000000000000000     
  -16.632000000000001        0.0000000000000000       -7.3213217752350905E-004   0.0000000000000000     
  -16.434000000000001        0.0000000000000000       -7.5129699178617200E-004   0.0000000000000000     
  -16.236000000000001        0.0000000000000000       -7.7075584195029348E-004   0.0000000000000000     
  -16.038000000000000        0.0000000000000000       -7.9055121001778063E-004   0.0000000000000000     
  -15.840000000000000        0.0000000000000000       -8.1072351811326611E-004   0.0000000000000000     
  -15.642000000000001        0.0000000000000000       -8.3131181138446661E-004   0.0000000000000000     
  -15.444000000000001        0.0000000000000000       -8.5235440679784947E-004   0.0000000000000000     
  -15.246000000000000        0.0000000000000000       -8.7388927485769561E-004   0.0000000000000000     
  -15.048000000000000        0.0000000000000000       -8.9595451050432297E-004   0.0000000000000000     
  -14.850000000000001        0.0000000000000000       -9.1858860975382818E-004   0.0000000000000000     
  -14.652000000000001        0.0000000000000000       -9.4183084369750872E-004   0.0000000000000000     
  -14.454000000000001        0.0000000000000000       -9.6572149999994738E-004   0.0000000000000000     
  -14.256000000000000        0.0000000000000000       -9.9030215158867475E-004   0.0000000000000000     
  -14.058000000000000        0.0000000000000000       -1.0156159392852794E-003   0.0000000000000000     
  -13.860000000000001        0.0000000000000000       -1.0417077813879520E-003   0.0000000000000000     
  -13.662000000000001        0.0000000000000000       -1.0686246885637904E-003   0.0000000000000000     
  -13.464000000000000        0.0000000000000000       -1.0964159552268125E-003   0.0000000000000000     
  -13.266000000000000        0.0000000000000000       -1.1251334831868715E-003   0.0000000000000000     
  -13.068000000000001        0.0000000000000000       -1.1548319911169811E-003   0.0000000000000000     
  -12.870000000000001        0.0000000000000000       -1.1855694295705421E-003   0.0000000000000000     
  -12.672000000000001        0.0000000000000000       -1.2174071437851557E-003   0.0000000000000000     
  -12.474000000000000        0.0000000000000000       -1.2504103433134412E-003   0.0000000000000000     
  -12.276000000000000        0.0000000000000000       -1.2846484136892213E-003   0.0000000000000000     
  -12.078000000000001        0.0000000000000000       -1.3201952461830164E-003   0.0000000000000000     
  -11.880000000000001        0.0000000000000000       -1.3571298190796404E-003   0.0000000000000000     
  -11.682000000000000        0.0000000000000000       -1.3955365046780333E-003   0.0000000000000000     
  -11.484000000000000        0.0000000000000000       -1.4355057338142606E-003   0.0000000000000000     
  -11.286000000000001        0.0000000000000000       -1.4771343903122248E-003   0.0000000000000000     
  -11.088000000000001        0.0000000000000000       -1.5205266105428094E-003   0.0000000000000000     
  -10.890000000000001        0.0000000000000000       -1.5657943013888795E-003   0.0000000000000000     
  -10.692000000000000        0.0000000000000000       -1.6130580308846888E-003   0.0000000000000000     
  -10.494000000000000        0.0000000000000000       -1.6624478209195188E-003   0.0000000000000000     
  -10.296000000000001        0.0000000000000000       -1.7141040250878265E-003   0.0000000000000000     
  -10.098000000000001        0.0000000000000000       -1.7681784330014583E-003   0.0000000000000000     
  -9.9000000000000004        0.0000000000000000       -1.8248353652691579E-003   0.0000000000000000     
  -9.7020000000000000        0.0000000000000000       -1.8842530447701663E-003   0.0000000000000000     
  -9.5040000000000013        0.0000000000000000       -1.9466248845671952E-003   0.0000000000000000     
  -9.3060000000000009        0.0000000000000000       -2.0121613158487575E-003   0.0000000000000000     
  -9.1080000000000005        0.0000000000000000       -2.0810913140564980E-003   0.0000000000000000     
  -8.9100000000000001        0.0000000000000000       -2.1536646201836605E-003   0.0000000000000000     
  -8.7119999999999997        0.0000000000000000       -2.2301539949684491E-003   0.0000000000000000     
  -8.5140000000000011        0.0000000000000000       -2.3108577440238164E-003   0.0000000000000000     
  -8.3160000000000007        0.0000000000000000       -2.3961025905240145E-003   0.0000000000000000     
  -8.1180000000000003        0.0000000000000000       -2.4862469557072092E-003   0.0000000000000000     
  -7.9199999999999999        0.0000000000000000       -2.5816848006652723E-003   0.0000000000000000     
  -7.7220000000000004        0.0000000000000000       -2.6828496723584590E-003   0.0000000000000000     
  -7.5240000000000000        0.0000000000000000       -2.7902195662991751E-003   0.0000000000000000     
  -7.3260000000000005        0.0000000000000000       -2.9043223907918177E-003   0.0000000000000000     
  -7.1280000000000001        0.0000000000000000       -3.0257422299828241E-003   0.0000000000000000     
  -6.9300000000000006        0.0000000000000000       -3.1551263511649680E-003   0.0000000000000000     
  -6.7320000000000002        0.0000000000000000       -3.2931934242960365E-003   0.0000000000000000     
  -6.5340000000000007        0.0000000000000000       -3.4407428999824402E-003   0.0000000000000000     
  -6.3360000000000003        0.0000000000000000       -3.5986655713910582E-003   0.0000000000000000     
  -6.1379999999999999        0.0000000000000000       -3.7679559220486383E-003   0.0000000000000000     
  -5.9400000000000004        0.0000000000000000       -3.9497262180500760E-003   0.0000000000000000     
  -5.7420000000000000        0.0000000000000000       -4.1452225142772810E-003   0.0000000000000000     
  -5.5440000000000005        0.0000000000000000       -4.3558432464680082E-003   0.0000000000000000     
  -5.3460000000000001        0.0000000000000000       -4.5831596698924235E-003   0.0000000000000000     
  -5.1480000000000006        0.0000000000000000       -4.8289398489502321E-003   0.0000000000000000     
  -4.9500000000000002        0.0000000000000000       -5.0951742444458464E-003   0.0000000000000000     
  -4.7520000000000007        0.0000000000000000       -5.3841035164011054E-003   0.0000000000000000     
  -4.5540000000000003        0.0000000000000000       -5.6982468852170903E-003   0.0000000000000000     
  -4.3559999999999999        0.0000000000000000       -6.0404266415982292E-003   0.0000000000000000     
  -4.1580000000000004        0.0000000000000000       -6.4137835248876647E-003   0.0000000000000000     
  -3.9600000000000000        0.0000000000000000       -6.8217661232485103E-003   0.0000000000000000     
  -3.7620000000000000        0.0000000000000000       -7.2680668798109672E-003   0.0000000000000000     
  -3.5640000000000001        0.0000000000000000       -7.7564540730007845E-003   0.0000000000000000     
  -3.3660000000000001        0.0000000000000000       -8.2904801123156284E-003   0.0000000000000000     
  -3.1680000000000001        0.0000000000000000       -8.8737017000659838E-003   0.0000000000000000     
  -2.9700000000000002        0.0000000000000000       -9.5146213124819874E-003   0.0000000000000000     
  -2.7720000000000002        0.0000000000000000       -1.0228039032225701E-002   0.0000000000000000     
  -2.5740000000000003        0.0000000000000000       -1.1023431673551045E-002   0.0000000000000000     
  -2.3760000000000003        0.0000000000000000       -1.1907614337280728E-002   0.0000000000000000     
  -2.1779999999999999        0.0000000000000000       -1.2889091830660221E-002   0.0000000000000000     
  -1.9800000000000000        0.0000000000000000       -1.3976231756839657E-002   0.0000000000000000     
  -1.7820000000000000        0.0000000000000000       -1.5170895454562258E-002   0.0000000000000000     
  -1.5840000000000001        0.0000000000000000       -1.6469374724618419E-002   0.0000000000000000     
  -1.3860000000000001        0.0000000000000000       -1.7870364072027405E-002   0.0000000000000000     
  -1.1880000000000002        0.0000000000000000       -1.9352693506469527E-002   0.0000000000000000     
 -0.98999999999999999        0.0000000000000000       -2.0872660751277972E-002   0.0000000000000000     
 -0.79200000000000004        0.0000000000000000       -2.2374189836513615E-002   0.0000000000000000     
 -0.59400000000000008        0.0000000000000000       -2.3764025613523112E-002   0.0000000000000000     
 -0.39600000000000002        0.0000000000000000       -2.4908692720891561E-002   0.0000000000000000     
 -0.19800000000000001        0.0000000000000000       -2.5669184750745023E-002   0.0000000000000000     
   0.0000000000000000        0.0000000000000000       -2.5936937545460899E-002   0.0000000000000000     
  0.19800000000000001        0.0000000000000000       -2.5669184750745023E-002   0.0000000000000000     
  0.39600000000000002        0.0000000000000000       -2.4908692720891561E-002   0.0000000000000000     
  0.59400000000000008        0.0000000000000000       -2.3764025613523112E-002   0.0000000000000000     
  0.79200000000000004        0.0000000000000000       -2.2374189836513615E-002   0.0000000000000000     
  0.98999999999999999        0.0000000000000000       -2.0872660751277972E-002   0.0000000000000000     
   1.1880000000000002        0.0000000000000000       -1.9352693506469527E-002   0.0000000000000000     
   1.3860000000000001        0.0000000000000000       -1.7870364072027405E-002   0.0000000000000000     
   1.5840000000000001        0.0000000000000000       -1.6469374724618419E-002   0.0000000000000000     
   1.7820000000000000        0.0000000000000000       -1.5170895454562258E-002   0.0000000000000000     
   1.9800000000000000        0.0000000000000000       -1.3976231756839657E-002   0.0000000000000000     
   2.1779999999999999        0.0000000000000000       -1.2889091830660221E-002   0.0000000000000000     
   2.3760000000000003        0.0000000000000000       -1.1907614337280728E-002   0.0000000000000000     
   2.5740000000000003        0.0000000000000000       -1.1023431673551045E-002   0.0000000000000000     
   2.7720000000000002        0.0000000000000000       -1.0228039032225701E-002   0.0000000000000000     
   2.9700000000000002        0.0000000000000000       -9.5146213124819874E-003   0.0000000000000000     
   3.1680000000000001        0.0000000000000000       -8.8737017000659838E-003   0.0000000000000000     
   3.3660000000000001        0.0000000000000000       -8.2904801123156284E-003   0.0000000000000000     
   3.5640000000000001        0.0000000000000000       -7.7564540730007845E-003   0.0000000000000000     
   3.7620000000000000        0.0000000000000000       -7.2680668798109672E-003   0.0000000000000000     
   3.9600000000000000        0.0000000000000000       -6.8217661232485103E-003   0.0000000000000000     
   4.1580000000000004        0.0000000000000000       -6.4137835248876647E-003   0.0000000000000000     
   4.3559999999999999        0.0000000000000000       -6.0404266415982292E-003   0.0000000000000000     
   4.5540000000000003        0.0000000000000000       -5.6982468852170903E-003   0.0000000000000000     
   4.7520000000000007        0.0000000000000000       -5.3841035164011054E-003   0.0000000000000000     
   4.9500000000000002        0.0000000000000000       -5.0951742444458464E-003   0.0000000000000000     
   5.1480000000000006        0.0000000000000000       -4.8289398489502321E-003   0.0000000000000000     
   5.3460000000000001        0.0000000000000000       -4.5831596698924235E-003   0.0000000000000000     
   5.5440000000000005        0.0000000000000000       -4.3558432464680082E-003   0.0000000000000000     
   5.7420000000000000        0.0000000000000000       -4.1452225142772810E-003   0.0000000000000000     
   5.9400000000000004        0.0000000000000000       -3.9497262180500760E-003   0.0000000000000000     
   6.1379999999999999        0.0000000000000000       -3.7679559220486383E-003   0.0000000000000000     
   6.3360000000000003        0.0000000000000000       -3.5986655713910582E-003   0.0000000000000000     
   6.5340000000000007        0.0000000000000000       -3.4407428999824402E-003   0.0000000000000000     
   6.7320000000000002        0.0000000000000000       -3.2931934242960365E-003   0.0000000000000000     
   6.9300000000000006        0.0000000000000000       -3.1551263511649680E-003   0.0000000000000000     
   7.1280000000000001        0.0000000000000000       -3.0257422299828241E-003   0.0000000000000000     
   7.3260000000000005        0.0000000000000000       -2.9043223907918177E-003   0.0000000000000000     
   7.5240000000000000        0.0000000000000000       -2.7902195662991751E-003   0.0000000000000000     
   7.7220000000000004        0.0000000000000000       -2.6828496723584590E-003   0.0000000000000000     
   7.9199999999999999        0.0000000000000000       -2.5816848006652723E-003   0.0000000000000000     
   8.1180000000000003        0.0000000000000000       -2.4862469557072092E-003   0.0000000000000000     
   8.3160000000000007        0.0000000000000000       -2.3961025905240145E-003   0.0000000000000000     
   8.5140000000000011        0.0000000000000000       -2.3108577440238164E-003   0.0000000000000000     
   8.7119999999999997        0.0000000000000000       -2.2301539949684491E-003   0.0000000000000000     
   8.9100000000000001        0.0000000000000000       -2.1536646201836605E-003   0.0000000000000000     
   9.1080000000000005        0.0000000000000000       -2.0810913140564980E-003   0.0000000000000000     
   9.3060000000000009        0.0000000000000000       -2.0121613158487575E-003   0.0000000000000000     
   9.5040000000000013        0.0000000000000000       -1.9466248845671952E-003   0.0000000000000000     
   9.7020000000000000        0.0000000000000000       -1.8842530447701663E-003   0.0000000000000000     
   9.9000000000000004        0.0000000000000000       -1.8248353652691579E-003   0.0000000000000000     
   10.098000000000001        0.0000000000000000       -1.7681784330014583E-003   0.0000000000000000     
   10.296000000000001        0.0000000000000000       -1.7141040250878265E-003   0.0000000000000000     
   10.494000000000000        0.0000000000000000       -1.6624478209195188E-003   0.0000000000000000     
   10.692000000000000        0.0000000000000000       -1.6130580308846888E-003   0.0000000000000000     
   10.890000000000001        0.0000000000000000       -1.5657943013888795E-003   0.0000000000000000     
   11.088000000000001        0.0000000000000000       -1.5205266105428094E-003   0.0000000000000000     
   11.286000000000001        0.0000000000000000       -1.4771343903122248E-003   0.0000000000000000     
   11.484000000000000        0.0000000000000000       -1.4355057338142606E-003   0.0000000000000000     
   11.682000000000000        0.0000000000000000       -1.3955365046780333E-003   0.0000000000000000     
   11.880000000000001        0.0000000000000000       -1.3571298190796404E-003   0.0000000000000000     
   12.078000000000001        0.0000000000000000       -1.3201952461830164E-003   0.0000000000000000     
   12.276000000000000        0.0000000000000000       -1.2846484136892213E-003   0.0000000000000000     
   12.474000000000000        0.0000000000000000       -1.2504103433134412E-003   0.0000000000000000     
   12.672000000000001        0.0000000000000000       -1.2174071437851557E-003   0.0000000000000000     
   12.870000000000001        0.0000000000000000       -1.1855694295705421E-003   0.0000000000000000     
   13.068000000000001        0.0000000000000000       -1.1548319911169811E-003   0.0000000000000000     
   13.266000000000000        0.0000000000000000       -1.1251334831868715E-003   0.0000000000000000     
   13.464000000000000        0.0000000000000000       -1.0964159552268125E-003   0.0000000000000000     
   13.662000000000001        0.0000000000000000       -1.0686246885637904E-003   0.0000000000000000     
   13.860000000000001        0.0000000000000000       -1.0417077813879520E-003   0.0000000000000000     
   14.058000000000000        0.0000000000000000       -1.0156159392852794E-003   0.0000000000000000     
   14.256000000000000        0.0000000000000000       -9.9030215158867475E-004   0.0000000000000000     
   14.454000000000001        0.0000000000000000       -9.6572149999994738E-004   0.0000000000000000     
   14.652000000000001        0.0000000000000000       -9.4183084369750872E-004   0.0000000000000000     
   14.850000000000001        0.0000000000000000       -9.1858860975382818E-004   0.0000000000000000     
   15.048000000000000        0.0000000000000000       -8.9595451050432297E-004   0.0000000000000000     
   15.246000000000000        0.0000000000000000       -8.7388927485769561E-004   0.0000000000000000     
   15.444000000000001        0.0000000000000000       -8.5235440679784947E-004   0.0000000000000000     
   15.642000000000001        0.0000000000000000       -8.3131181138446661E-004   0.0000000000000000     
   15.840000000000000        0.0000000000000000       -8.1072351811326611E-004   0.0000000000000000     
   16.038000000000000        0.0000000000000000       -7.9055121001778063E-004   0.0000000000000000     
   16.236000000000001        0.0000000000000000       -7.7075584195029348E-004   0.0000000000000000     
   16.434000000000001        0.0000000000000000       -7.5129699178617200E-004   0.0000000000000000     
   16.632000000000001        0.0000000000000000       -7.3213217752350905E-004   0.0000000000000000     
   16.830000000000002        0.0000000000000000       -7.1323107456114062E-004   0.0000000000000000     
   17.028000000000002        0.0000000000000000       -6.9452867797459576E-004   0.0000000000000000     
   17.225999999999999        0.0000000000000000       -6.7597164710474287E-004   0.0000000000000000     
   17.423999999999999        0.0000000000000000       -6.5749766599767969E-004   0.0000000000000000     
   17.622000000000000        0.0000000000000000       -6.3903281711305592E-004   0.0000000000000000     
   17.820000000000000        0.0000000000000000       -6.2048710669638379E-004   0.0000000000000000     
   18.018000000000001        0.0000000000000000       -6.0170698989639492E-004   0.0000000000000000     
   18.216000000000001        0.0000000000000000       -5.8260394499082334E-004   0.0000000000000000     
   18.414000000000001        0.0000000000000000       -5.6293272537409655E-004   0.0000000000000000     
   18.612000000000002        0.0000000000000000       -5.4231724524856143E-004   0.0000000000000000     
   18.810000000000002        0.0000000000000000       -5.2039892742774185E-004   0.0000000000000000     
   19.008000000000003        0.0000000000000000       -4.9631741585683847E-004   0.0000000000000000     
   19.206000000000000        0.0000000000000000       -4.6875367265126762E-004   0.0000000000000000     
   19.404000000000000        0.0000000000000000       -4.3582261514544461E-004   0.0000000000000000     
   19.602000000000000        0.0000000000000000       -3.9606215586142737E-004   0.0000000000000000     
