  -19.602000000000000        0.0000000000000000       -4.2908878923015014E-004   0.0000000000000000     
  -19.404000000000000        0.0000000000000000       -4.8723685154012628E-004   0.0000000000000000     
  -19.206000000000000        0.0000000000000000       -5.3468241855159245E-004   0.0000000000000000     
  -19.008000000000003        0.0000000000000000       -5.7301051420930132E-004   0.0000000000000000     
  -18.810000000000002        0.0000000000000000       -6.0516374290698119E-004   0.0000000000000000     
  -18.612000000000002        0.0000000000000000       -6.3332486308095512E-004   0.0000000000000000     
  -18.414000000000001        0.0000000000000000       -6.5888196689629160E-004   0.0000000000000000     
  -18.216000000000001        0.0000000000000000       -6.8274568049250741E-004   0.0000000000000000     
  -18.018000000000001        0.0000000000000000       -7.0550674436462349E-004   0.0000000000000000     
  -17.820000000000000        0.0000000000000000       -7.2758498242485499E-004   0.0000000000000000     
  -17.622000000000000        0.0000000000000000       -7.4926489877428235E-004   0.0000000000000000     
  -17.423999999999999        0.0000000000000000       -7.7077370036499450E-004   0.0000000000000000     
  -17.225999999999999        0.0000000000000000       -7.9225438459634538E-004   0.0000000000000000     
  -17.028000000000002        0.0000000000000000       -8.1383959751774959E-004   0.0000000000000000     
  -16.830000000000002        0.0000000000000000       -8.3563288247020292E-004   0.0000000000000000     
  -16.632000000000001        0.0000000000000000       -8.5772490159101401E-004   0.0000000000000000     
  -16.434000000000001        0.0000000000000000       -8.8018743200549013E-004   0.0000000000000000     
  -16.236000000000001        0.0000000000000000       -9.0308799109385044E-004   0.0000000000000000     
  -16.038000000000000        0.0000000000000000       -9.2648841469429057E-004   0.0000000000000000     
  -15.840000000000000        0.0000000000000000       -9.5044663665352067E-004   0.0000000000000000     
  -15.642000000000001        0.0000000000000000       -9.7501813182391303E-004   0.0000000000000000     
  -15.444000000000001        0.0000000000000000       -1.0002570162854539E-003   0.0000000000000000     
  -15.246000000000000        0.0000000000000000       -1.0262168584843519E-003   0.0000000000000000     
  -15.048000000000000        0.0000000000000000       -1.0529514733192990E-003   0.0000000000000000     
  -14.850000000000001        0.0000000000000000       -1.0805154825645066E-003   0.0000000000000000     
  -14.652000000000001        0.0000000000000000       -1.1089648510968484E-003   0.0000000000000000     
  -14.454000000000001        0.0000000000000000       -1.1383574268099953E-003   0.0000000000000000     
  -14.256000000000000        0.0000000000000000       -1.1687533134616497E-003   0.0000000000000000     
  -14.058000000000000        0.0000000000000000       -1.2002153914037910E-003   0.0000000000000000     
  -13.860000000000001        0.0000000000000000       -1.2328096832287521E-003   0.0000000000000000     
  -13.662000000000001        0.0000000000000000       -1.2666058446002507E-003   0.0000000000000000     
  -13.464000000000000        0.0000000000000000       -1.3016775649835133E-003   0.0000000000000000     
  -13.266000000000000        0.0000000000000000       -1.3381030574969495E-003   0.0000000000000000     
  -13.068000000000001        0.0000000000000000       -1.3759655485333891E-003   0.0000000000000000     
  -12.870000000000001        0.0000000000000000       -1.4153537762531488E-003   0.0000000000000000     
  -12.672000000000001        0.0000000000000000       -1.4563626273393581E-003   0.0000000000000000     
  -12.474000000000000        0.0000000000000000       -1.4990936884339528E-003   0.0000000000000000     
  -12.276000000000000        0.0000000000000000       -1.5436559036323390E-003   0.0000000000000000     
  -12.078000000000001        0.0000000000000000       -1.5901663866589694E-003   0.0000000000000000     
  -11.880000000000001        0.0000000000000000       -1.6387511509496982E-003   0.0000000000000000     
  -11.682000000000000        0.0000000000000000       -1.6895460149815534E-003   0.0000000000000000     
  -11.484000000000000        0.0000000000000000       -1.7426976289276462E-003   0.0000000000000000     
  -11.286000000000001        0.0000000000000000       -1.7983644832803751E-003   0.0000000000000000     
  -11.088000000000001        0.0000000000000000       -1.8567181813827257E-003   0.0000000000000000     
  -10.890000000000001        0.0000000000000000       -1.9179447625981218E-003   0.0000000000000000     
  -10.692000000000000        0.0000000000000000       -1.9822462045875179E-003   0.0000000000000000     
  -10.494000000000000        0.0000000000000000       -2.0498420914435963E-003   0.0000000000000000     
  -10.296000000000001        0.0000000000000000       -2.1209714528092954E-003   0.0000000000000000     
  -10.098000000000001        0.0000000000000000       -2.1958949736544204E-003   0.0000000000000000     
  -9.9000000000000004        0.0000000000000000       -2.2748971999619950E-003   0.0000000000000000     
  -9.7020000000000000        0.0000000000000000       -2.3582892284477524E-003   0.0000000000000000     
  -9.5040000000000013        0.0000000000000000       -2.4464117713160101E-003   0.0000000000000000     
  -9.3060000000000009        0.0000000000000000       -2.5396384247219472E-003   0.0000000000000000     
  -9.1080000000000005        0.0000000000000000       -2.6383794449444322E-003   0.0000000000000000     
  -8.9100000000000001        0.0000000000000000       -2.7430860165420638E-003   0.0000000000000000     
  -8.7119999999999997        0.0000000000000000       -2.8542552134335902E-003   0.0000000000000000     
  -8.5140000000000011        0.0000000000000000       -2.9724353535937023E-003   0.0000000000000000     
  -8.3160000000000007        0.0000000000000000       -3.0982322163613245E-003   0.0000000000000000     
  -8.1180000000000003        0.0000000000000000       -3.2323162980398864E-003   0.0000000000000000     
  -7.9199999999999999        0.0000000000000000       -3.3754305983094632E-003   0.0000000000000000     
  -7.7220000000000004        0.0000000000000000       -3.5284000084648396E-003   0.0000000000000000     
  -7.5240000000000000        0.0000000000000000       -3.6921418583201345E-003   0.0000000000000000     
  -7.3260000000000005        0.0000000000000000       -3.8676773326390382E-003   0.0000000000000000     
  -7.1280000000000001        0.0000000000000000       -4.0561459642748463E-003   0.0000000000000000     
  -6.9300000000000006        0.0000000000000000       -4.2588205524669532E-003   0.0000000000000000     
  -6.7320000000000002        0.0000000000000000       -4.4771254108670888E-003   0.0000000000000000     
  -6.5340000000000007        0.0000000000000000       -4.7126567509397799E-003   0.0000000000000000     
  -6.3360000000000003        0.0000000000000000       -4.9672060812948381E-003   0.0000000000000000     
  -6.1379999999999999        0.0000000000000000       -5.2427873581326239E-003   0.0000000000000000     
  -5.9400000000000004        0.0000000000000000       -5.5416671186688344E-003   0.0000000000000000     
  -5.7420000000000000        0.0000000000000000       -5.8664001451073913E-003   0.0000000000000000     
  -5.5440000000000005        0.0000000000000000       -6.2198686216077626E-003   0.0000000000000000     
  -5.3460000000000001        0.0000000000000000       -6.6053279417247219E-003   0.0000000000000000     
  -5.1480000000000006        0.0000000000000000       -7.0264567098610098E-003   0.0000000000000000     
  -4.9500000000000002        0.0000000000000000       -7.4874135491407460E-003   0.0000000000000000     
  -4.7520000000000007        0.0000000000000000       -7.9928981045055397E-003   0.0000000000000000     
  -4.5540000000000003        0.0000000000000000       -8.5482171202372632E-003   0.0000000000000000     
  -4.3559999999999999        0.0000000000000000       -9.1593497407349653E-003   0.0000000000000000     
  -4.1580000000000004        0.0000000000000000       -9.8330084644990771E-003   0.0000000000000000     
  -3.9600000000000000        0.0000000000000000       -1.0576683186336524E-002   0.0000000000000000     
  -3.7620000000000000        0.0000000000000000       -1.1398647824155768E-002   0.0000000000000000     
  -3.5640000000000001        0.0000000000000000       -1.2307896261455667E-002   0.0000000000000000     
  -3.3660000000000001        0.0000000000000000       -1.3313975643507408E-002   0.0000000000000000     
  -3.1680000000000001        0.0000000000000000       -1.4426818285527330E-002   0.0000000000000000     
  -2.9700000000000002        0.0000000000000000       -1.5657400044359289E-002   0.0000000000000000     
  -2.7720000000000002        0.0000000000000000       -1.7021598275445741E-002   0.0000000000000000     
  -2.5740000000000003        0.0000000000000000       -1.8540274810521302E-002   0.0000000000000000     
  -2.3760000000000003        0.0000000000000000       -2.0232467387233603E-002   0.0000000000000000     
  -2.1779999999999999        0.0000000000000000       -2.2115182651928463E-002   0.0000000000000000     
  -1.9800000000000000        0.0000000000000000       -2.4202332208323293E-002   0.0000000000000000     
  -1.7820000000000000        0.0000000000000000       -2.6502651322025578E-002   0.0000000000000000     
  -1.5840000000000001        0.0000000000000000       -2.9016515825640212E-002   0.0000000000000000     
  -1.3860000000000001        0.0000000000000000       -3.1721283795454615E-002   0.0000000000000000     
  -1.1880000000000002        0.0000000000000000       -3.4566705466838966E-002   0.0000000000000000     
 -0.98999999999999999        0.0000000000000000       -3.7483528853490530E-002   0.0000000000000000     
 -0.79200000000000004        0.0000000000000000       -4.0353941308248834E-002   0.0000000000000000     
 -0.59400000000000008        0.0000000000000000       -4.2987510135359182E-002   0.0000000000000000     
 -0.39600000000000002        0.0000000000000000       -4.5146466739435259E-002   0.0000000000000000     
 -0.19800000000000001        0.0000000000000000       -4.6577335977133517E-002   0.0000000000000000     
   0.0000000000000000        0.0000000000000000       -4.7079377608176765E-002   0.0000000000000000     
  0.19800000000000001        0.0000000000000000       -4.6577335977133517E-002   0.0000000000000000     
  0.39600000000000002        0.0000000000000000       -4.5146466739435259E-002   0.0000000000000000     
  0.59400000000000008        0.0000000000000000       -4.2987510135359182E-002   0.0000000000000000     
  0.79200000000000004        0.0000000000000000       -4.0353941308248834E-002   0.0000000000000000     
  0.98999999999999999        0.0000000000000000       -3.7483528853490530E-002   0.0000000000000000     
   1.1880000000000002        0.0000000000000000       -3.4566705466838966E-002   0.0000000000000000     
   1.3860000000000001        0.0000000000000000       -3.1721283795454615E-002   0.0000000000000000     
   1.5840000000000001        0.0000000000000000       -2.9016515825640212E-002   0.0000000000000000     
   1.7820000000000000        0.0000000000000000       -2.6502651322025578E-002   0.0000000000000000     
   1.9800000000000000        0.0000000000000000       -2.4202332208323293E-002   0.0000000000000000     
   2.1779999999999999        0.0000000000000000       -2.2115182651928463E-002   0.0000000000000000     
   2.3760000000000003        0.0000000000000000       -2.0232467387233603E-002   0.0000000000000000     
   2.5740000000000003        0.0000000000000000       -1.8540274810521302E-002   0.0000000000000000     
   2.7720000000000002        0.0000000000000000       -1.7021598275445741E-002   0.0000000000000000     
   2.9700000000000002        0.0000000000000000       -1.5657400044359289E-002   0.0000000000000000     
   3.1680000000000001        0.0000000000000000       -1.4426818285527330E-002   0.0000000000000000     
   3.3660000000000001        0.0000000000000000       -1.3313975643507408E-002   0.0000000000000000     
   3.5640000000000001        0.0000000000000000       -1.2307896261455667E-002   0.0000000000000000     
   3.7620000000000000        0.0000000000000000       -1.1398647824155768E-002   0.0000000000000000     
   3.9600000000000000        0.0000000000000000       -1.0576683186336524E-002   0.0000000000000000     
   4.1580000000000004        0.0000000000000000       -9.8330084644990771E-003   0.0000000000000000     
   4.3559999999999999        0.0000000000000000       -9.1593497407349653E-003   0.0000000000000000     
   4.5540000000000003        0.0000000000000000       -8.5482171202372632E-003   0.0000000000000000     
   4.7520000000000007        0.0000000000000000       -7.9928981045055397E-003   0.0000000000000000     
   4.9500000000000002        0.0000000000000000       -7.4874135491407460E-003   0.0000000000000000     
   5.1480000000000006        0.0000000000000000       -7.0264567098610098E-003   0.0000000000000000     
   5.3460000000000001        0.0000000000000000       -6.6053279417247219E-003   0.0000000000000000     
   5.5440000000000005        0.0000000000000000       -6.2198686216077626E-003   0.0000000000000000     
   5.7420000000000000        0.0000000000000000       -5.8664001451073913E-003   0.0000000000000000     
   5.9400000000000004        0.0000000000000000       -5.5416671186688344E-003   0.0000000000000000     
   6.1379999999999999        0.0000000000000000       -5.2427873581326239E-003   0.0000000000000000     
   6.3360000000000003        0.0000000000000000       -4.9672060812948381E-003   0.0000000000000000     
   6.5340000000000007        0.0000000000000000       -4.7126567509397799E-003   0.0000000000000000     
   6.7320000000000002        0.0000000000000000       -4.4771254108670888E-003   0.0000000000000000     
   6.9300000000000006        0.0000000000000000       -4.2588205524669532E-003   0.0000000000000000     
   7.1280000000000001        0.0000000000000000       -4.0561459642748463E-003   0.0000000000000000     
   7.3260000000000005        0.0000000000000000       -3.8676773326390382E-003   0.0000000000000000     
   7.5240000000000000        0.0000000000000000       -3.6921418583201345E-003   0.0000000000000000     
   7.7220000000000004        0.0000000000000000       -3.5284000084648396E-003   0.0000000000000000     
   7.9199999999999999        0.0000000000000000       -3.3754305983094632E-003   0.0000000000000000     
   8.1180000000000003        0.0000000000000000       -3.2323162980398864E-003   0.0000000000000000     
   8.3160000000000007        0.0000000000000000       -3.0982322163613245E-003   0.0000000000000000     
   8.5140000000000011        0.0000000000000000       -2.9724353535937023E-003   0.0000000000000000     
   8.7119999999999997        0.0000000000000000       -2.8542552134335902E-003   0.0000000000000000     
   8.9100000000000001        0.0000000000000000       -2.7430860165420638E-003   0.0000000000000000     
   9.1080000000000005        0.0000000000000000       -2.6383794449444322E-003   0.0000000000000000     
   9.3060000000000009        0.0000000000000000       -2.5396384247219472E-003   0.0000000000000000     
   9.5040000000000013        0.0000000000000000       -2.4464117713160101E-003   0.0000000000000000     
   9.7020000000000000        0.0000000000000000       -2.3582892284477524E-003   0.0000000000000000     
   9.9000000000000004        0.0000000000000000       -2.2748971999619950E-003   0.0000000000000000     
   10.098000000000001        0.0000000000000000       -2.1958949736544204E-003   0.0000000000000000     
   10.296000000000001        0.0000000000000000       -2.1209714528092954E-003   0.0000000000000000     
   10.494000000000000        0.0000000000000000       -2.0498420914435963E-003   0.0000000000000000     
   10.692000000000000        0.0000000000000000       -1.9822462045875179E-003   0.0000000000000000     
   10.890000000000001        0.0000000000000000       -1.9179447625981218E-003   0.0000000000000000     
   11.088000000000001        0.0000000000000000       -1.8567181813827257E-003   0.0000000000000000     
   11.286000000000001        0.0000000000000000       -1.7983644832803751E-003   0.0000000000000000     
   11.484000000000000        0.0000000000000000       -1.7426976289276462E-003   0.0000000000000000     
   11.682000000000000        0.0000000000000000       -1.6895460149815534E-003   0.0000000000000000     
   11.880000000000001        0.0000000000000000       -1.6387511509496982E-003   0.0000000000000000     
   12.078000000000001        0.0000000000000000       -1.5901663866589694E-003   0.0000000000000000     
   12.276000000000000        0.0000000000000000       -1.5436559036323390E-003   0.0000000000000000     
   12.474000000000000        0.0000000000000000       -1.4990936884339528E-003   0.0000000000000000     
   12.672000000000001        0.0000000000000000       -1.4563626273393581E-003   0.0000000000000000     
   12.870000000000001        0.0000000000000000       -1.4153537762531488E-003   0.0000000000000000     
   13.068000000000001        0.0000000000000000       -1.3759655485333891E-003   0.0000000000000000     
   13.266000000000000        0.0000000000000000       -1.3381030574969495E-003   0.0000000000000000     
   13.464000000000000        0.0000000000000000       -1.3016775649835133E-003   0.0000000000000000     
   13.662000000000001        0.0000000000000000       -1.2666058446002507E-003   0.0000000000000000     
   13.860000000000001        0.0000000000000000       -1.2328096832287521E-003   0.0000000000000000     
   14.058000000000000        0.0000000000000000       -1.2002153914037910E-003   0.0000000000000000     
   14.256000000000000        0.0000000000000000       -1.1687533134616497E-003   0.0000000000000000     
   14.454000000000001        0.0000000000000000       -1.1383574268099953E-003   0.0000000000000000     
   14.652000000000001        0.0000000000000000       -1.1089648510968484E-003   0.0000000000000000     
   14.850000000000001        0.0000000000000000       -1.0805154825645066E-003   0.0000000000000000     
   15.048000000000000        0.0000000000000000       -1.0529514733192990E-003   0.0000000000000000     
   15.246000000000000        0.0000000000000000       -1.0262168584843519E-003   0.0000000000000000     
   15.444000000000001        0.0000000000000000       -1.0002570162854539E-003   0.0000000000000000     
   15.642000000000001        0.0000000000000000       -9.7501813182391303E-004   0.0000000000000000     
   15.840000000000000        0.0000000000000000       -9.5044663665352067E-004   0.0000000000000000     
   16.038000000000000        0.0000000000000000       -9.2648841469429057E-004   0.0000000000000000     
   16.236000000000001        0.0000000000000000       -9.0308799109385044E-004   0.0000000000000000     
   16.434000000000001        0.0000000000000000       -8.8018743200549013E-004   0.0000000000000000     
   16.632000000000001        0.0000000000000000       -8.5772490159101401E-004   0.0000000000000000     
   16.830000000000002        0.0000000000000000       -8.3563288247020292E-004   0.0000000000000000     
   17.028000000000002        0.0000000000000000       -8.1383959751774959E-004   0.0000000000000000     
   17.225999999999999        0.0000000000000000       -7.9225438459634538E-004   0.0000000000000000     
   17.423999999999999        0.0000000000000000       -7.7077370036499450E-004   0.0000000000000000     
   17.622000000000000        0.0000000000000000       -7.4926489877428235E-004   0.0000000000000000     
   17.820000000000000        0.0000000000000000       -7.2758498242485499E-004   0.0000000000000000     
   18.018000000000001        0.0000000000000000       -7.0550674436462349E-004   0.0000000000000000     
   18.216000000000001        0.0000000000000000       -6.8274568049250741E-004   0.0000000000000000     
   18.414000000000001        0.0000000000000000       -6.5888196689629160E-004   0.0000000000000000     
   18.612000000000002        0.0000000000000000       -6.3332486308095512E-004   0.0000000000000000     
   18.810000000000002        0.0000000000000000       -6.0516374290698119E-004   0.0000000000000000     
   19.008000000000003        0.0000000000000000       -5.7301051420930132E-004   0.0000000000000000     
   19.206000000000000        0.0000000000000000       -5.3468241855159245E-004   0.0000000000000000     
   19.404000000000000        0.0000000000000000       -4.8723685154012628E-004   0.0000000000000000     
   19.602000000000000        0.0000000000000000       -4.2908878923015014E-004   0.0000000000000000     
