  -19.602000000000000        0.0000000000000000       -3.9706612665658248E-004   0.0000000000000000     
  -19.404000000000000        0.0000000000000000       -4.4305720266446535E-004   0.0000000000000000     
  -19.206000000000000        0.0000000000000000       -4.8082328549918513E-004   0.0000000000000000     
  -19.008000000000003        0.0000000000000000       -5.1172753403113638E-004   0.0000000000000000     
  -18.810000000000002        0.0000000000000000       -5.3808154788381052E-004   0.0000000000000000     
  -18.612000000000002        0.0000000000000000       -5.6153747387385614E-004   0.0000000000000000     
  -18.414000000000001        0.0000000000000000       -5.8313548273721937E-004   0.0000000000000000     
  -18.216000000000001        0.0000000000000000       -6.0354879048244694E-004   0.0000000000000000     
  -18.018000000000001        0.0000000000000000       -6.2321137838612466E-004   0.0000000000000000     
  -17.820000000000000        0.0000000000000000       -6.4242640881122292E-004   0.0000000000000000     
  -17.622000000000000        0.0000000000000000       -6.6139353822574536E-004   0.0000000000000000     
  -17.423999999999999        0.0000000000000000       -6.8026686015170595E-004   0.0000000000000000     
  -17.225999999999999        0.0000000000000000       -6.9915824673357592E-004   0.0000000000000000     
  -17.028000000000002        0.0000000000000000       -7.1816959864145352E-004   0.0000000000000000     
  -16.830000000000002        0.0000000000000000       -7.3735830531439109E-004   0.0000000000000000     
  -16.632000000000001        0.0000000000000000       -7.5679925881125211E-004   0.0000000000000000     
  -16.434000000000001        0.0000000000000000       -7.7655633376251228E-004   0.0000000000000000     
  -16.236000000000001        0.0000000000000000       -7.9668012770401394E-004   0.0000000000000000     
  -16.038000000000000        0.0000000000000000       -8.1721742582014842E-004   0.0000000000000000     
  -15.840000000000000        0.0000000000000000       -8.3821244184766074E-004   0.0000000000000000     
  -15.642000000000001        0.0000000000000000       -8.5970782116836478E-004   0.0000000000000000     
  -15.444000000000001        0.0000000000000000       -8.8174542106917841E-004   0.0000000000000000     
  -15.246000000000000        0.0000000000000000       -9.0436688084351855E-004   0.0000000000000000     
  -15.048000000000000        0.0000000000000000       -9.2761414926183304E-004   0.0000000000000000     
  -14.850000000000001        0.0000000000000000       -9.5152989981926316E-004   0.0000000000000000     
  -14.652000000000001        0.0000000000000000       -9.7615793215707729E-004   0.0000000000000000     
  -14.454000000000001        0.0000000000000000       -1.0015434613764571E-003   0.0000000000000000     
  -14.256000000000000        0.0000000000000000       -1.0277334919226984E-003   0.0000000000000000     
  -14.058000000000000        0.0000000000000000       -1.0547770733703959E-003   0.0000000000000000     
  -13.860000000000001        0.0000000000000000       -1.0827256192331789E-003   0.0000000000000000     
  -13.662000000000001        0.0000000000000000       -1.1116332429410070E-003   0.0000000000000000     
  -13.464000000000000        0.0000000000000000       -1.1415570168514771E-003   0.0000000000000000     
  -13.266000000000000        0.0000000000000000       -1.1725573688320778E-003   0.0000000000000000     
  -13.068000000000001        0.0000000000000000       -1.2046982802056644E-003   0.0000000000000000     
  -12.870000000000001        0.0000000000000000       -1.2380478749781313E-003   0.0000000000000000     
  -12.672000000000001        0.0000000000000000       -1.2726785896129517E-003   0.0000000000000000     
  -12.474000000000000        0.0000000000000000       -1.3086677339726955E-003   0.0000000000000000     
  -12.276000000000000        0.0000000000000000       -1.3460979489095112E-003   0.0000000000000000     
  -12.078000000000001        0.0000000000000000       -1.3850576027321629E-003   0.0000000000000000     
  -11.880000000000001        0.0000000000000000       -1.4256415007218735E-003   0.0000000000000000     
  -11.682000000000000        0.0000000000000000       -1.4679513347151162E-003   0.0000000000000000     
  -11.484000000000000        0.0000000000000000       -1.5120965118130489E-003   0.0000000000000000     
  -11.286000000000001        0.0000000000000000       -1.5581947373873896E-003   0.0000000000000000     
  -11.088000000000001        0.0000000000000000       -1.6063729604486356E-003   0.0000000000000000     
  -10.890000000000001        0.0000000000000000       -1.6567682387645612E-003   0.0000000000000000     
  -10.692000000000000        0.0000000000000000       -1.7095287355583029E-003   0.0000000000000000     
  -10.494000000000000        0.0000000000000000       -1.7648148924908308E-003   0.0000000000000000     
  -10.296000000000001        0.0000000000000000       -1.8228006581211490E-003   0.0000000000000000     
  -10.098000000000001        0.0000000000000000       -1.8836749702505777E-003   0.0000000000000000     
  -9.9000000000000004        0.0000000000000000       -1.9476432292223804E-003   0.0000000000000000     
  -9.7020000000000000        0.0000000000000000       -2.0149292318651594E-003   0.0000000000000000     
  -9.5040000000000013        0.0000000000000000       -2.0857770598097067E-003   0.0000000000000000     
  -9.3060000000000009        0.0000000000000000       -2.1604534385888581E-003   0.0000000000000000     
  -9.1080000000000005        0.0000000000000000       -2.2392502389746516E-003   0.0000000000000000     
  -8.9100000000000001        0.0000000000000000       -2.3224873960403405E-003   0.0000000000000000     
  -8.7119999999999997        0.0000000000000000       -2.4105163327068466E-003   0.0000000000000000     
  -8.5140000000000011        0.0000000000000000       -2.5037234676867936E-003   0.0000000000000000     
  -8.3160000000000007        0.0000000000000000       -2.6025347120613319E-003   0.0000000000000000     
  -8.1180000000000003        0.0000000000000000       -2.7074202400771152E-003   0.0000000000000000     
  -7.9199999999999999        0.0000000000000000       -2.8189000782254383E-003   0.0000000000000000     
  -7.7220000000000004        0.0000000000000000       -2.9375505369146370E-003   0.0000000000000000     
  -7.5240000000000000        0.0000000000000000       -3.0640115527147170E-003   0.0000000000000000     
  -7.3260000000000005        0.0000000000000000       -3.1989950812223405E-003   0.0000000000000000     
  -7.1280000000000001        0.0000000000000000       -3.3432948083141037E-003   0.0000000000000000     
  -6.9300000000000006        0.0000000000000000       -3.4977974979641174E-003   0.0000000000000000     
  -6.7320000000000002        0.0000000000000000       -3.6634958799575484E-003   0.0000000000000000     
  -6.5340000000000007        0.0000000000000000       -3.8415036996226714E-003   0.0000000000000000     
  -6.3360000000000003        0.0000000000000000       -4.0330732313964496E-003   0.0000000000000000     
  -6.1379999999999999        0.0000000000000000       -4.2396151930838531E-003   0.0000000000000000     
  -5.9400000000000004        0.0000000000000000       -4.4627226230016829E-003   0.0000000000000000     
  -5.7420000000000000        0.0000000000000000       -4.7041979246244007E-003   0.0000000000000000     
  -5.5440000000000005        0.0000000000000000       -4.9660840117718283E-003   0.0000000000000000     
  -5.3460000000000001        0.0000000000000000       -5.2507014515849734E-003   0.0000000000000000     
  -5.1480000000000006        0.0000000000000000       -5.5606895174722453E-003   0.0000000000000000     
  -4.9500000000000002        0.0000000000000000       -5.8990546453373052E-003   0.0000000000000000     
  -4.7520000000000007        0.0000000000000000       -6.2692238219962853E-003   0.0000000000000000     
  -4.5540000000000003        0.0000000000000000       -6.6751040624346229E-003   0.0000000000000000     
  -4.3559999999999999        0.0000000000000000       -7.1211454886517924E-003   0.0000000000000000     
  -4.1580000000000004        0.0000000000000000       -7.6124036539109456E-003   0.0000000000000000     
  -3.9600000000000000        0.0000000000000000       -8.1545917742754589E-003   0.0000000000000000     
  -3.7620000000000000        0.0000000000000000       -8.7541051137225365E-003   0.0000000000000000     
  -3.5640000000000001        0.0000000000000000       -9.4179828748005758E-003   0.0000000000000000     
  -3.3660000000000001        0.0000000000000000       -1.0153761100140676E-002   0.0000000000000000     
  -3.1680000000000001        0.0000000000000000       -1.0969231474314124E-002   0.0000000000000000     
  -2.9700000000000002        0.0000000000000000       -1.1872683662120086E-002   0.0000000000000000     
  -2.7720000000000002        0.0000000000000000       -1.2876209309909447E-002   0.0000000000000000     
  -2.5740000000000003        0.0000000000000000       -1.3998402469655459E-002   0.0000000000000000     
  -2.3760000000000003        0.0000000000000000       -1.5258240039030304E-002   0.0000000000000000     
  -2.1779999999999999        0.0000000000000000       -1.6669880394570707E-002   0.0000000000000000     
  -1.9800000000000000        0.0000000000000000       -1.8248173705422682E-002   0.0000000000000000     
  -1.7820000000000000        0.0000000000000000       -2.0004623613162589E-002   0.0000000000000000     
  -1.5840000000000001        0.0000000000000000       -2.1938202446539091E-002   0.0000000000000000     
  -1.3860000000000001        0.0000000000000000       -2.4029913570106715E-002   0.0000000000000000     
  -1.1880000000000002        0.0000000000000000       -2.6244429299880610E-002   0.0000000000000000     
 -0.98999999999999999        0.0000000000000000       -2.8527674168915822E-002   0.0000000000000000     
 -0.79200000000000004        0.0000000000000000       -3.0786923454849648E-002   0.0000000000000000     
 -0.59400000000000008        0.0000000000000000       -3.2878176972930391E-002   0.0000000000000000     
 -0.39600000000000002        0.0000000000000000       -3.4615123949011520E-002   0.0000000000000000     
 -0.19800000000000001        0.0000000000000000       -3.5786098846796302E-002   0.0000000000000000     
   0.0000000000000000        0.0000000000000000       -3.6203016557343252E-002   0.0000000000000000     
  0.19800000000000001        0.0000000000000000       -3.5786098846796302E-002   0.0000000000000000     
  0.39600000000000002        0.0000000000000000       -3.4615123949011520E-002   0.0000000000000000     
  0.59400000000000008        0.0000000000000000       -3.2878176972930391E-002   0.0000000000000000     
  0.79200000000000004        0.0000000000000000       -3.0786923454849648E-002   0.0000000000000000     
  0.98999999999999999        0.0000000000000000       -2.8527674168915822E-002   0.0000000000000000     
   1.1880000000000002        0.0000000000000000       -2.6244429299880610E-002   0.0000000000000000     
   1.3860000000000001        0.0000000000000000       -2.4029913570106715E-002   0.0000000000000000     
   1.5840000000000001        0.0000000000000000       -2.1938202446539091E-002   0.0000000000000000     
   1.7820000000000000        0.0000000000000000       -2.0004623613162589E-002   0.0000000000000000     
   1.9800000000000000        0.0000000000000000       -1.8248173705422682E-002   0.0000000000000000     
   2.1779999999999999        0.0000000000000000       -1.6669880394570707E-002   0.0000000000000000     
   2.3760000000000003        0.0000000000000000       -1.5258240039030304E-002   0.0000000000000000     
   2.5740000000000003        0.0000000000000000       -1.3998402469655459E-002   0.0000000000000000     
   2.7720000000000002        0.0000000000000000       -1.2876209309909447E-002   0.0000000000000000     
   2.9700000000000002        0.0000000000000000       -1.1872683662120086E-002   0.0000000000000000     
   3.1680000000000001        0.0000000000000000       -1.0969231474314124E-002   0.0000000000000000     
   3.3660000000000001        0.0000000000000000       -1.0153761100140676E-002   0.0000000000000000     
   3.5640000000000001        0.0000000000000000       -9.4179828748005758E-003   0.0000000000000000     
   3.7620000000000000        0.0000000000000000       -8.7541051137225365E-003   0.0000000000000000     
   3.9600000000000000        0.0000000000000000       -8.1545917742754589E-003   0.0000000000000000     
   4.1580000000000004        0.0000000000000000       -7.6124036539109456E-003   0.0000000000000000     
   4.3559999999999999        0.0000000000000000       -7.1211454886517924E-003   0.0000000000000000     
   4.5540000000000003        0.0000000000000000       -6.6751040624346229E-003   0.0000000000000000     
   4.7520000000000007        0.0000000000000000       -6.2692238219962853E-003   0.0000000000000000     
   4.9500000000000002        0.0000000000000000       -5.8990546453373052E-003   0.0000000000000000     
   5.1480000000000006        0.0000000000000000       -5.5606895174722453E-003   0.0000000000000000     
   5.3460000000000001        0.0000000000000000       -5.2507014515849734E-003   0.0000000000000000     
   5.5440000000000005        0.0000000000000000       -4.9660840117718283E-003   0.0000000000000000     
   5.7420000000000000        0.0000000000000000       -4.7041979246244007E-003   0.0000000000000000     
   5.9400000000000004        0.0000000000000000       -4.4627226230016829E-003   0.0000000000000000     
   6.1379999999999999        0.0000000000000000       -4.2396151930838531E-003   0.0000000000000000     
   6.3360000000000003        0.0000000000000000       -4.0330732313964496E-003   0.0000000000000000     
   6.5340000000000007        0.0000000000000000       -3.8415036996226714E-003   0.0000000000000000     
   6.7320000000000002        0.0000000000000000       -3.6634958799575484E-003   0.0000000000000000     
   6.9300000000000006        0.0000000000000000       -3.4977974979641174E-003   0.0000000000000000     
   7.1280000000000001        0.0000000000000000       -3.3432948083141037E-003   0.0000000000000000     
   7.3260000000000005        0.0000000000000000       -3.1989950812223405E-003   0.0000000000000000     
   7.5240000000000000        0.0000000000000000       -3.0640115527147170E-003   0.0000000000000000     
   7.7220000000000004        0.0000000000000000       -2.9375505369146370E-003   0.0000000000000000     
   7.9199999999999999        0.0000000000000000       -2.8189000782254383E-003   0.0000000000000000     
   8.1180000000000003        0.0000000000000000       -2.7074202400771152E-003   0.0000000000000000     
   8.3160000000000007        0.0000000000000000       -2.6025347120613319E-003   0.0000000000000000     
   8.5140000000000011        0.0000000000000000       -2.5037234676867936E-003   0.0000000000000000     
   8.7119999999999997        0.0000000000000000       -2.4105163327068466E-003   0.0000000000000000     
   8.9100000000000001        0.0000000000000000       -2.3224873960403405E-003   0.0000000000000000     
   9.1080000000000005        0.0000000000000000       -2.2392502389746516E-003   0.0000000000000000     
   9.3060000000000009        0.0000000000000000       -2.1604534385888581E-003   0.0000000000000000     
   9.5040000000000013        0.0000000000000000       -2.0857770598097067E-003   0.0000000000000000     
   9.7020000000000000        0.0000000000000000       -2.0149292318651594E-003   0.0000000000000000     
   9.9000000000000004        0.0000000000000000       -1.9476432292223804E-003   0.0000000000000000     
   10.098000000000001        0.0000000000000000       -1.8836749702505777E-003   0.0000000000000000     
   10.296000000000001        0.0000000000000000       -1.8228006581211490E-003   0.0000000000000000     
   10.494000000000000        0.0000000000000000       -1.7648148924908308E-003   0.0000000000000000     
   10.692000000000000        0.0000000000000000       -1.7095287355583029E-003   0.0000000000000000     
   10.890000000000001        0.0000000000000000       -1.6567682387645612E-003   0.0000000000000000     
   11.088000000000001        0.0000000000000000       -1.6063729604486356E-003   0.0000000000000000     
   11.286000000000001        0.0000000000000000       -1.5581947373873896E-003   0.0000000000000000     
   11.484000000000000        0.0000000000000000       -1.5120965118130489E-003   0.0000000000000000     
   11.682000000000000        0.0000000000000000       -1.4679513347151162E-003   0.0000000000000000     
   11.880000000000001        0.0000000000000000       -1.4256415007218735E-003   0.0000000000000000     
   12.078000000000001        0.0000000000000000       -1.3850576027321629E-003   0.0000000000000000     
   12.276000000000000        0.0000000000000000       -1.3460979489095112E-003   0.0000000000000000     
   12.474000000000000        0.0000000000000000       -1.3086677339726955E-003   0.0000000000000000     
   12.672000000000001        0.0000000000000000       -1.2726785896129517E-003   0.0000000000000000     
   12.870000000000001        0.0000000000000000       -1.2380478749781313E-003   0.0000000000000000     
   13.068000000000001        0.0000000000000000       -1.2046982802056644E-003   0.0000000000000000     
   13.266000000000000        0.0000000000000000       -1.1725573688320778E-003   0.0000000000000000     
   13.464000000000000        0.0000000000000000       -1.1415570168514771E-003   0.0000000000000000     
   13.662000000000001        0.0000000000000000       -1.1116332429410070E-003   0.0000000000000000     
   13.860000000000001        0.0000000000000000       -1.0827256192331789E-003   0.0000000000000000     
   14.058000000000000        0.0000000000000000       -1.0547770733703959E-003   0.0000000000000000     
   14.256000000000000        0.0000000000000000       -1.0277334919226984E-003   0.0000000000000000     
   14.454000000000001        0.0000000000000000       -1.0015434613764571E-003   0.0000000000000000     
   14.652000000000001        0.0000000000000000       -9.7615793215707729E-004   0.0000000000000000     
   14.850000000000001        0.0000000000000000       -9.5152989981926316E-004   0.0000000000000000     
   15.048000000000000        0.0000000000000000       -9.2761414926183304E-004   0.0000000000000000     
   15.246000000000000        0.0000000000000000       -9.0436688084351855E-004   0.0000000000000000     
   15.444000000000001        0.0000000000000000       -8.8174542106917841E-004   0.0000000000000000     
   15.642000000000001        0.0000000000000000       -8.5970782116836478E-004   0.0000000000000000     
   15.840000000000000        0.0000000000000000       -8.3821244184766074E-004   0.0000000000000000     
   16.038000000000000        0.0000000000000000       -8.1721742582014842E-004   0.0000000000000000     
   16.236000000000001        0.0000000000000000       -7.9668012770401394E-004   0.0000000000000000     
   16.434000000000001        0.0000000000000000       -7.7655633376251228E-004   0.0000000000000000     
   16.632000000000001        0.0000000000000000       -7.5679925881125211E-004   0.0000000000000000     
   16.830000000000002        0.0000000000000000       -7.3735830531439109E-004   0.0000000000000000     
   17.028000000000002        0.0000000000000000       -7.1816959864145352E-004   0.0000000000000000     
   17.225999999999999        0.0000000000000000       -6.9915824673357592E-004   0.0000000000000000     
   17.423999999999999        0.0000000000000000       -6.8026686015170595E-004   0.0000000000000000     
   17.622000000000000        0.0000000000000000       -6.6139353822574536E-004   0.0000000000000000     
   17.820000000000000        0.0000000000000000       -6.4242640881122292E-004   0.0000000000000000     
   18.018000000000001        0.0000000000000000       -6.2321137838612466E-004   0.0000000000000000     
   18.216000000000001        0.0000000000000000       -6.0354879048244694E-004   0.0000000000000000     
   18.414000000000001        0.0000000000000000       -5.8313548273721937E-004   0.0000000000000000     
   18.612000000000002        0.0000000000000000       -5.6153747387385614E-004   0.0000000000000000     
   18.810000000000002        0.0000000000000000       -5.3808154788381052E-004   0.0000000000000000     
   19.008000000000003        0.0000000000000000       -5.1172753403113638E-004   0.0000000000000000     
   19.206000000000000        0.0000000000000000       -4.8082328549918513E-004   0.0000000000000000     
   19.404000000000000        0.0000000000000000       -4.4305720266446535E-004   0.0000000000000000     
   19.602000000000000        0.0000000000000000       -3.9706612665658248E-004   0.0000000000000000     
