  -19.208000000000002        0.0000000000000000       -3.0152413992825193E-002   0.0000000000000000     
  -18.816000000000003        0.0000000000000000       -3.2073666777716052E-002   0.0000000000000000     
  -18.423999999999999        0.0000000000000000       -3.4223950879333574E-002   0.0000000000000000     
  -18.032000000000000        0.0000000000000000       -3.6381569963165973E-002   0.0000000000000000     
  -17.640000000000001        0.0000000000000000       -3.8495328881659747E-002   0.0000000000000000     
  -17.248000000000001        0.0000000000000000       -4.0568860435902521E-002   0.0000000000000000     
  -16.856000000000002        0.0000000000000000       -4.2610154078232425E-002   0.0000000000000000     
  -16.464000000000002        0.0000000000000000       -4.4632123050227297E-002   0.0000000000000000     
  -16.071999999999999        0.0000000000000000       -4.6639415807206215E-002   0.0000000000000000     
  -15.680000000000000        0.0000000000000000       -4.8639404534110191E-002   0.0000000000000000     
  -15.288000000000000        0.0000000000000000       -5.0643604233989635E-002   0.0000000000000000     
  -14.896000000000001        0.0000000000000000       -5.2659532865433394E-002   0.0000000000000000     
  -14.504000000000001        0.0000000000000000       -5.4694161651482671E-002   0.0000000000000000     
  -14.112000000000000        0.0000000000000000       -5.6753993123922292E-002   0.0000000000000000     
  -13.720000000000001        0.0000000000000000       -5.8845145491521686E-002   0.0000000000000000     
  -13.328000000000001        0.0000000000000000       -6.0973460059146736E-002   0.0000000000000000     
  -12.936000000000000        0.0000000000000000       -6.3146089786366308E-002   0.0000000000000000     
  -12.544000000000000        0.0000000000000000       -6.5366612561547646E-002   0.0000000000000000     
  -12.152000000000001        0.0000000000000000       -6.7640336012745467E-002   0.0000000000000000     
  -11.760000000000000        0.0000000000000000       -6.9972453907570897E-002   0.0000000000000000     
  -11.368000000000000        0.0000000000000000       -7.2368064406077043E-002   0.0000000000000000     
  -10.976000000000001        0.0000000000000000       -7.4832181153348512E-002   0.0000000000000000     
  -10.584000000000000        0.0000000000000000       -7.7369721159820271E-002   0.0000000000000000     
  -10.192000000000000        0.0000000000000000       -7.9985478698477427E-002   0.0000000000000000     
  -9.8000000000000007        0.0000000000000000       -8.2684072908509404E-002   0.0000000000000000     
  -9.4080000000000013        0.0000000000000000       -8.5469875649459182E-002   0.0000000000000000     
  -9.0160000000000000        0.0000000000000000       -8.8346894412777544E-002   0.0000000000000000     
  -8.6240000000000006        0.0000000000000000       -9.1318631199432940E-002   0.0000000000000000     
  -8.2320000000000011        0.0000000000000000       -9.4387883836372116E-002   0.0000000000000000     
  -7.8399999999999999        0.0000000000000000       -9.7556534087516550E-002   0.0000000000000000     
  -7.4480000000000004        0.0000000000000000      -0.10082533381328518        0.0000000000000000     
  -7.0560000000000000        0.0000000000000000      -0.10419389339380439        0.0000000000000000     
  -6.6640000000000006        0.0000000000000000      -0.10766117678707389        0.0000000000000000     
  -6.2720000000000002        0.0000000000000000      -0.11122858311198530        0.0000000000000000     
  -5.8799999999999999        0.0000000000000000      -0.11489945282266639        0.0000000000000000     
  -5.4880000000000004        0.0000000000000000      -0.11861699378245118        0.0000000000000000     
  -5.0960000000000001        0.0000000000000000      -0.12236508948573045        0.0000000000000000     
  -4.7040000000000006        0.0000000000000000      -0.12611389919376567        0.0000000000000000     
  -4.3120000000000003        0.0000000000000000      -0.12981375458940295        0.0000000000000000     
  -3.9199999999999999        0.0000000000000000      -0.13339095398357367        0.0000000000000000     
  -3.5280000000000000        0.0000000000000000      -0.13672815832005444        0.0000000000000000     
  -3.1360000000000001        0.0000000000000000      -0.13963562368879129        0.0000000000000000     
  -2.7440000000000002        0.0000000000000000      -0.14202196022482086        0.0000000000000000     
  -2.3520000000000003        0.0000000000000000      -0.14345525501825426        0.0000000000000000     
  -1.9600000000000000        0.0000000000000000      -0.14362820982440841        0.0000000000000000     
  -1.5680000000000001        0.0000000000000000      -0.14229546256229694        0.0000000000000000     
  -1.1760000000000002        0.0000000000000000      -0.13916674807675328        0.0000000000000000     
 -0.78400000000000003        0.0000000000000000      -0.13486675081908284        0.0000000000000000     
 -0.39200000000000002        0.0000000000000000      -0.13059835892427193        0.0000000000000000     
   0.0000000000000000        0.0000000000000000      -0.12879063930023169        0.0000000000000000     
  0.39200000000000002        0.0000000000000000      -0.13059835892427193        0.0000000000000000     
  0.78400000000000003        0.0000000000000000      -0.13486675081908284        0.0000000000000000     
   1.1760000000000002        0.0000000000000000      -0.13916674807675328        0.0000000000000000     
   1.5680000000000001        0.0000000000000000      -0.14229546256229694        0.0000000000000000     
   1.9600000000000000        0.0000000000000000      -0.14362820982440841        0.0000000000000000     
   2.3520000000000003        0.0000000000000000      -0.14345525501825426        0.0000000000000000     
   2.7440000000000002        0.0000000000000000      -0.14202196022482086        0.0000000000000000     
   3.1360000000000001        0.0000000000000000      -0.13963562368879129        0.0000000000000000     
   3.5280000000000000        0.0000000000000000      -0.13672815832005444        0.0000000000000000     
   3.9199999999999999        0.0000000000000000      -0.13339095398357367        0.0000000000000000     
   4.3120000000000003        0.0000000000000000      -0.12981375458940295        0.0000000000000000     
   4.7040000000000006        0.0000000000000000      -0.12611389919376567        0.0000000000000000     
   5.0960000000000001        0.0000000000000000      -0.12236508948573045        0.0000000000000000     
   5.4880000000000004        0.0000000000000000      -0.11861699378245118        0.0000000000000000     
   5.8799999999999999        0.0000000000000000      -0.11489945282266639        0.0000000000000000     
   6.2720000000000002        0.0000000000000000      -0.11122858311198530        0.0000000000000000     
   6.6640000000000006        0.0000000000000000      -0.10766117678707389        0.0000000000000000     
   7.0560000000000000        0.0000000000000000      -0.10419389339380439        0.0000000000000000     
   7.4480000000000004        0.0000000000000000      -0.10082533381328518        0.0000000000000000     
   7.8399999999999999        0.0000000000000000       -9.7556534087516550E-002   0.0000000000000000     
   8.2320000000000011        0.0000000000000000       -9.4387883836372116E-002   0.0000000000000000     
   8.6240000000000006        0.0000000000000000       -9.1318631199432940E-002   0.0000000000000000     
   9.0160000000000000        0.0000000000000000       -8.8346894412777544E-002   0.0000000000000000     
   9.4080000000000013        0.0000000000000000       -8.5469875649459182E-002   0.0000000000000000     
   9.8000000000000007        0.0000000000000000       -8.2684072908509404E-002   0.0000000000000000     
   10.192000000000000        0.0000000000000000       -7.9985478698477427E-002   0.0000000000000000     
   10.584000000000000        0.0000000000000000       -7.7369721159820271E-002   0.0000000000000000     
   10.976000000000001        0.0000000000000000       -7.4832181153348512E-002   0.0000000000000000     
   11.368000000000000        0.0000000000000000       -7.2368064406077043E-002   0.0000000000000000     
   11.760000000000000        0.0000000000000000       -6.9972453907570897E-002   0.0000000000000000     
   12.152000000000001        0.0000000000000000       -6.7640336012745467E-002   0.0000000000000000     
   12.544000000000000        0.0000000000000000       -6.5366612561547646E-002   0.0000000000000000     
   12.936000000000000        0.0000000000000000       -6.3146089786366308E-002   0.0000000000000000     
   13.328000000000001        0.0000000000000000       -6.0973460059146736E-002   0.0000000000000000     
   13.720000000000001        0.0000000000000000       -5.8845145491521686E-002   0.0000000000000000     
   14.112000000000000        0.0000000000000000       -5.6753993123922292E-002   0.0000000000000000     
   14.504000000000001        0.0000000000000000       -5.4694161651482671E-002   0.0000000000000000     
   14.896000000000001        0.0000000000000000       -5.2659532865433394E-002   0.0000000000000000     
   15.288000000000000        0.0000000000000000       -5.0643604233989635E-002   0.0000000000000000     
   15.680000000000000        0.0000000000000000       -4.8639404534110191E-002   0.0000000000000000     
   16.071999999999999        0.0000000000000000       -4.6639415807206215E-002   0.0000000000000000     
   16.464000000000002        0.0000000000000000       -4.4632123050227297E-002   0.0000000000000000     
   16.856000000000002        0.0000000000000000       -4.2610154078232425E-002   0.0000000000000000     
   17.248000000000001        0.0000000000000000       -4.0568860435902521E-002   0.0000000000000000     
   17.640000000000001        0.0000000000000000       -3.8495328881659747E-002   0.0000000000000000     
   18.032000000000000        0.0000000000000000       -3.6381569963165973E-002   0.0000000000000000     
   18.423999999999999        0.0000000000000000       -3.4223950879333574E-002   0.0000000000000000     
   18.816000000000003        0.0000000000000000       -3.2073666777716052E-002   0.0000000000000000     
   19.208000000000002        0.0000000000000000       -3.0152413992825193E-002   0.0000000000000000     
