  -19.602000000000000        0.0000000000000000       -1.8250105916019048E-003   0.0000000000000000     
  -19.404000000000000        0.0000000000000000       -1.9134278060323729E-003   0.0000000000000000     
  -19.206000000000000        0.0000000000000000       -1.9952919035550951E-003   0.0000000000000000     
  -19.008000000000003        0.0000000000000000       -2.0731995978616581E-003   0.0000000000000000     
  -18.810000000000002        0.0000000000000000       -2.1467154342606318E-003   0.0000000000000000     
  -18.612000000000002        0.0000000000000000       -2.2159932783717340E-003   0.0000000000000000     
  -18.414000000000001        0.0000000000000000       -2.2815042694546025E-003   0.0000000000000000     
  -18.216000000000001        0.0000000000000000       -2.3437785050237315E-003   0.0000000000000000     
  -18.018000000000001        0.0000000000000000       -2.4030802595676982E-003   0.0000000000000000     
  -17.820000000000000        0.0000000000000000       -2.4596645707341959E-003   0.0000000000000000     
  -17.622000000000000        0.0000000000000000       -2.5139549902164736E-003   0.0000000000000000     
  -17.423999999999999        0.0000000000000000       -2.5665549369285894E-003   0.0000000000000000     
  -17.225999999999999        0.0000000000000000       -2.6177590191777665E-003   0.0000000000000000     
  -17.028000000000002        0.0000000000000000       -2.6678678661318910E-003   0.0000000000000000     
  -16.830000000000002        0.0000000000000000       -2.7171156230890387E-003   0.0000000000000000     
  -16.632000000000001        0.0000000000000000       -2.7657510634946625E-003   0.0000000000000000     
  -16.434000000000001        0.0000000000000000       -2.8139563280620396E-003   0.0000000000000000     
  -16.236000000000001        0.0000000000000000       -2.8619027771958376E-003   0.0000000000000000     
  -16.038000000000000        0.0000000000000000       -2.9097458504011961E-003   0.0000000000000000     
  -15.840000000000000        0.0000000000000000       -2.9577032411495755E-003   0.0000000000000000     
  -15.642000000000001        0.0000000000000000       -3.0058118115427867E-003   0.0000000000000000     
  -15.444000000000001        0.0000000000000000       -3.0541926129569077E-003   0.0000000000000000     
  -15.246000000000000        0.0000000000000000       -3.1029581996302406E-003   0.0000000000000000     
  -15.048000000000000        0.0000000000000000       -3.1522142610797494E-003   0.0000000000000000     
  -14.850000000000001        0.0000000000000000       -3.2020611452903253E-003   0.0000000000000000     
  -14.652000000000001        0.0000000000000000       -3.2525950210395374E-003   0.0000000000000000     
  -14.454000000000001        0.0000000000000000       -3.3039090047350711E-003   0.0000000000000000     
  -14.256000000000000        0.0000000000000000       -3.3560941563638958E-003   0.0000000000000000     
  -14.058000000000000        0.0000000000000000       -3.4092402288737251E-003   0.0000000000000000     
  -13.860000000000001        0.0000000000000000       -3.4634365811648253E-003   0.0000000000000000     
  -13.662000000000001        0.0000000000000000       -3.5187727198476440E-003   0.0000000000000000     
  -13.464000000000000        0.0000000000000000       -3.5753389451580191E-003   0.0000000000000000     
  -13.266000000000000        0.0000000000000000       -3.6332270858210973E-003   0.0000000000000000     
  -13.068000000000001        0.0000000000000000       -3.6925308034587547E-003   0.0000000000000000     
  -12.870000000000001        0.0000000000000000       -3.7533463617886471E-003   0.0000000000000000     
  -12.672000000000001        0.0000000000000000       -3.8157729858756561E-003   0.0000000000000000     
  -12.474000000000000        0.0000000000000000       -3.8799133684022068E-003   0.0000000000000000     
  -12.276000000000000        0.0000000000000000       -3.9458741579644924E-003   0.0000000000000000     
  -12.078000000000001        0.0000000000000000       -4.0137665358565468E-003   0.0000000000000000     
  -11.880000000000001        0.0000000000000000       -4.0837065995175835E-003   0.0000000000000000     
  -11.682000000000000        0.0000000000000000       -4.1558159536031706E-003   0.0000000000000000     
  -11.484000000000000        0.0000000000000000       -4.2302220618626839E-003   0.0000000000000000     
  -11.286000000000001        0.0000000000000000       -4.3070587732272243E-003   0.0000000000000000     
  -11.088000000000001        0.0000000000000000       -4.3864670905477895E-003   0.0000000000000000     
  -10.890000000000001        0.0000000000000000       -4.4685954572590359E-003   0.0000000000000000     
  -10.692000000000000        0.0000000000000000       -4.5536001668660094E-003   0.0000000000000000     
  -10.494000000000000        0.0000000000000000       -4.6416463939197555E-003   0.0000000000000000     
  -10.296000000000001        0.0000000000000000       -4.7329081947086226E-003   0.0000000000000000     
  -10.098000000000001        0.0000000000000000       -4.8275695094292335E-003   0.0000000000000000     
  -9.9000000000000004        0.0000000000000000       -4.9258244493111192E-003   0.0000000000000000     
  -9.7020000000000000        0.0000000000000000       -5.0278779607364444E-003   0.0000000000000000     
  -9.5040000000000013        0.0000000000000000       -5.1339463964936013E-003   0.0000000000000000     
  -9.3060000000000009        0.0000000000000000       -5.2442578093540668E-003   0.0000000000000000     
  -9.1080000000000005        0.0000000000000000       -5.3590529049298390E-003   0.0000000000000000     
  -8.9100000000000001        0.0000000000000000       -5.4785848817500826E-003   0.0000000000000000     
  -8.7119999999999997        0.0000000000000000       -5.6031202057602349E-003   0.0000000000000000     
  -8.5140000000000011        0.0000000000000000       -5.7329385690737663E-003   0.0000000000000000     
  -8.3160000000000007        0.0000000000000000       -5.8683332269864451E-003   0.0000000000000000     
  -8.1180000000000003        0.0000000000000000       -6.0096106153355259E-003   0.0000000000000000     
  -7.9199999999999999        0.0000000000000000       -6.1570902116613938E-003   0.0000000000000000     
  -7.7220000000000004        0.0000000000000000       -6.3111039155621896E-003   0.0000000000000000     
  -7.5240000000000000        0.0000000000000000       -6.4719948059465083E-003   0.0000000000000000     
  -7.3260000000000005        0.0000000000000000       -6.6401157408975588E-003   0.0000000000000000     
  -7.1280000000000001        0.0000000000000000       -6.8158271326876933E-003   0.0000000000000000     
  -6.9300000000000006        0.0000000000000000       -6.9994941460088901E-003   0.0000000000000000     
  -6.7320000000000002        0.0000000000000000       -7.1914825814443067E-003   0.0000000000000000     
  -6.5340000000000007        0.0000000000000000       -7.3921536423568806E-003   0.0000000000000000     
  -6.3360000000000003        0.0000000000000000       -7.6018574374847273E-003   0.0000000000000000     
  -6.1379999999999999        0.0000000000000000       -7.8209238305141718E-003   0.0000000000000000     
  -5.9400000000000004        0.0000000000000000       -8.0496520338857822E-003   0.0000000000000000     
  -5.7420000000000000        0.0000000000000000       -8.2882952914096145E-003   0.0000000000000000     
  -5.5440000000000005        0.0000000000000000       -8.5370434102109635E-003   0.0000000000000000     
  -5.3460000000000001        0.0000000000000000       -8.7959985374124108E-003   0.0000000000000000     
  -5.1480000000000006        0.0000000000000000       -9.0651454201515925E-003   0.0000000000000000     
  -4.9500000000000002        0.0000000000000000       -9.3443113241578266E-003   0.0000000000000000     
  -4.7520000000000007        0.0000000000000000       -9.6331134738138861E-003   0.0000000000000000     
  -4.5540000000000003        0.0000000000000000       -9.9308873010700901E-003   0.0000000000000000     
  -4.3559999999999999        0.0000000000000000       -1.0236588023107070E-002   0.0000000000000000     
  -4.1580000000000004        0.0000000000000000       -1.0548662245892211E-002   0.0000000000000000     
  -3.9600000000000000        0.0000000000000000       -1.0864985393707982E-002   0.0000000000000000     
  -3.7620000000000000        0.0000000000000000       -1.1183543160636904E-002   0.0000000000000000     
  -3.5640000000000001        0.0000000000000000       -1.1504379838764336E-002   0.0000000000000000     
  -3.3660000000000001        0.0000000000000000       -1.1823459207798249E-002   0.0000000000000000     
  -3.1680000000000001        0.0000000000000000       -1.2131754570745064E-002   0.0000000000000000     
  -2.9700000000000002        0.0000000000000000       -1.2422332883973729E-002   0.0000000000000000     
  -2.7720000000000002        0.0000000000000000       -1.2692568181184900E-002   0.0000000000000000     
  -2.5740000000000003        0.0000000000000000       -1.2928731591424974E-002   0.0000000000000000     
  -2.3760000000000003        0.0000000000000000       -1.3101579200639401E-002   0.0000000000000000     
  -2.1779999999999999        0.0000000000000000       -1.3185508570890897E-002   0.0000000000000000     
  -1.9800000000000000        0.0000000000000000       -1.3155340768695825E-002   0.0000000000000000     
  -1.7820000000000000        0.0000000000000000       -1.2979659271972092E-002   0.0000000000000000     
  -1.5840000000000001        0.0000000000000000       -1.2666250543326964E-002   0.0000000000000000     
  -1.3860000000000001        0.0000000000000000       -1.2200841632751484E-002   0.0000000000000000     
  -1.1880000000000002        0.0000000000000000       -1.1516245229724343E-002   0.0000000000000000     
 -0.98999999999999999        0.0000000000000000       -1.0553762559402510E-002   0.0000000000000000     
 -0.79200000000000004        0.0000000000000000       -9.2305169195659037E-003   0.0000000000000000     
 -0.59400000000000008        0.0000000000000000       -7.4752696563901311E-003   0.0000000000000000     
 -0.39600000000000002        0.0000000000000000       -5.2830494352382332E-003   0.0000000000000000     
 -0.19800000000000001        0.0000000000000000       -2.7324270945955861E-003   0.0000000000000000     
   0.0000000000000000        0.0000000000000000        0.0000000000000000        0.0000000000000000     
  0.19800000000000001        0.0000000000000000        2.7324270945955861E-003   0.0000000000000000     
  0.39600000000000002        0.0000000000000000        5.2830494352382332E-003   0.0000000000000000     
  0.59400000000000008        0.0000000000000000        7.4752696563901311E-003   0.0000000000000000     
  0.79200000000000004        0.0000000000000000        9.2305169195659037E-003   0.0000000000000000     
  0.98999999999999999        0.0000000000000000        1.0553762559402510E-002   0.0000000000000000     
   1.1880000000000002        0.0000000000000000        1.1516245229724343E-002   0.0000000000000000     
   1.3860000000000001        0.0000000000000000        1.2200841632751484E-002   0.0000000000000000     
   1.5840000000000001        0.0000000000000000        1.2666250543326964E-002   0.0000000000000000     
   1.7820000000000000        0.0000000000000000        1.2979659271972092E-002   0.0000000000000000     
   1.9800000000000000        0.0000000000000000        1.3155340768695825E-002   0.0000000000000000     
   2.1779999999999999        0.0000000000000000        1.3185508570890897E-002   0.0000000000000000     
   2.3760000000000003        0.0000000000000000        1.3101579200639401E-002   0.0000000000000000     
   2.5740000000000003        0.0000000000000000        1.2928731591424974E-002   0.0000000000000000     
   2.7720000000000002        0.0000000000000000        1.2692568181184900E-002   0.0000000000000000     
   2.9700000000000002        0.0000000000000000        1.2422332883973729E-002   0.0000000000000000     
   3.1680000000000001        0.0000000000000000        1.2131754570745064E-002   0.0000000000000000     
   3.3660000000000001        0.0000000000000000        1.1823459207798249E-002   0.0000000000000000     
   3.5640000000000001        0.0000000000000000        1.1504379838764336E-002   0.0000000000000000     
   3.7620000000000000        0.0000000000000000        1.1183543160636904E-002   0.0000000000000000     
   3.9600000000000000        0.0000000000000000        1.0864985393707982E-002   0.0000000000000000     
   4.1580000000000004        0.0000000000000000        1.0548662245892211E-002   0.0000000000000000     
   4.3559999999999999        0.0000000000000000        1.0236588023107070E-002   0.0000000000000000     
   4.5540000000000003        0.0000000000000000        9.9308873010700901E-003   0.0000000000000000     
   4.7520000000000007        0.0000000000000000        9.6331134738138861E-003   0.0000000000000000     
   4.9500000000000002        0.0000000000000000        9.3443113241578266E-003   0.0000000000000000     
   5.1480000000000006        0.0000000000000000        9.0651454201515925E-003   0.0000000000000000     
   5.3460000000000001        0.0000000000000000        8.7959985374124108E-003   0.0000000000000000     
   5.5440000000000005        0.0000000000000000        8.5370434102109635E-003   0.0000000000000000     
   5.7420000000000000        0.0000000000000000        8.2882952914096145E-003   0.0000000000000000     
   5.9400000000000004        0.0000000000000000        8.0496520338857822E-003   0.0000000000000000     
   6.1379999999999999        0.0000000000000000        7.8209238305141718E-003   0.0000000000000000     
   6.3360000000000003        0.0000000000000000        7.6018574374847273E-003   0.0000000000000000     
   6.5340000000000007        0.0000000000000000        7.3921536423568806E-003   0.0000000000000000     
   6.7320000000000002        0.0000000000000000        7.1914825814443067E-003   0.0000000000000000     
   6.9300000000000006        0.0000000000000000        6.9994941460088901E-003   0.0000000000000000     
   7.1280000000000001        0.0000000000000000        6.8158271326876933E-003   0.0000000000000000     
   7.3260000000000005        0.0000000000000000        6.6401157408975588E-003   0.0000000000000000     
   7.5240000000000000        0.0000000000000000        6.4719948059465083E-003   0.0000000000000000     
   7.7220000000000004        0.0000000000000000        6.3111039155621896E-003   0.0000000000000000     
   7.9199999999999999        0.0000000000000000        6.1570902116613938E-003   0.0000000000000000     
   8.1180000000000003        0.0000000000000000        6.0096106153355259E-003   0.0000000000000000     
   8.3160000000000007        0.0000000000000000        5.8683332269864451E-003   0.0000000000000000     
   8.5140000000000011        0.0000000000000000        5.7329385690737663E-003   0.0000000000000000     
   8.7119999999999997        0.0000000000000000        5.6031202057602349E-003   0.0000000000000000     
   8.9100000000000001        0.0000000000000000        5.4785848817500826E-003   0.0000000000000000     
   9.1080000000000005        0.0000000000000000        5.3590529049298390E-003   0.0000000000000000     
   9.3060000000000009        0.0000000000000000        5.2442578093540668E-003   0.0000000000000000     
   9.5040000000000013        0.0000000000000000        5.1339463964936013E-003   0.0000000000000000     
   9.7020000000000000        0.0000000000000000        5.0278779607364444E-003   0.0000000000000000     
   9.9000000000000004        0.0000000000000000        4.9258244493111192E-003   0.0000000000000000     
   10.098000000000001        0.0000000000000000        4.8275695094292335E-003   0.0000000000000000     
   10.296000000000001        0.0000000000000000        4.7329081947086226E-003   0.0000000000000000     
   10.494000000000000        0.0000000000000000        4.6416463939197555E-003   0.0000000000000000     
   10.692000000000000        0.0000000000000000        4.5536001668660094E-003   0.0000000000000000     
   10.890000000000001        0.0000000000000000        4.4685954572590359E-003   0.0000000000000000     
   11.088000000000001        0.0000000000000000        4.3864670905477895E-003   0.0000000000000000     
   11.286000000000001        0.0000000000000000        4.3070587732272243E-003   0.0000000000000000     
   11.484000000000000        0.0000000000000000        4.2302220618626839E-003   0.0000000000000000     
   11.682000000000000        0.0000000000000000        4.1558159536031706E-003   0.0000000000000000     
   11.880000000000001        0.0000000000000000        4.0837065995175835E-003   0.0000000000000000     
   12.078000000000001        0.0000000000000000        4.0137665358565468E-003   0.0000000000000000     
   12.276000000000000        0.0000000000000000        3.9458741579644924E-003   0.0000000000000000     
   12.474000000000000        0.0000000000000000        3.8799133684022068E-003   0.0000000000000000     
   12.672000000000001        0.0000000000000000        3.8157729858756561E-003   0.0000000000000000     
   12.870000000000001        0.0000000000000000        3.7533463617886471E-003   0.0000000000000000     
   13.068000000000001        0.0000000000000000        3.6925308034587547E-003   0.0000000000000000     
   13.266000000000000        0.0000000000000000        3.6332270858210973E-003   0.0000000000000000     
   13.464000000000000        0.0000000000000000        3.5753389451580191E-003   0.0000000000000000     
   13.662000000000001        0.0000000000000000        3.5187727198476440E-003   0.0000000000000000     
   13.860000000000001        0.0000000000000000        3.4634365811648253E-003   0.0000000000000000     
   14.058000000000000        0.0000000000000000        3.4092402288737251E-003   0.0000000000000000     
   14.256000000000000        0.0000000000000000        3.3560941563638958E-003   0.0000000000000000     
   14.454000000000001        0.0000000000000000        3.3039090047350711E-003   0.0000000000000000     
   14.652000000000001        0.0000000000000000        3.2525950210395374E-003   0.0000000000000000     
   14.850000000000001        0.0000000000000000        3.2020611452903253E-003   0.0000000000000000     
   15.048000000000000        0.0000000000000000        3.1522142610797494E-003   0.0000000000000000     
   15.246000000000000        0.0000000000000000        3.1029581996302406E-003   0.0000000000000000     
   15.444000000000001        0.0000000000000000        3.0541926129569077E-003   0.0000000000000000     
   15.642000000000001        0.0000000000000000        3.0058118115427867E-003   0.0000000000000000     
   15.840000000000000        0.0000000000000000        2.9577032411495755E-003   0.0000000000000000     
   16.038000000000000        0.0000000000000000        2.9097458504011961E-003   0.0000000000000000     
   16.236000000000001        0.0000000000000000        2.8619027771958376E-003   0.0000000000000000     
   16.434000000000001        0.0000000000000000        2.8139563280620396E-003   0.0000000000000000     
   16.632000000000001        0.0000000000000000        2.7657510634946625E-003   0.0000000000000000     
   16.830000000000002        0.0000000000000000        2.7171156230890387E-003   0.0000000000000000     
   17.028000000000002        0.0000000000000000        2.6678678661318910E-003   0.0000000000000000     
   17.225999999999999        0.0000000000000000        2.6177590191777665E-003   0.0000000000000000     
   17.423999999999999        0.0000000000000000        2.5665549369285894E-003   0.0000000000000000     
   17.622000000000000        0.0000000000000000        2.5139549902164736E-003   0.0000000000000000     
   17.820000000000000        0.0000000000000000        2.4596645707341959E-003   0.0000000000000000     
   18.018000000000001        0.0000000000000000        2.4030802595676982E-003   0.0000000000000000     
   18.216000000000001        0.0000000000000000        2.3437785050237315E-003   0.0000000000000000     
   18.414000000000001        0.0000000000000000        2.2815042694546025E-003   0.0000000000000000     
   18.612000000000002        0.0000000000000000        2.2159932783717340E-003   0.0000000000000000     
   18.810000000000002        0.0000000000000000        2.1467154342606318E-003   0.0000000000000000     
   19.008000000000003        0.0000000000000000        2.0731995978616581E-003   0.0000000000000000     
   19.206000000000000        0.0000000000000000        1.9952919035550951E-003   0.0000000000000000     
   19.404000000000000        0.0000000000000000        1.9134278060323729E-003   0.0000000000000000     
   19.602000000000000        0.0000000000000000        1.8250105916019048E-003   0.0000000000000000     
