  -19.602000000000000        0.0000000000000000       -6.1563255786035859E-003   0.0000000000000000     
  -19.404000000000000        0.0000000000000000       -6.4777826124265787E-003   0.0000000000000000     
  -19.206000000000000        0.0000000000000000       -6.7720932262527620E-003   0.0000000000000000     
  -19.008000000000003        0.0000000000000000       -7.0451624464605523E-003   0.0000000000000000     
  -18.810000000000002        0.0000000000000000       -7.3026115225867886E-003   0.0000000000000000     
  -18.612000000000002        0.0000000000000000       -7.5447499482538807E-003   0.0000000000000000     
  -18.414000000000001        0.0000000000000000       -7.7725999277080708E-003   0.0000000000000000     
  -18.216000000000001        0.0000000000000000       -7.9894399375616855E-003   0.0000000000000000     
  -18.018000000000001        0.0000000000000000       -8.1958817035255160E-003   0.0000000000000000     
  -17.820000000000000        0.0000000000000000       -8.3935739662101532E-003   0.0000000000000000     
  -17.622000000000000        0.0000000000000000       -8.5836327380417153E-003   0.0000000000000000     
  -17.423999999999999        0.0000000000000000       -8.7669324835867053E-003   0.0000000000000000     
  -17.225999999999999        0.0000000000000000       -8.9456216638293864E-003   0.0000000000000000     
  -17.028000000000002        0.0000000000000000       -9.1199227372196594E-003   0.0000000000000000     
  -16.830000000000002        0.0000000000000000       -9.2909934640129366E-003   0.0000000000000000     
  -16.632000000000001        0.0000000000000000       -9.4596101720652824E-003   0.0000000000000000     
  -16.434000000000001        0.0000000000000000       -9.6264205795196615E-003   0.0000000000000000     
  -16.236000000000001        0.0000000000000000       -9.7920070673042682E-003   0.0000000000000000     
  -16.038000000000000        0.0000000000000000       -9.9569000205191015E-003   0.0000000000000000     
  -15.840000000000000        0.0000000000000000       -1.0121849277814229E-002   0.0000000000000000     
  -15.642000000000001        0.0000000000000000       -1.0286976309039506E-002   0.0000000000000000     
  -15.444000000000001        0.0000000000000000       -1.0452696560954355E-002   0.0000000000000000     
  -15.246000000000000        0.0000000000000000       -1.0619395261718104E-002   0.0000000000000000     
  -15.048000000000000        0.0000000000000000       -1.0787432912667049E-002   0.0000000000000000     
  -14.850000000000001        0.0000000000000000       -1.0957150076797479E-002   0.0000000000000000     
  -14.652000000000001        0.0000000000000000       -1.1128871260248269E-002   0.0000000000000000     
  -14.454000000000001        0.0000000000000000       -1.1302908660129934E-002   0.0000000000000000     
  -14.256000000000000        0.0000000000000000       -1.1479564978622547E-002   0.0000000000000000     
  -14.058000000000000        0.0000000000000000       -1.1659136491476218E-002   0.0000000000000000     
  -13.860000000000001        0.0000000000000000       -1.1841915277720516E-002   0.0000000000000000     
  -13.662000000000001        0.0000000000000000       -1.2028192064180085E-002   0.0000000000000000     
  -13.464000000000000        0.0000000000000000       -1.2218257109431373E-002   0.0000000000000000     
  -13.266000000000000        0.0000000000000000       -1.2412403330373255E-002   0.0000000000000000     
  -13.068000000000001        0.0000000000000000       -1.2610927641527502E-002   0.0000000000000000     
  -12.870000000000001        0.0000000000000000       -1.2814132007675449E-002   0.0000000000000000     
  -12.672000000000001        0.0000000000000000       -1.3022326189746547E-002   0.0000000000000000     
  -12.474000000000000        0.0000000000000000       -1.3235828336580838E-002   0.0000000000000000     
  -12.276000000000000        0.0000000000000000       -1.3454966874513211E-002   0.0000000000000000     
  -12.078000000000001        0.0000000000000000       -1.3680082019040803E-002   0.0000000000000000     
  -11.880000000000001        0.0000000000000000       -1.3911527499414293E-002   0.0000000000000000     
  -11.682000000000000        0.0000000000000000       -1.4149671313549852E-002   0.0000000000000000     
  -11.484000000000000        0.0000000000000000       -1.4394897733753697E-002   0.0000000000000000     
  -11.286000000000001        0.0000000000000000       -1.4647608983382463E-002   0.0000000000000000     
  -11.088000000000001        0.0000000000000000       -1.4908226454472857E-002   0.0000000000000000     
  -10.890000000000001        0.0000000000000000       -1.5177192109721004E-002   0.0000000000000000     
  -10.692000000000000        0.0000000000000000       -1.5454970506641979E-002   0.0000000000000000     
  -10.494000000000000        0.0000000000000000       -1.5742050170053173E-002   0.0000000000000000     
  -10.296000000000001        0.0000000000000000       -1.6038944977001326E-002   0.0000000000000000     
  -10.098000000000001        0.0000000000000000       -1.6346196168939280E-002   0.0000000000000000     
  -9.9000000000000004        0.0000000000000000       -1.6664373938976802E-002   0.0000000000000000     
  -9.7020000000000000        0.0000000000000000       -1.6994078236106016E-002   0.0000000000000000     
  -9.5040000000000013        0.0000000000000000       -1.7335941278348525E-002   0.0000000000000000     
  -9.3060000000000009        0.0000000000000000       -1.7690628711853999E-002   0.0000000000000000     
  -9.1080000000000005        0.0000000000000000       -1.8058839948720987E-002   0.0000000000000000     
  -8.9100000000000001        0.0000000000000000       -1.8441311011512539E-002   0.0000000000000000     
  -8.7119999999999997        0.0000000000000000       -1.8838813471862881E-002   0.0000000000000000     
  -8.5140000000000011        0.0000000000000000       -1.9252155449652732E-002   0.0000000000000000     
  -8.3160000000000007        0.0000000000000000       -1.9682182377138709E-002   0.0000000000000000     
  -8.1180000000000003        0.0000000000000000       -2.0129774608398820E-002   0.0000000000000000     
  -7.9199999999999999        0.0000000000000000       -2.0595846948319032E-002   0.0000000000000000     
  -7.7220000000000004        0.0000000000000000       -2.1081344324523570E-002   0.0000000000000000     
  -7.5240000000000000        0.0000000000000000       -2.1587239379768051E-002   0.0000000000000000     
  -7.3260000000000005        0.0000000000000000       -2.2114523972958225E-002   0.0000000000000000     
  -7.1280000000000001        0.0000000000000000       -2.2664201830510686E-002   0.0000000000000000     
  -6.9300000000000006        0.0000000000000000       -2.3237276583441088E-002   0.0000000000000000     
  -6.7320000000000002        0.0000000000000000       -2.3834734916881307E-002   0.0000000000000000     
  -6.5340000000000007        0.0000000000000000       -2.4457526937299041E-002   0.0000000000000000     
  -6.3360000000000003        0.0000000000000000       -2.5106538514514828E-002   0.0000000000000000     
  -6.1379999999999999        0.0000000000000000       -2.5782555575933626E-002   0.0000000000000000     
  -5.9400000000000004        0.0000000000000000       -2.6486219435390406E-002   0.0000000000000000     
  -5.7420000000000000        0.0000000000000000       -2.7217968882923237E-002   0.0000000000000000     
  -5.5440000000000005        0.0000000000000000       -2.7977965167817538E-002   0.0000000000000000     
  -5.3460000000000001        0.0000000000000000       -2.8765997819422424E-002   0.0000000000000000     
  -5.1480000000000006        0.0000000000000000       -2.9581366042094982E-002   0.0000000000000000     
  -4.9500000000000002        0.0000000000000000       -3.0422726695842593E-002   0.0000000000000000     
  -4.7520000000000007        0.0000000000000000       -3.1287909951248312E-002   0.0000000000000000     
  -4.5540000000000003        0.0000000000000000       -3.2173690422104252E-002   0.0000000000000000     
  -4.3559999999999999        0.0000000000000000       -3.3075534538596858E-002   0.0000000000000000     
  -4.1580000000000004        0.0000000000000000       -3.3987365709314890E-002   0.0000000000000000     
  -3.9600000000000000        0.0000000000000000       -3.4901598428245223E-002   0.0000000000000000     
  -3.7620000000000000        0.0000000000000000       -3.5810514386167225E-002   0.0000000000000000     
  -3.5640000000000001        0.0000000000000000       -3.6709040015713970E-002   0.0000000000000000     
  -3.3660000000000001        0.0000000000000000       -3.7582776446594850E-002   0.0000000000000000     
  -3.1680000000000001        0.0000000000000000       -3.8406305549538132E-002   0.0000000000000000     
  -2.9700000000000002        0.0000000000000000       -3.9155106975464801E-002   0.0000000000000000     
  -2.7720000000000002        0.0000000000000000       -3.9804868112962626E-002   0.0000000000000000     
  -2.5740000000000003        0.0000000000000000       -4.0314608917830209E-002   0.0000000000000000     
  -2.3760000000000003        0.0000000000000000       -4.0615108507243348E-002   0.0000000000000000     
  -2.1779999999999999        0.0000000000000000       -4.0655153136264208E-002   0.0000000000000000     
  -1.9800000000000000        0.0000000000000000       -4.0364879507205145E-002   0.0000000000000000     
  -1.7820000000000000        0.0000000000000000       -3.9654348176377939E-002   0.0000000000000000     
  -1.5840000000000001        0.0000000000000000       -3.8445468679208575E-002   0.0000000000000000     
  -1.3860000000000001        0.0000000000000000       -3.6631655198866554E-002   0.0000000000000000     
  -1.1880000000000002        0.0000000000000000       -3.4086381820282743E-002   0.0000000000000000     
 -0.98999999999999999        0.0000000000000000       -3.0686772303687885E-002   0.0000000000000000     
 -0.79200000000000004        0.0000000000000000       -2.6349647242377441E-002   0.0000000000000000     
 -0.59400000000000008        0.0000000000000000       -2.1003430492294299E-002   0.0000000000000000     
 -0.39600000000000002        0.0000000000000000       -1.4656485804544345E-002   0.0000000000000000     
 -0.19800000000000001        0.0000000000000000       -7.5295087837991357E-003   0.0000000000000000     
   0.0000000000000000        0.0000000000000000        0.0000000000000000        0.0000000000000000     
  0.19800000000000001        0.0000000000000000        7.5295087837991357E-003   0.0000000000000000     
  0.39600000000000002        0.0000000000000000        1.4656485804544345E-002   0.0000000000000000     
  0.59400000000000008        0.0000000000000000        2.1003430492294299E-002   0.0000000000000000     
  0.79200000000000004        0.0000000000000000        2.6349647242377441E-002   0.0000000000000000     
  0.98999999999999999        0.0000000000000000        3.0686772303687885E-002   0.0000000000000000     
   1.1880000000000002        0.0000000000000000        3.4086381820282743E-002   0.0000000000000000     
   1.3860000000000001        0.0000000000000000        3.6631655198866554E-002   0.0000000000000000     
   1.5840000000000001        0.0000000000000000        3.8445468679208575E-002   0.0000000000000000     
   1.7820000000000000        0.0000000000000000        3.9654348176377939E-002   0.0000000000000000     
   1.9800000000000000        0.0000000000000000        4.0364879507205145E-002   0.0000000000000000     
   2.1779999999999999        0.0000000000000000        4.0655153136264208E-002   0.0000000000000000     
   2.3760000000000003        0.0000000000000000        4.0615108507243348E-002   0.0000000000000000     
   2.5740000000000003        0.0000000000000000        4.0314608917830209E-002   0.0000000000000000     
   2.7720000000000002        0.0000000000000000        3.9804868112962626E-002   0.0000000000000000     
   2.9700000000000002        0.0000000000000000        3.9155106975464801E-002   0.0000000000000000     
   3.1680000000000001        0.0000000000000000        3.8406305549538132E-002   0.0000000000000000     
   3.3660000000000001        0.0000000000000000        3.7582776446594850E-002   0.0000000000000000     
   3.5640000000000001        0.0000000000000000        3.6709040015713970E-002   0.0000000000000000     
   3.7620000000000000        0.0000000000000000        3.5810514386167225E-002   0.0000000000000000     
   3.9600000000000000        0.0000000000000000        3.4901598428245223E-002   0.0000000000000000     
   4.1580000000000004        0.0000000000000000        3.3987365709314890E-002   0.0000000000000000     
   4.3559999999999999        0.0000000000000000        3.3075534538596858E-002   0.0000000000000000     
   4.5540000000000003        0.0000000000000000        3.2173690422104252E-002   0.0000000000000000     
   4.7520000000000007        0.0000000000000000        3.1287909951248312E-002   0.0000000000000000     
   4.9500000000000002        0.0000000000000000        3.0422726695842593E-002   0.0000000000000000     
   5.1480000000000006        0.0000000000000000        2.9581366042094982E-002   0.0000000000000000     
   5.3460000000000001        0.0000000000000000        2.8765997819422424E-002   0.0000000000000000     
   5.5440000000000005        0.0000000000000000        2.7977965167817538E-002   0.0000000000000000     
   5.7420000000000000        0.0000000000000000        2.7217968882923237E-002   0.0000000000000000     
   5.9400000000000004        0.0000000000000000        2.6486219435390406E-002   0.0000000000000000     
   6.1379999999999999        0.0000000000000000        2.5782555575933626E-002   0.0000000000000000     
   6.3360000000000003        0.0000000000000000        2.5106538514514828E-002   0.0000000000000000     
   6.5340000000000007        0.0000000000000000        2.4457526937299041E-002   0.0000000000000000     
   6.7320000000000002        0.0000000000000000        2.3834734916881307E-002   0.0000000000000000     
   6.9300000000000006        0.0000000000000000        2.3237276583441088E-002   0.0000000000000000     
   7.1280000000000001        0.0000000000000000        2.2664201830510686E-002   0.0000000000000000     
   7.3260000000000005        0.0000000000000000        2.2114523972958225E-002   0.0000000000000000     
   7.5240000000000000        0.0000000000000000        2.1587239379768051E-002   0.0000000000000000     
   7.7220000000000004        0.0000000000000000        2.1081344324523570E-002   0.0000000000000000     
   7.9199999999999999        0.0000000000000000        2.0595846948319032E-002   0.0000000000000000     
   8.1180000000000003        0.0000000000000000        2.0129774608398820E-002   0.0000000000000000     
   8.3160000000000007        0.0000000000000000        1.9682182377138709E-002   0.0000000000000000     
   8.5140000000000011        0.0000000000000000        1.9252155449652732E-002   0.0000000000000000     
   8.7119999999999997        0.0000000000000000        1.8838813471862881E-002   0.0000000000000000     
   8.9100000000000001        0.0000000000000000        1.8441311011512539E-002   0.0000000000000000     
   9.1080000000000005        0.0000000000000000        1.8058839948720987E-002   0.0000000000000000     
   9.3060000000000009        0.0000000000000000        1.7690628711853999E-002   0.0000000000000000     
   9.5040000000000013        0.0000000000000000        1.7335941278348525E-002   0.0000000000000000     
   9.7020000000000000        0.0000000000000000        1.6994078236106016E-002   0.0000000000000000     
   9.9000000000000004        0.0000000000000000        1.6664373938976802E-002   0.0000000000000000     
   10.098000000000001        0.0000000000000000        1.6346196168939280E-002   0.0000000000000000     
   10.296000000000001        0.0000000000000000        1.6038944977001326E-002   0.0000000000000000     
   10.494000000000000        0.0000000000000000        1.5742050170053173E-002   0.0000000000000000     
   10.692000000000000        0.0000000000000000        1.5454970506641979E-002   0.0000000000000000     
   10.890000000000001        0.0000000000000000        1.5177192109721004E-002   0.0000000000000000     
   11.088000000000001        0.0000000000000000        1.4908226454472857E-002   0.0000000000000000     
   11.286000000000001        0.0000000000000000        1.4647608983382463E-002   0.0000000000000000     
   11.484000000000000        0.0000000000000000        1.4394897733753697E-002   0.0000000000000000     
   11.682000000000000        0.0000000000000000        1.4149671313549852E-002   0.0000000000000000     
   11.880000000000001        0.0000000000000000        1.3911527499414293E-002   0.0000000000000000     
   12.078000000000001        0.0000000000000000        1.3680082019040803E-002   0.0000000000000000     
   12.276000000000000        0.0000000000000000        1.3454966874513211E-002   0.0000000000000000     
   12.474000000000000        0.0000000000000000        1.3235828336580838E-002   0.0000000000000000     
   12.672000000000001        0.0000000000000000        1.3022326189746547E-002   0.0000000000000000     
   12.870000000000001        0.0000000000000000        1.2814132007675449E-002   0.0000000000000000     
   13.068000000000001        0.0000000000000000        1.2610927641527502E-002   0.0000000000000000     
   13.266000000000000        0.0000000000000000        1.2412403330373255E-002   0.0000000000000000     
   13.464000000000000        0.0000000000000000        1.2218257109431373E-002   0.0000000000000000     
   13.662000000000001        0.0000000000000000        1.2028192064180085E-002   0.0000000000000000     
   13.860000000000001        0.0000000000000000        1.1841915277720516E-002   0.0000000000000000     
   14.058000000000000        0.0000000000000000        1.1659136491476218E-002   0.0000000000000000     
   14.256000000000000        0.0000000000000000        1.1479564978622547E-002   0.0000000000000000     
   14.454000000000001        0.0000000000000000        1.1302908660129934E-002   0.0000000000000000     
   14.652000000000001        0.0000000000000000        1.1128871260248269E-002   0.0000000000000000     
   14.850000000000001        0.0000000000000000        1.0957150076797479E-002   0.0000000000000000     
   15.048000000000000        0.0000000000000000        1.0787432912667049E-002   0.0000000000000000     
   15.246000000000000        0.0000000000000000        1.0619395261718104E-002   0.0000000000000000     
   15.444000000000001        0.0000000000000000        1.0452696560954355E-002   0.0000000000000000     
   15.642000000000001        0.0000000000000000        1.0286976309039506E-002   0.0000000000000000     
   15.840000000000000        0.0000000000000000        1.0121849277814229E-002   0.0000000000000000     
   16.038000000000000        0.0000000000000000        9.9569000205191015E-003   0.0000000000000000     
   16.236000000000001        0.0000000000000000        9.7920070673042682E-003   0.0000000000000000     
   16.434000000000001        0.0000000000000000        9.6264205795196615E-003   0.0000000000000000     
   16.632000000000001        0.0000000000000000        9.4596101720652824E-003   0.0000000000000000     
   16.830000000000002        0.0000000000000000        9.2909934640129366E-003   0.0000000000000000     
   17.028000000000002        0.0000000000000000        9.1199227372196594E-003   0.0000000000000000     
   17.225999999999999        0.0000000000000000        8.9456216638293864E-003   0.0000000000000000     
   17.423999999999999        0.0000000000000000        8.7669324835867053E-003   0.0000000000000000     
   17.622000000000000        0.0000000000000000        8.5836327380417153E-003   0.0000000000000000     
   17.820000000000000        0.0000000000000000        8.3935739662101532E-003   0.0000000000000000     
   18.018000000000001        0.0000000000000000        8.1958817035255160E-003   0.0000000000000000     
   18.216000000000001        0.0000000000000000        7.9894399375616855E-003   0.0000000000000000     
   18.414000000000001        0.0000000000000000        7.7725999277080708E-003   0.0000000000000000     
   18.612000000000002        0.0000000000000000        7.5447499482538807E-003   0.0000000000000000     
   18.810000000000002        0.0000000000000000        7.3026115225867886E-003   0.0000000000000000     
   19.008000000000003        0.0000000000000000        7.0451624464605523E-003   0.0000000000000000     
   19.206000000000000        0.0000000000000000        6.7720932262527620E-003   0.0000000000000000     
   19.404000000000000        0.0000000000000000        6.4777826124265787E-003   0.0000000000000000     
   19.602000000000000        0.0000000000000000        6.1563255786035859E-003   0.0000000000000000     
