  -19.602000000000000        0.0000000000000000        2.3319380649580339E-005   0.0000000000000000     
  -19.404000000000000        0.0000000000000000        2.3873306865691416E-005   0.0000000000000000     
  -19.206000000000000        0.0000000000000000        2.4228725371567671E-005   0.0000000000000000     
  -19.008000000000003        0.0000000000000000        2.4680684674113914E-005   0.0000000000000000     
  -18.810000000000002        0.0000000000000000        2.5283845959488006E-005   0.0000000000000000     
  -18.612000000000002        0.0000000000000000        2.5997168753892765E-005   0.0000000000000000     
  -18.414000000000001        0.0000000000000000        2.6764871478768554E-005   0.0000000000000000     
  -18.216000000000001        0.0000000000000000        2.7546287738951054E-005   0.0000000000000000     
  -18.018000000000001        0.0000000000000000        2.8318237254030521E-005   0.0000000000000000     
  -17.820000000000000        0.0000000000000000        2.9060376190312221E-005   0.0000000000000000     
  -17.622000000000000        0.0000000000000000        2.9778006977575298E-005   0.0000000000000000     
  -17.423999999999999        0.0000000000000000        3.0469578640887073E-005   0.0000000000000000     
  -17.225999999999999        0.0000000000000000        3.1140432582701956E-005   0.0000000000000000     
  -17.028000000000002        0.0000000000000000        3.1797253452159360E-005   0.0000000000000000     
  -16.830000000000002        0.0000000000000000        3.2435357633119391E-005   0.0000000000000000     
  -16.632000000000001        0.0000000000000000        3.3070697940649943E-005   0.0000000000000000     
  -16.434000000000001        0.0000000000000000        3.3693380287638833E-005   0.0000000000000000     
  -16.236000000000001        0.0000000000000000        3.4306124847279081E-005   0.0000000000000000     
  -16.038000000000000        0.0000000000000000        3.4911312438121976E-005   0.0000000000000000     
  -15.840000000000000        0.0000000000000000        3.5511023313122760E-005   0.0000000000000000     
  -15.642000000000001        0.0000000000000000        3.6107085486622059E-005   0.0000000000000000     
  -15.444000000000001        0.0000000000000000        3.6701116274234530E-005   0.0000000000000000     
  -15.246000000000000        0.0000000000000000        3.7294561787608138E-005   0.0000000000000000     
  -15.048000000000000        0.0000000000000000        3.7888727949818162E-005   0.0000000000000000     
  -14.850000000000001        0.0000000000000000        3.8484808237834197E-005   0.0000000000000000     
  -14.652000000000001        0.0000000000000000        3.9083902524354010E-005   0.0000000000000000     
  -14.454000000000001        0.0000000000000000        3.9687035844025151E-005   0.0000000000000000     
  -14.256000000000000        0.0000000000000000        4.0295170826246967E-005   0.0000000000000000     
  -14.058000000000000        0.0000000000000000        4.0909221413379307E-005   0.0000000000000000     
  -13.860000000000001        0.0000000000000000        4.1530059633433164E-005   0.0000000000000000     
  -13.662000000000001        0.0000000000000000        4.2158524698735651E-005   0.0000000000000000     
  -13.464000000000000        0.0000000000000000        4.2795429303343986E-005   0.0000000000000000     
  -13.266000000000000        0.0000000000000000        4.3441565765634570E-005   0.0000000000000000     
  -13.068000000000001        0.0000000000000000        4.4097711306752921E-005   0.0000000000000000     
  -12.870000000000001        0.0000000000000000        4.4764632047257123E-005   0.0000000000000000     
  -12.672000000000001        0.0000000000000000        4.5443088001122074E-005   0.0000000000000000     
  -12.474000000000000        0.0000000000000000        4.6133836028214756E-005   0.0000000000000000     
  -12.276000000000000        0.0000000000000000        4.6837632124263021E-005   0.0000000000000000     
  -12.078000000000001        0.0000000000000000        4.7555237044961155E-005   0.0000000000000000     
  -11.880000000000001        0.0000000000000000        4.8287418549131077E-005   0.0000000000000000     
  -11.682000000000000        0.0000000000000000        4.9034952309668980E-005   0.0000000000000000     
  -11.484000000000000        0.0000000000000000        4.9798625946194698E-005   0.0000000000000000     
  -11.286000000000001        0.0000000000000000        5.0579240238447047E-005   0.0000000000000000     
  -11.088000000000001        0.0000000000000000        5.1377611463060123E-005   0.0000000000000000     
  -10.890000000000001        0.0000000000000000        5.2194575001344168E-005   0.0000000000000000     
  -10.692000000000000        0.0000000000000000        5.3030983848645584E-005   0.0000000000000000     
  -10.494000000000000        0.0000000000000000        5.3887712488570740E-005   0.0000000000000000     
  -10.296000000000001        0.0000000000000000        5.4765656374502495E-005   0.0000000000000000     
  -10.098000000000001        0.0000000000000000        5.5665733477849465E-005   0.0000000000000000     
  -9.9000000000000004        0.0000000000000000        5.6588886549210130E-005   0.0000000000000000     
  -9.7020000000000000        0.0000000000000000        5.7536080086684720E-005   0.0000000000000000     
  -9.5040000000000013        0.0000000000000000        5.8508303335158034E-005   0.0000000000000000     
  -9.3060000000000009        0.0000000000000000        5.9506565483126195E-005   0.0000000000000000     
  -9.1080000000000005        0.0000000000000000        6.0531898413539459E-005   0.0000000000000000     
  -8.9100000000000001        0.0000000000000000        6.1585355123147794E-005   0.0000000000000000     
  -8.7119999999999997        0.0000000000000000        6.2668000731853140E-005   0.0000000000000000     
  -8.5140000000000011        0.0000000000000000        6.3780915654820306E-005   0.0000000000000000     
  -8.3160000000000007        0.0000000000000000        6.4925187825224550E-005   0.0000000000000000     
  -8.1180000000000003        0.0000000000000000        6.6101905601109588E-005   0.0000000000000000     
  -7.9199999999999999        0.0000000000000000        6.7312153412286613E-005   0.0000000000000000     
  -7.7220000000000004        0.0000000000000000        6.8557000764163731E-005   0.0000000000000000     
  -7.5240000000000000        0.0000000000000000        6.9837492030102401E-005   0.0000000000000000     
  -7.3260000000000005        0.0000000000000000        7.1154635538060130E-005   0.0000000000000000     
  -7.1280000000000001        0.0000000000000000        7.2509389092659357E-005   0.0000000000000000     
  -6.9300000000000006        0.0000000000000000        7.3902643765377376E-005   0.0000000000000000     
  -6.7320000000000002        0.0000000000000000        7.5335208059196604E-005   0.0000000000000000     
  -6.5340000000000007        0.0000000000000000        7.6807790251361404E-005   0.0000000000000000     
  -6.3360000000000003        0.0000000000000000        7.8320972573620742E-005   0.0000000000000000     
  -6.1379999999999999        0.0000000000000000        7.9875192489213469E-005   0.0000000000000000     
  -5.9400000000000004        0.0000000000000000        8.1470709794371110E-005   0.0000000000000000     
  -5.7420000000000000        0.0000000000000000        8.3107571714297664E-005   0.0000000000000000     
  -5.5440000000000005        0.0000000000000000        8.4785552056972478E-005   0.0000000000000000     
  -5.3460000000000001        0.0000000000000000        8.6504066442900793E-005   0.0000000000000000     
  -5.1480000000000006        0.0000000000000000        8.8262031365820073E-005   0.0000000000000000     
  -4.9500000000000002        0.0000000000000000        9.0057611810062351E-005   0.0000000000000000     
  -4.7520000000000007        0.0000000000000000        9.1887833527524396E-005   0.0000000000000000     
  -4.5540000000000003        0.0000000000000000        9.3747940105544784E-005   0.0000000000000000     
  -4.3559999999999999        0.0000000000000000        9.5630429030494390E-005   0.0000000000000000     
  -4.1580000000000004        0.0000000000000000        9.7523712452137075E-005   0.0000000000000000     
  -3.9600000000000000        0.0000000000000000        9.9410414492868222E-005   0.0000000000000000     
  -3.7620000000000000        0.0000000000000000        1.0126563437845004E-004   0.0000000000000000     
  -3.5640000000000001        0.0000000000000000        1.0305656159724585E-004   0.0000000000000000     
  -3.3660000000000001        0.0000000000000000        1.0475113523151594E-004   0.0000000000000000     
  -3.1680000000000001        0.0000000000000000        1.0636327953149559E-004   0.0000000000000000     
  -2.9700000000000002        0.0000000000000000        1.0799757492936951E-004   0.0000000000000000     
  -2.7720000000000002        0.0000000000000000        1.0956100012136448E-004   0.0000000000000000     
  -2.5740000000000003        0.0000000000000000        1.1150148953795552E-004   0.0000000000000000     
  -2.3760000000000003        0.0000000000000000        1.1400687045004958E-004   0.0000000000000000     
  -2.1779999999999999        0.0000000000000000        1.1663955648978130E-004   0.0000000000000000     
  -1.9800000000000000        0.0000000000000000        1.1946374710312668E-004   0.0000000000000000     
  -1.7820000000000000        0.0000000000000000        1.2216033083684727E-004   0.0000000000000000     
  -1.5840000000000001        0.0000000000000000        1.2404749376438885E-004   0.0000000000000000     
  -1.3860000000000001        0.0000000000000000        1.2420302519232918E-004   0.0000000000000000     
  -1.1880000000000002        0.0000000000000000        1.2123598321014337E-004   0.0000000000000000     
 -0.98999999999999999        0.0000000000000000        1.1333243699727405E-004   0.0000000000000000     
 -0.79200000000000004        0.0000000000000000        9.8747852135335976E-005   0.0000000000000000     
 -0.59400000000000008        0.0000000000000000        7.7535186329398317E-005   0.0000000000000000     
 -0.39600000000000002        0.0000000000000000        5.3158798481722109E-005   0.0000000000000000     
 -0.19800000000000001        0.0000000000000000        2.7472515330769360E-005   0.0000000000000000     
   0.0000000000000000        0.0000000000000000        0.0000000000000000        0.0000000000000000     
  0.19800000000000001        0.0000000000000000       -2.7472515330769360E-005   0.0000000000000000     
  0.39600000000000002        0.0000000000000000       -5.3158798481722109E-005   0.0000000000000000     
  0.59400000000000008        0.0000000000000000       -7.7535186329398317E-005   0.0000000000000000     
  0.79200000000000004        0.0000000000000000       -9.8747852135335976E-005   0.0000000000000000     
  0.98999999999999999        0.0000000000000000       -1.1333243699727405E-004   0.0000000000000000     
   1.1880000000000002        0.0000000000000000       -1.2123598321014337E-004   0.0000000000000000     
   1.3860000000000001        0.0000000000000000       -1.2420302519232918E-004   0.0000000000000000     
   1.5840000000000001        0.0000000000000000       -1.2404749376438885E-004   0.0000000000000000     
   1.7820000000000000        0.0000000000000000       -1.2216033083684727E-004   0.0000000000000000     
   1.9800000000000000        0.0000000000000000       -1.1946374710312668E-004   0.0000000000000000     
   2.1779999999999999        0.0000000000000000       -1.1663955648978130E-004   0.0000000000000000     
   2.3760000000000003        0.0000000000000000       -1.1400687045004958E-004   0.0000000000000000     
   2.5740000000000003        0.0000000000000000       -1.1150148953795552E-004   0.0000000000000000     
   2.7720000000000002        0.0000000000000000       -1.0956100012136448E-004   0.0000000000000000     
   2.9700000000000002        0.0000000000000000       -1.0799757492936951E-004   0.0000000000000000     
   3.1680000000000001        0.0000000000000000       -1.0636327953149559E-004   0.0000000000000000     
   3.3660000000000001        0.0000000000000000       -1.0475113523151594E-004   0.0000000000000000     
   3.5640000000000001        0.0000000000000000       -1.0305656159724585E-004   0.0000000000000000     
   3.7620000000000000        0.0000000000000000       -1.0126563437845004E-004   0.0000000000000000     
   3.9600000000000000        0.0000000000000000       -9.9410414492868222E-005   0.0000000000000000     
   4.1580000000000004        0.0000000000000000       -9.7523712452137075E-005   0.0000000000000000     
   4.3559999999999999        0.0000000000000000       -9.5630429030494390E-005   0.0000000000000000     
   4.5540000000000003        0.0000000000000000       -9.3747940105544784E-005   0.0000000000000000     
   4.7520000000000007        0.0000000000000000       -9.1887833527524396E-005   0.0000000000000000     
   4.9500000000000002        0.0000000000000000       -9.0057611810062351E-005   0.0000000000000000     
   5.1480000000000006        0.0000000000000000       -8.8262031365820073E-005   0.0000000000000000     
   5.3460000000000001        0.0000000000000000       -8.6504066442900793E-005   0.0000000000000000     
   5.5440000000000005        0.0000000000000000       -8.4785552056972478E-005   0.0000000000000000     
   5.7420000000000000        0.0000000000000000       -8.3107571714297664E-005   0.0000000000000000     
   5.9400000000000004        0.0000000000000000       -8.1470709794371110E-005   0.0000000000000000     
   6.1379999999999999        0.0000000000000000       -7.9875192489213469E-005   0.0000000000000000     
   6.3360000000000003        0.0000000000000000       -7.8320972573620742E-005   0.0000000000000000     
   6.5340000000000007        0.0000000000000000       -7.6807790251361404E-005   0.0000000000000000     
   6.7320000000000002        0.0000000000000000       -7.5335208059196604E-005   0.0000000000000000     
   6.9300000000000006        0.0000000000000000       -7.3902643765377376E-005   0.0000000000000000     
   7.1280000000000001        0.0000000000000000       -7.2509389092659357E-005   0.0000000000000000     
   7.3260000000000005        0.0000000000000000       -7.1154635538060130E-005   0.0000000000000000     
   7.5240000000000000        0.0000000000000000       -6.9837492030102401E-005   0.0000000000000000     
   7.7220000000000004        0.0000000000000000       -6.8557000764163731E-005   0.0000000000000000     
   7.9199999999999999        0.0000000000000000       -6.7312153412286613E-005   0.0000000000000000     
   8.1180000000000003        0.0000000000000000       -6.6101905601109588E-005   0.0000000000000000     
   8.3160000000000007        0.0000000000000000       -6.4925187825224550E-005   0.0000000000000000     
   8.5140000000000011        0.0000000000000000       -6.3780915654820306E-005   0.0000000000000000     
   8.7119999999999997        0.0000000000000000       -6.2668000731853140E-005   0.0000000000000000     
   8.9100000000000001        0.0000000000000000       -6.1585355123147794E-005   0.0000000000000000     
   9.1080000000000005        0.0000000000000000       -6.0531898413539459E-005   0.0000000000000000     
   9.3060000000000009        0.0000000000000000       -5.9506565483126195E-005   0.0000000000000000     
   9.5040000000000013        0.0000000000000000       -5.8508303335158034E-005   0.0000000000000000     
   9.7020000000000000        0.0000000000000000       -5.7536080086684720E-005   0.0000000000000000     
   9.9000000000000004        0.0000000000000000       -5.6588886549210130E-005   0.0000000000000000     
   10.098000000000001        0.0000000000000000       -5.5665733477849465E-005   0.0000000000000000     
   10.296000000000001        0.0000000000000000       -5.4765656374502495E-005   0.0000000000000000     
   10.494000000000000        0.0000000000000000       -5.3887712488570740E-005   0.0000000000000000     
   10.692000000000000        0.0000000000000000       -5.3030983848645584E-005   0.0000000000000000     
   10.890000000000001        0.0000000000000000       -5.2194575001344168E-005   0.0000000000000000     
   11.088000000000001        0.0000000000000000       -5.1377611463060123E-005   0.0000000000000000     
   11.286000000000001        0.0000000000000000       -5.0579240238447047E-005   0.0000000000000000     
   11.484000000000000        0.0000000000000000       -4.9798625946194698E-005   0.0000000000000000     
   11.682000000000000        0.0000000000000000       -4.9034952309668980E-005   0.0000000000000000     
   11.880000000000001        0.0000000000000000       -4.8287418549131077E-005   0.0000000000000000     
   12.078000000000001        0.0000000000000000       -4.7555237044961155E-005   0.0000000000000000     
   12.276000000000000        0.0000000000000000       -4.6837632124263021E-005   0.0000000000000000     
   12.474000000000000        0.0000000000000000       -4.6133836028214756E-005   0.0000000000000000     
   12.672000000000001        0.0000000000000000       -4.5443088001122074E-005   0.0000000000000000     
   12.870000000000001        0.0000000000000000       -4.4764632047257123E-005   0.0000000000000000     
   13.068000000000001        0.0000000000000000       -4.4097711306752921E-005   0.0000000000000000     
   13.266000000000000        0.0000000000000000       -4.3441565765634570E-005   0.0000000000000000     
   13.464000000000000        0.0000000000000000       -4.2795429303343986E-005   0.0000000000000000     
   13.662000000000001        0.0000000000000000       -4.2158524698735651E-005   0.0000000000000000     
   13.860000000000001        0.0000000000000000       -4.1530059633433164E-005   0.0000000000000000     
   14.058000000000000        0.0000000000000000       -4.0909221413379307E-005   0.0000000000000000     
   14.256000000000000        0.0000000000000000       -4.0295170826246967E-005   0.0000000000000000     
   14.454000000000001        0.0000000000000000       -3.9687035844025151E-005   0.0000000000000000     
   14.652000000000001        0.0000000000000000       -3.9083902524354010E-005   0.0000000000000000     
   14.850000000000001        0.0000000000000000       -3.8484808237834197E-005   0.0000000000000000     
   15.048000000000000        0.0000000000000000       -3.7888727949818162E-005   0.0000000000000000     
   15.246000000000000        0.0000000000000000       -3.7294561787608138E-005   0.0000000000000000     
   15.444000000000001        0.0000000000000000       -3.6701116274234530E-005   0.0000000000000000     
   15.642000000000001        0.0000000000000000       -3.6107085486622059E-005   0.0000000000000000     
   15.840000000000000        0.0000000000000000       -3.5511023313122760E-005   0.0000000000000000     
   16.038000000000000        0.0000000000000000       -3.4911312438121976E-005   0.0000000000000000     
   16.236000000000001        0.0000000000000000       -3.4306124847279081E-005   0.0000000000000000     
   16.434000000000001        0.0000000000000000       -3.3693380287638833E-005   0.0000000000000000     
   16.632000000000001        0.0000000000000000       -3.3070697940649943E-005   0.0000000000000000     
   16.830000000000002        0.0000000000000000       -3.2435357633119391E-005   0.0000000000000000     
   17.028000000000002        0.0000000000000000       -3.1797253452159360E-005   0.0000000000000000     
   17.225999999999999        0.0000000000000000       -3.1140432582701956E-005   0.0000000000000000     
   17.423999999999999        0.0000000000000000       -3.0469578640887073E-005   0.0000000000000000     
   17.622000000000000        0.0000000000000000       -2.9778006977575298E-005   0.0000000000000000     
   17.820000000000000        0.0000000000000000       -2.9060376190312221E-005   0.0000000000000000     
   18.018000000000001        0.0000000000000000       -2.8318237254030521E-005   0.0000000000000000     
   18.216000000000001        0.0000000000000000       -2.7546287738951054E-005   0.0000000000000000     
   18.414000000000001        0.0000000000000000       -2.6764871478768554E-005   0.0000000000000000     
   18.612000000000002        0.0000000000000000       -2.5997168753892765E-005   0.0000000000000000     
   18.810000000000002        0.0000000000000000       -2.5283845959488006E-005   0.0000000000000000     
   19.008000000000003        0.0000000000000000       -2.4680684674113914E-005   0.0000000000000000     
   19.206000000000000        0.0000000000000000       -2.4228725371567671E-005   0.0000000000000000     
   19.404000000000000        0.0000000000000000       -2.3873306865691416E-005   0.0000000000000000     
   19.602000000000000        0.0000000000000000       -2.3319380649580339E-005   0.0000000000000000     
