  -19.602000000000000        0.0000000000000000       -4.5980764105895619E-005   0.0000000000000000     
  -19.404000000000000        0.0000000000000000       -4.8553112227821506E-005   0.0000000000000000     
  -19.206000000000000        0.0000000000000000       -5.0816133650216683E-005   0.0000000000000000     
  -19.008000000000003        0.0000000000000000       -5.2908104937102115E-005   0.0000000000000000     
  -18.810000000000002        0.0000000000000000       -5.4868580574206275E-005   0.0000000000000000     
  -18.612000000000002        0.0000000000000000       -5.6719670598411914E-005   0.0000000000000000     
  -18.414000000000001        0.0000000000000000       -5.8475531855606111E-005   0.0000000000000000     
  -18.216000000000001        0.0000000000000000       -6.0142562244756742E-005   0.0000000000000000     
  -18.018000000000001        0.0000000000000000       -6.1738098312535465E-005   0.0000000000000000     
  -17.820000000000000        0.0000000000000000       -6.3258930790196759E-005   0.0000000000000000     
  -17.622000000000000        0.0000000000000000       -6.4722861750569701E-005   0.0000000000000000     
  -17.423999999999999        0.0000000000000000       -6.6137699814171761E-005   0.0000000000000000     
  -17.225999999999999        0.0000000000000000       -6.7512726065811559E-005   0.0000000000000000     
  -17.028000000000002        0.0000000000000000       -6.8846509001393210E-005   0.0000000000000000     
  -16.830000000000002        0.0000000000000000       -7.0155667456824994E-005   0.0000000000000000     
  -16.632000000000001        0.0000000000000000       -7.1441013463657499E-005   0.0000000000000000     
  -16.434000000000001        0.0000000000000000       -7.2707775502962879E-005   0.0000000000000000     
  -16.236000000000001        0.0000000000000000       -7.3960690144607495E-005   0.0000000000000000     
  -16.038000000000000        0.0000000000000000       -7.5204054910963763E-005   0.0000000000000000     
  -15.840000000000000        0.0000000000000000       -7.6441779664384346E-005   0.0000000000000000     
  -15.642000000000001        0.0000000000000000       -7.7677433522756493E-005   0.0000000000000000     
  -15.444000000000001        0.0000000000000000       -7.8914297471173206E-005   0.0000000000000000     
  -15.246000000000000        0.0000000000000000       -8.0155395737385333E-005   0.0000000000000000     
  -15.048000000000000        0.0000000000000000       -8.1403540640622934E-005   0.0000000000000000     
  -14.850000000000001        0.0000000000000000       -8.2661363707805518E-005   0.0000000000000000     
  -14.652000000000001        0.0000000000000000       -8.3931346717740598E-005   0.0000000000000000     
  -14.454000000000001        0.0000000000000000       -8.5215847891740993E-005   0.0000000000000000     
  -14.256000000000000        0.0000000000000000       -8.6517125967100857E-005   0.0000000000000000     
  -14.058000000000000        0.0000000000000000       -8.7837364133749987E-005   0.0000000000000000     
  -13.860000000000001        0.0000000000000000       -8.9178687064996021E-005   0.0000000000000000     
  -13.662000000000001        0.0000000000000000       -9.0543182168146186E-005   0.0000000000000000     
  -13.464000000000000        0.0000000000000000       -9.1932912798634950E-005   0.0000000000000000     
  -13.266000000000000        0.0000000000000000       -9.3349937425910040E-005   0.0000000000000000     
  -13.068000000000001        0.0000000000000000       -9.4796323621684794E-005   0.0000000000000000     
  -12.870000000000001        0.0000000000000000       -9.6274159715014848E-005   0.0000000000000000     
  -12.672000000000001        0.0000000000000000       -9.7785570346802650E-005   0.0000000000000000     
  -12.474000000000000        0.0000000000000000       -9.9332733518542527E-005   0.0000000000000000     
  -12.276000000000000        0.0000000000000000       -1.0091788893486415E-004   0.0000000000000000     
  -12.078000000000001        0.0000000000000000       -1.0254335666893772E-004   0.0000000000000000     
  -11.880000000000001        0.0000000000000000       -1.0421154658159090E-004   0.0000000000000000     
  -11.682000000000000        0.0000000000000000       -1.0592498131461077E-004   0.0000000000000000     
  -11.484000000000000        0.0000000000000000       -1.0768630781620000E-004   0.0000000000000000     
  -11.286000000000001        0.0000000000000000       -1.0949831312231756E-004   0.0000000000000000     
  -11.088000000000001        0.0000000000000000       -1.1136394840855172E-004   0.0000000000000000     
  -10.890000000000001        0.0000000000000000       -1.1328634858447492E-004   0.0000000000000000     
  -10.692000000000000        0.0000000000000000       -1.1526885801258498E-004   0.0000000000000000     
  -10.494000000000000        0.0000000000000000       -1.1731504958417671E-004   0.0000000000000000     
  -10.296000000000001        0.0000000000000000       -1.1942876394405765E-004   0.0000000000000000     
  -10.098000000000001        0.0000000000000000       -1.2161413392048168E-004   0.0000000000000000     
  -9.9000000000000004        0.0000000000000000       -1.2387563339581815E-004   0.0000000000000000     
  -9.7020000000000000        0.0000000000000000       -1.2621810484738619E-004   0.0000000000000000     
  -9.5040000000000013        0.0000000000000000       -1.2864682644425862E-004   0.0000000000000000     
  -9.3060000000000009        0.0000000000000000       -1.3116754695848310E-004   0.0000000000000000     
  -9.1080000000000005        0.0000000000000000       -1.3378657245624094E-004   0.0000000000000000     
  -8.9100000000000001        0.0000000000000000       -1.3651082217524415E-004   0.0000000000000000     
  -8.7119999999999997        0.0000000000000000       -1.3934791577758482E-004   0.0000000000000000     
  -8.5140000000000011        0.0000000000000000       -1.4230627939761038E-004   0.0000000000000000     
  -8.3160000000000007        0.0000000000000000       -1.4539524523035901E-004   0.0000000000000000     
  -8.1180000000000003        0.0000000000000000       -1.4862518873165123E-004   0.0000000000000000     
  -7.9199999999999999        0.0000000000000000       -1.5200766246964222E-004   0.0000000000000000     
  -7.7220000000000004        0.0000000000000000       -1.5555557557051549E-004   0.0000000000000000     
  -7.5240000000000000        0.0000000000000000       -1.5928338023211465E-004   0.0000000000000000     
  -7.3260000000000005        0.0000000000000000       -1.6320728417975236E-004   0.0000000000000000     
  -7.1280000000000001        0.0000000000000000       -1.6734550531721342E-004   0.0000000000000000     
  -6.9300000000000006        0.0000000000000000       -1.7171854776880201E-004   0.0000000000000000     
  -6.7320000000000002        0.0000000000000000       -1.7634950312184680E-004   0.0000000000000000     
  -6.5340000000000007        0.0000000000000000       -1.8126440526383564E-004   0.0000000000000000     
  -6.3360000000000003        0.0000000000000000       -1.8649259352608759E-004   0.0000000000000000     
  -6.1379999999999999        0.0000000000000000       -1.9206711367311907E-004   0.0000000000000000     
  -5.9400000000000004        0.0000000000000000       -1.9802512139441254E-004   0.0000000000000000     
  -5.7420000000000000        0.0000000000000000       -2.0440827670472150E-004   0.0000000000000000     
  -5.5440000000000005        0.0000000000000000       -2.1126311743940957E-004   0.0000000000000000     
  -5.3460000000000001        0.0000000000000000       -2.1864131218437638E-004   0.0000000000000000     
  -5.1480000000000006        0.0000000000000000       -2.2659976021374906E-004   0.0000000000000000     
  -4.9500000000000002        0.0000000000000000       -2.3520043464142715E-004   0.0000000000000000     
  -4.7520000000000007        0.0000000000000000       -2.4450975417212407E-004   0.0000000000000000     
  -4.5540000000000003        0.0000000000000000       -2.5459735327114407E-004   0.0000000000000000     
  -4.3559999999999999        0.0000000000000000       -2.6553388455773102E-004   0.0000000000000000     
  -4.1580000000000004        0.0000000000000000       -2.7738750608126173E-004   0.0000000000000000     
  -3.9600000000000000        0.0000000000000000       -2.9021853958753808E-004   0.0000000000000000     
  -3.7620000000000000        0.0000000000000000       -3.0407168102634951E-004   0.0000000000000000     
  -3.5640000000000001        0.0000000000000000       -3.1896481622001018E-004   0.0000000000000000     
  -3.3660000000000001        0.0000000000000000       -3.3487315823201209E-004   0.0000000000000000     
  -3.1680000000000001        0.0000000000000000       -3.5170740825576577E-004   0.0000000000000000     
  -2.9700000000000002        0.0000000000000000       -3.6929439873222122E-004   0.0000000000000000     
  -2.7720000000000002        0.0000000000000000       -3.8743648760612833E-004   0.0000000000000000     
  -2.5740000000000003        0.0000000000000000       -4.0607945084311805E-004   0.0000000000000000     
  -2.3760000000000003        0.0000000000000000       -4.2442693226323280E-004   0.0000000000000000     
  -2.1779999999999999        0.0000000000000000       -4.4143112323329840E-004   0.0000000000000000     
  -1.9800000000000000        0.0000000000000000       -4.5618399740520745E-004   0.0000000000000000     
  -1.7820000000000000        0.0000000000000000       -4.6706666549492612E-004   0.0000000000000000     
  -1.5840000000000001        0.0000000000000000       -4.7178713850859938E-004   0.0000000000000000     
  -1.3860000000000001        0.0000000000000000       -4.6821132276713811E-004   0.0000000000000000     
  -1.1880000000000002        0.0000000000000000       -4.5410172650684551E-004   0.0000000000000000     
 -0.98999999999999999        0.0000000000000000       -4.2528922178975299E-004   0.0000000000000000     
 -0.79200000000000004        0.0000000000000000       -3.7804493442724968E-004   0.0000000000000000     
 -0.59400000000000008        0.0000000000000000       -3.1043604786520283E-004   0.0000000000000000     
 -0.39600000000000002        0.0000000000000000       -2.2205312442375285E-004   0.0000000000000000     
 -0.19800000000000001        0.0000000000000000       -1.1609395855506170E-004   0.0000000000000000     
   0.0000000000000000        0.0000000000000000        0.0000000000000000        0.0000000000000000     
  0.19800000000000001        0.0000000000000000        1.1609395855506170E-004   0.0000000000000000     
  0.39600000000000002        0.0000000000000000        2.2205312442375285E-004   0.0000000000000000     
  0.59400000000000008        0.0000000000000000        3.1043604786520283E-004   0.0000000000000000     
  0.79200000000000004        0.0000000000000000        3.7804493442724968E-004   0.0000000000000000     
  0.98999999999999999        0.0000000000000000        4.2528922178975299E-004   0.0000000000000000     
   1.1880000000000002        0.0000000000000000        4.5410172650684551E-004   0.0000000000000000     
   1.3860000000000001        0.0000000000000000        4.6821132276713811E-004   0.0000000000000000     
   1.5840000000000001        0.0000000000000000        4.7178713850859938E-004   0.0000000000000000     
   1.7820000000000000        0.0000000000000000        4.6706666549492612E-004   0.0000000000000000     
   1.9800000000000000        0.0000000000000000        4.5618399740520745E-004   0.0000000000000000     
   2.1779999999999999        0.0000000000000000        4.4143112323329840E-004   0.0000000000000000     
   2.3760000000000003        0.0000000000000000        4.2442693226323280E-004   0.0000000000000000     
   2.5740000000000003        0.0000000000000000        4.0607945084311805E-004   0.0000000000000000     
   2.7720000000000002        0.0000000000000000        3.8743648760612833E-004   0.0000000000000000     
   2.9700000000000002        0.0000000000000000        3.6929439873222122E-004   0.0000000000000000     
   3.1680000000000001        0.0000000000000000        3.5170740825576577E-004   0.0000000000000000     
   3.3660000000000001        0.0000000000000000        3.3487315823201209E-004   0.0000000000000000     
   3.5640000000000001        0.0000000000000000        3.1896481622001018E-004   0.0000000000000000     
   3.7620000000000000        0.0000000000000000        3.0407168102634951E-004   0.0000000000000000     
   3.9600000000000000        0.0000000000000000        2.9021853958753808E-004   0.0000000000000000     
   4.1580000000000004        0.0000000000000000        2.7738750608126173E-004   0.0000000000000000     
   4.3559999999999999        0.0000000000000000        2.6553388455773102E-004   0.0000000000000000     
   4.5540000000000003        0.0000000000000000        2.5459735327114407E-004   0.0000000000000000     
   4.7520000000000007        0.0000000000000000        2.4450975417212407E-004   0.0000000000000000     
   4.9500000000000002        0.0000000000000000        2.3520043464142715E-004   0.0000000000000000     
   5.1480000000000006        0.0000000000000000        2.2659976021374906E-004   0.0000000000000000     
   5.3460000000000001        0.0000000000000000        2.1864131218437638E-004   0.0000000000000000     
   5.5440000000000005        0.0000000000000000        2.1126311743940957E-004   0.0000000000000000     
   5.7420000000000000        0.0000000000000000        2.0440827670472150E-004   0.0000000000000000     
   5.9400000000000004        0.0000000000000000        1.9802512139441254E-004   0.0000000000000000     
   6.1379999999999999        0.0000000000000000        1.9206711367311907E-004   0.0000000000000000     
   6.3360000000000003        0.0000000000000000        1.8649259352608759E-004   0.0000000000000000     
   6.5340000000000007        0.0000000000000000        1.8126440526383564E-004   0.0000000000000000     
   6.7320000000000002        0.0000000000000000        1.7634950312184680E-004   0.0000000000000000     
   6.9300000000000006        0.0000000000000000        1.7171854776880201E-004   0.0000000000000000     
   7.1280000000000001        0.0000000000000000        1.6734550531721342E-004   0.0000000000000000     
   7.3260000000000005        0.0000000000000000        1.6320728417975236E-004   0.0000000000000000     
   7.5240000000000000        0.0000000000000000        1.5928338023211465E-004   0.0000000000000000     
   7.7220000000000004        0.0000000000000000        1.5555557557051549E-004   0.0000000000000000     
   7.9199999999999999        0.0000000000000000        1.5200766246964222E-004   0.0000000000000000     
   8.1180000000000003        0.0000000000000000        1.4862518873165123E-004   0.0000000000000000     
   8.3160000000000007        0.0000000000000000        1.4539524523035901E-004   0.0000000000000000     
   8.5140000000000011        0.0000000000000000        1.4230627939761038E-004   0.0000000000000000     
   8.7119999999999997        0.0000000000000000        1.3934791577758482E-004   0.0000000000000000     
   8.9100000000000001        0.0000000000000000        1.3651082217524415E-004   0.0000000000000000     
   9.1080000000000005        0.0000000000000000        1.3378657245624094E-004   0.0000000000000000     
   9.3060000000000009        0.0000000000000000        1.3116754695848310E-004   0.0000000000000000     
   9.5040000000000013        0.0000000000000000        1.2864682644425862E-004   0.0000000000000000     
   9.7020000000000000        0.0000000000000000        1.2621810484738619E-004   0.0000000000000000     
   9.9000000000000004        0.0000000000000000        1.2387563339581815E-004   0.0000000000000000     
   10.098000000000001        0.0000000000000000        1.2161413392048168E-004   0.0000000000000000     
   10.296000000000001        0.0000000000000000        1.1942876394405765E-004   0.0000000000000000     
   10.494000000000000        0.0000000000000000        1.1731504958417671E-004   0.0000000000000000     
   10.692000000000000        0.0000000000000000        1.1526885801258498E-004   0.0000000000000000     
   10.890000000000001        0.0000000000000000        1.1328634858447492E-004   0.0000000000000000     
   11.088000000000001        0.0000000000000000        1.1136394840855172E-004   0.0000000000000000     
   11.286000000000001        0.0000000000000000        1.0949831312231756E-004   0.0000000000000000     
   11.484000000000000        0.0000000000000000        1.0768630781620000E-004   0.0000000000000000     
   11.682000000000000        0.0000000000000000        1.0592498131461077E-004   0.0000000000000000     
   11.880000000000001        0.0000000000000000        1.0421154658159090E-004   0.0000000000000000     
   12.078000000000001        0.0000000000000000        1.0254335666893772E-004   0.0000000000000000     
   12.276000000000000        0.0000000000000000        1.0091788893486415E-004   0.0000000000000000     
   12.474000000000000        0.0000000000000000        9.9332733518542527E-005   0.0000000000000000     
   12.672000000000001        0.0000000000000000        9.7785570346802650E-005   0.0000000000000000     
   12.870000000000001        0.0000000000000000        9.6274159715014848E-005   0.0000000000000000     
   13.068000000000001        0.0000000000000000        9.4796323621684794E-005   0.0000000000000000     
   13.266000000000000        0.0000000000000000        9.3349937425910040E-005   0.0000000000000000     
   13.464000000000000        0.0000000000000000        9.1932912798634950E-005   0.0000000000000000     
   13.662000000000001        0.0000000000000000        9.0543182168146186E-005   0.0000000000000000     
   13.860000000000001        0.0000000000000000        8.9178687064996021E-005   0.0000000000000000     
   14.058000000000000        0.0000000000000000        8.7837364133749987E-005   0.0000000000000000     
   14.256000000000000        0.0000000000000000        8.6517125967100857E-005   0.0000000000000000     
   14.454000000000001        0.0000000000000000        8.5215847891740993E-005   0.0000000000000000     
   14.652000000000001        0.0000000000000000        8.3931346717740598E-005   0.0000000000000000     
   14.850000000000001        0.0000000000000000        8.2661363707805518E-005   0.0000000000000000     
   15.048000000000000        0.0000000000000000        8.1403540640622934E-005   0.0000000000000000     
   15.246000000000000        0.0000000000000000        8.0155395737385333E-005   0.0000000000000000     
   15.444000000000001        0.0000000000000000        7.8914297471173206E-005   0.0000000000000000     
   15.642000000000001        0.0000000000000000        7.7677433522756493E-005   0.0000000000000000     
   15.840000000000000        0.0000000000000000        7.6441779664384346E-005   0.0000000000000000     
   16.038000000000000        0.0000000000000000        7.5204054910963763E-005   0.0000000000000000     
   16.236000000000001        0.0000000000000000        7.3960690144607495E-005   0.0000000000000000     
   16.434000000000001        0.0000000000000000        7.2707775502962879E-005   0.0000000000000000     
   16.632000000000001        0.0000000000000000        7.1441013463657499E-005   0.0000000000000000     
   16.830000000000002        0.0000000000000000        7.0155667456824994E-005   0.0000000000000000     
   17.028000000000002        0.0000000000000000        6.8846509001393210E-005   0.0000000000000000     
   17.225999999999999        0.0000000000000000        6.7512726065811559E-005   0.0000000000000000     
   17.423999999999999        0.0000000000000000        6.6137699814171761E-005   0.0000000000000000     
   17.622000000000000        0.0000000000000000        6.4722861750569701E-005   0.0000000000000000     
   17.820000000000000        0.0000000000000000        6.3258930790196759E-005   0.0000000000000000     
   18.018000000000001        0.0000000000000000        6.1738098312535465E-005   0.0000000000000000     
   18.216000000000001        0.0000000000000000        6.0142562244756742E-005   0.0000000000000000     
   18.414000000000001        0.0000000000000000        5.8475531855606111E-005   0.0000000000000000     
   18.612000000000002        0.0000000000000000        5.6719670598411914E-005   0.0000000000000000     
   18.810000000000002        0.0000000000000000        5.4868580574206275E-005   0.0000000000000000     
   19.008000000000003        0.0000000000000000        5.2908104937102115E-005   0.0000000000000000     
   19.206000000000000        0.0000000000000000        5.0816133650216683E-005   0.0000000000000000     
   19.404000000000000        0.0000000000000000        4.8553112227821506E-005   0.0000000000000000     
   19.602000000000000        0.0000000000000000        4.5980764105895619E-005   0.0000000000000000     
