  -19.602000000000000        0.0000000000000000       -6.2781137469064899E-004   0.0000000000000000     
  -19.404000000000000        0.0000000000000000       -6.6531954252477461E-004   0.0000000000000000     
  -19.206000000000000        0.0000000000000000       -6.9864474460801403E-004   0.0000000000000000     
  -19.008000000000003        0.0000000000000000       -7.3032871360629681E-004   0.0000000000000000     
  -18.810000000000002        0.0000000000000000       -7.6003757691899497E-004   0.0000000000000000     
  -18.612000000000002        0.0000000000000000       -7.8796199382781594E-004   0.0000000000000000     
  -18.414000000000001        0.0000000000000000       -8.1435587122558235E-004   0.0000000000000000     
  -18.216000000000001        0.0000000000000000       -8.3911649016003831E-004   0.0000000000000000     
  -18.018000000000001        0.0000000000000000       -8.6243395225509944E-004   0.0000000000000000     
  -17.820000000000000        0.0000000000000000       -8.8437445471681439E-004   0.0000000000000000     
  -17.622000000000000        0.0000000000000000       -9.0526827820744935E-004   0.0000000000000000     
  -17.423999999999999        0.0000000000000000       -9.2527139615491397E-004   0.0000000000000000     
  -17.225999999999999        0.0000000000000000       -9.4452929237491621E-004   0.0000000000000000     
  -17.028000000000002        0.0000000000000000       -9.6319439790098192E-004   0.0000000000000000     
  -16.830000000000002        0.0000000000000000       -9.8127766552389187E-004   0.0000000000000000     
  -16.632000000000001        0.0000000000000000       -9.9897433446279938E-004   0.0000000000000000     
  -16.434000000000001        0.0000000000000000       -1.0164095622525442E-003   0.0000000000000000     
  -16.236000000000001        0.0000000000000000       -1.0336047684828358E-003   0.0000000000000000     
  -16.038000000000000        0.0000000000000000       -1.0506279218449612E-003   0.0000000000000000     
  -15.840000000000000        0.0000000000000000       -1.0675391728753544E-003   0.0000000000000000     
  -15.642000000000001        0.0000000000000000       -1.0843921752819528E-003   0.0000000000000000     
  -15.444000000000001        0.0000000000000000       -1.1012350128774479E-003   0.0000000000000000     
  -15.246000000000000        0.0000000000000000       -1.1181112075111799E-003   0.0000000000000000     
  -15.048000000000000        0.0000000000000000       -1.1350604496699751E-003   0.0000000000000000     
  -14.850000000000001        0.0000000000000000       -1.1521192531499609E-003   0.0000000000000000     
  -14.652000000000001        0.0000000000000000       -1.1693215212405293E-003   0.0000000000000000     
  -14.454000000000001        0.0000000000000000       -1.1866990074833272E-003   0.0000000000000000     
  -14.256000000000000        0.0000000000000000       -1.2042817390428263E-003   0.0000000000000000     
  -14.058000000000000        0.0000000000000000       -1.2220983261257447E-003   0.0000000000000000     
  -13.860000000000001        0.0000000000000000       -1.2401763481360237E-003   0.0000000000000000     
  -13.662000000000001        0.0000000000000000       -1.2585425471267780E-003   0.0000000000000000     
  -13.464000000000000        0.0000000000000000       -1.2772230487894769E-003   0.0000000000000000     
  -13.266000000000000        0.0000000000000000       -1.2962436740049112E-003   0.0000000000000000     
  -13.068000000000001        0.0000000000000000       -1.3156300124102362E-003   0.0000000000000000     
  -12.870000000000001        0.0000000000000000       -1.3354076865375055E-003   0.0000000000000000     
  -12.672000000000001        0.0000000000000000       -1.3556024601767162E-003   0.0000000000000000     
  -12.474000000000000        0.0000000000000000       -1.3762404207091697E-003   0.0000000000000000     
  -12.276000000000000        0.0000000000000000       -1.3973480739899488E-003   0.0000000000000000     
  -12.078000000000001        0.0000000000000000       -1.4189525616501056E-003   0.0000000000000000     
  -11.880000000000001        0.0000000000000000       -1.4410817412311672E-003   0.0000000000000000     
  -11.682000000000000        0.0000000000000000       -1.4637643829784200E-003   0.0000000000000000     
  -11.484000000000000        0.0000000000000000       -1.4870302313676183E-003   0.0000000000000000     
  -11.286000000000001        0.0000000000000000       -1.5109102165310265E-003   0.0000000000000000     
  -11.088000000000001        0.0000000000000000       -1.5354366413147386E-003   0.0000000000000000     
  -10.890000000000001        0.0000000000000000       -1.5606431993679913E-003   0.0000000000000000     
  -10.692000000000000        0.0000000000000000       -1.5865653388881327E-003   0.0000000000000000     
  -10.494000000000000        0.0000000000000000       -1.6132403306571769E-003   0.0000000000000000     
  -10.296000000000001        0.0000000000000000       -1.6407075185269366E-003   0.0000000000000000     
  -10.098000000000001        0.0000000000000000       -1.6690085394864579E-003   0.0000000000000000     
  -9.9000000000000004        0.0000000000000000       -1.6981876116507915E-003   0.0000000000000000     
  -9.7020000000000000        0.0000000000000000       -1.7282918346357562E-003   0.0000000000000000     
  -9.5040000000000013        0.0000000000000000       -1.7593714182091581E-003   0.0000000000000000     
  -9.3060000000000009        0.0000000000000000       -1.7914802303278317E-003   0.0000000000000000     
  -9.1080000000000005        0.0000000000000000       -1.8246760695719076E-003   0.0000000000000000     
  -8.9100000000000001        0.0000000000000000       -1.8590212529322554E-003   0.0000000000000000     
  -8.7119999999999997        0.0000000000000000       -1.8945832690420647E-003   0.0000000000000000     
  -8.5140000000000011        0.0000000000000000       -1.9314352436597955E-003   0.0000000000000000     
  -8.3160000000000007        0.0000000000000000       -1.9696569145333481E-003   0.0000000000000000     
  -8.1180000000000003        0.0000000000000000       -2.0093355193318350E-003   0.0000000000000000     
  -7.9199999999999999        0.0000000000000000       -2.0505669213308339E-003   0.0000000000000000     
  -7.7220000000000004        0.0000000000000000       -2.0934569238256311E-003   0.0000000000000000     
  -7.5240000000000000        0.0000000000000000       -2.1381226704975023E-003   0.0000000000000000     
  -7.3260000000000005        0.0000000000000000       -2.1846949115898059E-003   0.0000000000000000     
  -7.1280000000000001        0.0000000000000000       -2.2333197746731053E-003   0.0000000000000000     
  -6.9300000000000006        0.0000000000000000       -2.2841618566790374E-003   0.0000000000000000     
  -6.7320000000000002        0.0000000000000000       -2.3374073627705238E-003   0.0000000000000000     
  -6.5340000000000007        0.0000000000000000       -2.3932678811607756E-003   0.0000000000000000     
  -6.3360000000000003        0.0000000000000000       -2.4519855081497149E-003   0.0000000000000000     
  -6.1379999999999999        0.0000000000000000       -2.5138383457771838E-003   0.0000000000000000     
  -5.9400000000000004        0.0000000000000000       -2.5791476370198314E-003   0.0000000000000000     
  -5.7420000000000000        0.0000000000000000       -2.6482863131353771E-003   0.0000000000000000     
  -5.5440000000000005        0.0000000000000000       -2.7216890577727013E-003   0.0000000000000000     
  -5.3460000000000001        0.0000000000000000       -2.7998648522270359E-003   0.0000000000000000     
  -5.1480000000000006        0.0000000000000000       -2.8834114715180778E-003   0.0000000000000000     
  -4.9500000000000002        0.0000000000000000       -2.9730328108982409E-003   0.0000000000000000     
  -4.7520000000000007        0.0000000000000000       -3.0695585317391705E-003   0.0000000000000000     
  -4.5540000000000003        0.0000000000000000       -3.1739653933825270E-003   0.0000000000000000     
  -4.3559999999999999        0.0000000000000000       -3.2873976774142298E-003   0.0000000000000000     
  -4.1580000000000004        0.0000000000000000       -3.4111806549273135E-003   0.0000000000000000     
  -3.9600000000000000        0.0000000000000000       -3.5468103812979152E-003   0.0000000000000000     
  -3.7620000000000000        0.0000000000000000       -3.6958817053871608E-003   0.0000000000000000     
  -3.5640000000000001        0.0000000000000000       -3.8598617365311946E-003   0.0000000000000000     
  -3.3660000000000001        0.0000000000000000       -4.0395521881135743E-003   0.0000000000000000     
  -3.1680000000000001        0.0000000000000000       -4.2344946619149804E-003   0.0000000000000000     
  -2.9700000000000002        0.0000000000000000       -4.4438700061951910E-003   0.0000000000000000     
  -2.7720000000000002        0.0000000000000000       -4.6639293655822934E-003   0.0000000000000000     
  -2.5740000000000003        0.0000000000000000       -4.8902378292012575E-003   0.0000000000000000     
  -2.3760000000000003        0.0000000000000000       -5.1194817837357616E-003   0.0000000000000000     
  -2.1779999999999999        0.0000000000000000       -5.3468009269517112E-003   0.0000000000000000     
  -1.9800000000000000        0.0000000000000000       -5.5652229928353945E-003   0.0000000000000000     
  -1.7820000000000000        0.0000000000000000       -5.7603125243091248E-003   0.0000000000000000     
  -1.5840000000000001        0.0000000000000000       -5.9023410757455255E-003   0.0000000000000000     
  -1.3860000000000001        0.0000000000000000       -5.9558777587917326E-003   0.0000000000000000     
  -1.1880000000000002        0.0000000000000000       -5.8830107312521484E-003   0.0000000000000000     
 -0.98999999999999999        0.0000000000000000       -5.6401873213552320E-003   0.0000000000000000     
 -0.79200000000000004        0.0000000000000000       -5.1591492792478696E-003   0.0000000000000000     
 -0.59400000000000008        0.0000000000000000       -4.3535286495491009E-003   0.0000000000000000     
 -0.39600000000000002        0.0000000000000000       -3.1886158782352563E-003   0.0000000000000000     
 -0.19800000000000001        0.0000000000000000       -1.6938929398429767E-003   0.0000000000000000     
   0.0000000000000000        0.0000000000000000        0.0000000000000000        0.0000000000000000     
  0.19800000000000001        0.0000000000000000        1.6938929398429767E-003   0.0000000000000000     
  0.39600000000000002        0.0000000000000000        3.1886158782352563E-003   0.0000000000000000     
  0.59400000000000008        0.0000000000000000        4.3535286495491009E-003   0.0000000000000000     
  0.79200000000000004        0.0000000000000000        5.1591492792478696E-003   0.0000000000000000     
  0.98999999999999999        0.0000000000000000        5.6401873213552320E-003   0.0000000000000000     
   1.1880000000000002        0.0000000000000000        5.8830107312521484E-003   0.0000000000000000     
   1.3860000000000001        0.0000000000000000        5.9558777587917326E-003   0.0000000000000000     
   1.5840000000000001        0.0000000000000000        5.9023410757455255E-003   0.0000000000000000     
   1.7820000000000000        0.0000000000000000        5.7603125243091248E-003   0.0000000000000000     
   1.9800000000000000        0.0000000000000000        5.5652229928353945E-003   0.0000000000000000     
   2.1779999999999999        0.0000000000000000        5.3468009269517112E-003   0.0000000000000000     
   2.3760000000000003        0.0000000000000000        5.1194817837357616E-003   0.0000000000000000     
   2.5740000000000003        0.0000000000000000        4.8902378292012575E-003   0.0000000000000000     
   2.7720000000000002        0.0000000000000000        4.6639293655822934E-003   0.0000000000000000     
   2.9700000000000002        0.0000000000000000        4.4438700061951910E-003   0.0000000000000000     
   3.1680000000000001        0.0000000000000000        4.2344946619149804E-003   0.0000000000000000     
   3.3660000000000001        0.0000000000000000        4.0395521881135743E-003   0.0000000000000000     
   3.5640000000000001        0.0000000000000000        3.8598617365311946E-003   0.0000000000000000     
   3.7620000000000000        0.0000000000000000        3.6958817053871608E-003   0.0000000000000000     
   3.9600000000000000        0.0000000000000000        3.5468103812979152E-003   0.0000000000000000     
   4.1580000000000004        0.0000000000000000        3.4111806549273135E-003   0.0000000000000000     
   4.3559999999999999        0.0000000000000000        3.2873976774142298E-003   0.0000000000000000     
   4.5540000000000003        0.0000000000000000        3.1739653933825270E-003   0.0000000000000000     
   4.7520000000000007        0.0000000000000000        3.0695585317391705E-003   0.0000000000000000     
   4.9500000000000002        0.0000000000000000        2.9730328108982409E-003   0.0000000000000000     
   5.1480000000000006        0.0000000000000000        2.8834114715180778E-003   0.0000000000000000     
   5.3460000000000001        0.0000000000000000        2.7998648522270359E-003   0.0000000000000000     
   5.5440000000000005        0.0000000000000000        2.7216890577727013E-003   0.0000000000000000     
   5.7420000000000000        0.0000000000000000        2.6482863131353771E-003   0.0000000000000000     
   5.9400000000000004        0.0000000000000000        2.5791476370198314E-003   0.0000000000000000     
   6.1379999999999999        0.0000000000000000        2.5138383457771838E-003   0.0000000000000000     
   6.3360000000000003        0.0000000000000000        2.4519855081497149E-003   0.0000000000000000     
   6.5340000000000007        0.0000000000000000        2.3932678811607756E-003   0.0000000000000000     
   6.7320000000000002        0.0000000000000000        2.3374073627705238E-003   0.0000000000000000     
   6.9300000000000006        0.0000000000000000        2.2841618566790374E-003   0.0000000000000000     
   7.1280000000000001        0.0000000000000000        2.2333197746731053E-003   0.0000000000000000     
   7.3260000000000005        0.0000000000000000        2.1846949115898059E-003   0.0000000000000000     
   7.5240000000000000        0.0000000000000000        2.1381226704975023E-003   0.0000000000000000     
   7.7220000000000004        0.0000000000000000        2.0934569238256311E-003   0.0000000000000000     
   7.9199999999999999        0.0000000000000000        2.0505669213308339E-003   0.0000000000000000     
   8.1180000000000003        0.0000000000000000        2.0093355193318350E-003   0.0000000000000000     
   8.3160000000000007        0.0000000000000000        1.9696569145333481E-003   0.0000000000000000     
   8.5140000000000011        0.0000000000000000        1.9314352436597955E-003   0.0000000000000000     
   8.7119999999999997        0.0000000000000000        1.8945832690420647E-003   0.0000000000000000     
   8.9100000000000001        0.0000000000000000        1.8590212529322554E-003   0.0000000000000000     
   9.1080000000000005        0.0000000000000000        1.8246760695719076E-003   0.0000000000000000     
   9.3060000000000009        0.0000000000000000        1.7914802303278317E-003   0.0000000000000000     
   9.5040000000000013        0.0000000000000000        1.7593714182091581E-003   0.0000000000000000     
   9.7020000000000000        0.0000000000000000        1.7282918346357562E-003   0.0000000000000000     
   9.9000000000000004        0.0000000000000000        1.6981876116507915E-003   0.0000000000000000     
   10.098000000000001        0.0000000000000000        1.6690085394864579E-003   0.0000000000000000     
   10.296000000000001        0.0000000000000000        1.6407075185269366E-003   0.0000000000000000     
   10.494000000000000        0.0000000000000000        1.6132403306571769E-003   0.0000000000000000     
   10.692000000000000        0.0000000000000000        1.5865653388881327E-003   0.0000000000000000     
   10.890000000000001        0.0000000000000000        1.5606431993679913E-003   0.0000000000000000     
   11.088000000000001        0.0000000000000000        1.5354366413147386E-003   0.0000000000000000     
   11.286000000000001        0.0000000000000000        1.5109102165310265E-003   0.0000000000000000     
   11.484000000000000        0.0000000000000000        1.4870302313676183E-003   0.0000000000000000     
   11.682000000000000        0.0000000000000000        1.4637643829784200E-003   0.0000000000000000     
   11.880000000000001        0.0000000000000000        1.4410817412311672E-003   0.0000000000000000     
   12.078000000000001        0.0000000000000000        1.4189525616501056E-003   0.0000000000000000     
   12.276000000000000        0.0000000000000000        1.3973480739899488E-003   0.0000000000000000     
   12.474000000000000        0.0000000000000000        1.3762404207091697E-003   0.0000000000000000     
   12.672000000000001        0.0000000000000000        1.3556024601767162E-003   0.0000000000000000     
   12.870000000000001        0.0000000000000000        1.3354076865375055E-003   0.0000000000000000     
   13.068000000000001        0.0000000000000000        1.3156300124102362E-003   0.0000000000000000     
   13.266000000000000        0.0000000000000000        1.2962436740049112E-003   0.0000000000000000     
   13.464000000000000        0.0000000000000000        1.2772230487894769E-003   0.0000000000000000     
   13.662000000000001        0.0000000000000000        1.2585425471267780E-003   0.0000000000000000     
   13.860000000000001        0.0000000000000000        1.2401763481360237E-003   0.0000000000000000     
   14.058000000000000        0.0000000000000000        1.2220983261257447E-003   0.0000000000000000     
   14.256000000000000        0.0000000000000000        1.2042817390428263E-003   0.0000000000000000     
   14.454000000000001        0.0000000000000000        1.1866990074833272E-003   0.0000000000000000     
   14.652000000000001        0.0000000000000000        1.1693215212405293E-003   0.0000000000000000     
   14.850000000000001        0.0000000000000000        1.1521192531499609E-003   0.0000000000000000     
   15.048000000000000        0.0000000000000000        1.1350604496699751E-003   0.0000000000000000     
   15.246000000000000        0.0000000000000000        1.1181112075111799E-003   0.0000000000000000     
   15.444000000000001        0.0000000000000000        1.1012350128774479E-003   0.0000000000000000     
   15.642000000000001        0.0000000000000000        1.0843921752819528E-003   0.0000000000000000     
   15.840000000000000        0.0000000000000000        1.0675391728753544E-003   0.0000000000000000     
   16.038000000000000        0.0000000000000000        1.0506279218449612E-003   0.0000000000000000     
   16.236000000000001        0.0000000000000000        1.0336047684828358E-003   0.0000000000000000     
   16.434000000000001        0.0000000000000000        1.0164095622525442E-003   0.0000000000000000     
   16.632000000000001        0.0000000000000000        9.9897433446279938E-004   0.0000000000000000     
   16.830000000000002        0.0000000000000000        9.8127766552389187E-004   0.0000000000000000     
   17.028000000000002        0.0000000000000000        9.6319439790098192E-004   0.0000000000000000     
   17.225999999999999        0.0000000000000000        9.4452929237491621E-004   0.0000000000000000     
   17.423999999999999        0.0000000000000000        9.2527139615491397E-004   0.0000000000000000     
   17.622000000000000        0.0000000000000000        9.0526827820744935E-004   0.0000000000000000     
   17.820000000000000        0.0000000000000000        8.8437445471681439E-004   0.0000000000000000     
   18.018000000000001        0.0000000000000000        8.6243395225509944E-004   0.0000000000000000     
   18.216000000000001        0.0000000000000000        8.3911649016003831E-004   0.0000000000000000     
   18.414000000000001        0.0000000000000000        8.1435587122558235E-004   0.0000000000000000     
   18.612000000000002        0.0000000000000000        7.8796199382781594E-004   0.0000000000000000     
   18.810000000000002        0.0000000000000000        7.6003757691899497E-004   0.0000000000000000     
   19.008000000000003        0.0000000000000000        7.3032871360629681E-004   0.0000000000000000     
   19.206000000000000        0.0000000000000000        6.9864474460801403E-004   0.0000000000000000     
   19.404000000000000        0.0000000000000000        6.6531954252477461E-004   0.0000000000000000     
   19.602000000000000        0.0000000000000000        6.2781137469064899E-004   0.0000000000000000     
