  -19.602000000000000        0.0000000000000000       -4.8348469694258346E-004   0.0000000000000000     
  -19.404000000000000        0.0000000000000000       -5.1150078945109707E-004   0.0000000000000000     
  -19.206000000000000        0.0000000000000000       -5.3595621725431748E-004   0.0000000000000000     
  -19.008000000000003        0.0000000000000000       -5.5812775065664682E-004   0.0000000000000000     
  -18.810000000000002        0.0000000000000000       -5.7894009665685397E-004   0.0000000000000000     
  -18.612000000000002        0.0000000000000000       -5.9858782344124502E-004   0.0000000000000000     
  -18.414000000000001        0.0000000000000000       -6.1735945704489861E-004   0.0000000000000000     
  -18.216000000000001        0.0000000000000000       -6.3512686395299277E-004   0.0000000000000000     
  -18.018000000000001        0.0000000000000000       -6.5201534745183579E-004   0.0000000000000000     
  -17.820000000000000        0.0000000000000000       -6.6802925277868275E-004   0.0000000000000000     
  -17.622000000000000        0.0000000000000000       -6.8340047063498402E-004   0.0000000000000000     
  -17.423999999999999        0.0000000000000000       -6.9821036548176779E-004   0.0000000000000000     
  -17.225999999999999        0.0000000000000000       -7.1254058026330258E-004   0.0000000000000000     
  -17.028000000000002        0.0000000000000000       -7.2646437796334445E-004   0.0000000000000000     
  -16.830000000000002        0.0000000000000000       -7.4013095854156218E-004   0.0000000000000000     
  -16.632000000000001        0.0000000000000000       -7.5353398739717967E-004   0.0000000000000000     
  -16.434000000000001        0.0000000000000000       -7.6673132302397474E-004   0.0000000000000000     
  -16.236000000000001        0.0000000000000000       -7.7977489281031863E-004   0.0000000000000000     
  -16.038000000000000        0.0000000000000000       -7.9271138740377961E-004   0.0000000000000000     
  -15.840000000000000        0.0000000000000000       -8.0558298848910925E-004   0.0000000000000000     
  -15.642000000000001        0.0000000000000000       -8.1842794695493519E-004   0.0000000000000000     
  -15.444000000000001        0.0000000000000000       -8.3128119712386282E-004   0.0000000000000000     
  -15.246000000000000        0.0000000000000000       -8.4417484072800365E-004   0.0000000000000000     
  -15.048000000000000        0.0000000000000000       -8.5713859793199734E-004   0.0000000000000000     
  -14.850000000000001        0.0000000000000000       -8.7020014031462711E-004   0.0000000000000000     
  -14.652000000000001        0.0000000000000000       -8.8338549223264634E-004   0.0000000000000000     
  -14.454000000000001        0.0000000000000000       -8.9671930423440213E-004   0.0000000000000000     
  -14.256000000000000        0.0000000000000000       -9.1022515049652797E-004   0.0000000000000000     
  -14.058000000000000        0.0000000000000000       -9.2392568477225434E-004   0.0000000000000000     
  -13.860000000000001        0.0000000000000000       -9.3784298616228241E-004   0.0000000000000000     
  -13.662000000000001        0.0000000000000000       -9.5199861447729946E-004   0.0000000000000000     
  -13.464000000000000        0.0000000000000000       -9.6641386648403844E-004   0.0000000000000000     
  -13.266000000000000        0.0000000000000000       -9.8110995697123227E-004   0.0000000000000000     
  -13.068000000000001        0.0000000000000000       -9.9610811760713160E-004   0.0000000000000000     
  -12.870000000000001        0.0000000000000000       -1.0114297459747025E-003   0.0000000000000000     
  -12.672000000000001        0.0000000000000000       -1.0270965969496409E-003   0.0000000000000000     
  -12.474000000000000        0.0000000000000000       -1.0431309067907531E-003   0.0000000000000000     
  -12.276000000000000        0.0000000000000000       -1.0595554722374928E-003   0.0000000000000000     
  -12.078000000000001        0.0000000000000000       -1.0763938704621758E-003   0.0000000000000000     
  -11.880000000000001        0.0000000000000000       -1.0936705570057496E-003   0.0000000000000000     
  -11.682000000000000        0.0000000000000000       -1.1114110525470673E-003   0.0000000000000000     
  -11.484000000000000        0.0000000000000000       -1.1296420221732501E-003   0.0000000000000000     
  -11.286000000000001        0.0000000000000000       -1.1483915537477104E-003   0.0000000000000000     
  -11.088000000000001        0.0000000000000000       -1.1676892709683545E-003   0.0000000000000000     
  -10.890000000000001        0.0000000000000000       -1.1875665309097920E-003   0.0000000000000000     
  -10.692000000000000        0.0000000000000000       -1.2080567152958342E-003   0.0000000000000000     
  -10.494000000000000        0.0000000000000000       -1.2291953312581184E-003   0.0000000000000000     
  -10.296000000000001        0.0000000000000000       -1.2510204388833503E-003   0.0000000000000000     
  -10.098000000000001        0.0000000000000000       -1.2735728841276061E-003   0.0000000000000000     
  -9.9000000000000004        0.0000000000000000       -1.2968965854224820E-003   0.0000000000000000     
  -9.7020000000000000        0.0000000000000000       -1.3210390359703714E-003   0.0000000000000000     
  -9.5040000000000013        0.0000000000000000       -1.3460516392032804E-003   0.0000000000000000     
  -9.3060000000000009        0.0000000000000000       -1.3719902286489325E-003   0.0000000000000000     
  -9.1080000000000005        0.0000000000000000       -1.3989156494388037E-003   0.0000000000000000     
  -8.9100000000000001        0.0000000000000000       -1.4268943780399084E-003   0.0000000000000000     
  -8.7119999999999997        0.0000000000000000       -1.4559992365810171E-003   0.0000000000000000     
  -8.5140000000000011        0.0000000000000000       -1.4863102565597288E-003   0.0000000000000000     
  -8.3160000000000007        0.0000000000000000       -1.5179155635481230E-003   0.0000000000000000     
  -8.1180000000000003        0.0000000000000000       -1.5509124642509933E-003   0.0000000000000000     
  -7.9199999999999999        0.0000000000000000       -1.5854088215528537E-003   0.0000000000000000     
  -7.7220000000000004        0.0000000000000000       -1.6215241693438441E-003   0.0000000000000000     
  -7.5240000000000000        0.0000000000000000       -1.6593915487577934E-003   0.0000000000000000     
  -7.3260000000000005        0.0000000000000000       -1.6991591505550740E-003   0.0000000000000000     
  -7.1280000000000001        0.0000000000000000       -1.7409924707752931E-003   0.0000000000000000     
  -6.9300000000000006        0.0000000000000000       -1.7850764243640248E-003   0.0000000000000000     
  -6.7320000000000002        0.0000000000000000       -1.8316180664333785E-003   0.0000000000000000     
  -6.5340000000000007        0.0000000000000000       -1.8808492500083369E-003   0.0000000000000000     
  -6.3360000000000003        0.0000000000000000       -1.9330298389248894E-003   0.0000000000000000     
  -6.1379999999999999        0.0000000000000000       -1.9884508702048245E-003   0.0000000000000000     
  -5.9400000000000004        0.0000000000000000       -2.0474381021822405E-003   0.0000000000000000     
  -5.7420000000000000        0.0000000000000000       -2.1103555965331054E-003   0.0000000000000000     
  -5.5440000000000005        0.0000000000000000       -2.1776089173471680E-003   0.0000000000000000     
  -5.3460000000000001        0.0000000000000000       -2.2496480057444122E-003   0.0000000000000000     
  -5.1480000000000006        0.0000000000000000       -2.3269688980141119E-003   0.0000000000000000     
  -4.9500000000000002        0.0000000000000000       -2.4101135130654011E-003   0.0000000000000000     
  -4.7520000000000007        0.0000000000000000       -2.4996660611514244E-003   0.0000000000000000     
  -4.5540000000000003        0.0000000000000000       -2.5962437134709839E-003   0.0000000000000000     
  -4.3559999999999999        0.0000000000000000       -2.7004783944976044E-003   0.0000000000000000     
  -4.1580000000000004        0.0000000000000000       -2.8129838709523105E-003   0.0000000000000000     
  -3.9600000000000000        0.0000000000000000       -2.9343003481851274E-003   0.0000000000000000     
  -3.7620000000000000        0.0000000000000000       -3.0648039936548555E-003   0.0000000000000000     
  -3.5640000000000001        0.0000000000000000       -3.2045661838718989E-003   0.0000000000000000     
  -3.3660000000000001        0.0000000000000000       -3.3531532431480748E-003   0.0000000000000000     
  -3.1680000000000001        0.0000000000000000       -3.5093928692640775E-003   0.0000000000000000     
  -2.9700000000000002        0.0000000000000000       -3.6712905397887035E-003   0.0000000000000000     
  -2.7720000000000002        0.0000000000000000       -3.8368438139821702E-003   0.0000000000000000     
  -2.5740000000000003        0.0000000000000000       -4.0069086668578580E-003   0.0000000000000000     
  -2.3760000000000003        0.0000000000000000       -4.1827383538522844E-003   0.0000000000000000     
  -2.1779999999999999        0.0000000000000000       -4.3574118587686129E-003   0.0000000000000000     
  -1.9800000000000000        0.0000000000000000       -4.5150002830298954E-003   0.0000000000000000     
  -1.7820000000000000        0.0000000000000000       -4.6374329134570942E-003   0.0000000000000000     
  -1.5840000000000001        0.0000000000000000       -4.7023018901185881E-003   0.0000000000000000     
  -1.3860000000000001        0.0000000000000000       -4.6859937599030531E-003   0.0000000000000000     
  -1.1880000000000002        0.0000000000000000       -4.5655722969983924E-003   0.0000000000000000     
 -0.98999999999999999        0.0000000000000000       -4.3134068219379887E-003   0.0000000000000000     
 -0.79200000000000004        0.0000000000000000       -3.8878256077000063E-003   0.0000000000000000     
 -0.59400000000000008        0.0000000000000000       -3.2413724925958623E-003   0.0000000000000000     
 -0.39600000000000002        0.0000000000000000       -2.3456580104776925E-003   0.0000000000000000     
 -0.19800000000000001        0.0000000000000000       -1.2327867400609214E-003   0.0000000000000000     
   0.0000000000000000        0.0000000000000000        0.0000000000000000        0.0000000000000000     
  0.19800000000000001        0.0000000000000000        1.2327867400609214E-003   0.0000000000000000     
  0.39600000000000002        0.0000000000000000        2.3456580104776925E-003   0.0000000000000000     
  0.59400000000000008        0.0000000000000000        3.2413724925958623E-003   0.0000000000000000     
  0.79200000000000004        0.0000000000000000        3.8878256077000063E-003   0.0000000000000000     
  0.98999999999999999        0.0000000000000000        4.3134068219379887E-003   0.0000000000000000     
   1.1880000000000002        0.0000000000000000        4.5655722969983924E-003   0.0000000000000000     
   1.3860000000000001        0.0000000000000000        4.6859937599030531E-003   0.0000000000000000     
   1.5840000000000001        0.0000000000000000        4.7023018901185881E-003   0.0000000000000000     
   1.7820000000000000        0.0000000000000000        4.6374329134570942E-003   0.0000000000000000     
   1.9800000000000000        0.0000000000000000        4.5150002830298954E-003   0.0000000000000000     
   2.1779999999999999        0.0000000000000000        4.3574118587686129E-003   0.0000000000000000     
   2.3760000000000003        0.0000000000000000        4.1827383538522844E-003   0.0000000000000000     
   2.5740000000000003        0.0000000000000000        4.0069086668578580E-003   0.0000000000000000     
   2.7720000000000002        0.0000000000000000        3.8368438139821702E-003   0.0000000000000000     
   2.9700000000000002        0.0000000000000000        3.6712905397887035E-003   0.0000000000000000     
   3.1680000000000001        0.0000000000000000        3.5093928692640775E-003   0.0000000000000000     
   3.3660000000000001        0.0000000000000000        3.3531532431480748E-003   0.0000000000000000     
   3.5640000000000001        0.0000000000000000        3.2045661838718989E-003   0.0000000000000000     
   3.7620000000000000        0.0000000000000000        3.0648039936548555E-003   0.0000000000000000     
   3.9600000000000000        0.0000000000000000        2.9343003481851274E-003   0.0000000000000000     
   4.1580000000000004        0.0000000000000000        2.8129838709523105E-003   0.0000000000000000     
   4.3559999999999999        0.0000000000000000        2.7004783944976044E-003   0.0000000000000000     
   4.5540000000000003        0.0000000000000000        2.5962437134709839E-003   0.0000000000000000     
   4.7520000000000007        0.0000000000000000        2.4996660611514244E-003   0.0000000000000000     
   4.9500000000000002        0.0000000000000000        2.4101135130654011E-003   0.0000000000000000     
   5.1480000000000006        0.0000000000000000        2.3269688980141119E-003   0.0000000000000000     
   5.3460000000000001        0.0000000000000000        2.2496480057444122E-003   0.0000000000000000     
   5.5440000000000005        0.0000000000000000        2.1776089173471680E-003   0.0000000000000000     
   5.7420000000000000        0.0000000000000000        2.1103555965331054E-003   0.0000000000000000     
   5.9400000000000004        0.0000000000000000        2.0474381021822405E-003   0.0000000000000000     
   6.1379999999999999        0.0000000000000000        1.9884508702048245E-003   0.0000000000000000     
   6.3360000000000003        0.0000000000000000        1.9330298389248894E-003   0.0000000000000000     
   6.5340000000000007        0.0000000000000000        1.8808492500083369E-003   0.0000000000000000     
   6.7320000000000002        0.0000000000000000        1.8316180664333785E-003   0.0000000000000000     
   6.9300000000000006        0.0000000000000000        1.7850764243640248E-003   0.0000000000000000     
   7.1280000000000001        0.0000000000000000        1.7409924707752931E-003   0.0000000000000000     
   7.3260000000000005        0.0000000000000000        1.6991591505550740E-003   0.0000000000000000     
   7.5240000000000000        0.0000000000000000        1.6593915487577934E-003   0.0000000000000000     
   7.7220000000000004        0.0000000000000000        1.6215241693438441E-003   0.0000000000000000     
   7.9199999999999999        0.0000000000000000        1.5854088215528537E-003   0.0000000000000000     
   8.1180000000000003        0.0000000000000000        1.5509124642509933E-003   0.0000000000000000     
   8.3160000000000007        0.0000000000000000        1.5179155635481230E-003   0.0000000000000000     
   8.5140000000000011        0.0000000000000000        1.4863102565597288E-003   0.0000000000000000     
   8.7119999999999997        0.0000000000000000        1.4559992365810171E-003   0.0000000000000000     
   8.9100000000000001        0.0000000000000000        1.4268943780399084E-003   0.0000000000000000     
   9.1080000000000005        0.0000000000000000        1.3989156494388037E-003   0.0000000000000000     
   9.3060000000000009        0.0000000000000000        1.3719902286489325E-003   0.0000000000000000     
   9.5040000000000013        0.0000000000000000        1.3460516392032804E-003   0.0000000000000000     
   9.7020000000000000        0.0000000000000000        1.3210390359703714E-003   0.0000000000000000     
   9.9000000000000004        0.0000000000000000        1.2968965854224820E-003   0.0000000000000000     
   10.098000000000001        0.0000000000000000        1.2735728841276061E-003   0.0000000000000000     
   10.296000000000001        0.0000000000000000        1.2510204388833503E-003   0.0000000000000000     
   10.494000000000000        0.0000000000000000        1.2291953312581184E-003   0.0000000000000000     
   10.692000000000000        0.0000000000000000        1.2080567152958342E-003   0.0000000000000000     
   10.890000000000001        0.0000000000000000        1.1875665309097920E-003   0.0000000000000000     
   11.088000000000001        0.0000000000000000        1.1676892709683545E-003   0.0000000000000000     
   11.286000000000001        0.0000000000000000        1.1483915537477104E-003   0.0000000000000000     
   11.484000000000000        0.0000000000000000        1.1296420221732501E-003   0.0000000000000000     
   11.682000000000000        0.0000000000000000        1.1114110525470673E-003   0.0000000000000000     
   11.880000000000001        0.0000000000000000        1.0936705570057496E-003   0.0000000000000000     
   12.078000000000001        0.0000000000000000        1.0763938704621758E-003   0.0000000000000000     
   12.276000000000000        0.0000000000000000        1.0595554722374928E-003   0.0000000000000000     
   12.474000000000000        0.0000000000000000        1.0431309067907531E-003   0.0000000000000000     
   12.672000000000001        0.0000000000000000        1.0270965969496409E-003   0.0000000000000000     
   12.870000000000001        0.0000000000000000        1.0114297459747025E-003   0.0000000000000000     
   13.068000000000001        0.0000000000000000        9.9610811760713160E-004   0.0000000000000000     
   13.266000000000000        0.0000000000000000        9.8110995697123227E-004   0.0000000000000000     
   13.464000000000000        0.0000000000000000        9.6641386648403844E-004   0.0000000000000000     
   13.662000000000001        0.0000000000000000        9.5199861447729946E-004   0.0000000000000000     
   13.860000000000001        0.0000000000000000        9.3784298616228241E-004   0.0000000000000000     
   14.058000000000000        0.0000000000000000        9.2392568477225434E-004   0.0000000000000000     
   14.256000000000000        0.0000000000000000        9.1022515049652797E-004   0.0000000000000000     
   14.454000000000001        0.0000000000000000        8.9671930423440213E-004   0.0000000000000000     
   14.652000000000001        0.0000000000000000        8.8338549223264634E-004   0.0000000000000000     
   14.850000000000001        0.0000000000000000        8.7020014031462711E-004   0.0000000000000000     
   15.048000000000000        0.0000000000000000        8.5713859793199734E-004   0.0000000000000000     
   15.246000000000000        0.0000000000000000        8.4417484072800365E-004   0.0000000000000000     
   15.444000000000001        0.0000000000000000        8.3128119712386282E-004   0.0000000000000000     
   15.642000000000001        0.0000000000000000        8.1842794695493519E-004   0.0000000000000000     
   15.840000000000000        0.0000000000000000        8.0558298848910925E-004   0.0000000000000000     
   16.038000000000000        0.0000000000000000        7.9271138740377961E-004   0.0000000000000000     
   16.236000000000001        0.0000000000000000        7.7977489281031863E-004   0.0000000000000000     
   16.434000000000001        0.0000000000000000        7.6673132302397474E-004   0.0000000000000000     
   16.632000000000001        0.0000000000000000        7.5353398739717967E-004   0.0000000000000000     
   16.830000000000002        0.0000000000000000        7.4013095854156218E-004   0.0000000000000000     
   17.028000000000002        0.0000000000000000        7.2646437796334445E-004   0.0000000000000000     
   17.225999999999999        0.0000000000000000        7.1254058026330258E-004   0.0000000000000000     
   17.423999999999999        0.0000000000000000        6.9821036548176779E-004   0.0000000000000000     
   17.622000000000000        0.0000000000000000        6.8340047063498402E-004   0.0000000000000000     
   17.820000000000000        0.0000000000000000        6.6802925277868275E-004   0.0000000000000000     
   18.018000000000001        0.0000000000000000        6.5201534745183579E-004   0.0000000000000000     
   18.216000000000001        0.0000000000000000        6.3512686395299277E-004   0.0000000000000000     
   18.414000000000001        0.0000000000000000        6.1735945704489861E-004   0.0000000000000000     
   18.612000000000002        0.0000000000000000        5.9858782344124502E-004   0.0000000000000000     
   18.810000000000002        0.0000000000000000        5.7894009665685397E-004   0.0000000000000000     
   19.008000000000003        0.0000000000000000        5.5812775065664682E-004   0.0000000000000000     
   19.206000000000000        0.0000000000000000        5.3595621725431748E-004   0.0000000000000000     
   19.404000000000000        0.0000000000000000        5.1150078945109707E-004   0.0000000000000000     
   19.602000000000000        0.0000000000000000        4.8348469694258346E-004   0.0000000000000000     
