  -19.602000000000000        0.0000000000000000        2.3654838808709599E-004   0.0000000000000000     
  -19.404000000000000        0.0000000000000000        2.4666974036553790E-004   0.0000000000000000     
  -19.206000000000000        0.0000000000000000        2.5587245973684054E-004   0.0000000000000000     
  -19.008000000000003        0.0000000000000000        2.6542393598698696E-004   0.0000000000000000     
  -18.810000000000002        0.0000000000000000        2.7534028271853451E-004   0.0000000000000000     
  -18.612000000000002        0.0000000000000000        2.8518593434219679E-004   0.0000000000000000     
  -18.414000000000001        0.0000000000000000        2.9461741404210773E-004   0.0000000000000000     
  -18.216000000000001        0.0000000000000000        3.0376144776564742E-004   0.0000000000000000     
  -18.018000000000001        0.0000000000000000        3.1244228873786919E-004   0.0000000000000000     
  -17.820000000000000        0.0000000000000000        3.2069643162862047E-004   0.0000000000000000     
  -17.622000000000000        0.0000000000000000        3.2848228622758737E-004   0.0000000000000000     
  -17.423999999999999        0.0000000000000000        3.3594340632451164E-004   0.0000000000000000     
  -17.225999999999999        0.0000000000000000        3.4312263801192515E-004   0.0000000000000000     
  -17.028000000000002        0.0000000000000000        3.5006200547081824E-004   0.0000000000000000     
  -16.830000000000002        0.0000000000000000        3.5680072293213267E-004   0.0000000000000000     
  -16.632000000000001        0.0000000000000000        3.6329579186919242E-004   0.0000000000000000     
  -16.434000000000001        0.0000000000000000        3.6980715507149909E-004   0.0000000000000000     
  -16.236000000000001        0.0000000000000000        3.7620002440392672E-004   0.0000000000000000     
  -16.038000000000000        0.0000000000000000        3.8250052976342234E-004   0.0000000000000000     
  -15.840000000000000        0.0000000000000000        3.8873178410675540E-004   0.0000000000000000     
  -15.642000000000001        0.0000000000000000        3.9491429515520931E-004   0.0000000000000000     
  -15.444000000000001        0.0000000000000000        4.0106637228889795E-004   0.0000000000000000     
  -15.246000000000000        0.0000000000000000        4.0720446341700772E-004   0.0000000000000000     
  -15.048000000000000        0.0000000000000000        4.1334345952923491E-004   0.0000000000000000     
  -14.850000000000001        0.0000000000000000        4.1949693581941089E-004   0.0000000000000000     
  -14.652000000000001        0.0000000000000000        4.2567737313555952E-004   0.0000000000000000     
  -14.454000000000001        0.0000000000000000        4.3189632749519115E-004   0.0000000000000000     
  -14.256000000000000        0.0000000000000000        4.3816461990786788E-004   0.0000000000000000     
  -14.058000000000000        0.0000000000000000        4.4449242132008087E-004   0.0000000000000000     
  -13.860000000000001        0.0000000000000000        4.5088941841474681E-004   0.0000000000000000     
  -13.662000000000001        0.0000000000000000        4.5736486782153656E-004   0.0000000000000000     
  -13.464000000000000        0.0000000000000000        4.6392771767244777E-004   0.0000000000000000     
  -13.266000000000000        0.0000000000000000        4.7058665115441793E-004   0.0000000000000000     
  -13.068000000000001        0.0000000000000000        4.7735018793045383E-004   0.0000000000000000     
  -12.870000000000001        0.0000000000000000        4.8422672028945339E-004   0.0000000000000000     
  -12.672000000000001        0.0000000000000000        4.9122456119234104E-004   0.0000000000000000     
  -12.474000000000000        0.0000000000000000        4.9835200568355679E-004   0.0000000000000000     
  -12.276000000000000        0.0000000000000000        5.0561737692086700E-004   0.0000000000000000     
  -12.078000000000001        0.0000000000000000        5.1302904478316104E-004   0.0000000000000000     
  -11.880000000000001        0.0000000000000000        5.2059549511680096E-004   0.0000000000000000     
  -11.682000000000000        0.0000000000000000        5.2832532169912758E-004   0.0000000000000000     
  -11.484000000000000        0.0000000000000000        5.3622729548481014E-004   0.0000000000000000     
  -11.286000000000001        0.0000000000000000        5.4431036449062757E-004   0.0000000000000000     
  -11.088000000000001        0.0000000000000000        5.5258369798178385E-004   0.0000000000000000     
  -10.890000000000001        0.0000000000000000        5.6105670974605510E-004   0.0000000000000000     
  -10.692000000000000        0.0000000000000000        5.6973907713365514E-004   0.0000000000000000     
  -10.494000000000000        0.0000000000000000        5.7864074324638832E-004   0.0000000000000000     
  -10.296000000000001        0.0000000000000000        5.8777197702412432E-004   0.0000000000000000     
  -10.098000000000001        0.0000000000000000        5.9714334841520029E-004   0.0000000000000000     
  -9.9000000000000004        0.0000000000000000        6.0676575810280698E-004   0.0000000000000000     
  -9.7020000000000000        0.0000000000000000        6.1665046224817317E-004   0.0000000000000000     
  -9.5040000000000013        0.0000000000000000        6.2680902496291269E-004   0.0000000000000000     
  -9.3060000000000009        0.0000000000000000        6.3725338594231452E-004   0.0000000000000000     
  -9.1080000000000005        0.0000000000000000        6.4799582624543303E-004   0.0000000000000000     
  -8.9100000000000001        0.0000000000000000        6.5904894254374105E-004   0.0000000000000000     
  -8.7119999999999997        0.0000000000000000        6.7042567797089827E-004   0.0000000000000000     
  -8.5140000000000011        0.0000000000000000        6.8213927000075711E-004   0.0000000000000000     
  -8.3160000000000007        0.0000000000000000        6.9420324634270373E-004   0.0000000000000000     
  -8.1180000000000003        0.0000000000000000        7.0663139135544826E-004   0.0000000000000000     
  -7.9199999999999999        0.0000000000000000        7.1943774696877434E-004   0.0000000000000000     
  -7.7220000000000004        0.0000000000000000        7.3263660267392731E-004   0.0000000000000000     
  -7.5240000000000000        0.0000000000000000        7.4624246667576882E-004   0.0000000000000000     
  -7.3260000000000005        0.0000000000000000        7.6027010768830669E-004   0.0000000000000000     
  -7.1280000000000001        0.0000000000000000        7.7473462817048764E-004   0.0000000000000000     
  -6.9300000000000006        0.0000000000000000        7.8965158205075204E-004   0.0000000000000000     
  -6.7320000000000002        0.0000000000000000        8.0503727216372687E-004   0.0000000000000000     
  -6.5340000000000007        0.0000000000000000        8.2090897059130380E-004   0.0000000000000000     
  -6.3360000000000003        0.0000000000000000        8.3728564289765298E-004   0.0000000000000000     
  -6.1379999999999999        0.0000000000000000        8.5418874516796084E-004   0.0000000000000000     
  -5.9400000000000004        0.0000000000000000        8.7164345264145791E-004   0.0000000000000000     
  -5.7420000000000000        0.0000000000000000        8.8968040760566147E-004   0.0000000000000000     
  -5.5440000000000005        0.0000000000000000        9.0833828673935791E-004   0.0000000000000000     
  -5.3460000000000001        0.0000000000000000        9.2766712521103996E-004   0.0000000000000000     
  -5.1480000000000006        0.0000000000000000        9.4773286442716761E-004   0.0000000000000000     
  -4.9500000000000002        0.0000000000000000        9.6862331845206284E-004   0.0000000000000000     
  -4.7520000000000007        0.0000000000000000        9.9045547808638483E-004   0.0000000000000000     
  -4.5540000000000003        0.0000000000000000        1.0133842084707912E-003   0.0000000000000000     
  -4.3559999999999999        0.0000000000000000        1.0376105855946522E-003   0.0000000000000000     
  -4.1580000000000004        0.0000000000000000        1.0633875341126331E-003   0.0000000000000000     
  -3.9600000000000000        0.0000000000000000        1.0910177125801833E-003   0.0000000000000000     
  -3.7620000000000000        0.0000000000000000        1.1208453724707013E-003   0.0000000000000000     
  -3.5640000000000001        0.0000000000000000        1.1532859256179846E-003   0.0000000000000000     
  -3.3660000000000001        0.0000000000000000        1.1890581729257046E-003   0.0000000000000000     
  -3.1680000000000001        0.0000000000000000        1.2297585740967604E-003   0.0000000000000000     
  -2.9700000000000002        0.0000000000000000        1.2769588693418029E-003   0.0000000000000000     
  -2.7720000000000002        0.0000000000000000        1.3249667697574768E-003   0.0000000000000000     
  -2.5740000000000003        0.0000000000000000        1.3690450120633977E-003   0.0000000000000000     
  -2.3760000000000003        0.0000000000000000        1.4118393326654224E-003   0.0000000000000000     
  -2.1779999999999999        0.0000000000000000        1.4545615134485392E-003   0.0000000000000000     
  -1.9800000000000000        0.0000000000000000        1.4958458821792606E-003   0.0000000000000000     
  -1.7820000000000000        0.0000000000000000        1.5306335265559733E-003   0.0000000000000000     
  -1.5840000000000001        0.0000000000000000        1.5525022925933336E-003   0.0000000000000000     
  -1.3860000000000001        0.0000000000000000        1.5541796101988966E-003   0.0000000000000000     
  -1.1880000000000002        0.0000000000000000        1.5273844449039211E-003   0.0000000000000000     
 -0.98999999999999999        0.0000000000000000        1.4581557776551096E-003   0.0000000000000000     
 -0.79200000000000004        0.0000000000000000        1.3287178537874404E-003   0.0000000000000000     
 -0.59400000000000008        0.0000000000000000        1.1223015226934465E-003   0.0000000000000000     
 -0.39600000000000002        0.0000000000000000        8.2363912306474831E-004   0.0000000000000000     
 -0.19800000000000001        0.0000000000000000        4.3873307351993066E-004   0.0000000000000000     
   0.0000000000000000        0.0000000000000000        0.0000000000000000        0.0000000000000000     
  0.19800000000000001        0.0000000000000000       -4.3873307351993066E-004   0.0000000000000000     
  0.39600000000000002        0.0000000000000000       -8.2363912306474831E-004   0.0000000000000000     
  0.59400000000000008        0.0000000000000000       -1.1223015226934465E-003   0.0000000000000000     
  0.79200000000000004        0.0000000000000000       -1.3287178537874404E-003   0.0000000000000000     
  0.98999999999999999        0.0000000000000000       -1.4581557776551096E-003   0.0000000000000000     
   1.1880000000000002        0.0000000000000000       -1.5273844449039211E-003   0.0000000000000000     
   1.3860000000000001        0.0000000000000000       -1.5541796101988966E-003   0.0000000000000000     
   1.5840000000000001        0.0000000000000000       -1.5525022925933336E-003   0.0000000000000000     
   1.7820000000000000        0.0000000000000000       -1.5306335265559733E-003   0.0000000000000000     
   1.9800000000000000        0.0000000000000000       -1.4958458821792606E-003   0.0000000000000000     
   2.1779999999999999        0.0000000000000000       -1.4545615134485392E-003   0.0000000000000000     
   2.3760000000000003        0.0000000000000000       -1.4118393326654224E-003   0.0000000000000000     
   2.5740000000000003        0.0000000000000000       -1.3690450120633977E-003   0.0000000000000000     
   2.7720000000000002        0.0000000000000000       -1.3249667697574768E-003   0.0000000000000000     
   2.9700000000000002        0.0000000000000000       -1.2769588693418029E-003   0.0000000000000000     
   3.1680000000000001        0.0000000000000000       -1.2297585740967604E-003   0.0000000000000000     
   3.3660000000000001        0.0000000000000000       -1.1890581729257046E-003   0.0000000000000000     
   3.5640000000000001        0.0000000000000000       -1.1532859256179846E-003   0.0000000000000000     
   3.7620000000000000        0.0000000000000000       -1.1208453724707013E-003   0.0000000000000000     
   3.9600000000000000        0.0000000000000000       -1.0910177125801833E-003   0.0000000000000000     
   4.1580000000000004        0.0000000000000000       -1.0633875341126331E-003   0.0000000000000000     
   4.3559999999999999        0.0000000000000000       -1.0376105855946522E-003   0.0000000000000000     
   4.5540000000000003        0.0000000000000000       -1.0133842084707912E-003   0.0000000000000000     
   4.7520000000000007        0.0000000000000000       -9.9045547808638483E-004   0.0000000000000000     
   4.9500000000000002        0.0000000000000000       -9.6862331845206284E-004   0.0000000000000000     
   5.1480000000000006        0.0000000000000000       -9.4773286442716761E-004   0.0000000000000000     
   5.3460000000000001        0.0000000000000000       -9.2766712521103996E-004   0.0000000000000000     
   5.5440000000000005        0.0000000000000000       -9.0833828673935791E-004   0.0000000000000000     
   5.7420000000000000        0.0000000000000000       -8.8968040760566147E-004   0.0000000000000000     
   5.9400000000000004        0.0000000000000000       -8.7164345264145791E-004   0.0000000000000000     
   6.1379999999999999        0.0000000000000000       -8.5418874516796084E-004   0.0000000000000000     
   6.3360000000000003        0.0000000000000000       -8.3728564289765298E-004   0.0000000000000000     
   6.5340000000000007        0.0000000000000000       -8.2090897059130380E-004   0.0000000000000000     
   6.7320000000000002        0.0000000000000000       -8.0503727216372687E-004   0.0000000000000000     
   6.9300000000000006        0.0000000000000000       -7.8965158205075204E-004   0.0000000000000000     
   7.1280000000000001        0.0000000000000000       -7.7473462817048764E-004   0.0000000000000000     
   7.3260000000000005        0.0000000000000000       -7.6027010768830669E-004   0.0000000000000000     
   7.5240000000000000        0.0000000000000000       -7.4624246667576882E-004   0.0000000000000000     
   7.7220000000000004        0.0000000000000000       -7.3263660267392731E-004   0.0000000000000000     
   7.9199999999999999        0.0000000000000000       -7.1943774696877434E-004   0.0000000000000000     
   8.1180000000000003        0.0000000000000000       -7.0663139135544826E-004   0.0000000000000000     
   8.3160000000000007        0.0000000000000000       -6.9420324634270373E-004   0.0000000000000000     
   8.5140000000000011        0.0000000000000000       -6.8213927000075711E-004   0.0000000000000000     
   8.7119999999999997        0.0000000000000000       -6.7042567797089827E-004   0.0000000000000000     
   8.9100000000000001        0.0000000000000000       -6.5904894254374105E-004   0.0000000000000000     
   9.1080000000000005        0.0000000000000000       -6.4799582624543303E-004   0.0000000000000000     
   9.3060000000000009        0.0000000000000000       -6.3725338594231452E-004   0.0000000000000000     
   9.5040000000000013        0.0000000000000000       -6.2680902496291269E-004   0.0000000000000000     
   9.7020000000000000        0.0000000000000000       -6.1665046224817317E-004   0.0000000000000000     
   9.9000000000000004        0.0000000000000000       -6.0676575810280698E-004   0.0000000000000000     
   10.098000000000001        0.0000000000000000       -5.9714334841520029E-004   0.0000000000000000     
   10.296000000000001        0.0000000000000000       -5.8777197702412432E-004   0.0000000000000000     
   10.494000000000000        0.0000000000000000       -5.7864074324638832E-004   0.0000000000000000     
   10.692000000000000        0.0000000000000000       -5.6973907713365514E-004   0.0000000000000000     
   10.890000000000001        0.0000000000000000       -5.6105670974605510E-004   0.0000000000000000     
   11.088000000000001        0.0000000000000000       -5.5258369798178385E-004   0.0000000000000000     
   11.286000000000001        0.0000000000000000       -5.4431036449062757E-004   0.0000000000000000     
   11.484000000000000        0.0000000000000000       -5.3622729548481014E-004   0.0000000000000000     
   11.682000000000000        0.0000000000000000       -5.2832532169912758E-004   0.0000000000000000     
   11.880000000000001        0.0000000000000000       -5.2059549511680096E-004   0.0000000000000000     
   12.078000000000001        0.0000000000000000       -5.1302904478316104E-004   0.0000000000000000     
   12.276000000000000        0.0000000000000000       -5.0561737692086700E-004   0.0000000000000000     
   12.474000000000000        0.0000000000000000       -4.9835200568355679E-004   0.0000000000000000     
   12.672000000000001        0.0000000000000000       -4.9122456119234104E-004   0.0000000000000000     
   12.870000000000001        0.0000000000000000       -4.8422672028945339E-004   0.0000000000000000     
   13.068000000000001        0.0000000000000000       -4.7735018793045383E-004   0.0000000000000000     
   13.266000000000000        0.0000000000000000       -4.7058665115441793E-004   0.0000000000000000     
   13.464000000000000        0.0000000000000000       -4.6392771767244777E-004   0.0000000000000000     
   13.662000000000001        0.0000000000000000       -4.5736486782153656E-004   0.0000000000000000     
   13.860000000000001        0.0000000000000000       -4.5088941841474681E-004   0.0000000000000000     
   14.058000000000000        0.0000000000000000       -4.4449242132008087E-004   0.0000000000000000     
   14.256000000000000        0.0000000000000000       -4.3816461990786788E-004   0.0000000000000000     
   14.454000000000001        0.0000000000000000       -4.3189632749519115E-004   0.0000000000000000     
   14.652000000000001        0.0000000000000000       -4.2567737313555952E-004   0.0000000000000000     
   14.850000000000001        0.0000000000000000       -4.1949693581941089E-004   0.0000000000000000     
   15.048000000000000        0.0000000000000000       -4.1334345952923491E-004   0.0000000000000000     
   15.246000000000000        0.0000000000000000       -4.0720446341700772E-004   0.0000000000000000     
   15.444000000000001        0.0000000000000000       -4.0106637228889795E-004   0.0000000000000000     
   15.642000000000001        0.0000000000000000       -3.9491429515520931E-004   0.0000000000000000     
   15.840000000000000        0.0000000000000000       -3.8873178410675540E-004   0.0000000000000000     
   16.038000000000000        0.0000000000000000       -3.8250052976342234E-004   0.0000000000000000     
   16.236000000000001        0.0000000000000000       -3.7620002440392672E-004   0.0000000000000000     
   16.434000000000001        0.0000000000000000       -3.6980715507149909E-004   0.0000000000000000     
   16.632000000000001        0.0000000000000000       -3.6329579186919242E-004   0.0000000000000000     
   16.830000000000002        0.0000000000000000       -3.5680072293213267E-004   0.0000000000000000     
   17.028000000000002        0.0000000000000000       -3.5006200547081824E-004   0.0000000000000000     
   17.225999999999999        0.0000000000000000       -3.4312263801192515E-004   0.0000000000000000     
   17.423999999999999        0.0000000000000000       -3.3594340632451164E-004   0.0000000000000000     
   17.622000000000000        0.0000000000000000       -3.2848228622758737E-004   0.0000000000000000     
   17.820000000000000        0.0000000000000000       -3.2069643162862047E-004   0.0000000000000000     
   18.018000000000001        0.0000000000000000       -3.1244228873786919E-004   0.0000000000000000     
   18.216000000000001        0.0000000000000000       -3.0376144776564742E-004   0.0000000000000000     
   18.414000000000001        0.0000000000000000       -2.9461741404210773E-004   0.0000000000000000     
   18.612000000000002        0.0000000000000000       -2.8518593434219679E-004   0.0000000000000000     
   18.810000000000002        0.0000000000000000       -2.7534028271853451E-004   0.0000000000000000     
   19.008000000000003        0.0000000000000000       -2.6542393598698696E-004   0.0000000000000000     
   19.206000000000000        0.0000000000000000       -2.5587245973684054E-004   0.0000000000000000     
   19.404000000000000        0.0000000000000000       -2.4666974036553790E-004   0.0000000000000000     
   19.602000000000000        0.0000000000000000       -2.3654838808709599E-004   0.0000000000000000     
