  -19.602000000000000        0.0000000000000000        2.7252699617112469E-003   0.0000000000000000     
  -19.404000000000000        0.0000000000000000        2.8774826081495088E-003   0.0000000000000000     
  -19.206000000000000        0.0000000000000000        3.0108250818152763E-003   0.0000000000000000     
  -19.008000000000003        0.0000000000000000        3.1318630694994547E-003   0.0000000000000000     
  -18.810000000000002        0.0000000000000000        3.2445883446702013E-003   0.0000000000000000     
  -18.612000000000002        0.0000000000000000        3.3487971944751666E-003   0.0000000000000000     
  -18.414000000000001        0.0000000000000000        3.4475551697989038E-003   0.0000000000000000     
  -18.216000000000001        0.0000000000000000        3.5409152896103474E-003   0.0000000000000000     
  -18.018000000000001        0.0000000000000000        3.6299680698526553E-003   0.0000000000000000     
  -17.820000000000000        0.0000000000000000        3.7145619400596698E-003   0.0000000000000000     
  -17.622000000000000        0.0000000000000000        3.7962803146881887E-003   0.0000000000000000     
  -17.423999999999999        0.0000000000000000        3.8755671446456725E-003   0.0000000000000000     
  -17.225999999999999        0.0000000000000000        3.9528368452550660E-003   0.0000000000000000     
  -17.028000000000002        0.0000000000000000        4.0285593450594577E-003   0.0000000000000000     
  -16.830000000000002        0.0000000000000000        4.1030483887849580E-003   0.0000000000000000     
  -16.632000000000001        0.0000000000000000        4.1765702925928858E-003   0.0000000000000000     
  -16.434000000000001        0.0000000000000000        4.2496371909645884E-003   0.0000000000000000     
  -16.236000000000001        0.0000000000000000        4.3222205124643920E-003   0.0000000000000000     
  -16.038000000000000        0.0000000000000000        4.3945405927555935E-003   0.0000000000000000     
  -15.840000000000000        0.0000000000000000        4.4667981015381435E-003   0.0000000000000000     
  -15.642000000000001        0.0000000000000000        4.5391773161381505E-003   0.0000000000000000     
  -15.444000000000001        0.0000000000000000        4.6118491618950281E-003   0.0000000000000000     
  -15.246000000000000        0.0000000000000000        4.6849734801234803E-003   0.0000000000000000     
  -15.048000000000000        0.0000000000000000        4.7587009965072442E-003   0.0000000000000000     
  -14.850000000000001        0.0000000000000000        4.8331754457291865E-003   0.0000000000000000     
  -14.652000000000001        0.0000000000000000        4.9085348020054473E-003   0.0000000000000000     
  -14.454000000000001        0.0000000000000000        4.9849128695623260E-003   0.0000000000000000     
  -14.256000000000000        0.0000000000000000        5.0624405076399289E-003   0.0000000000000000     
  -14.058000000000000        0.0000000000000000        5.1412466803636252E-003   0.0000000000000000     
  -13.860000000000001        0.0000000000000000        5.2214594927892490E-003   0.0000000000000000     
  -13.662000000000001        0.0000000000000000        5.3032073619844822E-003   0.0000000000000000     
  -13.464000000000000        0.0000000000000000        5.3866195654691494E-003   0.0000000000000000     
  -13.266000000000000        0.0000000000000000        5.4718273804962659E-003   0.0000000000000000     
  -13.068000000000001        0.0000000000000000        5.5589648832079152E-003   0.0000000000000000     
  -12.870000000000001        0.0000000000000000        5.6481697759044533E-003   0.0000000000000000     
  -12.672000000000001        0.0000000000000000        5.7395840924124803E-003   0.0000000000000000     
  -12.474000000000000        0.0000000000000000        5.8333553399007006E-003   0.0000000000000000     
  -12.276000000000000        0.0000000000000000        5.9296370904119607E-003   0.0000000000000000     
  -12.078000000000001        0.0000000000000000        6.0285898966203014E-003   0.0000000000000000     
  -11.880000000000001        0.0000000000000000        6.1303824458599863E-003   0.0000000000000000     
  -11.682000000000000        0.0000000000000000        6.2351923164200660E-003   0.0000000000000000     
  -11.484000000000000        0.0000000000000000        6.3432069223365063E-003   0.0000000000000000     
  -11.286000000000001        0.0000000000000000        6.4546252041092315E-003   0.0000000000000000     
  -11.088000000000001        0.0000000000000000        6.5696577139638425E-003   0.0000000000000000     
  -10.890000000000001        0.0000000000000000        6.6885291679425482E-003   0.0000000000000000     
  -10.692000000000000        0.0000000000000000        6.8114785341615832E-003   0.0000000000000000     
  -10.494000000000000        0.0000000000000000        6.9387614060829337E-003   0.0000000000000000     
  -10.296000000000001        0.0000000000000000        7.0706510701294490E-003   0.0000000000000000     
  -10.098000000000001        0.0000000000000000        7.2074399869345423E-003   0.0000000000000000     
  -9.9000000000000004        0.0000000000000000        7.3494420606867970E-003   0.0000000000000000     
  -9.7020000000000000        0.0000000000000000        7.4969941360493921E-003   0.0000000000000000     
  -9.5040000000000013        0.0000000000000000        7.6504580089542737E-003   0.0000000000000000     
  -9.3060000000000009        0.0000000000000000        7.8102224698879640E-003   0.0000000000000000     
  -9.1080000000000005        0.0000000000000000        7.9767058304039597E-003   0.0000000000000000     
  -8.9100000000000001        0.0000000000000000        8.1503577302105158E-003   0.0000000000000000     
  -8.7119999999999997        0.0000000000000000        8.3316620439042709E-003   0.0000000000000000     
  -8.5140000000000011        0.0000000000000000        8.5211388228637244E-003   0.0000000000000000     
  -8.3160000000000007        0.0000000000000000        8.7193470330724741E-003   0.0000000000000000     
  -8.1180000000000003        0.0000000000000000        8.9268866014006985E-003   0.0000000000000000     
  -7.9199999999999999        0.0000000000000000        9.1444011094149093E-003   0.0000000000000000     
  -7.7220000000000004        0.0000000000000000        9.3725794216465222E-003   0.0000000000000000     
  -7.5240000000000000        0.0000000000000000        9.6121572242204127E-003   0.0000000000000000     
  -7.3260000000000005        0.0000000000000000        9.8639178263151515E-003   0.0000000000000000     
  -7.1280000000000001        0.0000000000000000        1.0128692742477579E-002   0.0000000000000000     
  -6.9300000000000006        0.0000000000000000        1.0407360166437854E-002   0.0000000000000000     
  -6.7320000000000002        0.0000000000000000        1.0700841972892301E-002   0.0000000000000000     
  -6.5340000000000007        0.0000000000000000        1.1010099490134720E-002   0.0000000000000000     
  -6.3360000000000003        0.0000000000000000        1.1336124069648351E-002   0.0000000000000000     
  -6.1379999999999999        0.0000000000000000        1.1679927321333569E-002   0.0000000000000000     
  -5.9400000000000004        0.0000000000000000        1.2042522163973507E-002   0.0000000000000000     
  -5.7420000000000000        0.0000000000000000        1.2424900192162540E-002   0.0000000000000000     
  -5.5440000000000005        0.0000000000000000        1.2827999592317856E-002   0.0000000000000000     
  -5.3460000000000001        0.0000000000000000        1.3252661969250987E-002   0.0000000000000000     
  -5.1480000000000006        0.0000000000000000        1.3699575434655333E-002   0.0000000000000000     
  -4.9500000000000002        0.0000000000000000        1.4169199550515200E-002   0.0000000000000000     
  -4.7520000000000007        0.0000000000000000        1.4661670186234212E-002   0.0000000000000000     
  -4.5540000000000003        0.0000000000000000        1.5176676364405452E-002   0.0000000000000000     
  -4.3559999999999999        0.0000000000000000        1.5713308991872236E-002   0.0000000000000000     
  -4.1580000000000004        0.0000000000000000        1.6269877328672581E-002   0.0000000000000000     
  -3.9600000000000000        0.0000000000000000        1.6843704523846665E-002   0.0000000000000000     
  -3.7620000000000000        0.0000000000000000        1.7430931049130412E-002   0.0000000000000000     
  -3.5640000000000001        0.0000000000000000        1.8026407135063090E-002   0.0000000000000000     
  -3.3660000000000001        0.0000000000000000        1.8623929347972960E-002   0.0000000000000000     
  -3.1680000000000001        0.0000000000000000        1.9217580414440827E-002   0.0000000000000000     
  -2.9700000000000002        0.0000000000000000        1.9803590163374588E-002   0.0000000000000000     
  -2.7720000000000002        0.0000000000000000        2.0368705925668248E-002   0.0000000000000000     
  -2.5740000000000003        0.0000000000000000        2.0887809980228777E-002   0.0000000000000000     
  -2.3760000000000003        0.0000000000000000        2.1329092765573012E-002   0.0000000000000000     
  -2.1779999999999999        0.0000000000000000        2.1660225316482783E-002   0.0000000000000000     
  -1.9800000000000000        0.0000000000000000        2.1840564778729848E-002   0.0000000000000000     
  -1.7820000000000000        0.0000000000000000        2.1808165869628748E-002   0.0000000000000000     
  -1.5840000000000001        0.0000000000000000        2.1479626963449211E-002   0.0000000000000000     
  -1.3860000000000001        0.0000000000000000        2.0773979240429487E-002   0.0000000000000000     
  -1.1880000000000002        0.0000000000000000        1.9617131208664509E-002   0.0000000000000000     
 -0.98999999999999999        0.0000000000000000        1.7923928661784657E-002   0.0000000000000000     
 -0.79200000000000004        0.0000000000000000        1.5598175916615329E-002   0.0000000000000000     
 -0.59400000000000008        0.0000000000000000        1.2580700684399504E-002   0.0000000000000000     
 -0.39600000000000002        0.0000000000000000        8.8867565776890780E-003   0.0000000000000000     
 -0.19800000000000001        0.0000000000000000        4.6119089766846018E-003   0.0000000000000000     
   0.0000000000000000        0.0000000000000000        0.0000000000000000        0.0000000000000000     
  0.19800000000000001        0.0000000000000000       -4.6119089766846018E-003   0.0000000000000000     
  0.39600000000000002        0.0000000000000000       -8.8867565776890780E-003   0.0000000000000000     
  0.59400000000000008        0.0000000000000000       -1.2580700684399504E-002   0.0000000000000000     
  0.79200000000000004        0.0000000000000000       -1.5598175916615329E-002   0.0000000000000000     
  0.98999999999999999        0.0000000000000000       -1.7923928661784657E-002   0.0000000000000000     
   1.1880000000000002        0.0000000000000000       -1.9617131208664509E-002   0.0000000000000000     
   1.3860000000000001        0.0000000000000000       -2.0773979240429487E-002   0.0000000000000000     
   1.5840000000000001        0.0000000000000000       -2.1479626963449211E-002   0.0000000000000000     
   1.7820000000000000        0.0000000000000000       -2.1808165869628748E-002   0.0000000000000000     
   1.9800000000000000        0.0000000000000000       -2.1840564778729848E-002   0.0000000000000000     
   2.1779999999999999        0.0000000000000000       -2.1660225316482783E-002   0.0000000000000000     
   2.3760000000000003        0.0000000000000000       -2.1329092765573012E-002   0.0000000000000000     
   2.5740000000000003        0.0000000000000000       -2.0887809980228777E-002   0.0000000000000000     
   2.7720000000000002        0.0000000000000000       -2.0368705925668248E-002   0.0000000000000000     
   2.9700000000000002        0.0000000000000000       -1.9803590163374588E-002   0.0000000000000000     
   3.1680000000000001        0.0000000000000000       -1.9217580414440827E-002   0.0000000000000000     
   3.3660000000000001        0.0000000000000000       -1.8623929347972960E-002   0.0000000000000000     
   3.5640000000000001        0.0000000000000000       -1.8026407135063090E-002   0.0000000000000000     
   3.7620000000000000        0.0000000000000000       -1.7430931049130412E-002   0.0000000000000000     
   3.9600000000000000        0.0000000000000000       -1.6843704523846665E-002   0.0000000000000000     
   4.1580000000000004        0.0000000000000000       -1.6269877328672581E-002   0.0000000000000000     
   4.3559999999999999        0.0000000000000000       -1.5713308991872236E-002   0.0000000000000000     
   4.5540000000000003        0.0000000000000000       -1.5176676364405452E-002   0.0000000000000000     
   4.7520000000000007        0.0000000000000000       -1.4661670186234212E-002   0.0000000000000000     
   4.9500000000000002        0.0000000000000000       -1.4169199550515200E-002   0.0000000000000000     
   5.1480000000000006        0.0000000000000000       -1.3699575434655333E-002   0.0000000000000000     
   5.3460000000000001        0.0000000000000000       -1.3252661969250987E-002   0.0000000000000000     
   5.5440000000000005        0.0000000000000000       -1.2827999592317856E-002   0.0000000000000000     
   5.7420000000000000        0.0000000000000000       -1.2424900192162540E-002   0.0000000000000000     
   5.9400000000000004        0.0000000000000000       -1.2042522163973507E-002   0.0000000000000000     
   6.1379999999999999        0.0000000000000000       -1.1679927321333569E-002   0.0000000000000000     
   6.3360000000000003        0.0000000000000000       -1.1336124069648351E-002   0.0000000000000000     
   6.5340000000000007        0.0000000000000000       -1.1010099490134720E-002   0.0000000000000000     
   6.7320000000000002        0.0000000000000000       -1.0700841972892301E-002   0.0000000000000000     
   6.9300000000000006        0.0000000000000000       -1.0407360166437854E-002   0.0000000000000000     
   7.1280000000000001        0.0000000000000000       -1.0128692742477579E-002   0.0000000000000000     
   7.3260000000000005        0.0000000000000000       -9.8639178263151515E-003   0.0000000000000000     
   7.5240000000000000        0.0000000000000000       -9.6121572242204127E-003   0.0000000000000000     
   7.7220000000000004        0.0000000000000000       -9.3725794216465222E-003   0.0000000000000000     
   7.9199999999999999        0.0000000000000000       -9.1444011094149093E-003   0.0000000000000000     
   8.1180000000000003        0.0000000000000000       -8.9268866014006985E-003   0.0000000000000000     
   8.3160000000000007        0.0000000000000000       -8.7193470330724741E-003   0.0000000000000000     
   8.5140000000000011        0.0000000000000000       -8.5211388228637244E-003   0.0000000000000000     
   8.7119999999999997        0.0000000000000000       -8.3316620439042709E-003   0.0000000000000000     
   8.9100000000000001        0.0000000000000000       -8.1503577302105158E-003   0.0000000000000000     
   9.1080000000000005        0.0000000000000000       -7.9767058304039597E-003   0.0000000000000000     
   9.3060000000000009        0.0000000000000000       -7.8102224698879640E-003   0.0000000000000000     
   9.5040000000000013        0.0000000000000000       -7.6504580089542737E-003   0.0000000000000000     
   9.7020000000000000        0.0000000000000000       -7.4969941360493921E-003   0.0000000000000000     
   9.9000000000000004        0.0000000000000000       -7.3494420606867970E-003   0.0000000000000000     
   10.098000000000001        0.0000000000000000       -7.2074399869345423E-003   0.0000000000000000     
   10.296000000000001        0.0000000000000000       -7.0706510701294490E-003   0.0000000000000000     
   10.494000000000000        0.0000000000000000       -6.9387614060829337E-003   0.0000000000000000     
   10.692000000000000        0.0000000000000000       -6.8114785341615832E-003   0.0000000000000000     
   10.890000000000001        0.0000000000000000       -6.6885291679425482E-003   0.0000000000000000     
   11.088000000000001        0.0000000000000000       -6.5696577139638425E-003   0.0000000000000000     
   11.286000000000001        0.0000000000000000       -6.4546252041092315E-003   0.0000000000000000     
   11.484000000000000        0.0000000000000000       -6.3432069223365063E-003   0.0000000000000000     
   11.682000000000000        0.0000000000000000       -6.2351923164200660E-003   0.0000000000000000     
   11.880000000000001        0.0000000000000000       -6.1303824458599863E-003   0.0000000000000000     
   12.078000000000001        0.0000000000000000       -6.0285898966203014E-003   0.0000000000000000     
   12.276000000000000        0.0000000000000000       -5.9296370904119607E-003   0.0000000000000000     
   12.474000000000000        0.0000000000000000       -5.8333553399007006E-003   0.0000000000000000     
   12.672000000000001        0.0000000000000000       -5.7395840924124803E-003   0.0000000000000000     
   12.870000000000001        0.0000000000000000       -5.6481697759044533E-003   0.0000000000000000     
   13.068000000000001        0.0000000000000000       -5.5589648832079152E-003   0.0000000000000000     
   13.266000000000000        0.0000000000000000       -5.4718273804962659E-003   0.0000000000000000     
   13.464000000000000        0.0000000000000000       -5.3866195654691494E-003   0.0000000000000000     
   13.662000000000001        0.0000000000000000       -5.3032073619844822E-003   0.0000000000000000     
   13.860000000000001        0.0000000000000000       -5.2214594927892490E-003   0.0000000000000000     
   14.058000000000000        0.0000000000000000       -5.1412466803636252E-003   0.0000000000000000     
   14.256000000000000        0.0000000000000000       -5.0624405076399289E-003   0.0000000000000000     
   14.454000000000001        0.0000000000000000       -4.9849128695623260E-003   0.0000000000000000     
   14.652000000000001        0.0000000000000000       -4.9085348020054473E-003   0.0000000000000000     
   14.850000000000001        0.0000000000000000       -4.8331754457291865E-003   0.0000000000000000     
   15.048000000000000        0.0000000000000000       -4.7587009965072442E-003   0.0000000000000000     
   15.246000000000000        0.0000000000000000       -4.6849734801234803E-003   0.0000000000000000     
   15.444000000000001        0.0000000000000000       -4.6118491618950281E-003   0.0000000000000000     
   15.642000000000001        0.0000000000000000       -4.5391773161381505E-003   0.0000000000000000     
   15.840000000000000        0.0000000000000000       -4.4667981015381435E-003   0.0000000000000000     
   16.038000000000000        0.0000000000000000       -4.3945405927555935E-003   0.0000000000000000     
   16.236000000000001        0.0000000000000000       -4.3222205124643920E-003   0.0000000000000000     
   16.434000000000001        0.0000000000000000       -4.2496371909645884E-003   0.0000000000000000     
   16.632000000000001        0.0000000000000000       -4.1765702925928858E-003   0.0000000000000000     
   16.830000000000002        0.0000000000000000       -4.1030483887849580E-003   0.0000000000000000     
   17.028000000000002        0.0000000000000000       -4.0285593450594577E-003   0.0000000000000000     
   17.225999999999999        0.0000000000000000       -3.9528368452550660E-003   0.0000000000000000     
   17.423999999999999        0.0000000000000000       -3.8755671446456725E-003   0.0000000000000000     
   17.622000000000000        0.0000000000000000       -3.7962803146881887E-003   0.0000000000000000     
   17.820000000000000        0.0000000000000000       -3.7145619400596698E-003   0.0000000000000000     
   18.018000000000001        0.0000000000000000       -3.6299680698526553E-003   0.0000000000000000     
   18.216000000000001        0.0000000000000000       -3.5409152896103474E-003   0.0000000000000000     
   18.414000000000001        0.0000000000000000       -3.4475551697989038E-003   0.0000000000000000     
   18.612000000000002        0.0000000000000000       -3.3487971944751666E-003   0.0000000000000000     
   18.810000000000002        0.0000000000000000       -3.2445883446702013E-003   0.0000000000000000     
   19.008000000000003        0.0000000000000000       -3.1318630694994547E-003   0.0000000000000000     
   19.206000000000000        0.0000000000000000       -3.0108250818152763E-003   0.0000000000000000     
   19.404000000000000        0.0000000000000000       -2.8774826081495088E-003   0.0000000000000000     
   19.602000000000000        0.0000000000000000       -2.7252699617112469E-003   0.0000000000000000     
