  -19.602000000000000        0.0000000000000000       -2.0783771833852296E-004   0.0000000000000000     
  -19.404000000000000        0.0000000000000000       -2.1797574786867907E-004   0.0000000000000000     
  -19.206000000000000        0.0000000000000000       -2.2718818771073877E-004   0.0000000000000000     
  -19.008000000000003        0.0000000000000000       -2.3638544727812240E-004   0.0000000000000000     
  -18.810000000000002        0.0000000000000000       -2.4557726178956168E-004   0.0000000000000000     
  -18.612000000000002        0.0000000000000000       -2.5446039715853764E-004   0.0000000000000000     
  -18.414000000000001        0.0000000000000000       -2.6299193372547315E-004   0.0000000000000000     
  -18.216000000000001        0.0000000000000000       -2.7102769154540467E-004   0.0000000000000000     
  -18.018000000000001        0.0000000000000000       -2.7864739851504668E-004   0.0000000000000000     
  -17.820000000000000        0.0000000000000000       -2.8583517947663512E-004   0.0000000000000000     
  -17.622000000000000        0.0000000000000000       -2.9266441073137208E-004   0.0000000000000000     
  -17.423999999999999        0.0000000000000000       -2.9914779172567904E-004   0.0000000000000000     
  -17.225999999999999        0.0000000000000000       -3.0538302082101310E-004   0.0000000000000000     
  -17.028000000000002        0.0000000000000000       -3.1140565244622726E-004   0.0000000000000000     
  -16.830000000000002        0.0000000000000000       -3.1726508350224207E-004   0.0000000000000000     
  -16.632000000000001        0.0000000000000000       -3.2298951401773005E-004   0.0000000000000000     
  -16.434000000000001        0.0000000000000000       -3.2861309171824157E-004   0.0000000000000000     
  -16.236000000000001        0.0000000000000000       -3.3417985509310400E-004   0.0000000000000000     
  -16.038000000000000        0.0000000000000000       -3.3968601546827804E-004   0.0000000000000000     
  -15.840000000000000        0.0000000000000000       -3.4515028353009460E-004   0.0000000000000000     
  -15.642000000000001        0.0000000000000000       -3.5058906173402111E-004   0.0000000000000000     
  -15.444000000000001        0.0000000000000000       -3.5601689285048491E-004   0.0000000000000000     
  -15.246000000000000        0.0000000000000000       -3.6144678557250144E-004   0.0000000000000000     
  -15.048000000000000        0.0000000000000000       -3.6689050060333893E-004   0.0000000000000000     
  -14.850000000000001        0.0000000000000000       -3.7235877305712910E-004   0.0000000000000000     
  -14.652000000000001        0.0000000000000000       -3.7786149945857634E-004   0.0000000000000000     
  -14.454000000000001        0.0000000000000000       -3.8340789167494433E-004   0.0000000000000000     
  -14.256000000000000        0.0000000000000000       -3.8900659752107462E-004   0.0000000000000000     
  -14.058000000000000        0.0000000000000000       -3.9466581220453165E-004   0.0000000000000000     
  -13.860000000000001        0.0000000000000000       -4.0039336491234440E-004   0.0000000000000000     
  -13.662000000000001        0.0000000000000000       -4.0619679471122765E-004   0.0000000000000000     
  -13.464000000000000        0.0000000000000000       -4.1208340037960593E-004   0.0000000000000000     
  -13.266000000000000        0.0000000000000000       -4.1806033410910073E-004   0.0000000000000000     
  -13.068000000000001        0.0000000000000000       -4.2413461031874980E-004   0.0000000000000000     
  -12.870000000000001        0.0000000000000000       -4.3031317009098262E-004   0.0000000000000000     
  -12.672000000000001        0.0000000000000000       -4.3660291081159278E-004   0.0000000000000000     
  -12.474000000000000        0.0000000000000000       -4.4301073467674839E-004   0.0000000000000000     
  -12.276000000000000        0.0000000000000000       -4.4954354872179663E-004   0.0000000000000000     
  -12.078000000000001        0.0000000000000000       -4.5620833493175295E-004   0.0000000000000000     
  -11.880000000000001        0.0000000000000000       -4.6301213779769752E-004   0.0000000000000000     
  -11.682000000000000        0.0000000000000000       -4.6996210879113559E-004   0.0000000000000000     
  -11.484000000000000        0.0000000000000000       -4.7706551382439979E-004   0.0000000000000000     
  -11.286000000000001        0.0000000000000000       -4.8432974595349453E-004   0.0000000000000000     
  -11.088000000000001        0.0000000000000000       -4.9176235144629446E-004   0.0000000000000000     
  -10.890000000000001        0.0000000000000000       -4.9937104977296231E-004   0.0000000000000000     
  -10.692000000000000        0.0000000000000000       -5.0716371436445098E-004   0.0000000000000000     
  -10.494000000000000        0.0000000000000000       -5.1514840337585713E-004   0.0000000000000000     
  -10.296000000000001        0.0000000000000000       -5.2333333678673377E-004   0.0000000000000000     
  -10.098000000000001        0.0000000000000000       -5.3172691100504218E-004   0.0000000000000000     
  -9.9000000000000004        0.0000000000000000       -5.4033769091707084E-004   0.0000000000000000     
  -9.7020000000000000        0.0000000000000000       -5.4917438139964964E-004   0.0000000000000000     
  -9.5040000000000013        0.0000000000000000       -5.5824580905800816E-004   0.0000000000000000     
  -9.3060000000000009        0.0000000000000000       -5.6756089431408258E-004   0.0000000000000000     
  -9.1080000000000005        0.0000000000000000       -5.7712861865564125E-004   0.0000000000000000     
  -8.9100000000000001        0.0000000000000000       -5.8695795945138969E-004   0.0000000000000000     
  -8.7119999999999997        0.0000000000000000       -5.9705782845306755E-004   0.0000000000000000     
  -8.5140000000000011        0.0000000000000000       -6.0743700257790420E-004   0.0000000000000000     
  -8.3160000000000007        0.0000000000000000       -6.1810401229064622E-004   0.0000000000000000     
  -8.1180000000000003        0.0000000000000000       -6.2906706394625256E-004   0.0000000000000000     
  -7.9199999999999999        0.0000000000000000       -6.4033391022663385E-004   0.0000000000000000     
  -7.7220000000000004        0.0000000000000000       -6.5191169880108332E-004   0.0000000000000000     
  -7.5240000000000000        0.0000000000000000       -6.6380685563868877E-004   0.0000000000000000     
  -7.3260000000000005        0.0000000000000000       -6.7602492499856776E-004   0.0000000000000000     
  -7.1280000000000001        0.0000000000000000       -6.8857044937213683E-004   0.0000000000000000     
  -6.9300000000000006        0.0000000000000000       -7.0144688904615938E-004   0.0000000000000000     
  -6.7320000000000002        0.0000000000000000       -7.1465657794523641E-004   0.0000000000000000     
  -6.5340000000000007        0.0000000000000000       -7.2820078782294092E-004   0.0000000000000000     
  -6.3360000000000003        0.0000000000000000       -7.4208001724435037E-004   0.0000000000000000     
  -6.1379999999999999        0.0000000000000000       -7.5629445483663680E-004   0.0000000000000000     
  -5.9400000000000004        0.0000000000000000       -7.7084491811863453E-004   0.0000000000000000     
  -5.7420000000000000        0.0000000000000000       -7.8573433346873869E-004   0.0000000000000000     
  -5.5440000000000005        0.0000000000000000       -8.0096995402442479E-004   0.0000000000000000     
  -5.3460000000000001        0.0000000000000000       -8.1656683344958258E-004   0.0000000000000000     
  -5.1480000000000006        0.0000000000000000       -8.3255262841659542E-004   0.0000000000000000     
  -4.9500000000000002        0.0000000000000000       -8.4897456159469605E-004   0.0000000000000000     
  -4.7520000000000007        0.0000000000000000       -8.6590896747820495E-004   0.0000000000000000     
  -4.5540000000000003        0.0000000000000000       -8.8347383552458210E-004   0.0000000000000000     
  -4.3559999999999999        0.0000000000000000       -9.0184546077625436E-004   0.0000000000000000     
  -4.1580000000000004        0.0000000000000000       -9.2127896768369097E-004   0.0000000000000000     
  -3.9600000000000000        0.0000000000000000       -9.4213385826388124E-004   0.0000000000000000     
  -3.7620000000000000        0.0000000000000000       -9.6490748699274776E-004   0.0000000000000000     
  -3.5640000000000001        0.0000000000000000       -9.9028736386360576E-004   0.0000000000000000     
  -3.3660000000000001        0.0000000000000000       -1.0192562185698407E-003   0.0000000000000000     
  -3.1680000000000001        0.0000000000000000       -1.0531232778482784E-003   0.0000000000000000     
  -2.9700000000000002        0.0000000000000000       -1.0920676999367682E-003   0.0000000000000000     
  -2.7720000000000002        0.0000000000000000       -1.1347314247747082E-003   0.0000000000000000     
  -2.5740000000000003        0.0000000000000000       -1.1795214718706096E-003   0.0000000000000000     
  -2.3760000000000003        0.0000000000000000       -1.2254460505857251E-003   0.0000000000000000     
  -2.1779999999999999        0.0000000000000000       -1.2725965346759454E-003   0.0000000000000000     
  -1.9800000000000000        0.0000000000000000       -1.3212652154322173E-003   0.0000000000000000     
  -1.7820000000000000        0.0000000000000000       -1.3700855613931037E-003   0.0000000000000000     
  -1.5840000000000001        0.0000000000000000       -1.4133178273227922E-003   0.0000000000000000     
  -1.3860000000000001        0.0000000000000000       -1.4434097096375042E-003   0.0000000000000000     
  -1.1880000000000002        0.0000000000000000       -1.4482558319243953E-003   0.0000000000000000     
 -0.98999999999999999        0.0000000000000000       -1.4102245145857198E-003   0.0000000000000000     
 -0.79200000000000004        0.0000000000000000       -1.3075875696819236E-003   0.0000000000000000     
 -0.59400000000000008        0.0000000000000000       -1.1181806849173952E-003   0.0000000000000000     
 -0.39600000000000002        0.0000000000000000       -8.2773784188888157E-004   0.0000000000000000     
 -0.19800000000000001        0.0000000000000000       -4.4243569842717165E-004   0.0000000000000000     
   0.0000000000000000        0.0000000000000000        0.0000000000000000        0.0000000000000000     
  0.19800000000000001        0.0000000000000000        4.4243569842717165E-004   0.0000000000000000     
  0.39600000000000002        0.0000000000000000        8.2773784188888157E-004   0.0000000000000000     
  0.59400000000000008        0.0000000000000000        1.1181806849173952E-003   0.0000000000000000     
  0.79200000000000004        0.0000000000000000        1.3075875696819236E-003   0.0000000000000000     
  0.98999999999999999        0.0000000000000000        1.4102245145857198E-003   0.0000000000000000     
   1.1880000000000002        0.0000000000000000        1.4482558319243953E-003   0.0000000000000000     
   1.3860000000000001        0.0000000000000000        1.4434097096375042E-003   0.0000000000000000     
   1.5840000000000001        0.0000000000000000        1.4133178273227922E-003   0.0000000000000000     
   1.7820000000000000        0.0000000000000000        1.3700855613931037E-003   0.0000000000000000     
   1.9800000000000000        0.0000000000000000        1.3212652154322173E-003   0.0000000000000000     
   2.1779999999999999        0.0000000000000000        1.2725965346759454E-003   0.0000000000000000     
   2.3760000000000003        0.0000000000000000        1.2254460505857251E-003   0.0000000000000000     
   2.5740000000000003        0.0000000000000000        1.1795214718706096E-003   0.0000000000000000     
   2.7720000000000002        0.0000000000000000        1.1347314247747082E-003   0.0000000000000000     
   2.9700000000000002        0.0000000000000000        1.0920676999367682E-003   0.0000000000000000     
   3.1680000000000001        0.0000000000000000        1.0531232778482784E-003   0.0000000000000000     
   3.3660000000000001        0.0000000000000000        1.0192562185698407E-003   0.0000000000000000     
   3.5640000000000001        0.0000000000000000        9.9028736386360576E-004   0.0000000000000000     
   3.7620000000000000        0.0000000000000000        9.6490748699274776E-004   0.0000000000000000     
   3.9600000000000000        0.0000000000000000        9.4213385826388124E-004   0.0000000000000000     
   4.1580000000000004        0.0000000000000000        9.2127896768369097E-004   0.0000000000000000     
   4.3559999999999999        0.0000000000000000        9.0184546077625436E-004   0.0000000000000000     
   4.5540000000000003        0.0000000000000000        8.8347383552458210E-004   0.0000000000000000     
   4.7520000000000007        0.0000000000000000        8.6590896747820495E-004   0.0000000000000000     
   4.9500000000000002        0.0000000000000000        8.4897456159469605E-004   0.0000000000000000     
   5.1480000000000006        0.0000000000000000        8.3255262841659542E-004   0.0000000000000000     
   5.3460000000000001        0.0000000000000000        8.1656683344958258E-004   0.0000000000000000     
   5.5440000000000005        0.0000000000000000        8.0096995402442479E-004   0.0000000000000000     
   5.7420000000000000        0.0000000000000000        7.8573433346873869E-004   0.0000000000000000     
   5.9400000000000004        0.0000000000000000        7.7084491811863453E-004   0.0000000000000000     
   6.1379999999999999        0.0000000000000000        7.5629445483663680E-004   0.0000000000000000     
   6.3360000000000003        0.0000000000000000        7.4208001724435037E-004   0.0000000000000000     
   6.5340000000000007        0.0000000000000000        7.2820078782294092E-004   0.0000000000000000     
   6.7320000000000002        0.0000000000000000        7.1465657794523641E-004   0.0000000000000000     
   6.9300000000000006        0.0000000000000000        7.0144688904615938E-004   0.0000000000000000     
   7.1280000000000001        0.0000000000000000        6.8857044937213683E-004   0.0000000000000000     
   7.3260000000000005        0.0000000000000000        6.7602492499856776E-004   0.0000000000000000     
   7.5240000000000000        0.0000000000000000        6.6380685563868877E-004   0.0000000000000000     
   7.7220000000000004        0.0000000000000000        6.5191169880108332E-004   0.0000000000000000     
   7.9199999999999999        0.0000000000000000        6.4033391022663385E-004   0.0000000000000000     
   8.1180000000000003        0.0000000000000000        6.2906706394625256E-004   0.0000000000000000     
   8.3160000000000007        0.0000000000000000        6.1810401229064622E-004   0.0000000000000000     
   8.5140000000000011        0.0000000000000000        6.0743700257790420E-004   0.0000000000000000     
   8.7119999999999997        0.0000000000000000        5.9705782845306755E-004   0.0000000000000000     
   8.9100000000000001        0.0000000000000000        5.8695795945138969E-004   0.0000000000000000     
   9.1080000000000005        0.0000000000000000        5.7712861865564125E-004   0.0000000000000000     
   9.3060000000000009        0.0000000000000000        5.6756089431408258E-004   0.0000000000000000     
   9.5040000000000013        0.0000000000000000        5.5824580905800816E-004   0.0000000000000000     
   9.7020000000000000        0.0000000000000000        5.4917438139964964E-004   0.0000000000000000     
   9.9000000000000004        0.0000000000000000        5.4033769091707084E-004   0.0000000000000000     
   10.098000000000001        0.0000000000000000        5.3172691100504218E-004   0.0000000000000000     
   10.296000000000001        0.0000000000000000        5.2333333678673377E-004   0.0000000000000000     
   10.494000000000000        0.0000000000000000        5.1514840337585713E-004   0.0000000000000000     
   10.692000000000000        0.0000000000000000        5.0716371436445098E-004   0.0000000000000000     
   10.890000000000001        0.0000000000000000        4.9937104977296231E-004   0.0000000000000000     
   11.088000000000001        0.0000000000000000        4.9176235144629446E-004   0.0000000000000000     
   11.286000000000001        0.0000000000000000        4.8432974595349453E-004   0.0000000000000000     
   11.484000000000000        0.0000000000000000        4.7706551382439979E-004   0.0000000000000000     
   11.682000000000000        0.0000000000000000        4.6996210879113559E-004   0.0000000000000000     
   11.880000000000001        0.0000000000000000        4.6301213779769752E-004   0.0000000000000000     
   12.078000000000001        0.0000000000000000        4.5620833493175295E-004   0.0000000000000000     
   12.276000000000000        0.0000000000000000        4.4954354872179663E-004   0.0000000000000000     
   12.474000000000000        0.0000000000000000        4.4301073467674839E-004   0.0000000000000000     
   12.672000000000001        0.0000000000000000        4.3660291081159278E-004   0.0000000000000000     
   12.870000000000001        0.0000000000000000        4.3031317009098262E-004   0.0000000000000000     
   13.068000000000001        0.0000000000000000        4.2413461031874980E-004   0.0000000000000000     
   13.266000000000000        0.0000000000000000        4.1806033410910073E-004   0.0000000000000000     
   13.464000000000000        0.0000000000000000        4.1208340037960593E-004   0.0000000000000000     
   13.662000000000001        0.0000000000000000        4.0619679471122765E-004   0.0000000000000000     
   13.860000000000001        0.0000000000000000        4.0039336491234440E-004   0.0000000000000000     
   14.058000000000000        0.0000000000000000        3.9466581220453165E-004   0.0000000000000000     
   14.256000000000000        0.0000000000000000        3.8900659752107462E-004   0.0000000000000000     
   14.454000000000001        0.0000000000000000        3.8340789167494433E-004   0.0000000000000000     
   14.652000000000001        0.0000000000000000        3.7786149945857634E-004   0.0000000000000000     
   14.850000000000001        0.0000000000000000        3.7235877305712910E-004   0.0000000000000000     
   15.048000000000000        0.0000000000000000        3.6689050060333893E-004   0.0000000000000000     
   15.246000000000000        0.0000000000000000        3.6144678557250144E-004   0.0000000000000000     
   15.444000000000001        0.0000000000000000        3.5601689285048491E-004   0.0000000000000000     
   15.642000000000001        0.0000000000000000        3.5058906173402111E-004   0.0000000000000000     
   15.840000000000000        0.0000000000000000        3.4515028353009460E-004   0.0000000000000000     
   16.038000000000000        0.0000000000000000        3.3968601546827804E-004   0.0000000000000000     
   16.236000000000001        0.0000000000000000        3.3417985509310400E-004   0.0000000000000000     
   16.434000000000001        0.0000000000000000        3.2861309171824157E-004   0.0000000000000000     
   16.632000000000001        0.0000000000000000        3.2298951401773005E-004   0.0000000000000000     
   16.830000000000002        0.0000000000000000        3.1726508350224207E-004   0.0000000000000000     
   17.028000000000002        0.0000000000000000        3.1140565244622726E-004   0.0000000000000000     
   17.225999999999999        0.0000000000000000        3.0538302082101310E-004   0.0000000000000000     
   17.423999999999999        0.0000000000000000        2.9914779172567904E-004   0.0000000000000000     
   17.622000000000000        0.0000000000000000        2.9266441073137208E-004   0.0000000000000000     
   17.820000000000000        0.0000000000000000        2.8583517947663512E-004   0.0000000000000000     
   18.018000000000001        0.0000000000000000        2.7864739851504668E-004   0.0000000000000000     
   18.216000000000001        0.0000000000000000        2.7102769154540467E-004   0.0000000000000000     
   18.414000000000001        0.0000000000000000        2.6299193372547315E-004   0.0000000000000000     
   18.612000000000002        0.0000000000000000        2.5446039715853764E-004   0.0000000000000000     
   18.810000000000002        0.0000000000000000        2.4557726178956168E-004   0.0000000000000000     
   19.008000000000003        0.0000000000000000        2.3638544727812240E-004   0.0000000000000000     
   19.206000000000000        0.0000000000000000        2.2718818771073877E-004   0.0000000000000000     
   19.404000000000000        0.0000000000000000        2.1797574786867907E-004   0.0000000000000000     
   19.602000000000000        0.0000000000000000        2.0783771833852296E-004   0.0000000000000000     
