  -19.602000000000000        0.0000000000000000       0.18718080963955461        0.0000000000000000     
  -19.404000000000000        0.0000000000000000       0.19546701371562622        0.0000000000000000     
  -19.206000000000000        0.0000000000000000       0.20332185144900466        0.0000000000000000     
  -19.008000000000003        0.0000000000000000       0.21083148841261826        0.0000000000000000     
  -18.810000000000002        0.0000000000000000       0.21800467741144899        0.0000000000000000     
  -18.612000000000002        0.0000000000000000       0.22482437326730215        0.0000000000000000     
  -18.414000000000001        0.0000000000000000       0.23131266207510606        0.0000000000000000     
  -18.216000000000001        0.0000000000000000       0.23747527536975224        0.0000000000000000     
  -18.018000000000001        0.0000000000000000       0.24336301502764646        0.0000000000000000     
  -17.820000000000000        0.0000000000000000       0.24900214318022432        0.0000000000000000     
  -17.622000000000000        0.0000000000000000       0.25442284462522397        0.0000000000000000     
  -17.423999999999999        0.0000000000000000       0.25965126775770031        0.0000000000000000     
  -17.225999999999999        0.0000000000000000       0.26470706283809381        0.0000000000000000     
  -17.028000000000002        0.0000000000000000       0.26961785217404782        0.0000000000000000     
  -16.830000000000002        0.0000000000000000       0.27439696663684104        0.0000000000000000     
  -16.632000000000001        0.0000000000000000       0.27907053426932343        0.0000000000000000     
  -16.434000000000001        0.0000000000000000       0.28365454482563063        0.0000000000000000     
  -16.236000000000001        0.0000000000000000       0.28816309194229134        0.0000000000000000     
  -16.038000000000000        0.0000000000000000       0.29260971791754886        0.0000000000000000     
  -15.840000000000000        0.0000000000000000       0.29700608609868206        0.0000000000000000     
  -15.642000000000001        0.0000000000000000       0.30136280623765954        0.0000000000000000     
  -15.444000000000001        0.0000000000000000       0.30568956096977012        0.0000000000000000     
  -15.246000000000000        0.0000000000000000       0.30999521848814965        0.0000000000000000     
  -15.048000000000000        0.0000000000000000       0.31428794038097169        0.0000000000000000     
  -14.850000000000001        0.0000000000000000       0.31857526345321080        0.0000000000000000     
  -14.652000000000001        0.0000000000000000       0.32286418918785720        0.0000000000000000     
  -14.454000000000001        0.0000000000000000       0.32716125763326948        0.0000000000000000     
  -14.256000000000000        0.0000000000000000       0.33147259123415562        0.0000000000000000     
  -14.058000000000000        0.0000000000000000       0.33580397329079825        0.0000000000000000     
  -13.860000000000001        0.0000000000000000       0.34016089429719076        0.0000000000000000     
  -13.662000000000001        0.0000000000000000       0.34455106260674900        0.0000000000000000     
  -13.464000000000000        0.0000000000000000       0.34897672359861631        0.0000000000000000     
  -13.266000000000000        0.0000000000000000       0.35344272401769200        0.0000000000000000     
  -13.068000000000001        0.0000000000000000       0.35795375519471795        0.0000000000000000     
  -12.870000000000001        0.0000000000000000       0.36251437012443399        0.0000000000000000     
  -12.672000000000001        0.0000000000000000       0.36712899868548715        0.0000000000000000     
  -12.474000000000000        0.0000000000000000       0.37180198834484224        0.0000000000000000     
  -12.276000000000000        0.0000000000000000       0.37653759893699851        0.0000000000000000     
  -12.078000000000001        0.0000000000000000       0.38134003475558254        0.0000000000000000     
  -11.880000000000001        0.0000000000000000       0.38621344894824478        0.0000000000000000     
  -11.682000000000000        0.0000000000000000       0.39116195183451735        0.0000000000000000     
  -11.484000000000000        0.0000000000000000       0.39618963028465243        0.0000000000000000     
  -11.286000000000001        0.0000000000000000       0.40130053674712962        0.0000000000000000     
  -11.088000000000001        0.0000000000000000       0.40649871529357862        0.0000000000000000     
  -10.890000000000001        0.0000000000000000       0.41178816843583671        0.0000000000000000     
  -10.692000000000000        0.0000000000000000       0.41717289965910748        0.0000000000000000     
  -10.494000000000000        0.0000000000000000       0.42265687902968380        0.0000000000000000     
  -10.296000000000001        0.0000000000000000       0.42824403626339991        0.0000000000000000     
  -10.098000000000001        0.0000000000000000       0.43393826981038375        0.0000000000000000     
  -9.9000000000000004        0.0000000000000000       0.43974340650459826        0.0000000000000000     
  -9.7020000000000000        0.0000000000000000       0.44566320230124024        0.0000000000000000     
  -9.5040000000000013        0.0000000000000000       0.45170131449155587        0.0000000000000000     
  -9.3060000000000009        0.0000000000000000       0.45786124843315612        0.0000000000000000     
  -9.1080000000000005        0.0000000000000000       0.46414635100191642        0.0000000000000000     
  -8.9100000000000001        0.0000000000000000       0.47055973428595554        0.0000000000000000     
  -8.7119999999999997        0.0000000000000000       0.47710423278701275        0.0000000000000000     
  -8.5140000000000011        0.0000000000000000       0.48378232658350007        0.0000000000000000     
  -8.3160000000000007        0.0000000000000000       0.49059605284265473        0.0000000000000000     
  -8.1180000000000003        0.0000000000000000       0.49754690627170906        0.0000000000000000     
  -7.9199999999999999        0.0000000000000000       0.50463570154878412        0.0000000000000000     
  -7.7220000000000004        0.0000000000000000       0.51186244421911808        0.0000000000000000     
  -7.5240000000000000        0.0000000000000000       0.51922613841097376        0.0000000000000000     
  -7.3260000000000005        0.0000000000000000       0.52672456473113893        0.0000000000000000     
  -7.1280000000000001        0.0000000000000000       0.53435404238009587        0.0000000000000000     
  -6.9300000000000006        0.0000000000000000       0.54210909803049390        0.0000000000000000     
  -6.7320000000000002        0.0000000000000000       0.54998219222272260        0.0000000000000000     
  -6.5340000000000007        0.0000000000000000       0.55796327250128064        0.0000000000000000     
  -6.3360000000000003        0.0000000000000000       0.56603954089820563        0.0000000000000000     
  -6.1379999999999999        0.0000000000000000       0.57419583180568246        0.0000000000000000     
  -5.9400000000000004        0.0000000000000000       0.58241853411141797        0.0000000000000000     
  -5.7420000000000000        0.0000000000000000       0.59070361215012768        0.0000000000000000     
  -5.5440000000000005        0.0000000000000000       0.59902374373545275        0.0000000000000000     
  -5.3460000000000001        0.0000000000000000       0.60732438790747389        0.0000000000000000     
  -5.1480000000000006        0.0000000000000000       0.61555357309841829        0.0000000000000000     
  -4.9500000000000002        0.0000000000000000       0.62365438560571385        0.0000000000000000     
  -4.7520000000000007        0.0000000000000000       0.63155946172488187        0.0000000000000000     
  -4.5540000000000003        0.0000000000000000       0.63918833615217907        0.0000000000000000     
  -4.3559999999999999        0.0000000000000000       0.64644521545336575        0.0000000000000000     
  -4.1580000000000004        0.0000000000000000       0.65321694039503864        0.0000000000000000     
  -3.9600000000000000        0.0000000000000000       0.65937119279738166        0.0000000000000000     
  -3.7620000000000000        0.0000000000000000       0.66475491375489160        0.0000000000000000     
  -3.5640000000000001        0.0000000000000000       0.66918992277999867        0.0000000000000000     
  -3.3660000000000001        0.0000000000000000       0.67244671121250299        0.0000000000000000     
  -3.1680000000000001        0.0000000000000000       0.67416632930627940        0.0000000000000000     
  -2.9700000000000002        0.0000000000000000       0.67392581505847104        0.0000000000000000     
  -2.7720000000000002        0.0000000000000000       0.67135989055874612        0.0000000000000000     
  -2.5740000000000003        0.0000000000000000       0.66601023227567746        0.0000000000000000     
  -2.3760000000000003        0.0000000000000000       0.65731580036731341        0.0000000000000000     
  -2.1779999999999999        0.0000000000000000       0.64455372640953412        0.0000000000000000     
  -1.9800000000000000        0.0000000000000000       0.62689671726230944        0.0000000000000000     
  -1.7820000000000000        0.0000000000000000       0.60332059532664561        0.0000000000000000     
  -1.5840000000000001        0.0000000000000000       0.57289718041702598        0.0000000000000000     
  -1.3860000000000001        0.0000000000000000       0.53480932234249468        0.0000000000000000     
  -1.1880000000000002        0.0000000000000000       0.48769808770714085        0.0000000000000000     
 -0.98999999999999999        0.0000000000000000       0.43017104763296976        0.0000000000000000     
 -0.79200000000000004        0.0000000000000000       0.36174619521422924        0.0000000000000000     
 -0.59400000000000008        0.0000000000000000       0.28281482676765779        0.0000000000000000     
 -0.39600000000000002        0.0000000000000000       0.19450571117178517        0.0000000000000000     
 -0.19800000000000001        0.0000000000000000        9.9152580105250840E-002   0.0000000000000000     
   0.0000000000000000        0.0000000000000000        0.0000000000000000        0.0000000000000000     
  0.19800000000000001        0.0000000000000000       -9.9152580105250840E-002   0.0000000000000000     
  0.39600000000000002        0.0000000000000000      -0.19450571117178517        0.0000000000000000     
  0.59400000000000008        0.0000000000000000      -0.28281482676765779        0.0000000000000000     
  0.79200000000000004        0.0000000000000000      -0.36174619521422924        0.0000000000000000     
  0.98999999999999999        0.0000000000000000      -0.43017104763296976        0.0000000000000000     
   1.1880000000000002        0.0000000000000000      -0.48769808770714085        0.0000000000000000     
   1.3860000000000001        0.0000000000000000      -0.53480932234249468        0.0000000000000000     
   1.5840000000000001        0.0000000000000000      -0.57289718041702598        0.0000000000000000     
   1.7820000000000000        0.0000000000000000      -0.60332059532664561        0.0000000000000000     
   1.9800000000000000        0.0000000000000000      -0.62689671726230944        0.0000000000000000     
   2.1779999999999999        0.0000000000000000      -0.64455372640953412        0.0000000000000000     
   2.3760000000000003        0.0000000000000000      -0.65731580036731341        0.0000000000000000     
   2.5740000000000003        0.0000000000000000      -0.66601023227567746        0.0000000000000000     
   2.7720000000000002        0.0000000000000000      -0.67135989055874612        0.0000000000000000     
   2.9700000000000002        0.0000000000000000      -0.67392581505847104        0.0000000000000000     
   3.1680000000000001        0.0000000000000000      -0.67416632930627940        0.0000000000000000     
   3.3660000000000001        0.0000000000000000      -0.67244671121250299        0.0000000000000000     
   3.5640000000000001        0.0000000000000000      -0.66918992277999867        0.0000000000000000     
   3.7620000000000000        0.0000000000000000      -0.66475491375489160        0.0000000000000000     
   3.9600000000000000        0.0000000000000000      -0.65937119279738166        0.0000000000000000     
   4.1580000000000004        0.0000000000000000      -0.65321694039503864        0.0000000000000000     
   4.3559999999999999        0.0000000000000000      -0.64644521545336575        0.0000000000000000     
   4.5540000000000003        0.0000000000000000      -0.63918833615217907        0.0000000000000000     
   4.7520000000000007        0.0000000000000000      -0.63155946172488187        0.0000000000000000     
   4.9500000000000002        0.0000000000000000      -0.62365438560571385        0.0000000000000000     
   5.1480000000000006        0.0000000000000000      -0.61555357309841829        0.0000000000000000     
   5.3460000000000001        0.0000000000000000      -0.60732438790747389        0.0000000000000000     
   5.5440000000000005        0.0000000000000000      -0.59902374373545275        0.0000000000000000     
   5.7420000000000000        0.0000000000000000      -0.59070361215012768        0.0000000000000000     
   5.9400000000000004        0.0000000000000000      -0.58241853411141797        0.0000000000000000     
   6.1379999999999999        0.0000000000000000      -0.57419583180568246        0.0000000000000000     
   6.3360000000000003        0.0000000000000000      -0.56603954089820563        0.0000000000000000     
   6.5340000000000007        0.0000000000000000      -0.55796327250128064        0.0000000000000000     
   6.7320000000000002        0.0000000000000000      -0.54998219222272260        0.0000000000000000     
   6.9300000000000006        0.0000000000000000      -0.54210909803049390        0.0000000000000000     
   7.1280000000000001        0.0000000000000000      -0.53435404238009587        0.0000000000000000     
   7.3260000000000005        0.0000000000000000      -0.52672456473113893        0.0000000000000000     
   7.5240000000000000        0.0000000000000000      -0.51922613841097376        0.0000000000000000     
   7.7220000000000004        0.0000000000000000      -0.51186244421911808        0.0000000000000000     
   7.9199999999999999        0.0000000000000000      -0.50463570154878412        0.0000000000000000     
   8.1180000000000003        0.0000000000000000      -0.49754690627170906        0.0000000000000000     
   8.3160000000000007        0.0000000000000000      -0.49059605284265473        0.0000000000000000     
   8.5140000000000011        0.0000000000000000      -0.48378232658350007        0.0000000000000000     
   8.7119999999999997        0.0000000000000000      -0.47710423278701275        0.0000000000000000     
   8.9100000000000001        0.0000000000000000      -0.47055973428595554        0.0000000000000000     
   9.1080000000000005        0.0000000000000000      -0.46414635100191642        0.0000000000000000     
   9.3060000000000009        0.0000000000000000      -0.45786124843315612        0.0000000000000000     
   9.5040000000000013        0.0000000000000000      -0.45170131449155587        0.0000000000000000     
   9.7020000000000000        0.0000000000000000      -0.44566320230124024        0.0000000000000000     
   9.9000000000000004        0.0000000000000000      -0.43974340650459826        0.0000000000000000     
   10.098000000000001        0.0000000000000000      -0.43393826981038375        0.0000000000000000     
   10.296000000000001        0.0000000000000000      -0.42824403626339991        0.0000000000000000     
   10.494000000000000        0.0000000000000000      -0.42265687902968380        0.0000000000000000     
   10.692000000000000        0.0000000000000000      -0.41717289965910748        0.0000000000000000     
   10.890000000000001        0.0000000000000000      -0.41178816843583671        0.0000000000000000     
   11.088000000000001        0.0000000000000000      -0.40649871529357862        0.0000000000000000     
   11.286000000000001        0.0000000000000000      -0.40130053674712962        0.0000000000000000     
   11.484000000000000        0.0000000000000000      -0.39618963028465243        0.0000000000000000     
   11.682000000000000        0.0000000000000000      -0.39116195183451735        0.0000000000000000     
   11.880000000000001        0.0000000000000000      -0.38621344894824478        0.0000000000000000     
   12.078000000000001        0.0000000000000000      -0.38134003475558254        0.0000000000000000     
   12.276000000000000        0.0000000000000000      -0.37653759893699851        0.0000000000000000     
   12.474000000000000        0.0000000000000000      -0.37180198834484224        0.0000000000000000     
   12.672000000000001        0.0000000000000000      -0.36712899868548715        0.0000000000000000     
   12.870000000000001        0.0000000000000000      -0.36251437012443399        0.0000000000000000     
   13.068000000000001        0.0000000000000000      -0.35795375519471795        0.0000000000000000     
   13.266000000000000        0.0000000000000000      -0.35344272401769200        0.0000000000000000     
   13.464000000000000        0.0000000000000000      -0.34897672359861631        0.0000000000000000     
   13.662000000000001        0.0000000000000000      -0.34455106260674900        0.0000000000000000     
   13.860000000000001        0.0000000000000000      -0.34016089429719076        0.0000000000000000     
   14.058000000000000        0.0000000000000000      -0.33580397329079825        0.0000000000000000     
   14.256000000000000        0.0000000000000000      -0.33147259123415562        0.0000000000000000     
   14.454000000000001        0.0000000000000000      -0.32716125763326948        0.0000000000000000     
   14.652000000000001        0.0000000000000000      -0.32286418918785720        0.0000000000000000     
   14.850000000000001        0.0000000000000000      -0.31857526345321080        0.0000000000000000     
   15.048000000000000        0.0000000000000000      -0.31428794038097169        0.0000000000000000     
   15.246000000000000        0.0000000000000000      -0.30999521848814965        0.0000000000000000     
   15.444000000000001        0.0000000000000000      -0.30568956096977012        0.0000000000000000     
   15.642000000000001        0.0000000000000000      -0.30136280623765954        0.0000000000000000     
   15.840000000000000        0.0000000000000000      -0.29700608609868206        0.0000000000000000     
   16.038000000000000        0.0000000000000000      -0.29260971791754886        0.0000000000000000     
   16.236000000000001        0.0000000000000000      -0.28816309194229134        0.0000000000000000     
   16.434000000000001        0.0000000000000000      -0.28365454482563063        0.0000000000000000     
   16.632000000000001        0.0000000000000000      -0.27907053426932343        0.0000000000000000     
   16.830000000000002        0.0000000000000000      -0.27439696663684104        0.0000000000000000     
   17.028000000000002        0.0000000000000000      -0.26961785217404782        0.0000000000000000     
   17.225999999999999        0.0000000000000000      -0.26470706283809381        0.0000000000000000     
   17.423999999999999        0.0000000000000000      -0.25965126775770031        0.0000000000000000     
   17.622000000000000        0.0000000000000000      -0.25442284462522397        0.0000000000000000     
   17.820000000000000        0.0000000000000000      -0.24900214318022432        0.0000000000000000     
   18.018000000000001        0.0000000000000000      -0.24336301502764646        0.0000000000000000     
   18.216000000000001        0.0000000000000000      -0.23747527536975224        0.0000000000000000     
   18.414000000000001        0.0000000000000000      -0.23131266207510606        0.0000000000000000     
   18.612000000000002        0.0000000000000000      -0.22482437326730215        0.0000000000000000     
   18.810000000000002        0.0000000000000000      -0.21800467741144899        0.0000000000000000     
   19.008000000000003        0.0000000000000000      -0.21083148841261826        0.0000000000000000     
   19.206000000000000        0.0000000000000000      -0.20332185144900466        0.0000000000000000     
   19.404000000000000        0.0000000000000000      -0.19546701371562622        0.0000000000000000     
   19.602000000000000        0.0000000000000000      -0.18718080963955461        0.0000000000000000     
