  -19.602000000000000        0.0000000000000000        5.0886310901982540E-003   0.0000000000000000     
  -19.404000000000000        0.0000000000000000        5.3532057608954384E-003   0.0000000000000000     
  -19.206000000000000        0.0000000000000000        5.5952691765198690E-003   0.0000000000000000     
  -19.008000000000003        0.0000000000000000        5.8210600142548780E-003   0.0000000000000000     
  -18.810000000000002        0.0000000000000000        6.0330836286977231E-003   0.0000000000000000     
  -18.612000000000002        0.0000000000000000        6.2326181180466182E-003   0.0000000000000000     
  -18.414000000000001        0.0000000000000000        6.4204505835531245E-003   0.0000000000000000     
  -18.216000000000001        0.0000000000000000        6.5992553031163541E-003   0.0000000000000000     
  -18.018000000000001        0.0000000000000000        6.7696514206783513E-003   0.0000000000000000     
  -17.820000000000000        0.0000000000000000        6.9324679752001466E-003   0.0000000000000000     
  -17.622000000000000        0.0000000000000000        7.0887140397000352E-003   0.0000000000000000     
  -17.423999999999999        0.0000000000000000        7.2404567603604510E-003   0.0000000000000000     
  -17.225999999999999        0.0000000000000000        7.3875762822347571E-003   0.0000000000000000     
  -17.028000000000002        0.0000000000000000        7.5314153641726075E-003   0.0000000000000000     
  -16.830000000000002        0.0000000000000000        7.6726004061195849E-003   0.0000000000000000     
  -16.632000000000001        0.0000000000000000        7.8117719900424164E-003   0.0000000000000000     
  -16.434000000000001        0.0000000000000000        7.9494656278057945E-003   0.0000000000000000     
  -16.236000000000001        0.0000000000000000        8.0861622103067330E-003   0.0000000000000000     
  -16.038000000000000        0.0000000000000000        8.2223001524317028E-003   0.0000000000000000     
  -15.840000000000000        0.0000000000000000        8.3584986405231768E-003   0.0000000000000000     
  -15.642000000000001        0.0000000000000000        8.4948587212513478E-003   0.0000000000000000     
  -15.444000000000001        0.0000000000000000        8.6317236859878195E-003   0.0000000000000000     
  -15.246000000000000        0.0000000000000000        8.7694121075769065E-003   0.0000000000000000     
  -15.048000000000000        0.0000000000000000        8.9082219633162991E-003   0.0000000000000000     
  -14.850000000000001        0.0000000000000000        9.0484349634876240E-003   0.0000000000000000     
  -14.652000000000001        0.0000000000000000        9.1903195212298498E-003   0.0000000000000000     
  -14.454000000000001        0.0000000000000000        9.3341338717359296E-003   0.0000000000000000     
  -14.256000000000000        0.0000000000000000        9.4801286725050785E-003   0.0000000000000000     
  -14.058000000000000        0.0000000000000000        9.6285492478001729E-003   0.0000000000000000     
  -13.860000000000001        0.0000000000000000        9.7796375197106798E-003   0.0000000000000000     
  -13.662000000000001        0.0000000000000000        9.9336340581211453E-003   0.0000000000000000     
  -13.464000000000000        0.0000000000000000        1.0090780010852370E-002   0.0000000000000000     
  -13.266000000000000        0.0000000000000000        1.0251317896365049E-002   0.0000000000000000     
  -13.068000000000001        0.0000000000000000        1.0415494053767066E-002   0.0000000000000000     
  -12.870000000000001        0.0000000000000000        1.0583559297254866E-002   0.0000000000000000     
  -12.672000000000001        0.0000000000000000        1.0755770377084700E-002   0.0000000000000000     
  -12.474000000000000        0.0000000000000000        1.0932391626737049E-002   0.0000000000000000     
  -12.276000000000000        0.0000000000000000        1.1113695863464812E-002   0.0000000000000000     
  -12.078000000000001        0.0000000000000000        1.1299965675975857E-002   0.0000000000000000     
  -11.880000000000001        0.0000000000000000        1.1491494754055122E-002   0.0000000000000000     
  -11.682000000000000        0.0000000000000000        1.1688589160116523E-002   0.0000000000000000     
  -11.484000000000000        0.0000000000000000        1.1891568207629231E-002   0.0000000000000000     
  -11.286000000000001        0.0000000000000000        1.2100766354849777E-002   0.0000000000000000     
  -11.088000000000001        0.0000000000000000        1.2316533747270987E-002   0.0000000000000000     
  -10.890000000000001        0.0000000000000000        1.2539238046370868E-002   0.0000000000000000     
  -10.692000000000000        0.0000000000000000        1.2769265434779225E-002   0.0000000000000000     
  -10.494000000000000        0.0000000000000000        1.3007022222885170E-002   0.0000000000000000     
  -10.296000000000001        0.0000000000000000        1.3252935788098765E-002   0.0000000000000000     
  -10.098000000000001        0.0000000000000000        1.3507456262572347E-002   0.0000000000000000     
  -9.9000000000000004        0.0000000000000000        1.3771057607037462E-002   0.0000000000000000     
  -9.7020000000000000        0.0000000000000000        1.4044239284699968E-002   0.0000000000000000     
  -9.5040000000000013        0.0000000000000000        1.4327527053021941E-002   0.0000000000000000     
  -9.3060000000000009        0.0000000000000000        1.4621474467554211E-002   0.0000000000000000     
  -9.1080000000000005        0.0000000000000000        1.4926663393967607E-002   0.0000000000000000     
  -8.9100000000000001        0.0000000000000000        1.5243705969533576E-002   0.0000000000000000     
  -8.7119999999999997        0.0000000000000000        1.5573244353791271E-002   0.0000000000000000     
  -8.5140000000000011        0.0000000000000000        1.5915951400502101E-002   0.0000000000000000     
  -8.3160000000000007        0.0000000000000000        1.6272530237793365E-002   0.0000000000000000     
  -8.1180000000000003        0.0000000000000000        1.6643714365863562E-002   0.0000000000000000     
  -7.9199999999999999        0.0000000000000000        1.7030265275184493E-002   0.0000000000000000     
  -7.7220000000000004        0.0000000000000000        1.7432971239932576E-002   0.0000000000000000     
  -7.5240000000000000        0.0000000000000000        1.7852642658089741E-002   0.0000000000000000     
  -7.3260000000000005        0.0000000000000000        1.8290108310066576E-002   0.0000000000000000     
  -7.1280000000000001        0.0000000000000000        1.8746206588266166E-002   0.0000000000000000     
  -6.9300000000000006        0.0000000000000000        1.9221778228176084E-002   0.0000000000000000     
  -6.7320000000000002        0.0000000000000000        1.9717651365443900E-002   0.0000000000000000     
  -6.5340000000000007        0.0000000000000000        2.0234625886893464E-002   0.0000000000000000     
  -6.3360000000000003        0.0000000000000000        2.0773451308562896E-002   0.0000000000000000     
  -6.1379999999999999        0.0000000000000000        2.1334798098267837E-002   0.0000000000000000     
  -5.9400000000000004        0.0000000000000000        2.1919220668324267E-002   0.0000000000000000     
  -5.7420000000000000        0.0000000000000000        2.2527110950306874E-002   0.0000000000000000     
  -5.5440000000000005        0.0000000000000000        2.3158636927334129E-002   0.0000000000000000     
  -5.3460000000000001        0.0000000000000000        2.3813665404455432E-002   0.0000000000000000     
  -5.1480000000000006        0.0000000000000000        2.4491664221283339E-002   0.0000000000000000     
  -4.9500000000000002        0.0000000000000000        2.5191577766182846E-002   0.0000000000000000     
  -4.7520000000000007        0.0000000000000000        2.5911671934039877E-002   0.0000000000000000     
  -4.5540000000000003        0.0000000000000000        2.6649346591937080E-002   0.0000000000000000     
  -4.3559999999999999        0.0000000000000000        2.7400921512762438E-002   0.0000000000000000     
  -4.1580000000000004        0.0000000000000000        2.8161441930537223E-002   0.0000000000000000     
  -3.9600000000000000        0.0000000000000000        2.8924716578668793E-002   0.0000000000000000     
  -3.7620000000000000        0.0000000000000000        2.9684500457240547E-002   0.0000000000000000     
  -3.5640000000000001        0.0000000000000000        3.0436865407251310E-002   0.0000000000000000     
  -3.3660000000000001        0.0000000000000000        3.1169970732418131E-002   0.0000000000000000     
  -3.1680000000000001        0.0000000000000000        3.1862622907361401E-002   0.0000000000000000     
  -2.9700000000000002        0.0000000000000000        3.2494512062482363E-002   0.0000000000000000     
  -2.7720000000000002        0.0000000000000000        3.3046252309073675E-002   0.0000000000000000     
  -2.5740000000000003        0.0000000000000000        3.3489564658267371E-002   0.0000000000000000     
  -2.3760000000000003        0.0000000000000000        3.3780617428819534E-002   0.0000000000000000     
  -2.1779999999999999        0.0000000000000000        3.3842114673795484E-002   0.0000000000000000     
  -1.9800000000000000        0.0000000000000000        3.3619255346520688E-002   0.0000000000000000     
  -1.7820000000000000        0.0000000000000000        3.3060870857360092E-002   0.0000000000000000     
  -1.5840000000000001        0.0000000000000000        3.2079721481702593E-002   0.0000000000000000     
  -1.3860000000000001        0.0000000000000000        3.0594488535081239E-002   0.0000000000000000     
  -1.1880000000000002        0.0000000000000000        2.8503643517377435E-002   0.0000000000000000     
 -0.98999999999999999        0.0000000000000000        2.5697124202580319E-002   0.0000000000000000     
 -0.79200000000000004        0.0000000000000000        2.2093277671029515E-002   0.0000000000000000     
 -0.59400000000000008        0.0000000000000000        1.7611989869420454E-002   0.0000000000000000     
 -0.39600000000000002        0.0000000000000000        1.2271736458746697E-002   0.0000000000000000     
 -0.19800000000000001        0.0000000000000000        6.2955349622768036E-003   0.0000000000000000     
   0.0000000000000000        0.0000000000000000        0.0000000000000000        0.0000000000000000     
  0.19800000000000001        0.0000000000000000       -6.2955349622768036E-003   0.0000000000000000     
  0.39600000000000002        0.0000000000000000       -1.2271736458746697E-002   0.0000000000000000     
  0.59400000000000008        0.0000000000000000       -1.7611989869420454E-002   0.0000000000000000     
  0.79200000000000004        0.0000000000000000       -2.2093277671029515E-002   0.0000000000000000     
  0.98999999999999999        0.0000000000000000       -2.5697124202580319E-002   0.0000000000000000     
   1.1880000000000002        0.0000000000000000       -2.8503643517377435E-002   0.0000000000000000     
   1.3860000000000001        0.0000000000000000       -3.0594488535081239E-002   0.0000000000000000     
   1.5840000000000001        0.0000000000000000       -3.2079721481702593E-002   0.0000000000000000     
   1.7820000000000000        0.0000000000000000       -3.3060870857360092E-002   0.0000000000000000     
   1.9800000000000000        0.0000000000000000       -3.3619255346520688E-002   0.0000000000000000     
   2.1779999999999999        0.0000000000000000       -3.3842114673795484E-002   0.0000000000000000     
   2.3760000000000003        0.0000000000000000       -3.3780617428819534E-002   0.0000000000000000     
   2.5740000000000003        0.0000000000000000       -3.3489564658267371E-002   0.0000000000000000     
   2.7720000000000002        0.0000000000000000       -3.3046252309073675E-002   0.0000000000000000     
   2.9700000000000002        0.0000000000000000       -3.2494512062482363E-002   0.0000000000000000     
   3.1680000000000001        0.0000000000000000       -3.1862622907361401E-002   0.0000000000000000     
   3.3660000000000001        0.0000000000000000       -3.1169970732418131E-002   0.0000000000000000     
   3.5640000000000001        0.0000000000000000       -3.0436865407251310E-002   0.0000000000000000     
   3.7620000000000000        0.0000000000000000       -2.9684500457240547E-002   0.0000000000000000     
   3.9600000000000000        0.0000000000000000       -2.8924716578668793E-002   0.0000000000000000     
   4.1580000000000004        0.0000000000000000       -2.8161441930537223E-002   0.0000000000000000     
   4.3559999999999999        0.0000000000000000       -2.7400921512762438E-002   0.0000000000000000     
   4.5540000000000003        0.0000000000000000       -2.6649346591937080E-002   0.0000000000000000     
   4.7520000000000007        0.0000000000000000       -2.5911671934039877E-002   0.0000000000000000     
   4.9500000000000002        0.0000000000000000       -2.5191577766182846E-002   0.0000000000000000     
   5.1480000000000006        0.0000000000000000       -2.4491664221283339E-002   0.0000000000000000     
   5.3460000000000001        0.0000000000000000       -2.3813665404455432E-002   0.0000000000000000     
   5.5440000000000005        0.0000000000000000       -2.3158636927334129E-002   0.0000000000000000     
   5.7420000000000000        0.0000000000000000       -2.2527110950306874E-002   0.0000000000000000     
   5.9400000000000004        0.0000000000000000       -2.1919220668324267E-002   0.0000000000000000     
   6.1379999999999999        0.0000000000000000       -2.1334798098267837E-002   0.0000000000000000     
   6.3360000000000003        0.0000000000000000       -2.0773451308562896E-002   0.0000000000000000     
   6.5340000000000007        0.0000000000000000       -2.0234625886893464E-002   0.0000000000000000     
   6.7320000000000002        0.0000000000000000       -1.9717651365443900E-002   0.0000000000000000     
   6.9300000000000006        0.0000000000000000       -1.9221778228176084E-002   0.0000000000000000     
   7.1280000000000001        0.0000000000000000       -1.8746206588266166E-002   0.0000000000000000     
   7.3260000000000005        0.0000000000000000       -1.8290108310066576E-002   0.0000000000000000     
   7.5240000000000000        0.0000000000000000       -1.7852642658089741E-002   0.0000000000000000     
   7.7220000000000004        0.0000000000000000       -1.7432971239932576E-002   0.0000000000000000     
   7.9199999999999999        0.0000000000000000       -1.7030265275184493E-002   0.0000000000000000     
   8.1180000000000003        0.0000000000000000       -1.6643714365863562E-002   0.0000000000000000     
   8.3160000000000007        0.0000000000000000       -1.6272530237793365E-002   0.0000000000000000     
   8.5140000000000011        0.0000000000000000       -1.5915951400502101E-002   0.0000000000000000     
   8.7119999999999997        0.0000000000000000       -1.5573244353791271E-002   0.0000000000000000     
   8.9100000000000001        0.0000000000000000       -1.5243705969533576E-002   0.0000000000000000     
   9.1080000000000005        0.0000000000000000       -1.4926663393967607E-002   0.0000000000000000     
   9.3060000000000009        0.0000000000000000       -1.4621474467554211E-002   0.0000000000000000     
   9.5040000000000013        0.0000000000000000       -1.4327527053021941E-002   0.0000000000000000     
   9.7020000000000000        0.0000000000000000       -1.4044239284699968E-002   0.0000000000000000     
   9.9000000000000004        0.0000000000000000       -1.3771057607037462E-002   0.0000000000000000     
   10.098000000000001        0.0000000000000000       -1.3507456262572347E-002   0.0000000000000000     
   10.296000000000001        0.0000000000000000       -1.3252935788098765E-002   0.0000000000000000     
   10.494000000000000        0.0000000000000000       -1.3007022222885170E-002   0.0000000000000000     
   10.692000000000000        0.0000000000000000       -1.2769265434779225E-002   0.0000000000000000     
   10.890000000000001        0.0000000000000000       -1.2539238046370868E-002   0.0000000000000000     
   11.088000000000001        0.0000000000000000       -1.2316533747270987E-002   0.0000000000000000     
   11.286000000000001        0.0000000000000000       -1.2100766354849777E-002   0.0000000000000000     
   11.484000000000000        0.0000000000000000       -1.1891568207629231E-002   0.0000000000000000     
   11.682000000000000        0.0000000000000000       -1.1688589160116523E-002   0.0000000000000000     
   11.880000000000001        0.0000000000000000       -1.1491494754055122E-002   0.0000000000000000     
   12.078000000000001        0.0000000000000000       -1.1299965675975857E-002   0.0000000000000000     
   12.276000000000000        0.0000000000000000       -1.1113695863464812E-002   0.0000000000000000     
   12.474000000000000        0.0000000000000000       -1.0932391626737049E-002   0.0000000000000000     
   12.672000000000001        0.0000000000000000       -1.0755770377084700E-002   0.0000000000000000     
   12.870000000000001        0.0000000000000000       -1.0583559297254866E-002   0.0000000000000000     
   13.068000000000001        0.0000000000000000       -1.0415494053767066E-002   0.0000000000000000     
   13.266000000000000        0.0000000000000000       -1.0251317896365049E-002   0.0000000000000000     
   13.464000000000000        0.0000000000000000       -1.0090780010852370E-002   0.0000000000000000     
   13.662000000000001        0.0000000000000000       -9.9336340581211453E-003   0.0000000000000000     
   13.860000000000001        0.0000000000000000       -9.7796375197106798E-003   0.0000000000000000     
   14.058000000000000        0.0000000000000000       -9.6285492478001729E-003   0.0000000000000000     
   14.256000000000000        0.0000000000000000       -9.4801286725050785E-003   0.0000000000000000     
   14.454000000000001        0.0000000000000000       -9.3341338717359296E-003   0.0000000000000000     
   14.652000000000001        0.0000000000000000       -9.1903195212298498E-003   0.0000000000000000     
   14.850000000000001        0.0000000000000000       -9.0484349634876240E-003   0.0000000000000000     
   15.048000000000000        0.0000000000000000       -8.9082219633162991E-003   0.0000000000000000     
   15.246000000000000        0.0000000000000000       -8.7694121075769065E-003   0.0000000000000000     
   15.444000000000001        0.0000000000000000       -8.6317236859878195E-003   0.0000000000000000     
   15.642000000000001        0.0000000000000000       -8.4948587212513478E-003   0.0000000000000000     
   15.840000000000000        0.0000000000000000       -8.3584986405231768E-003   0.0000000000000000     
   16.038000000000000        0.0000000000000000       -8.2223001524317028E-003   0.0000000000000000     
   16.236000000000001        0.0000000000000000       -8.0861622103067330E-003   0.0000000000000000     
   16.434000000000001        0.0000000000000000       -7.9494656278057945E-003   0.0000000000000000     
   16.632000000000001        0.0000000000000000       -7.8117719900424164E-003   0.0000000000000000     
   16.830000000000002        0.0000000000000000       -7.6726004061195849E-003   0.0000000000000000     
   17.028000000000002        0.0000000000000000       -7.5314153641726075E-003   0.0000000000000000     
   17.225999999999999        0.0000000000000000       -7.3875762822347571E-003   0.0000000000000000     
   17.423999999999999        0.0000000000000000       -7.2404567603604510E-003   0.0000000000000000     
   17.622000000000000        0.0000000000000000       -7.0887140397000352E-003   0.0000000000000000     
   17.820000000000000        0.0000000000000000       -6.9324679752001466E-003   0.0000000000000000     
   18.018000000000001        0.0000000000000000       -6.7696514206783513E-003   0.0000000000000000     
   18.216000000000001        0.0000000000000000       -6.5992553031163541E-003   0.0000000000000000     
   18.414000000000001        0.0000000000000000       -6.4204505835531245E-003   0.0000000000000000     
   18.612000000000002        0.0000000000000000       -6.2326181180466182E-003   0.0000000000000000     
   18.810000000000002        0.0000000000000000       -6.0330836286977231E-003   0.0000000000000000     
   19.008000000000003        0.0000000000000000       -5.8210600142548780E-003   0.0000000000000000     
   19.206000000000000        0.0000000000000000       -5.5952691765198690E-003   0.0000000000000000     
   19.404000000000000        0.0000000000000000       -5.3532057608954384E-003   0.0000000000000000     
   19.602000000000000        0.0000000000000000       -5.0886310901982540E-003   0.0000000000000000     
