  -19.602000000000000        0.0000000000000000        2.1898323282967314E-004   0.0000000000000000     
  -19.404000000000000        0.0000000000000000        2.2854489532157348E-004   0.0000000000000000     
  -19.206000000000000        0.0000000000000000        2.3730167038924451E-004   0.0000000000000000     
  -19.008000000000003        0.0000000000000000        2.4632471455145747E-004   0.0000000000000000     
  -18.810000000000002        0.0000000000000000        2.5561644780107136E-004   0.0000000000000000     
  -18.612000000000002        0.0000000000000000        2.6467610116037244E-004   0.0000000000000000     
  -18.414000000000001        0.0000000000000000        2.7343970626859330E-004   0.0000000000000000     
  -18.216000000000001        0.0000000000000000        2.8192947063751181E-004   0.0000000000000000     
  -18.018000000000001        0.0000000000000000        2.8998428767989441E-004   0.0000000000000000     
  -17.820000000000000        0.0000000000000000        2.9764318831396658E-004   0.0000000000000000     
  -17.622000000000000        0.0000000000000000        3.0486427216107223E-004   0.0000000000000000     
  -17.423999999999999        0.0000000000000000        3.1178383228345553E-004   0.0000000000000000     
  -17.225999999999999        0.0000000000000000        3.1843321849695698E-004   0.0000000000000000     
  -17.028000000000002        0.0000000000000000        3.2489269907330003E-004   0.0000000000000000     
  -16.830000000000002        0.0000000000000000        3.3116530207125252E-004   0.0000000000000000     
  -16.632000000000001        0.0000000000000000        3.3729671383587393E-004   0.0000000000000000     
  -16.434000000000001        0.0000000000000000        3.4334797116470132E-004   0.0000000000000000     
  -16.236000000000001        0.0000000000000000        3.4928804976310846E-004   0.0000000000000000     
  -16.038000000000000        0.0000000000000000        3.5514128785075263E-004   0.0000000000000000     
  -15.840000000000000        0.0000000000000000        3.6092922184895491E-004   0.0000000000000000     
  -15.642000000000001        0.0000000000000000        3.6667096228122675E-004   0.0000000000000000     
  -15.444000000000001        0.0000000000000000        3.7238358223261791E-004   0.0000000000000000     
  -15.246000000000000        0.0000000000000000        3.7808242576097651E-004   0.0000000000000000     
  -15.048000000000000        0.0000000000000000        3.8378136166580915E-004   0.0000000000000000     
  -14.850000000000001        0.0000000000000000        3.8949304938389539E-004   0.0000000000000000     
  -14.652000000000001        0.0000000000000000        3.9522911268125417E-004   0.0000000000000000     
  -14.454000000000001        0.0000000000000000        4.0100032760340788E-004   0.0000000000000000     
  -14.256000000000000        0.0000000000000000        4.0681674552879501E-004   0.0000000000000000     
  -14.058000000000000        0.0000000000000000        4.1268784240560048E-004   0.0000000000000000     
  -13.860000000000001        0.0000000000000000        4.1862261495924645E-004   0.0000000000000000     
  -13.662000000000001        0.0000000000000000        4.2462967770641300E-004   0.0000000000000000     
  -13.464000000000000        0.0000000000000000        4.3071732672850667E-004   0.0000000000000000     
  -13.266000000000000        0.0000000000000000        4.3689363023344312E-004   0.0000000000000000     
  -13.068000000000001        0.0000000000000000        4.4316648544480609E-004   0.0000000000000000     
  -12.870000000000001        0.0000000000000000        4.4954366612950122E-004   0.0000000000000000     
  -12.672000000000001        0.0000000000000000        4.5603288254020703E-004   0.0000000000000000     
  -12.474000000000000        0.0000000000000000        4.6264180555366199E-004   0.0000000000000000     
  -12.276000000000000        0.0000000000000000        4.6937814156272314E-004   0.0000000000000000     
  -12.078000000000001        0.0000000000000000        4.7624963089211111E-004   0.0000000000000000     
  -11.880000000000001        0.0000000000000000        4.8326410537888185E-004   0.0000000000000000     
  -11.682000000000000        0.0000000000000000        4.9042949629370136E-004   0.0000000000000000     
  -11.484000000000000        0.0000000000000000        4.9775391113401121E-004   0.0000000000000000     
  -11.286000000000001        0.0000000000000000        5.0524558805509115E-004   0.0000000000000000     
  -11.088000000000001        0.0000000000000000        5.1291297828012826E-004   0.0000000000000000     
  -10.890000000000001        0.0000000000000000        5.2076474005124343E-004   0.0000000000000000     
  -10.692000000000000        0.0000000000000000        5.2880977616193386E-004   0.0000000000000000     
  -10.494000000000000        0.0000000000000000        5.3705723274727899E-004   0.0000000000000000     
  -10.296000000000001        0.0000000000000000        5.4551651648030938E-004   0.0000000000000000     
  -10.098000000000001        0.0000000000000000        5.5419732640113136E-004   0.0000000000000000     
  -9.9000000000000004        0.0000000000000000        5.6310963649012136E-004   0.0000000000000000     
  -9.7020000000000000        0.0000000000000000        5.7226374284992257E-004   0.0000000000000000     
  -9.5040000000000013        0.0000000000000000        5.8167021325412200E-004   0.0000000000000000     
  -9.3060000000000009        0.0000000000000000        5.9133990582705776E-004   0.0000000000000000     
  -9.1080000000000005        0.0000000000000000        6.0128398739237368E-004   0.0000000000000000     
  -8.9100000000000001        0.0000000000000000        6.1151391061653915E-004   0.0000000000000000     
  -8.7119999999999997        0.0000000000000000        6.2204137021139674E-004   0.0000000000000000     
  -8.5140000000000011        0.0000000000000000        6.3287830689480028E-004   0.0000000000000000     
  -8.3160000000000007        0.0000000000000000        6.4403686202330946E-004   0.0000000000000000     
  -8.1180000000000003        0.0000000000000000        6.5552939949811739E-004   0.0000000000000000     
  -7.9199999999999999        0.0000000000000000        6.6736839887103928E-004   0.0000000000000000     
  -7.7220000000000004        0.0000000000000000        6.7956649227205736E-004   0.0000000000000000     
  -7.5240000000000000        0.0000000000000000        6.9213641682406017E-004   0.0000000000000000     
  -7.3260000000000005        0.0000000000000000        7.0509102501251043E-004   0.0000000000000000     
  -7.1280000000000001        0.0000000000000000        7.1844331278437179E-004   0.0000000000000000     
  -6.9300000000000006        0.0000000000000000        7.3220650544353740E-004   0.0000000000000000     
  -6.7320000000000002        0.0000000000000000        7.4639425460254331E-004   0.0000000000000000     
  -6.5340000000000007        0.0000000000000000        7.6102088462064914E-004   0.0000000000000000     
  -6.3360000000000003        0.0000000000000000        7.7610190938784841E-004   0.0000000000000000     
  -6.1379999999999999        0.0000000000000000        7.9165466388096011E-004   0.0000000000000000     
  -5.9400000000000004        0.0000000000000000        8.0769948682445645E-004   0.0000000000000000     
  -5.7420000000000000        0.0000000000000000        8.2426126882453768E-004   0.0000000000000000     
  -5.5440000000000005        0.0000000000000000        8.4137171618324470E-004   0.0000000000000000     
  -5.3460000000000001        0.0000000000000000        8.5907263804054282E-004   0.0000000000000000     
  -5.1480000000000006        0.0000000000000000        8.7742052079567911E-004   0.0000000000000000     
  -4.9500000000000002        0.0000000000000000        8.9649302725445417E-004   0.0000000000000000     
  -4.7520000000000007        0.0000000000000000        9.1639762756454471E-004   0.0000000000000000     
  -4.5540000000000003        0.0000000000000000        9.3728329793119135E-004   0.0000000000000000     
  -4.3559999999999999        0.0000000000000000        9.5935472722309819E-004   0.0000000000000000     
  -4.1580000000000004        0.0000000000000000        9.8288715229716554E-004   0.0000000000000000     
  -3.9600000000000000        0.0000000000000000        1.0082340065804389E-003   0.0000000000000000     
  -3.7620000000000000        0.0000000000000000        1.0358074739725651E-003   0.0000000000000000     
  -3.5640000000000001        0.0000000000000000        1.0659970830645096E-003   0.0000000000000000     
  -3.3660000000000001        0.0000000000000000        1.0989961112203353E-003   0.0000000000000000     
  -3.1680000000000001        0.0000000000000000        1.1346220451819789E-003   0.0000000000000000     
  -2.9700000000000002        0.0000000000000000        1.1725361764533535E-003   0.0000000000000000     
  -2.7720000000000002        0.0000000000000000        1.2124990428898804E-003   0.0000000000000000     
  -2.5740000000000003        0.0000000000000000        1.2537369616789904E-003   0.0000000000000000     
  -2.3760000000000003        0.0000000000000000        1.2945622746525188E-003   0.0000000000000000     
  -2.1779999999999999        0.0000000000000000        1.3341009320595541E-003   0.0000000000000000     
  -1.9800000000000000        0.0000000000000000        1.3717332321562332E-003   0.0000000000000000     
  -1.7820000000000000        0.0000000000000000        1.4033929377116994E-003   0.0000000000000000     
  -1.5840000000000001        0.0000000000000000        1.4235180528355334E-003   0.0000000000000000     
  -1.3860000000000001        0.0000000000000000        1.4254176557319163E-003   0.0000000000000000     
  -1.1880000000000002        0.0000000000000000        1.4012011329339652E-003   0.0000000000000000     
 -0.98999999999999999        0.0000000000000000        1.3383578100219324E-003   0.0000000000000000     
 -0.79200000000000004        0.0000000000000000        1.2190367229024301E-003   0.0000000000000000     
 -0.59400000000000008        0.0000000000000000        1.0279193829854435E-003   0.0000000000000000     
 -0.39600000000000002        0.0000000000000000        7.5327784571091851E-004   0.0000000000000000     
 -0.19800000000000001        0.0000000000000000        4.0088307182888273E-004   0.0000000000000000     
   0.0000000000000000        0.0000000000000000        0.0000000000000000        0.0000000000000000     
  0.19800000000000001        0.0000000000000000       -4.0088307182888273E-004   0.0000000000000000     
  0.39600000000000002        0.0000000000000000       -7.5327784571091851E-004   0.0000000000000000     
  0.59400000000000008        0.0000000000000000       -1.0279193829854435E-003   0.0000000000000000     
  0.79200000000000004        0.0000000000000000       -1.2190367229024301E-003   0.0000000000000000     
  0.98999999999999999        0.0000000000000000       -1.3383578100219324E-003   0.0000000000000000     
   1.1880000000000002        0.0000000000000000       -1.4012011329339652E-003   0.0000000000000000     
   1.3860000000000001        0.0000000000000000       -1.4254176557319163E-003   0.0000000000000000     
   1.5840000000000001        0.0000000000000000       -1.4235180528355334E-003   0.0000000000000000     
   1.7820000000000000        0.0000000000000000       -1.4033929377116994E-003   0.0000000000000000     
   1.9800000000000000        0.0000000000000000       -1.3717332321562332E-003   0.0000000000000000     
   2.1779999999999999        0.0000000000000000       -1.3341009320595541E-003   0.0000000000000000     
   2.3760000000000003        0.0000000000000000       -1.2945622746525188E-003   0.0000000000000000     
   2.5740000000000003        0.0000000000000000       -1.2537369616789904E-003   0.0000000000000000     
   2.7720000000000002        0.0000000000000000       -1.2124990428898804E-003   0.0000000000000000     
   2.9700000000000002        0.0000000000000000       -1.1725361764533535E-003   0.0000000000000000     
   3.1680000000000001        0.0000000000000000       -1.1346220451819789E-003   0.0000000000000000     
   3.3660000000000001        0.0000000000000000       -1.0989961112203353E-003   0.0000000000000000     
   3.5640000000000001        0.0000000000000000       -1.0659970830645096E-003   0.0000000000000000     
   3.7620000000000000        0.0000000000000000       -1.0358074739725651E-003   0.0000000000000000     
   3.9600000000000000        0.0000000000000000       -1.0082340065804389E-003   0.0000000000000000     
   4.1580000000000004        0.0000000000000000       -9.8288715229716554E-004   0.0000000000000000     
   4.3559999999999999        0.0000000000000000       -9.5935472722309819E-004   0.0000000000000000     
   4.5540000000000003        0.0000000000000000       -9.3728329793119135E-004   0.0000000000000000     
   4.7520000000000007        0.0000000000000000       -9.1639762756454471E-004   0.0000000000000000     
   4.9500000000000002        0.0000000000000000       -8.9649302725445417E-004   0.0000000000000000     
   5.1480000000000006        0.0000000000000000       -8.7742052079567911E-004   0.0000000000000000     
   5.3460000000000001        0.0000000000000000       -8.5907263804054282E-004   0.0000000000000000     
   5.5440000000000005        0.0000000000000000       -8.4137171618324470E-004   0.0000000000000000     
   5.7420000000000000        0.0000000000000000       -8.2426126882453768E-004   0.0000000000000000     
   5.9400000000000004        0.0000000000000000       -8.0769948682445645E-004   0.0000000000000000     
   6.1379999999999999        0.0000000000000000       -7.9165466388096011E-004   0.0000000000000000     
   6.3360000000000003        0.0000000000000000       -7.7610190938784841E-004   0.0000000000000000     
   6.5340000000000007        0.0000000000000000       -7.6102088462064914E-004   0.0000000000000000     
   6.7320000000000002        0.0000000000000000       -7.4639425460254331E-004   0.0000000000000000     
   6.9300000000000006        0.0000000000000000       -7.3220650544353740E-004   0.0000000000000000     
   7.1280000000000001        0.0000000000000000       -7.1844331278437179E-004   0.0000000000000000     
   7.3260000000000005        0.0000000000000000       -7.0509102501251043E-004   0.0000000000000000     
   7.5240000000000000        0.0000000000000000       -6.9213641682406017E-004   0.0000000000000000     
   7.7220000000000004        0.0000000000000000       -6.7956649227205736E-004   0.0000000000000000     
   7.9199999999999999        0.0000000000000000       -6.6736839887103928E-004   0.0000000000000000     
   8.1180000000000003        0.0000000000000000       -6.5552939949811739E-004   0.0000000000000000     
   8.3160000000000007        0.0000000000000000       -6.4403686202330946E-004   0.0000000000000000     
   8.5140000000000011        0.0000000000000000       -6.3287830689480028E-004   0.0000000000000000     
   8.7119999999999997        0.0000000000000000       -6.2204137021139674E-004   0.0000000000000000     
   8.9100000000000001        0.0000000000000000       -6.1151391061653915E-004   0.0000000000000000     
   9.1080000000000005        0.0000000000000000       -6.0128398739237368E-004   0.0000000000000000     
   9.3060000000000009        0.0000000000000000       -5.9133990582705776E-004   0.0000000000000000     
   9.5040000000000013        0.0000000000000000       -5.8167021325412200E-004   0.0000000000000000     
   9.7020000000000000        0.0000000000000000       -5.7226374284992257E-004   0.0000000000000000     
   9.9000000000000004        0.0000000000000000       -5.6310963649012136E-004   0.0000000000000000     
   10.098000000000001        0.0000000000000000       -5.5419732640113136E-004   0.0000000000000000     
   10.296000000000001        0.0000000000000000       -5.4551651648030938E-004   0.0000000000000000     
   10.494000000000000        0.0000000000000000       -5.3705723274727899E-004   0.0000000000000000     
   10.692000000000000        0.0000000000000000       -5.2880977616193386E-004   0.0000000000000000     
   10.890000000000001        0.0000000000000000       -5.2076474005124343E-004   0.0000000000000000     
   11.088000000000001        0.0000000000000000       -5.1291297828012826E-004   0.0000000000000000     
   11.286000000000001        0.0000000000000000       -5.0524558805509115E-004   0.0000000000000000     
   11.484000000000000        0.0000000000000000       -4.9775391113401121E-004   0.0000000000000000     
   11.682000000000000        0.0000000000000000       -4.9042949629370136E-004   0.0000000000000000     
   11.880000000000001        0.0000000000000000       -4.8326410537888185E-004   0.0000000000000000     
   12.078000000000001        0.0000000000000000       -4.7624963089211111E-004   0.0000000000000000     
   12.276000000000000        0.0000000000000000       -4.6937814156272314E-004   0.0000000000000000     
   12.474000000000000        0.0000000000000000       -4.6264180555366199E-004   0.0000000000000000     
   12.672000000000001        0.0000000000000000       -4.5603288254020703E-004   0.0000000000000000     
   12.870000000000001        0.0000000000000000       -4.4954366612950122E-004   0.0000000000000000     
   13.068000000000001        0.0000000000000000       -4.4316648544480609E-004   0.0000000000000000     
   13.266000000000000        0.0000000000000000       -4.3689363023344312E-004   0.0000000000000000     
   13.464000000000000        0.0000000000000000       -4.3071732672850667E-004   0.0000000000000000     
   13.662000000000001        0.0000000000000000       -4.2462967770641300E-004   0.0000000000000000     
   13.860000000000001        0.0000000000000000       -4.1862261495924645E-004   0.0000000000000000     
   14.058000000000000        0.0000000000000000       -4.1268784240560048E-004   0.0000000000000000     
   14.256000000000000        0.0000000000000000       -4.0681674552879501E-004   0.0000000000000000     
   14.454000000000001        0.0000000000000000       -4.0100032760340788E-004   0.0000000000000000     
   14.652000000000001        0.0000000000000000       -3.9522911268125417E-004   0.0000000000000000     
   14.850000000000001        0.0000000000000000       -3.8949304938389539E-004   0.0000000000000000     
   15.048000000000000        0.0000000000000000       -3.8378136166580915E-004   0.0000000000000000     
   15.246000000000000        0.0000000000000000       -3.7808242576097651E-004   0.0000000000000000     
   15.444000000000001        0.0000000000000000       -3.7238358223261791E-004   0.0000000000000000     
   15.642000000000001        0.0000000000000000       -3.6667096228122675E-004   0.0000000000000000     
   15.840000000000000        0.0000000000000000       -3.6092922184895491E-004   0.0000000000000000     
   16.038000000000000        0.0000000000000000       -3.5514128785075263E-004   0.0000000000000000     
   16.236000000000001        0.0000000000000000       -3.4928804976310846E-004   0.0000000000000000     
   16.434000000000001        0.0000000000000000       -3.4334797116470132E-004   0.0000000000000000     
   16.632000000000001        0.0000000000000000       -3.3729671383587393E-004   0.0000000000000000     
   16.830000000000002        0.0000000000000000       -3.3116530207125252E-004   0.0000000000000000     
   17.028000000000002        0.0000000000000000       -3.2489269907330003E-004   0.0000000000000000     
   17.225999999999999        0.0000000000000000       -3.1843321849695698E-004   0.0000000000000000     
   17.423999999999999        0.0000000000000000       -3.1178383228345553E-004   0.0000000000000000     
   17.622000000000000        0.0000000000000000       -3.0486427216107223E-004   0.0000000000000000     
   17.820000000000000        0.0000000000000000       -2.9764318831396658E-004   0.0000000000000000     
   18.018000000000001        0.0000000000000000       -2.8998428767989441E-004   0.0000000000000000     
   18.216000000000001        0.0000000000000000       -2.8192947063751181E-004   0.0000000000000000     
   18.414000000000001        0.0000000000000000       -2.7343970626859330E-004   0.0000000000000000     
   18.612000000000002        0.0000000000000000       -2.6467610116037244E-004   0.0000000000000000     
   18.810000000000002        0.0000000000000000       -2.5561644780107136E-004   0.0000000000000000     
   19.008000000000003        0.0000000000000000       -2.4632471455145747E-004   0.0000000000000000     
   19.206000000000000        0.0000000000000000       -2.3730167038924451E-004   0.0000000000000000     
   19.404000000000000        0.0000000000000000       -2.2854489532157348E-004   0.0000000000000000     
   19.602000000000000        0.0000000000000000       -2.1898323282967314E-004   0.0000000000000000     
