  -19.602000000000000        0.0000000000000000       -2.7010299232388819E-004   0.0000000000000000     
  -19.404000000000000        0.0000000000000000       -2.8366179844783058E-004   0.0000000000000000     
  -19.206000000000000        0.0000000000000000       -2.9620414529536520E-004   0.0000000000000000     
  -19.008000000000003        0.0000000000000000       -3.0849131254595102E-004   0.0000000000000000     
  -18.810000000000002        0.0000000000000000       -3.2050308222415850E-004   0.0000000000000000     
  -18.612000000000002        0.0000000000000000       -3.3215238246037197E-004   0.0000000000000000     
  -18.414000000000001        0.0000000000000000       -3.4312717226521515E-004   0.0000000000000000     
  -18.216000000000001        0.0000000000000000       -3.5358853909964178E-004   0.0000000000000000     
  -18.018000000000001        0.0000000000000000       -3.6346917821927143E-004   0.0000000000000000     
  -17.820000000000000        0.0000000000000000       -3.7281763557840805E-004   0.0000000000000000     
  -17.622000000000000        0.0000000000000000       -3.8170139214820770E-004   0.0000000000000000     
  -17.423999999999999        0.0000000000000000       -3.9014564714776268E-004   0.0000000000000000     
  -17.225999999999999        0.0000000000000000       -3.9825664389200942E-004   0.0000000000000000     
  -17.028000000000002        0.0000000000000000       -4.0608564092562403E-004   0.0000000000000000     
  -16.830000000000002        0.0000000000000000       -4.1367889884292967E-004   0.0000000000000000     
  -16.632000000000001        0.0000000000000000       -4.2107752312979172E-004   0.0000000000000000     
  -16.434000000000001        0.0000000000000000       -4.2826990885842418E-004   0.0000000000000000     
  -16.236000000000001        0.0000000000000000       -4.3540675302314319E-004   0.0000000000000000     
  -16.038000000000000        0.0000000000000000       -4.4244388330827336E-004   0.0000000000000000     
  -15.840000000000000        0.0000000000000000       -4.4940604981099069E-004   0.0000000000000000     
  -15.642000000000001        0.0000000000000000       -4.5631527413793940E-004   0.0000000000000000     
  -15.444000000000001        0.0000000000000000       -4.6319123135473155E-004   0.0000000000000000     
  -15.246000000000000        0.0000000000000000       -4.7005166609774774E-004   0.0000000000000000     
  -15.048000000000000        0.0000000000000000       -4.7691266132141074E-004   0.0000000000000000     
  -14.850000000000001        0.0000000000000000       -4.8378891488031883E-004   0.0000000000000000     
  -14.652000000000001        0.0000000000000000       -4.9069397319247002E-004   0.0000000000000000     
  -14.454000000000001        0.0000000000000000       -4.9764040141706347E-004   0.0000000000000000     
  -14.256000000000000        0.0000000000000000       -5.0463996166879492E-004   0.0000000000000000     
  -14.058000000000000        0.0000000000000000       -5.1170373912456154E-004   0.0000000000000000     
  -13.860000000000001        0.0000000000000000       -5.1884227103943660E-004   0.0000000000000000     
  -13.662000000000001        0.0000000000000000       -5.2606564548896711E-004   0.0000000000000000     
  -13.464000000000000        0.0000000000000000       -5.3338358830157316E-004   0.0000000000000000     
  -13.266000000000000        0.0000000000000000       -5.4080552913638629E-004   0.0000000000000000     
  -13.068000000000001        0.0000000000000000       -5.4834070140653899E-004   0.0000000000000000     
  -12.870000000000001        0.0000000000000000       -5.5599818145347316E-004   0.0000000000000000     
  -12.672000000000001        0.0000000000000000       -5.6378694195073783E-004   0.0000000000000000     
  -12.474000000000000        0.0000000000000000       -5.7171589951805681E-004   0.0000000000000000     
  -12.276000000000000        0.0000000000000000       -5.7979397080395849E-004   0.0000000000000000     
  -12.078000000000001        0.0000000000000000       -5.8803008907724723E-004   0.0000000000000000     
  -11.880000000000001        0.0000000000000000       -5.9643325878298826E-004   0.0000000000000000     
  -11.682000000000000        0.0000000000000000       -6.0501259105862591E-004   0.0000000000000000     
  -11.484000000000000        0.0000000000000000       -6.1377729621597279E-004   0.0000000000000000     
  -11.286000000000001        0.0000000000000000       -6.2273675972784632E-004   0.0000000000000000     
  -11.088000000000001        0.0000000000000000       -6.3190051209841523E-004   0.0000000000000000     
  -10.890000000000001        0.0000000000000000       -6.4127830147969419E-004   0.0000000000000000     
  -10.692000000000000        0.0000000000000000       -6.5088007794420952E-004   0.0000000000000000     
  -10.494000000000000        0.0000000000000000       -6.6071600157910425E-004   0.0000000000000000     
  -10.296000000000001        0.0000000000000000       -6.7079648857355746E-004   0.0000000000000000     
  -10.098000000000001        0.0000000000000000       -6.8113218693647529E-004   0.0000000000000000     
  -9.9000000000000004        0.0000000000000000       -6.9173400432177075E-004   0.0000000000000000     
  -9.7020000000000000        0.0000000000000000       -7.0261310157612559E-004   0.0000000000000000     
  -9.5040000000000013        0.0000000000000000       -7.1378091333430566E-004   0.0000000000000000     
  -9.3060000000000009        0.0000000000000000       -7.2524909432731611E-004   0.0000000000000000     
  -9.1080000000000005        0.0000000000000000       -7.3702956607471927E-004   0.0000000000000000     
  -8.9100000000000001        0.0000000000000000       -7.4913452607331440E-004   0.0000000000000000     
  -8.7119999999999997        0.0000000000000000       -7.6157637549749651E-004   0.0000000000000000     
  -8.5140000000000011        0.0000000000000000       -7.7436777297751498E-004   0.0000000000000000     
  -8.3160000000000007        0.0000000000000000       -7.8752163148857314E-004   0.0000000000000000     
  -8.1180000000000003        0.0000000000000000       -8.0105112180738449E-004   0.0000000000000000     
  -7.9199999999999999        0.0000000000000000       -8.1496972557031642E-004   0.0000000000000000     
  -7.7220000000000004        0.0000000000000000       -8.2929131393885550E-004   0.0000000000000000     
  -7.5240000000000000        0.0000000000000000       -8.4403025475286275E-004   0.0000000000000000     
  -7.3260000000000005        0.0000000000000000       -8.5920162162343966E-004   0.0000000000000000     
  -7.1280000000000001        0.0000000000000000       -8.7482152991022618E-004   0.0000000000000000     
  -6.9300000000000006        0.0000000000000000       -8.9090755680824288E-004   0.0000000000000000     
  -6.7320000000000002        0.0000000000000000       -9.0747956239529124E-004   0.0000000000000000     
  -6.5340000000000007        0.0000000000000000       -9.2456058937362905E-004   0.0000000000000000     
  -6.3360000000000003        0.0000000000000000       -9.4217850859252509E-004   0.0000000000000000     
  -6.1379999999999999        0.0000000000000000       -9.6036820471538914E-004   0.0000000000000000     
  -5.9400000000000004        0.0000000000000000       -9.7917465246869840E-004   0.0000000000000000     
  -5.7420000000000000        0.0000000000000000       -9.9865744530718763E-004   0.0000000000000000     
  -5.5440000000000005        0.0000000000000000       -1.0188970444360459E-003   0.0000000000000000     
  -5.3460000000000001        0.0000000000000000       -1.0400034963041775E-003   0.0000000000000000     
  -5.1480000000000006        0.0000000000000000       -1.0621284731445280E-003   0.0000000000000000     
  -4.9500000000000002        0.0000000000000000       -1.0854814183337560E-003   0.0000000000000000     
  -4.7520000000000007        0.0000000000000000       -1.1103508151032481E-003   0.0000000000000000     
  -4.5540000000000003        0.0000000000000000       -1.1371305769164077E-003   0.0000000000000000     
  -4.3559999999999999        0.0000000000000000       -1.1663499734280301E-003   0.0000000000000000     
  -4.1580000000000004        0.0000000000000000       -1.1986999992149065E-003   0.0000000000000000     
  -3.9600000000000000        0.0000000000000000       -1.2350305920975273E-003   0.0000000000000000     
  -3.7620000000000000        0.0000000000000000       -1.2762341877840487E-003   0.0000000000000000     
  -3.5640000000000001        0.0000000000000000       -1.3227638390874898E-003   0.0000000000000000     
  -3.3660000000000001        0.0000000000000000       -1.3736175354115202E-003   0.0000000000000000     
  -3.1680000000000001        0.0000000000000000       -1.4265739652417320E-003   0.0000000000000000     
  -2.9700000000000002        0.0000000000000000       -1.4782284663358166E-003   0.0000000000000000     
  -2.7720000000000002        0.0000000000000000       -1.5284436631676354E-003   0.0000000000000000     
  -2.5740000000000003        0.0000000000000000       -1.5804016610609399E-003   0.0000000000000000     
  -2.3760000000000003        0.0000000000000000       -1.6351801041599172E-003   0.0000000000000000     
  -2.1779999999999999        0.0000000000000000       -1.6920001325079919E-003   0.0000000000000000     
  -1.9800000000000000        0.0000000000000000       -1.7477200956857227E-003   0.0000000000000000     
  -1.7820000000000000        0.0000000000000000       -1.7973409222636692E-003   0.0000000000000000     
  -1.5840000000000001        0.0000000000000000       -1.8345154421301362E-003   0.0000000000000000     
  -1.3860000000000001        0.0000000000000000       -1.8520488730970222E-003   0.0000000000000000     
  -1.1880000000000002        0.0000000000000000       -1.8373392308197653E-003   0.0000000000000000     
 -0.98999999999999999        0.0000000000000000       -1.7686181012641434E-003   0.0000000000000000     
 -0.79200000000000004        0.0000000000000000       -1.6222681333887981E-003   0.0000000000000000     
 -0.59400000000000008        0.0000000000000000       -1.3750991779549518E-003   0.0000000000000000     
 -0.39600000000000002        0.0000000000000000       -1.0110541741958151E-003   0.0000000000000000     
 -0.19800000000000001        0.0000000000000000       -5.3853472834458356E-004   0.0000000000000000     
   0.0000000000000000        0.0000000000000000        0.0000000000000000        0.0000000000000000     
  0.19800000000000001        0.0000000000000000        5.3853472834458356E-004   0.0000000000000000     
  0.39600000000000002        0.0000000000000000        1.0110541741958151E-003   0.0000000000000000     
  0.59400000000000008        0.0000000000000000        1.3750991779549518E-003   0.0000000000000000     
  0.79200000000000004        0.0000000000000000        1.6222681333887981E-003   0.0000000000000000     
  0.98999999999999999        0.0000000000000000        1.7686181012641434E-003   0.0000000000000000     
   1.1880000000000002        0.0000000000000000        1.8373392308197653E-003   0.0000000000000000     
   1.3860000000000001        0.0000000000000000        1.8520488730970222E-003   0.0000000000000000     
   1.5840000000000001        0.0000000000000000        1.8345154421301362E-003   0.0000000000000000     
   1.7820000000000000        0.0000000000000000        1.7973409222636692E-003   0.0000000000000000     
   1.9800000000000000        0.0000000000000000        1.7477200956857227E-003   0.0000000000000000     
   2.1779999999999999        0.0000000000000000        1.6920001325079919E-003   0.0000000000000000     
   2.3760000000000003        0.0000000000000000        1.6351801041599172E-003   0.0000000000000000     
   2.5740000000000003        0.0000000000000000        1.5804016610609399E-003   0.0000000000000000     
   2.7720000000000002        0.0000000000000000        1.5284436631676354E-003   0.0000000000000000     
   2.9700000000000002        0.0000000000000000        1.4782284663358166E-003   0.0000000000000000     
   3.1680000000000001        0.0000000000000000        1.4265739652417320E-003   0.0000000000000000     
   3.3660000000000001        0.0000000000000000        1.3736175354115202E-003   0.0000000000000000     
   3.5640000000000001        0.0000000000000000        1.3227638390874898E-003   0.0000000000000000     
   3.7620000000000000        0.0000000000000000        1.2762341877840487E-003   0.0000000000000000     
   3.9600000000000000        0.0000000000000000        1.2350305920975273E-003   0.0000000000000000     
   4.1580000000000004        0.0000000000000000        1.1986999992149065E-003   0.0000000000000000     
   4.3559999999999999        0.0000000000000000        1.1663499734280301E-003   0.0000000000000000     
   4.5540000000000003        0.0000000000000000        1.1371305769164077E-003   0.0000000000000000     
   4.7520000000000007        0.0000000000000000        1.1103508151032481E-003   0.0000000000000000     
   4.9500000000000002        0.0000000000000000        1.0854814183337560E-003   0.0000000000000000     
   5.1480000000000006        0.0000000000000000        1.0621284731445280E-003   0.0000000000000000     
   5.3460000000000001        0.0000000000000000        1.0400034963041775E-003   0.0000000000000000     
   5.5440000000000005        0.0000000000000000        1.0188970444360459E-003   0.0000000000000000     
   5.7420000000000000        0.0000000000000000        9.9865744530718763E-004   0.0000000000000000     
   5.9400000000000004        0.0000000000000000        9.7917465246869840E-004   0.0000000000000000     
   6.1379999999999999        0.0000000000000000        9.6036820471538914E-004   0.0000000000000000     
   6.3360000000000003        0.0000000000000000        9.4217850859252509E-004   0.0000000000000000     
   6.5340000000000007        0.0000000000000000        9.2456058937362905E-004   0.0000000000000000     
   6.7320000000000002        0.0000000000000000        9.0747956239529124E-004   0.0000000000000000     
   6.9300000000000006        0.0000000000000000        8.9090755680824288E-004   0.0000000000000000     
   7.1280000000000001        0.0000000000000000        8.7482152991022618E-004   0.0000000000000000     
   7.3260000000000005        0.0000000000000000        8.5920162162343966E-004   0.0000000000000000     
   7.5240000000000000        0.0000000000000000        8.4403025475286275E-004   0.0000000000000000     
   7.7220000000000004        0.0000000000000000        8.2929131393885550E-004   0.0000000000000000     
   7.9199999999999999        0.0000000000000000        8.1496972557031642E-004   0.0000000000000000     
   8.1180000000000003        0.0000000000000000        8.0105112180738449E-004   0.0000000000000000     
   8.3160000000000007        0.0000000000000000        7.8752163148857314E-004   0.0000000000000000     
   8.5140000000000011        0.0000000000000000        7.7436777297751498E-004   0.0000000000000000     
   8.7119999999999997        0.0000000000000000        7.6157637549749651E-004   0.0000000000000000     
   8.9100000000000001        0.0000000000000000        7.4913452607331440E-004   0.0000000000000000     
   9.1080000000000005        0.0000000000000000        7.3702956607471927E-004   0.0000000000000000     
   9.3060000000000009        0.0000000000000000        7.2524909432731611E-004   0.0000000000000000     
   9.5040000000000013        0.0000000000000000        7.1378091333430566E-004   0.0000000000000000     
   9.7020000000000000        0.0000000000000000        7.0261310157612559E-004   0.0000000000000000     
   9.9000000000000004        0.0000000000000000        6.9173400432177075E-004   0.0000000000000000     
   10.098000000000001        0.0000000000000000        6.8113218693647529E-004   0.0000000000000000     
   10.296000000000001        0.0000000000000000        6.7079648857355746E-004   0.0000000000000000     
   10.494000000000000        0.0000000000000000        6.6071600157910425E-004   0.0000000000000000     
   10.692000000000000        0.0000000000000000        6.5088007794420952E-004   0.0000000000000000     
   10.890000000000001        0.0000000000000000        6.4127830147969419E-004   0.0000000000000000     
   11.088000000000001        0.0000000000000000        6.3190051209841523E-004   0.0000000000000000     
   11.286000000000001        0.0000000000000000        6.2273675972784632E-004   0.0000000000000000     
   11.484000000000000        0.0000000000000000        6.1377729621597279E-004   0.0000000000000000     
   11.682000000000000        0.0000000000000000        6.0501259105862591E-004   0.0000000000000000     
   11.880000000000001        0.0000000000000000        5.9643325878298826E-004   0.0000000000000000     
   12.078000000000001        0.0000000000000000        5.8803008907724723E-004   0.0000000000000000     
   12.276000000000000        0.0000000000000000        5.7979397080395849E-004   0.0000000000000000     
   12.474000000000000        0.0000000000000000        5.7171589951805681E-004   0.0000000000000000     
   12.672000000000001        0.0000000000000000        5.6378694195073783E-004   0.0000000000000000     
   12.870000000000001        0.0000000000000000        5.5599818145347316E-004   0.0000000000000000     
   13.068000000000001        0.0000000000000000        5.4834070140653899E-004   0.0000000000000000     
   13.266000000000000        0.0000000000000000        5.4080552913638629E-004   0.0000000000000000     
   13.464000000000000        0.0000000000000000        5.3338358830157316E-004   0.0000000000000000     
   13.662000000000001        0.0000000000000000        5.2606564548896711E-004   0.0000000000000000     
   13.860000000000001        0.0000000000000000        5.1884227103943660E-004   0.0000000000000000     
   14.058000000000000        0.0000000000000000        5.1170373912456154E-004   0.0000000000000000     
   14.256000000000000        0.0000000000000000        5.0463996166879492E-004   0.0000000000000000     
   14.454000000000001        0.0000000000000000        4.9764040141706347E-004   0.0000000000000000     
   14.652000000000001        0.0000000000000000        4.9069397319247002E-004   0.0000000000000000     
   14.850000000000001        0.0000000000000000        4.8378891488031883E-004   0.0000000000000000     
   15.048000000000000        0.0000000000000000        4.7691266132141074E-004   0.0000000000000000     
   15.246000000000000        0.0000000000000000        4.7005166609774774E-004   0.0000000000000000     
   15.444000000000001        0.0000000000000000        4.6319123135473155E-004   0.0000000000000000     
   15.642000000000001        0.0000000000000000        4.5631527413793940E-004   0.0000000000000000     
   15.840000000000000        0.0000000000000000        4.4940604981099069E-004   0.0000000000000000     
   16.038000000000000        0.0000000000000000        4.4244388330827336E-004   0.0000000000000000     
   16.236000000000001        0.0000000000000000        4.3540675302314319E-004   0.0000000000000000     
   16.434000000000001        0.0000000000000000        4.2826990885842418E-004   0.0000000000000000     
   16.632000000000001        0.0000000000000000        4.2107752312979172E-004   0.0000000000000000     
   16.830000000000002        0.0000000000000000        4.1367889884292967E-004   0.0000000000000000     
   17.028000000000002        0.0000000000000000        4.0608564092562403E-004   0.0000000000000000     
   17.225999999999999        0.0000000000000000        3.9825664389200942E-004   0.0000000000000000     
   17.423999999999999        0.0000000000000000        3.9014564714776268E-004   0.0000000000000000     
   17.622000000000000        0.0000000000000000        3.8170139214820770E-004   0.0000000000000000     
   17.820000000000000        0.0000000000000000        3.7281763557840805E-004   0.0000000000000000     
   18.018000000000001        0.0000000000000000        3.6346917821927143E-004   0.0000000000000000     
   18.216000000000001        0.0000000000000000        3.5358853909964178E-004   0.0000000000000000     
   18.414000000000001        0.0000000000000000        3.4312717226521515E-004   0.0000000000000000     
   18.612000000000002        0.0000000000000000        3.3215238246037197E-004   0.0000000000000000     
   18.810000000000002        0.0000000000000000        3.2050308222415850E-004   0.0000000000000000     
   19.008000000000003        0.0000000000000000        3.0849131254595102E-004   0.0000000000000000     
   19.206000000000000        0.0000000000000000        2.9620414529536520E-004   0.0000000000000000     
   19.404000000000000        0.0000000000000000        2.8366179844783058E-004   0.0000000000000000     
   19.602000000000000        0.0000000000000000        2.7010299232388819E-004   0.0000000000000000     
