  -19.602000000000000        0.0000000000000000        2.2766657029987255E-004   0.0000000000000000     
  -19.404000000000000        0.0000000000000000        2.4026866528304829E-004   0.0000000000000000     
  -19.206000000000000        0.0000000000000000        2.5226623692473635E-004   0.0000000000000000     
  -19.008000000000003        0.0000000000000000        2.6392090588460339E-004   0.0000000000000000     
  -18.810000000000002        0.0000000000000000        2.7489856900969882E-004   0.0000000000000000     
  -18.612000000000002        0.0000000000000000        2.8526895656775256E-004   0.0000000000000000     
  -18.414000000000001        0.0000000000000000        2.9491657025602154E-004   0.0000000000000000     
  -18.216000000000001        0.0000000000000000        3.0403940912363773E-004   0.0000000000000000     
  -18.018000000000001        0.0000000000000000        3.1261493659463855E-004   0.0000000000000000     
  -17.820000000000000        0.0000000000000000        3.2071583322299907E-004   0.0000000000000000     
  -17.622000000000000        0.0000000000000000        3.2841136771092955E-004   0.0000000000000000     
  -17.423999999999999        0.0000000000000000        3.3572744954228677E-004   0.0000000000000000     
  -17.225999999999999        0.0000000000000000        3.4275651493203489E-004   0.0000000000000000     
  -17.028000000000002        0.0000000000000000        3.4953830984473373E-004   0.0000000000000000     
  -16.830000000000002        0.0000000000000000        3.5612380345366581E-004   0.0000000000000000     
  -16.632000000000001        0.0000000000000000        3.6254270860709264E-004   0.0000000000000000     
  -16.434000000000001        0.0000000000000000        3.6873447778305862E-004   0.0000000000000000     
  -16.236000000000001        0.0000000000000000        3.7492865496915423E-004   0.0000000000000000     
  -16.038000000000000        0.0000000000000000        3.8103641599441422E-004   0.0000000000000000     
  -15.840000000000000        0.0000000000000000        3.8707931611839294E-004   0.0000000000000000     
  -15.642000000000001        0.0000000000000000        3.9307657100153058E-004   0.0000000000000000     
  -15.444000000000001        0.0000000000000000        3.9904543986444803E-004   0.0000000000000000     
  -15.246000000000000        0.0000000000000000        4.0500145039456056E-004   0.0000000000000000     
  -15.048000000000000        0.0000000000000000        4.1095871651884453E-004   0.0000000000000000     
  -14.850000000000001        0.0000000000000000        4.1693013217263756E-004   0.0000000000000000     
  -14.652000000000001        0.0000000000000000        4.2292754118939329E-004   0.0000000000000000     
  -14.454000000000001        0.0000000000000000        4.2896193380592218E-004   0.0000000000000000     
  -14.256000000000000        0.0000000000000000        4.3504356767067579E-004   0.0000000000000000     
  -14.058000000000000        0.0000000000000000        4.4118210308152246E-004   0.0000000000000000     
  -13.860000000000001        0.0000000000000000        4.4738668182404121E-004   0.0000000000000000     
  -13.662000000000001        0.0000000000000000        4.5366604786295549E-004   0.0000000000000000     
  -13.464000000000000        0.0000000000000000        4.6002861679011521E-004   0.0000000000000000     
  -13.266000000000000        0.0000000000000000        4.6648252156626191E-004   0.0000000000000000     
  -13.068000000000001        0.0000000000000000        4.7303570043278432E-004   0.0000000000000000     
  -12.870000000000001        0.0000000000000000        4.7969594622525823E-004   0.0000000000000000     
  -12.672000000000001        0.0000000000000000        4.8647093923953849E-004   0.0000000000000000     
  -12.474000000000000        0.0000000000000000        4.9336829496104484E-004   0.0000000000000000     
  -12.276000000000000        0.0000000000000000        5.0039560899999642E-004   0.0000000000000000     
  -12.078000000000001        0.0000000000000000        5.0756046725944966E-004   0.0000000000000000     
  -11.880000000000001        0.0000000000000000        5.1487049081292368E-004   0.0000000000000000     
  -11.682000000000000        0.0000000000000000        5.2233335891930643E-004   0.0000000000000000     
  -11.484000000000000        0.0000000000000000        5.2995682486540584E-004   0.0000000000000000     
  -11.286000000000001        0.0000000000000000        5.3774873379602058E-004   0.0000000000000000     
  -11.088000000000001        0.0000000000000000        5.4571703420699025E-004   0.0000000000000000     
  -10.890000000000001        0.0000000000000000        5.5386980980312529E-004   0.0000000000000000     
  -10.692000000000000        0.0000000000000000        5.6221525691537105E-004   0.0000000000000000     
  -10.494000000000000        0.0000000000000000        5.7076172456805891E-004   0.0000000000000000     
  -10.296000000000001        0.0000000000000000        5.7951767766657942E-004   0.0000000000000000     
  -10.098000000000001        0.0000000000000000        5.8849173043956583E-004   0.0000000000000000     
  -9.9000000000000004        0.0000000000000000        5.9769262031308891E-004   0.0000000000000000     
  -9.7020000000000000        0.0000000000000000        6.0712922383962097E-004   0.0000000000000000     
  -9.5040000000000013        0.0000000000000000        6.1681050127791227E-004   0.0000000000000000     
  -9.3060000000000009        0.0000000000000000        6.2674553951190179E-004   0.0000000000000000     
  -9.1080000000000005        0.0000000000000000        6.3694347992390384E-004   0.0000000000000000     
  -8.9100000000000001        0.0000000000000000        6.4741352144789940E-004   0.0000000000000000     
  -8.7119999999999997        0.0000000000000000        6.5816492293151662E-004   0.0000000000000000     
  -8.5140000000000011        0.0000000000000000        6.6920692837359251E-004   0.0000000000000000     
  -8.3160000000000007        0.0000000000000000        6.8054879461983294E-004   0.0000000000000000     
  -8.1180000000000003        0.0000000000000000        6.9219976178044906E-004   0.0000000000000000     
  -7.9199999999999999        0.0000000000000000        7.0416906204437619E-004   0.0000000000000000     
  -7.7220000000000004        0.0000000000000000        7.1646596857514761E-004   0.0000000000000000     
  -7.5240000000000000        0.0000000000000000        7.2909983393628134E-004   0.0000000000000000     
  -7.3260000000000005        0.0000000000000000        7.4208022514182532E-004   0.0000000000000000     
  -7.1280000000000001        0.0000000000000000        7.5541714058408656E-004   0.0000000000000000     
  -6.9300000000000006        0.0000000000000000        7.6912131056682193E-004   0.0000000000000000     
  -6.7320000000000002        0.0000000000000000        7.8320468947568598E-004   0.0000000000000000     
  -6.5340000000000007        0.0000000000000000        7.9768121730084828E-004   0.0000000000000000     
  -6.3360000000000003        0.0000000000000000        8.1256780646949041E-004   0.0000000000000000     
  -6.1379999999999999        0.0000000000000000        8.2788595856372351E-004   0.0000000000000000     
  -5.9400000000000004        0.0000000000000000        8.4366394257052383E-004   0.0000000000000000     
  -5.7420000000000000        0.0000000000000000        8.5993996465931835E-004   0.0000000000000000     
  -5.5440000000000005        0.0000000000000000        8.7676681575272152E-004   0.0000000000000000     
  -5.3460000000000001        0.0000000000000000        8.9421846669406643E-004   0.0000000000000000     
  -5.1480000000000006        0.0000000000000000        9.1239965337956979E-004   0.0000000000000000     
  -4.9500000000000002        0.0000000000000000        9.3145990463145323E-004   0.0000000000000000     
  -4.7520000000000007        0.0000000000000000        9.5161372539177098E-004   0.0000000000000000     
  -4.5540000000000003        0.0000000000000000        9.7316931350628980E-004   0.0000000000000000     
  -4.3559999999999999        0.0000000000000000        9.9656706942278855E-004   0.0000000000000000     
  -4.1580000000000004        0.0000000000000000        1.0224226611556318E-003   0.0000000000000000     
  -3.9600000000000000        0.0000000000000000        1.0515449496712557E-003   0.0000000000000000     
  -3.7620000000000000        0.0000000000000000        1.0848253307151642E-003   0.0000000000000000     
  -3.5640000000000001        0.0000000000000000        1.1227776407051458E-003   0.0000000000000000     
  -3.3660000000000001        0.0000000000000000        1.1650098341009639E-003   0.0000000000000000     
  -3.1680000000000001        0.0000000000000000        1.2112955839754282E-003   0.0000000000000000     
  -2.9700000000000002        0.0000000000000000        1.2560688065415013E-003   0.0000000000000000     
  -2.7720000000000002        0.0000000000000000        1.2959937340868374E-003   0.0000000000000000     
  -2.5740000000000003        0.0000000000000000        1.3368115873936357E-003   0.0000000000000000     
  -2.3760000000000003        0.0000000000000000        1.3805341788050618E-003   0.0000000000000000     
  -2.1779999999999999        0.0000000000000000        1.4259107165020808E-003   0.0000000000000000     
  -1.9800000000000000        0.0000000000000000        1.4710342006292766E-003   0.0000000000000000     
  -1.7820000000000000        0.0000000000000000        1.5124114627909815E-003   0.0000000000000000     
  -1.5840000000000001        0.0000000000000000        1.5445720020193783E-003   0.0000000000000000     
  -1.3860000000000001        0.0000000000000000        1.5585161839120132E-003   0.0000000000000000     
  -1.1880000000000002        0.0000000000000000        1.5432789434698985E-003   0.0000000000000000     
 -0.98999999999999999        0.0000000000000000        1.4811021967948989E-003   0.0000000000000000     
 -0.79200000000000004        0.0000000000000000        1.3563615463541849E-003   0.0000000000000000     
 -0.59400000000000008        0.0000000000000000        1.1502778853535952E-003   0.0000000000000000     
 -0.39600000000000002        0.0000000000000000        8.4668618885031758E-004   0.0000000000000000     
 -0.19800000000000001        0.0000000000000000        4.5203489576760541E-004   0.0000000000000000     
   0.0000000000000000        0.0000000000000000        0.0000000000000000        0.0000000000000000     
  0.19800000000000001        0.0000000000000000       -4.5203489576760541E-004   0.0000000000000000     
  0.39600000000000002        0.0000000000000000       -8.4668618885031758E-004   0.0000000000000000     
  0.59400000000000008        0.0000000000000000       -1.1502778853535952E-003   0.0000000000000000     
  0.79200000000000004        0.0000000000000000       -1.3563615463541849E-003   0.0000000000000000     
  0.98999999999999999        0.0000000000000000       -1.4811021967948989E-003   0.0000000000000000     
   1.1880000000000002        0.0000000000000000       -1.5432789434698985E-003   0.0000000000000000     
   1.3860000000000001        0.0000000000000000       -1.5585161839120132E-003   0.0000000000000000     
   1.5840000000000001        0.0000000000000000       -1.5445720020193783E-003   0.0000000000000000     
   1.7820000000000000        0.0000000000000000       -1.5124114627909815E-003   0.0000000000000000     
   1.9800000000000000        0.0000000000000000       -1.4710342006292766E-003   0.0000000000000000     
   2.1779999999999999        0.0000000000000000       -1.4259107165020808E-003   0.0000000000000000     
   2.3760000000000003        0.0000000000000000       -1.3805341788050618E-003   0.0000000000000000     
   2.5740000000000003        0.0000000000000000       -1.3368115873936357E-003   0.0000000000000000     
   2.7720000000000002        0.0000000000000000       -1.2959937340868374E-003   0.0000000000000000     
   2.9700000000000002        0.0000000000000000       -1.2560688065415013E-003   0.0000000000000000     
   3.1680000000000001        0.0000000000000000       -1.2112955839754282E-003   0.0000000000000000     
   3.3660000000000001        0.0000000000000000       -1.1650098341009639E-003   0.0000000000000000     
   3.5640000000000001        0.0000000000000000       -1.1227776407051458E-003   0.0000000000000000     
   3.7620000000000000        0.0000000000000000       -1.0848253307151642E-003   0.0000000000000000     
   3.9600000000000000        0.0000000000000000       -1.0515449496712557E-003   0.0000000000000000     
   4.1580000000000004        0.0000000000000000       -1.0224226611556318E-003   0.0000000000000000     
   4.3559999999999999        0.0000000000000000       -9.9656706942278855E-004   0.0000000000000000     
   4.5540000000000003        0.0000000000000000       -9.7316931350628980E-004   0.0000000000000000     
   4.7520000000000007        0.0000000000000000       -9.5161372539177098E-004   0.0000000000000000     
   4.9500000000000002        0.0000000000000000       -9.3145990463145323E-004   0.0000000000000000     
   5.1480000000000006        0.0000000000000000       -9.1239965337956979E-004   0.0000000000000000     
   5.3460000000000001        0.0000000000000000       -8.9421846669406643E-004   0.0000000000000000     
   5.5440000000000005        0.0000000000000000       -8.7676681575272152E-004   0.0000000000000000     
   5.7420000000000000        0.0000000000000000       -8.5993996465931835E-004   0.0000000000000000     
   5.9400000000000004        0.0000000000000000       -8.4366394257052383E-004   0.0000000000000000     
   6.1379999999999999        0.0000000000000000       -8.2788595856372351E-004   0.0000000000000000     
   6.3360000000000003        0.0000000000000000       -8.1256780646949041E-004   0.0000000000000000     
   6.5340000000000007        0.0000000000000000       -7.9768121730084828E-004   0.0000000000000000     
   6.7320000000000002        0.0000000000000000       -7.8320468947568598E-004   0.0000000000000000     
   6.9300000000000006        0.0000000000000000       -7.6912131056682193E-004   0.0000000000000000     
   7.1280000000000001        0.0000000000000000       -7.5541714058408656E-004   0.0000000000000000     
   7.3260000000000005        0.0000000000000000       -7.4208022514182532E-004   0.0000000000000000     
   7.5240000000000000        0.0000000000000000       -7.2909983393628134E-004   0.0000000000000000     
   7.7220000000000004        0.0000000000000000       -7.1646596857514761E-004   0.0000000000000000     
   7.9199999999999999        0.0000000000000000       -7.0416906204437619E-004   0.0000000000000000     
   8.1180000000000003        0.0000000000000000       -6.9219976178044906E-004   0.0000000000000000     
   8.3160000000000007        0.0000000000000000       -6.8054879461983294E-004   0.0000000000000000     
   8.5140000000000011        0.0000000000000000       -6.6920692837359251E-004   0.0000000000000000     
   8.7119999999999997        0.0000000000000000       -6.5816492293151662E-004   0.0000000000000000     
   8.9100000000000001        0.0000000000000000       -6.4741352144789940E-004   0.0000000000000000     
   9.1080000000000005        0.0000000000000000       -6.3694347992390384E-004   0.0000000000000000     
   9.3060000000000009        0.0000000000000000       -6.2674553951190179E-004   0.0000000000000000     
   9.5040000000000013        0.0000000000000000       -6.1681050127791227E-004   0.0000000000000000     
   9.7020000000000000        0.0000000000000000       -6.0712922383962097E-004   0.0000000000000000     
   9.9000000000000004        0.0000000000000000       -5.9769262031308891E-004   0.0000000000000000     
   10.098000000000001        0.0000000000000000       -5.8849173043956583E-004   0.0000000000000000     
   10.296000000000001        0.0000000000000000       -5.7951767766657942E-004   0.0000000000000000     
   10.494000000000000        0.0000000000000000       -5.7076172456805891E-004   0.0000000000000000     
   10.692000000000000        0.0000000000000000       -5.6221525691537105E-004   0.0000000000000000     
   10.890000000000001        0.0000000000000000       -5.5386980980312529E-004   0.0000000000000000     
   11.088000000000001        0.0000000000000000       -5.4571703420699025E-004   0.0000000000000000     
   11.286000000000001        0.0000000000000000       -5.3774873379602058E-004   0.0000000000000000     
   11.484000000000000        0.0000000000000000       -5.2995682486540584E-004   0.0000000000000000     
   11.682000000000000        0.0000000000000000       -5.2233335891930643E-004   0.0000000000000000     
   11.880000000000001        0.0000000000000000       -5.1487049081292368E-004   0.0000000000000000     
   12.078000000000001        0.0000000000000000       -5.0756046725944966E-004   0.0000000000000000     
   12.276000000000000        0.0000000000000000       -5.0039560899999642E-004   0.0000000000000000     
   12.474000000000000        0.0000000000000000       -4.9336829496104484E-004   0.0000000000000000     
   12.672000000000001        0.0000000000000000       -4.8647093923953849E-004   0.0000000000000000     
   12.870000000000001        0.0000000000000000       -4.7969594622525823E-004   0.0000000000000000     
   13.068000000000001        0.0000000000000000       -4.7303570043278432E-004   0.0000000000000000     
   13.266000000000000        0.0000000000000000       -4.6648252156626191E-004   0.0000000000000000     
   13.464000000000000        0.0000000000000000       -4.6002861679011521E-004   0.0000000000000000     
   13.662000000000001        0.0000000000000000       -4.5366604786295549E-004   0.0000000000000000     
   13.860000000000001        0.0000000000000000       -4.4738668182404121E-004   0.0000000000000000     
   14.058000000000000        0.0000000000000000       -4.4118210308152246E-004   0.0000000000000000     
   14.256000000000000        0.0000000000000000       -4.3504356767067579E-004   0.0000000000000000     
   14.454000000000001        0.0000000000000000       -4.2896193380592218E-004   0.0000000000000000     
   14.652000000000001        0.0000000000000000       -4.2292754118939329E-004   0.0000000000000000     
   14.850000000000001        0.0000000000000000       -4.1693013217263756E-004   0.0000000000000000     
   15.048000000000000        0.0000000000000000       -4.1095871651884453E-004   0.0000000000000000     
   15.246000000000000        0.0000000000000000       -4.0500145039456056E-004   0.0000000000000000     
   15.444000000000001        0.0000000000000000       -3.9904543986444803E-004   0.0000000000000000     
   15.642000000000001        0.0000000000000000       -3.9307657100153058E-004   0.0000000000000000     
   15.840000000000000        0.0000000000000000       -3.8707931611839294E-004   0.0000000000000000     
   16.038000000000000        0.0000000000000000       -3.8103641599441422E-004   0.0000000000000000     
   16.236000000000001        0.0000000000000000       -3.7492865496915423E-004   0.0000000000000000     
   16.434000000000001        0.0000000000000000       -3.6873447778305862E-004   0.0000000000000000     
   16.632000000000001        0.0000000000000000       -3.6254270860709264E-004   0.0000000000000000     
   16.830000000000002        0.0000000000000000       -3.5612380345366581E-004   0.0000000000000000     
   17.028000000000002        0.0000000000000000       -3.4953830984473373E-004   0.0000000000000000     
   17.225999999999999        0.0000000000000000       -3.4275651493203489E-004   0.0000000000000000     
   17.423999999999999        0.0000000000000000       -3.3572744954228677E-004   0.0000000000000000     
   17.622000000000000        0.0000000000000000       -3.2841136771092955E-004   0.0000000000000000     
   17.820000000000000        0.0000000000000000       -3.2071583322299907E-004   0.0000000000000000     
   18.018000000000001        0.0000000000000000       -3.1261493659463855E-004   0.0000000000000000     
   18.216000000000001        0.0000000000000000       -3.0403940912363773E-004   0.0000000000000000     
   18.414000000000001        0.0000000000000000       -2.9491657025602154E-004   0.0000000000000000     
   18.612000000000002        0.0000000000000000       -2.8526895656775256E-004   0.0000000000000000     
   18.810000000000002        0.0000000000000000       -2.7489856900969882E-004   0.0000000000000000     
   19.008000000000003        0.0000000000000000       -2.6392090588460339E-004   0.0000000000000000     
   19.206000000000000        0.0000000000000000       -2.5226623692473635E-004   0.0000000000000000     
   19.404000000000000        0.0000000000000000       -2.4026866528304829E-004   0.0000000000000000     
   19.602000000000000        0.0000000000000000       -2.2766657029987255E-004   0.0000000000000000     
