  -19.602000000000000        0.0000000000000000        9.5709202643953119E-005   0.0000000000000000     
  -19.404000000000000        0.0000000000000000        1.0237565257379601E-004   0.0000000000000000     
  -19.206000000000000        0.0000000000000000        1.0877114168085088E-004   0.0000000000000000     
  -19.008000000000003        0.0000000000000000        1.1457926289112925E-004   0.0000000000000000     
  -18.810000000000002        0.0000000000000000        1.1979677767757453E-004   0.0000000000000000     
  -18.612000000000002        0.0000000000000000        1.2449411200473546E-004   0.0000000000000000     
  -18.414000000000001        0.0000000000000000        1.2876276923497152E-004   0.0000000000000000     
  -18.216000000000001        0.0000000000000000        1.3275326395002763E-004   0.0000000000000000     
  -18.018000000000001        0.0000000000000000        1.3649031561334746E-004   0.0000000000000000     
  -17.820000000000000        0.0000000000000000        1.4002400458790041E-004   0.0000000000000000     
  -17.622000000000000        0.0000000000000000        1.4336550678519360E-004   0.0000000000000000     
  -17.423999999999999        0.0000000000000000        1.4656792163991701E-004   0.0000000000000000     
  -17.225999999999999        0.0000000000000000        1.4965110215833403E-004   0.0000000000000000     
  -17.028000000000002        0.0000000000000000        1.5263081378134223E-004   0.0000000000000000     
  -16.830000000000002        0.0000000000000000        1.5552486846176153E-004   0.0000000000000000     
  -16.632000000000001        0.0000000000000000        1.5832857075554754E-004   0.0000000000000000     
  -16.434000000000001        0.0000000000000000        1.6110283355708682E-004   0.0000000000000000     
  -16.236000000000001        0.0000000000000000        1.6383002419362658E-004   0.0000000000000000     
  -16.038000000000000        0.0000000000000000        1.6652045659788108E-004   0.0000000000000000     
  -15.840000000000000        0.0000000000000000        1.6918344411585357E-004   0.0000000000000000     
  -15.642000000000001        0.0000000000000000        1.7182740740901019E-004   0.0000000000000000     
  -15.444000000000001        0.0000000000000000        1.7445997076258744E-004   0.0000000000000000     
  -15.246000000000000        0.0000000000000000        1.7708806615674905E-004   0.0000000000000000     
  -15.048000000000000        0.0000000000000000        1.7971801259455942E-004   0.0000000000000000     
  -14.850000000000001        0.0000000000000000        1.8235559414815010E-004   0.0000000000000000     
  -14.652000000000001        0.0000000000000000        1.8500613623340144E-004   0.0000000000000000     
  -14.454000000000001        0.0000000000000000        1.8767456997390608E-004   0.0000000000000000     
  -14.256000000000000        0.0000000000000000        1.9036548646890724E-004   0.0000000000000000     
  -14.058000000000000        0.0000000000000000        1.9308319250146839E-004   0.0000000000000000     
  -13.860000000000001        0.0000000000000000        1.9583175223318700E-004   0.0000000000000000     
  -13.662000000000001        0.0000000000000000        1.9861502760269928E-004   0.0000000000000000     
  -13.464000000000000        0.0000000000000000        2.0143671500838669E-004   0.0000000000000000     
  -13.266000000000000        0.0000000000000000        2.0430036983552522E-004   0.0000000000000000     
  -13.068000000000001        0.0000000000000000        2.0720943750768527E-004   0.0000000000000000     
  -12.870000000000001        0.0000000000000000        2.1016727092793984E-004   0.0000000000000000     
  -12.672000000000001        0.0000000000000000        2.1317716119901108E-004   0.0000000000000000     
  -12.474000000000000        0.0000000000000000        2.1624233642787775E-004   0.0000000000000000     
  -12.276000000000000        0.0000000000000000        2.1936599411659076E-004   0.0000000000000000     
  -12.078000000000001        0.0000000000000000        2.2255129440758550E-004   0.0000000000000000     
  -11.880000000000001        0.0000000000000000        2.2580138744808783E-004   0.0000000000000000     
  -11.682000000000000        0.0000000000000000        2.2911940345251433E-004   0.0000000000000000     
  -11.484000000000000        0.0000000000000000        2.3250847184315380E-004   0.0000000000000000     
  -11.286000000000001        0.0000000000000000        2.3597171403460585E-004   0.0000000000000000     
  -11.088000000000001        0.0000000000000000        2.3951225655429329E-004   0.0000000000000000     
  -10.890000000000001        0.0000000000000000        2.4313321339242011E-004   0.0000000000000000     
  -10.692000000000000        0.0000000000000000        2.4683770033948033E-004   0.0000000000000000     
  -10.494000000000000        0.0000000000000000        2.5062882119603736E-004   0.0000000000000000     
  -10.296000000000001        0.0000000000000000        2.5450965789273317E-004   0.0000000000000000     
  -10.098000000000001        0.0000000000000000        2.5848327469576537E-004   0.0000000000000000     
  -9.9000000000000004        0.0000000000000000        2.6255269463029126E-004   0.0000000000000000     
  -9.7020000000000000        0.0000000000000000        2.6672088849145816E-004   0.0000000000000000     
  -9.5040000000000013        0.0000000000000000        2.7099076546849369E-004   0.0000000000000000     
  -9.3060000000000009        0.0000000000000000        2.7536515721574126E-004   0.0000000000000000     
  -9.1080000000000005        0.0000000000000000        2.7984678279741526E-004   0.0000000000000000     
  -8.9100000000000001        0.0000000000000000        2.8443826085756095E-004   0.0000000000000000     
  -8.7119999999999997        0.0000000000000000        2.8914205983123723E-004   0.0000000000000000     
  -8.5140000000000011        0.0000000000000000        2.9396050194116052E-004   0.0000000000000000     
  -8.3160000000000007        0.0000000000000000        2.9889572733593023E-004   0.0000000000000000     
  -8.1180000000000003        0.0000000000000000        3.0394970111836055E-004   0.0000000000000000     
  -7.9199999999999999        0.0000000000000000        3.0912420327105817E-004   0.0000000000000000     
  -7.7220000000000004        0.0000000000000000        3.1442082448695103E-004   0.0000000000000000     
  -7.5240000000000000        0.0000000000000000        3.1984100393937001E-004   0.0000000000000000     
  -7.3260000000000005        0.0000000000000000        3.2538606915486878E-004   0.0000000000000000     
  -7.1280000000000001        0.0000000000000000        3.3105729935462328E-004   0.0000000000000000     
  -6.9300000000000006        0.0000000000000000        3.3685605416795627E-004   0.0000000000000000     
  -6.7320000000000002        0.0000000000000000        3.4278395027678059E-004   0.0000000000000000     
  -6.5340000000000007        0.0000000000000000        3.4884311909468897E-004   0.0000000000000000     
  -6.3360000000000003        0.0000000000000000        3.5503659359163991E-004   0.0000000000000000     
  -6.1379999999999999        0.0000000000000000        3.6136885167905154E-004   0.0000000000000000     
  -5.9400000000000004        0.0000000000000000        3.6784667976564825E-004   0.0000000000000000     
  -5.7420000000000000        0.0000000000000000        3.7448037733861831E-004   0.0000000000000000     
  -5.5440000000000005        0.0000000000000000        3.8128571552777525E-004   0.0000000000000000     
  -5.3460000000000001        0.0000000000000000        3.8828690561793763E-004   0.0000000000000000     
  -5.1480000000000006        0.0000000000000000        3.9552144383782052E-004   0.0000000000000000     
  -4.9500000000000002        0.0000000000000000        4.0304794133919162E-004   0.0000000000000000     
  -4.7520000000000007        0.0000000000000000        4.1095907125516298E-004   0.0000000000000000     
  -4.5540000000000003        0.0000000000000000        4.1940267135246779E-004   0.0000000000000000     
  -4.3559999999999999        0.0000000000000000        4.2861553077728739E-004   0.0000000000000000     
  -4.1580000000000004        0.0000000000000000        4.3897345574945787E-004   0.0000000000000000     
  -3.9600000000000000        0.0000000000000000        4.5105145957566209E-004   0.0000000000000000     
  -3.7620000000000000        0.0000000000000000        4.6564497915203737E-004   0.0000000000000000     
  -3.5640000000000001        0.0000000000000000        4.8357445712026131E-004   0.0000000000000000     
  -3.3660000000000001        0.0000000000000000        5.0490274807376613E-004   0.0000000000000000     
  -3.1680000000000001        0.0000000000000000        5.2795560269863447E-004   0.0000000000000000     
  -2.9700000000000002        0.0000000000000000        5.5128779058159186E-004   0.0000000000000000     
  -2.7720000000000002        0.0000000000000000        5.7215375126665278E-004   0.0000000000000000     
  -2.5740000000000003        0.0000000000000000        5.8940782006279406E-004   0.0000000000000000     
  -2.3760000000000003        0.0000000000000000        6.0461737583441773E-004   0.0000000000000000     
  -2.1779999999999999        0.0000000000000000        6.1891778819246786E-004   0.0000000000000000     
  -1.9800000000000000        0.0000000000000000        6.3384532131776619E-004   0.0000000000000000     
  -1.7820000000000000        0.0000000000000000        6.4788229895765617E-004   0.0000000000000000     
  -1.5840000000000001        0.0000000000000000        6.5849006086411818E-004   0.0000000000000000     
  -1.3860000000000001        0.0000000000000000        6.6271926930004394E-004   0.0000000000000000     
  -1.1880000000000002        0.0000000000000000        6.5797081566982695E-004   0.0000000000000000     
 -0.98999999999999999        0.0000000000000000        6.4055500516578729E-004   0.0000000000000000     
 -0.79200000000000004        0.0000000000000000        6.0549628666324324E-004   0.0000000000000000     
 -0.59400000000000008        0.0000000000000000        5.3958982172652324E-004   0.0000000000000000     
 -0.39600000000000002        0.0000000000000000        4.1585139123424890E-004   0.0000000000000000     
 -0.19800000000000001        0.0000000000000000        2.2645169992398592E-004   0.0000000000000000     
   0.0000000000000000        0.0000000000000000        0.0000000000000000        0.0000000000000000     
  0.19800000000000001        0.0000000000000000       -2.2645169992398592E-004   0.0000000000000000     
  0.39600000000000002        0.0000000000000000       -4.1585139123424890E-004   0.0000000000000000     
  0.59400000000000008        0.0000000000000000       -5.3958982172652324E-004   0.0000000000000000     
  0.79200000000000004        0.0000000000000000       -6.0549628666324324E-004   0.0000000000000000     
  0.98999999999999999        0.0000000000000000       -6.4055500516578729E-004   0.0000000000000000     
   1.1880000000000002        0.0000000000000000       -6.5797081566982695E-004   0.0000000000000000     
   1.3860000000000001        0.0000000000000000       -6.6271926930004394E-004   0.0000000000000000     
   1.5840000000000001        0.0000000000000000       -6.5849006086411818E-004   0.0000000000000000     
   1.7820000000000000        0.0000000000000000       -6.4788229895765617E-004   0.0000000000000000     
   1.9800000000000000        0.0000000000000000       -6.3384532131776619E-004   0.0000000000000000     
   2.1779999999999999        0.0000000000000000       -6.1891778819246786E-004   0.0000000000000000     
   2.3760000000000003        0.0000000000000000       -6.0461737583441773E-004   0.0000000000000000     
   2.5740000000000003        0.0000000000000000       -5.8940782006279406E-004   0.0000000000000000     
   2.7720000000000002        0.0000000000000000       -5.7215375126665278E-004   0.0000000000000000     
   2.9700000000000002        0.0000000000000000       -5.5128779058159186E-004   0.0000000000000000     
   3.1680000000000001        0.0000000000000000       -5.2795560269863447E-004   0.0000000000000000     
   3.3660000000000001        0.0000000000000000       -5.0490274807376613E-004   0.0000000000000000     
   3.5640000000000001        0.0000000000000000       -4.8357445712026131E-004   0.0000000000000000     
   3.7620000000000000        0.0000000000000000       -4.6564497915203737E-004   0.0000000000000000     
   3.9600000000000000        0.0000000000000000       -4.5105145957566209E-004   0.0000000000000000     
   4.1580000000000004        0.0000000000000000       -4.3897345574945787E-004   0.0000000000000000     
   4.3559999999999999        0.0000000000000000       -4.2861553077728739E-004   0.0000000000000000     
   4.5540000000000003        0.0000000000000000       -4.1940267135246779E-004   0.0000000000000000     
   4.7520000000000007        0.0000000000000000       -4.1095907125516298E-004   0.0000000000000000     
   4.9500000000000002        0.0000000000000000       -4.0304794133919162E-004   0.0000000000000000     
   5.1480000000000006        0.0000000000000000       -3.9552144383782052E-004   0.0000000000000000     
   5.3460000000000001        0.0000000000000000       -3.8828690561793763E-004   0.0000000000000000     
   5.5440000000000005        0.0000000000000000       -3.8128571552777525E-004   0.0000000000000000     
   5.7420000000000000        0.0000000000000000       -3.7448037733861831E-004   0.0000000000000000     
   5.9400000000000004        0.0000000000000000       -3.6784667976564825E-004   0.0000000000000000     
   6.1379999999999999        0.0000000000000000       -3.6136885167905154E-004   0.0000000000000000     
   6.3360000000000003        0.0000000000000000       -3.5503659359163991E-004   0.0000000000000000     
   6.5340000000000007        0.0000000000000000       -3.4884311909468897E-004   0.0000000000000000     
   6.7320000000000002        0.0000000000000000       -3.4278395027678059E-004   0.0000000000000000     
   6.9300000000000006        0.0000000000000000       -3.3685605416795627E-004   0.0000000000000000     
   7.1280000000000001        0.0000000000000000       -3.3105729935462328E-004   0.0000000000000000     
   7.3260000000000005        0.0000000000000000       -3.2538606915486878E-004   0.0000000000000000     
   7.5240000000000000        0.0000000000000000       -3.1984100393937001E-004   0.0000000000000000     
   7.7220000000000004        0.0000000000000000       -3.1442082448695103E-004   0.0000000000000000     
   7.9199999999999999        0.0000000000000000       -3.0912420327105817E-004   0.0000000000000000     
   8.1180000000000003        0.0000000000000000       -3.0394970111836055E-004   0.0000000000000000     
   8.3160000000000007        0.0000000000000000       -2.9889572733593023E-004   0.0000000000000000     
   8.5140000000000011        0.0000000000000000       -2.9396050194116052E-004   0.0000000000000000     
   8.7119999999999997        0.0000000000000000       -2.8914205983123723E-004   0.0000000000000000     
   8.9100000000000001        0.0000000000000000       -2.8443826085756095E-004   0.0000000000000000     
   9.1080000000000005        0.0000000000000000       -2.7984678279741526E-004   0.0000000000000000     
   9.3060000000000009        0.0000000000000000       -2.7536515721574126E-004   0.0000000000000000     
   9.5040000000000013        0.0000000000000000       -2.7099076546849369E-004   0.0000000000000000     
   9.7020000000000000        0.0000000000000000       -2.6672088849145816E-004   0.0000000000000000     
   9.9000000000000004        0.0000000000000000       -2.6255269463029126E-004   0.0000000000000000     
   10.098000000000001        0.0000000000000000       -2.5848327469576537E-004   0.0000000000000000     
   10.296000000000001        0.0000000000000000       -2.5450965789273317E-004   0.0000000000000000     
   10.494000000000000        0.0000000000000000       -2.5062882119603736E-004   0.0000000000000000     
   10.692000000000000        0.0000000000000000       -2.4683770033948033E-004   0.0000000000000000     
   10.890000000000001        0.0000000000000000       -2.4313321339242011E-004   0.0000000000000000     
   11.088000000000001        0.0000000000000000       -2.3951225655429329E-004   0.0000000000000000     
   11.286000000000001        0.0000000000000000       -2.3597171403460585E-004   0.0000000000000000     
   11.484000000000000        0.0000000000000000       -2.3250847184315380E-004   0.0000000000000000     
   11.682000000000000        0.0000000000000000       -2.2911940345251433E-004   0.0000000000000000     
   11.880000000000001        0.0000000000000000       -2.2580138744808783E-004   0.0000000000000000     
   12.078000000000001        0.0000000000000000       -2.2255129440758550E-004   0.0000000000000000     
   12.276000000000000        0.0000000000000000       -2.1936599411659076E-004   0.0000000000000000     
   12.474000000000000        0.0000000000000000       -2.1624233642787775E-004   0.0000000000000000     
   12.672000000000001        0.0000000000000000       -2.1317716119901108E-004   0.0000000000000000     
   12.870000000000001        0.0000000000000000       -2.1016727092793984E-004   0.0000000000000000     
   13.068000000000001        0.0000000000000000       -2.0720943750768527E-004   0.0000000000000000     
   13.266000000000000        0.0000000000000000       -2.0430036983552522E-004   0.0000000000000000     
   13.464000000000000        0.0000000000000000       -2.0143671500838669E-004   0.0000000000000000     
   13.662000000000001        0.0000000000000000       -1.9861502760269928E-004   0.0000000000000000     
   13.860000000000001        0.0000000000000000       -1.9583175223318700E-004   0.0000000000000000     
   14.058000000000000        0.0000000000000000       -1.9308319250146839E-004   0.0000000000000000     
   14.256000000000000        0.0000000000000000       -1.9036548646890724E-004   0.0000000000000000     
   14.454000000000001        0.0000000000000000       -1.8767456997390608E-004   0.0000000000000000     
   14.652000000000001        0.0000000000000000       -1.8500613623340144E-004   0.0000000000000000     
   14.850000000000001        0.0000000000000000       -1.8235559414815010E-004   0.0000000000000000     
   15.048000000000000        0.0000000000000000       -1.7971801259455942E-004   0.0000000000000000     
   15.246000000000000        0.0000000000000000       -1.7708806615674905E-004   0.0000000000000000     
   15.444000000000001        0.0000000000000000       -1.7445997076258744E-004   0.0000000000000000     
   15.642000000000001        0.0000000000000000       -1.7182740740901019E-004   0.0000000000000000     
   15.840000000000000        0.0000000000000000       -1.6918344411585357E-004   0.0000000000000000     
   16.038000000000000        0.0000000000000000       -1.6652045659788108E-004   0.0000000000000000     
   16.236000000000001        0.0000000000000000       -1.6383002419362658E-004   0.0000000000000000     
   16.434000000000001        0.0000000000000000       -1.6110283355708682E-004   0.0000000000000000     
   16.632000000000001        0.0000000000000000       -1.5832857075554754E-004   0.0000000000000000     
   16.830000000000002        0.0000000000000000       -1.5552486846176153E-004   0.0000000000000000     
   17.028000000000002        0.0000000000000000       -1.5263081378134223E-004   0.0000000000000000     
   17.225999999999999        0.0000000000000000       -1.4965110215833403E-004   0.0000000000000000     
   17.423999999999999        0.0000000000000000       -1.4656792163991701E-004   0.0000000000000000     
   17.622000000000000        0.0000000000000000       -1.4336550678519360E-004   0.0000000000000000     
   17.820000000000000        0.0000000000000000       -1.4002400458790041E-004   0.0000000000000000     
   18.018000000000001        0.0000000000000000       -1.3649031561334746E-004   0.0000000000000000     
   18.216000000000001        0.0000000000000000       -1.3275326395002763E-004   0.0000000000000000     
   18.414000000000001        0.0000000000000000       -1.2876276923497152E-004   0.0000000000000000     
   18.612000000000002        0.0000000000000000       -1.2449411200473546E-004   0.0000000000000000     
   18.810000000000002        0.0000000000000000       -1.1979677767757453E-004   0.0000000000000000     
   19.008000000000003        0.0000000000000000       -1.1457926289112925E-004   0.0000000000000000     
   19.206000000000000        0.0000000000000000       -1.0877114168085088E-004   0.0000000000000000     
   19.404000000000000        0.0000000000000000       -1.0237565257379601E-004   0.0000000000000000     
   19.602000000000000        0.0000000000000000       -9.5709202643953119E-005   0.0000000000000000     
