  -19.602000000000000        0.0000000000000000       -4.1727091240990973E-006   0.0000000000000000     
  -19.404000000000000        0.0000000000000000       -4.3162970176322476E-006   0.0000000000000000     
  -19.206000000000000        0.0000000000000000       -4.4570714217469209E-006   0.0000000000000000     
  -19.008000000000003        0.0000000000000000       -4.5929168158091987E-006   0.0000000000000000     
  -18.810000000000002        0.0000000000000000       -4.7247238815336134E-006   0.0000000000000000     
  -18.612000000000002        0.0000000000000000       -4.8520650680773854E-006   0.0000000000000000     
  -18.414000000000001        0.0000000000000000       -4.9742777364446445E-006   0.0000000000000000     
  -18.216000000000001        0.0000000000000000       -5.0920559712945332E-006   0.0000000000000000     
  -18.018000000000001        0.0000000000000000       -5.2056768813461547E-006   0.0000000000000000     
  -17.820000000000000        0.0000000000000000       -5.3153505064194048E-006   0.0000000000000000     
  -17.622000000000000        0.0000000000000000       -5.4212999645399881E-006   0.0000000000000000     
  -17.423999999999999        0.0000000000000000       -5.5238540399476211E-006   0.0000000000000000     
  -17.225999999999999        0.0000000000000000       -5.6229320454503260E-006   0.0000000000000000     
  -17.028000000000002        0.0000000000000000       -5.7191342598029439E-006   0.0000000000000000     
  -16.830000000000002        0.0000000000000000       -5.8122143952490589E-006   0.0000000000000000     
  -16.632000000000001        0.0000000000000000       -5.9026529842623726E-006   0.0000000000000000     
  -16.434000000000001        0.0000000000000000       -5.9906122581648183E-006   0.0000000000000000     
  -16.236000000000001        0.0000000000000000       -6.0763998792951368E-006   0.0000000000000000     
  -16.038000000000000        0.0000000000000000       -6.1599630802569019E-006   0.0000000000000000     
  -15.840000000000000        0.0000000000000000       -6.2414508287363853E-006   0.0000000000000000     
  -15.642000000000001        0.0000000000000000       -6.3209993967756417E-006   0.0000000000000000     
  -15.444000000000001        0.0000000000000000       -6.3987336470796431E-006   0.0000000000000000     
  -15.246000000000000        0.0000000000000000       -6.4747658376237837E-006   0.0000000000000000     
  -15.048000000000000        0.0000000000000000       -6.5492000917736531E-006   0.0000000000000000     
  -14.850000000000001        0.0000000000000000       -6.6220209549408061E-006   0.0000000000000000     
  -14.652000000000001        0.0000000000000000       -6.6934387009828220E-006   0.0000000000000000     
  -14.454000000000001        0.0000000000000000       -6.7635263226527466E-006   0.0000000000000000     
  -14.256000000000000        0.0000000000000000       -6.8323460784752349E-006   0.0000000000000000     
  -14.058000000000000        0.0000000000000000       -6.8999612459390096E-006   0.0000000000000000     
  -13.860000000000001        0.0000000000000000       -6.9664224077887363E-006   0.0000000000000000     
  -13.662000000000001        0.0000000000000000       -7.0317742859253809E-006   0.0000000000000000     
  -13.464000000000000        0.0000000000000000       -7.0960556477911443E-006   0.0000000000000000     
  -13.266000000000000        0.0000000000000000       -7.1592993198716358E-006   0.0000000000000000     
  -13.068000000000001        0.0000000000000000       -7.2215323029144236E-006   0.0000000000000000     
  -12.870000000000001        0.0000000000000000       -7.2827752048377243E-006   0.0000000000000000     
  -12.672000000000001        0.0000000000000000       -7.3430433875150543E-006   0.0000000000000000     
  -12.474000000000000        0.0000000000000000       -7.4023460423263789E-006   0.0000000000000000     
  -12.276000000000000        0.0000000000000000       -7.4606867545489871E-006   0.0000000000000000     
  -12.078000000000001        0.0000000000000000       -7.5180633080260424E-006   0.0000000000000000     
  -11.880000000000001        0.0000000000000000       -7.5744674268249799E-006   0.0000000000000000     
  -11.682000000000000        0.0000000000000000       -7.6298851514980956E-006   0.0000000000000000     
  -11.484000000000000        0.0000000000000000       -7.6842966365499382E-006   0.0000000000000000     
  -11.286000000000001        0.0000000000000000       -7.7376751377742478E-006   0.0000000000000000     
  -11.088000000000001        0.0000000000000000       -7.7899877116665717E-006   0.0000000000000000     
  -10.890000000000001        0.0000000000000000       -7.8411954053548506E-006   0.0000000000000000     
  -10.692000000000000        0.0000000000000000       -7.8912518028653437E-006   0.0000000000000000     
  -10.494000000000000        0.0000000000000000       -7.9401037335366922E-006   0.0000000000000000     
  -10.296000000000001        0.0000000000000000       -7.9876907769402042E-006   0.0000000000000000     
  -10.098000000000001        0.0000000000000000       -8.0339833804174127E-006   0.0000000000000000     
  -9.9000000000000004        0.0000000000000000       -8.0788633882432844E-006   0.0000000000000000     
  -9.7020000000000000        0.0000000000000000       -8.1222447087556354E-006   0.0000000000000000     
  -9.5040000000000013        0.0000000000000000       -8.1640432864201264E-006   0.0000000000000000     
  -9.3060000000000009        0.0000000000000000       -8.2042161384158111E-006   0.0000000000000000     
  -9.1080000000000005        0.0000000000000000       -8.2426548170808194E-006   0.0000000000000000     
  -8.9100000000000001        0.0000000000000000       -8.2791787461393717E-006   0.0000000000000000     
  -8.7119999999999997        0.0000000000000000       -8.3136404971530463E-006   0.0000000000000000     
  -8.5140000000000011        0.0000000000000000       -8.3458908954022353E-006   0.0000000000000000     
  -8.3160000000000007        0.0000000000000000       -8.3757671325721014E-006   0.0000000000000000     
  -8.1180000000000003        0.0000000000000000       -8.4030924381996668E-006   0.0000000000000000     
  -7.9199999999999999        0.0000000000000000       -8.4276757286172878E-006   0.0000000000000000     
  -7.7220000000000004        0.0000000000000000       -8.4493109192419330E-006   0.0000000000000000     
  -7.5240000000000000        0.0000000000000000       -8.4677760217297915E-006   0.0000000000000000     
  -7.3260000000000005        0.0000000000000000       -8.4828335544423798E-006   0.0000000000000000     
  -7.1280000000000001        0.0000000000000000       -8.4942277853025917E-006   0.0000000000000000     
  -6.9300000000000006        0.0000000000000000       -8.5016856391407933E-006   0.0000000000000000     
  -6.7320000000000002        0.0000000000000000       -8.5049157210375704E-006   0.0000000000000000     
  -6.5340000000000007        0.0000000000000000       -8.5036074287808124E-006   0.0000000000000000     
  -6.3360000000000003        0.0000000000000000       -8.4974298681910632E-006   0.0000000000000000     
  -6.1379999999999999        0.0000000000000000       -8.4860334814837239E-006   0.0000000000000000     
  -5.9400000000000004        0.0000000000000000       -8.4690466591234928E-006   0.0000000000000000     
  -5.7420000000000000        0.0000000000000000       -8.4460779622822244E-006   0.0000000000000000     
  -5.5440000000000005        0.0000000000000000       -8.4167144395678922E-006   0.0000000000000000     
  -5.3460000000000001        0.0000000000000000       -8.3805239872046198E-006   0.0000000000000000     
  -5.1480000000000006        0.0000000000000000       -8.3370573104484994E-006   0.0000000000000000     
  -4.9500000000000002        0.0000000000000000       -8.2858508130528429E-006   0.0000000000000000     
  -4.7520000000000007        0.0000000000000000       -8.2263721853069562E-006   0.0000000000000000     
  -4.5540000000000003        0.0000000000000000       -8.1578632684346961E-006   0.0000000000000000     
  -4.3559999999999999        0.0000000000000000       -8.0797283348140330E-006   0.0000000000000000     
  -4.1580000000000004        0.0000000000000000       -7.9915740841170890E-006   0.0000000000000000     
  -3.9600000000000000        0.0000000000000000       -7.8927932911705361E-006   0.0000000000000000     
  -3.7620000000000000        0.0000000000000000       -7.7826827348441042E-006   0.0000000000000000     
  -3.5640000000000001        0.0000000000000000       -7.6604437768437803E-006   0.0000000000000000     
  -3.3660000000000001        0.0000000000000000       -7.5252508987473983E-006   0.0000000000000000     
  -3.1680000000000001        0.0000000000000000       -7.3764684064976712E-006   0.0000000000000000     
  -2.9700000000000002        0.0000000000000000       -7.2129606043287361E-006   0.0000000000000000     
  -2.7720000000000002        0.0000000000000000       -7.0327428724838855E-006   0.0000000000000000     
  -2.5740000000000003        0.0000000000000000       -6.8330953951276481E-006   0.0000000000000000     
  -2.3760000000000003        0.0000000000000000       -6.6115215437614090E-006   0.0000000000000000     
  -2.1779999999999999        0.0000000000000000       -6.3646368166242334E-006   0.0000000000000000     
  -1.9800000000000000        0.0000000000000000       -6.0879540173030518E-006   0.0000000000000000     
  -1.7820000000000000        0.0000000000000000       -5.7764871007618891E-006   0.0000000000000000     
  -1.5840000000000001        0.0000000000000000       -5.4236953321339124E-006   0.0000000000000000     
  -1.3860000000000001        0.0000000000000000       -5.0215181268312688E-006   0.0000000000000000     
  -1.1880000000000002        0.0000000000000000       -4.5568409140904802E-006   0.0000000000000000     
 -0.98999999999999999        0.0000000000000000       -4.0052715843772175E-006   0.0000000000000000     
 -0.79200000000000004        0.0000000000000000       -3.3572221853720814E-006   0.0000000000000000     
 -0.59400000000000008        0.0000000000000000       -2.6218630277972448E-006   0.0000000000000000     
 -0.39600000000000002        0.0000000000000000       -1.8040004585042933E-006   0.0000000000000000     
 -0.19800000000000001        0.0000000000000000       -9.1956124461697813E-007   0.0000000000000000     
   0.0000000000000000        0.0000000000000000        0.0000000000000000        0.0000000000000000     
  0.19800000000000001        0.0000000000000000        9.1956124461697813E-007   0.0000000000000000     
  0.39600000000000002        0.0000000000000000        1.8040004585042933E-006   0.0000000000000000     
  0.59400000000000008        0.0000000000000000        2.6218630277972448E-006   0.0000000000000000     
  0.79200000000000004        0.0000000000000000        3.3572221853720814E-006   0.0000000000000000     
  0.98999999999999999        0.0000000000000000        4.0052715843772175E-006   0.0000000000000000     
   1.1880000000000002        0.0000000000000000        4.5568409140904802E-006   0.0000000000000000     
   1.3860000000000001        0.0000000000000000        5.0215181268312688E-006   0.0000000000000000     
   1.5840000000000001        0.0000000000000000        5.4236953321339124E-006   0.0000000000000000     
   1.7820000000000000        0.0000000000000000        5.7764871007618891E-006   0.0000000000000000     
   1.9800000000000000        0.0000000000000000        6.0879540173030518E-006   0.0000000000000000     
   2.1779999999999999        0.0000000000000000        6.3646368166242334E-006   0.0000000000000000     
   2.3760000000000003        0.0000000000000000        6.6115215437614090E-006   0.0000000000000000     
   2.5740000000000003        0.0000000000000000        6.8330953951276481E-006   0.0000000000000000     
   2.7720000000000002        0.0000000000000000        7.0327428724838855E-006   0.0000000000000000     
   2.9700000000000002        0.0000000000000000        7.2129606043287361E-006   0.0000000000000000     
   3.1680000000000001        0.0000000000000000        7.3764684064976712E-006   0.0000000000000000     
   3.3660000000000001        0.0000000000000000        7.5252508987473983E-006   0.0000000000000000     
   3.5640000000000001        0.0000000000000000        7.6604437768437803E-006   0.0000000000000000     
   3.7620000000000000        0.0000000000000000        7.7826827348441042E-006   0.0000000000000000     
   3.9600000000000000        0.0000000000000000        7.8927932911705361E-006   0.0000000000000000     
   4.1580000000000004        0.0000000000000000        7.9915740841170890E-006   0.0000000000000000     
   4.3559999999999999        0.0000000000000000        8.0797283348140330E-006   0.0000000000000000     
   4.5540000000000003        0.0000000000000000        8.1578632684346961E-006   0.0000000000000000     
   4.7520000000000007        0.0000000000000000        8.2263721853069562E-006   0.0000000000000000     
   4.9500000000000002        0.0000000000000000        8.2858508130528429E-006   0.0000000000000000     
   5.1480000000000006        0.0000000000000000        8.3370573104484994E-006   0.0000000000000000     
   5.3460000000000001        0.0000000000000000        8.3805239872046198E-006   0.0000000000000000     
   5.5440000000000005        0.0000000000000000        8.4167144395678922E-006   0.0000000000000000     
   5.7420000000000000        0.0000000000000000        8.4460779622822244E-006   0.0000000000000000     
   5.9400000000000004        0.0000000000000000        8.4690466591234928E-006   0.0000000000000000     
   6.1379999999999999        0.0000000000000000        8.4860334814837239E-006   0.0000000000000000     
   6.3360000000000003        0.0000000000000000        8.4974298681910632E-006   0.0000000000000000     
   6.5340000000000007        0.0000000000000000        8.5036074287808124E-006   0.0000000000000000     
   6.7320000000000002        0.0000000000000000        8.5049157210375704E-006   0.0000000000000000     
   6.9300000000000006        0.0000000000000000        8.5016856391407933E-006   0.0000000000000000     
   7.1280000000000001        0.0000000000000000        8.4942277853025917E-006   0.0000000000000000     
   7.3260000000000005        0.0000000000000000        8.4828335544423798E-006   0.0000000000000000     
   7.5240000000000000        0.0000000000000000        8.4677760217297915E-006   0.0000000000000000     
   7.7220000000000004        0.0000000000000000        8.4493109192419330E-006   0.0000000000000000     
   7.9199999999999999        0.0000000000000000        8.4276757286172878E-006   0.0000000000000000     
   8.1180000000000003        0.0000000000000000        8.4030924381996668E-006   0.0000000000000000     
   8.3160000000000007        0.0000000000000000        8.3757671325721014E-006   0.0000000000000000     
   8.5140000000000011        0.0000000000000000        8.3458908954022353E-006   0.0000000000000000     
   8.7119999999999997        0.0000000000000000        8.3136404971530463E-006   0.0000000000000000     
   8.9100000000000001        0.0000000000000000        8.2791787461393717E-006   0.0000000000000000     
   9.1080000000000005        0.0000000000000000        8.2426548170808194E-006   0.0000000000000000     
   9.3060000000000009        0.0000000000000000        8.2042161384158111E-006   0.0000000000000000     
   9.5040000000000013        0.0000000000000000        8.1640432864201264E-006   0.0000000000000000     
   9.7020000000000000        0.0000000000000000        8.1222447087556354E-006   0.0000000000000000     
   9.9000000000000004        0.0000000000000000        8.0788633882432844E-006   0.0000000000000000     
   10.098000000000001        0.0000000000000000        8.0339833804174127E-006   0.0000000000000000     
   10.296000000000001        0.0000000000000000        7.9876907769402042E-006   0.0000000000000000     
   10.494000000000000        0.0000000000000000        7.9401037335366922E-006   0.0000000000000000     
   10.692000000000000        0.0000000000000000        7.8912518028653437E-006   0.0000000000000000     
   10.890000000000001        0.0000000000000000        7.8411954053548506E-006   0.0000000000000000     
   11.088000000000001        0.0000000000000000        7.7899877116665717E-006   0.0000000000000000     
   11.286000000000001        0.0000000000000000        7.7376751377742478E-006   0.0000000000000000     
   11.484000000000000        0.0000000000000000        7.6842966365499382E-006   0.0000000000000000     
   11.682000000000000        0.0000000000000000        7.6298851514980956E-006   0.0000000000000000     
   11.880000000000001        0.0000000000000000        7.5744674268249799E-006   0.0000000000000000     
   12.078000000000001        0.0000000000000000        7.5180633080260424E-006   0.0000000000000000     
   12.276000000000000        0.0000000000000000        7.4606867545489871E-006   0.0000000000000000     
   12.474000000000000        0.0000000000000000        7.4023460423263789E-006   0.0000000000000000     
   12.672000000000001        0.0000000000000000        7.3430433875150543E-006   0.0000000000000000     
   12.870000000000001        0.0000000000000000        7.2827752048377243E-006   0.0000000000000000     
   13.068000000000001        0.0000000000000000        7.2215323029144236E-006   0.0000000000000000     
   13.266000000000000        0.0000000000000000        7.1592993198716358E-006   0.0000000000000000     
   13.464000000000000        0.0000000000000000        7.0960556477911443E-006   0.0000000000000000     
   13.662000000000001        0.0000000000000000        7.0317742859253809E-006   0.0000000000000000     
   13.860000000000001        0.0000000000000000        6.9664224077887363E-006   0.0000000000000000     
   14.058000000000000        0.0000000000000000        6.8999612459390096E-006   0.0000000000000000     
   14.256000000000000        0.0000000000000000        6.8323460784752349E-006   0.0000000000000000     
   14.454000000000001        0.0000000000000000        6.7635263226527466E-006   0.0000000000000000     
   14.652000000000001        0.0000000000000000        6.6934387009828220E-006   0.0000000000000000     
   14.850000000000001        0.0000000000000000        6.6220209549408061E-006   0.0000000000000000     
   15.048000000000000        0.0000000000000000        6.5492000917736531E-006   0.0000000000000000     
   15.246000000000000        0.0000000000000000        6.4747658376237837E-006   0.0000000000000000     
   15.444000000000001        0.0000000000000000        6.3987336470796431E-006   0.0000000000000000     
   15.642000000000001        0.0000000000000000        6.3209993967756417E-006   0.0000000000000000     
   15.840000000000000        0.0000000000000000        6.2414508287363853E-006   0.0000000000000000     
   16.038000000000000        0.0000000000000000        6.1599630802569019E-006   0.0000000000000000     
   16.236000000000001        0.0000000000000000        6.0763998792951368E-006   0.0000000000000000     
   16.434000000000001        0.0000000000000000        5.9906122581648183E-006   0.0000000000000000     
   16.632000000000001        0.0000000000000000        5.9026529842623726E-006   0.0000000000000000     
   16.830000000000002        0.0000000000000000        5.8122143952490589E-006   0.0000000000000000     
   17.028000000000002        0.0000000000000000        5.7191342598029439E-006   0.0000000000000000     
   17.225999999999999        0.0000000000000000        5.6229320454503260E-006   0.0000000000000000     
   17.423999999999999        0.0000000000000000        5.5238540399476211E-006   0.0000000000000000     
   17.622000000000000        0.0000000000000000        5.4212999645399881E-006   0.0000000000000000     
   17.820000000000000        0.0000000000000000        5.3153505064194048E-006   0.0000000000000000     
   18.018000000000001        0.0000000000000000        5.2056768813461547E-006   0.0000000000000000     
   18.216000000000001        0.0000000000000000        5.0920559712945332E-006   0.0000000000000000     
   18.414000000000001        0.0000000000000000        4.9742777364446445E-006   0.0000000000000000     
   18.612000000000002        0.0000000000000000        4.8520650680773854E-006   0.0000000000000000     
   18.810000000000002        0.0000000000000000        4.7247238815336134E-006   0.0000000000000000     
   19.008000000000003        0.0000000000000000        4.5929168158091987E-006   0.0000000000000000     
   19.206000000000000        0.0000000000000000        4.4570714217469209E-006   0.0000000000000000     
   19.404000000000000        0.0000000000000000        4.3162970176322476E-006   0.0000000000000000     
   19.602000000000000        0.0000000000000000        4.1727091240990973E-006   0.0000000000000000     
