  -19.602000000000000        0.0000000000000000       -1.5823625566408620E-004   0.0000000000000000     
  -19.404000000000000        0.0000000000000000       -1.6574644593092194E-004   0.0000000000000000     
  -19.206000000000000        0.0000000000000000       -1.7209397206794288E-004   0.0000000000000000     
  -19.008000000000003        0.0000000000000000       -1.7854322129446897E-004   0.0000000000000000     
  -18.810000000000002        0.0000000000000000       -1.8516188782239135E-004   0.0000000000000000     
  -18.612000000000002        0.0000000000000000       -1.9174009549976755E-004   0.0000000000000000     
  -18.414000000000001        0.0000000000000000       -1.9813418096401264E-004   0.0000000000000000     
  -18.216000000000001        0.0000000000000000       -2.0429442041036908E-004   0.0000000000000000     
  -18.018000000000001        0.0000000000000000       -2.1012731104573583E-004   0.0000000000000000     
  -17.820000000000000        0.0000000000000000       -2.1564714267820908E-004   0.0000000000000000     
  -17.622000000000000        0.0000000000000000       -2.2085604215584678E-004   0.0000000000000000     
  -17.423999999999999        0.0000000000000000       -2.2582229758456672E-004   0.0000000000000000     
  -17.225999999999999        0.0000000000000000       -2.3057870624207499E-004   0.0000000000000000     
  -17.028000000000002        0.0000000000000000       -2.3514856111412857E-004   0.0000000000000000     
  -16.830000000000002        0.0000000000000000       -2.3958200620754466E-004   0.0000000000000000     
  -16.632000000000001        0.0000000000000000       -2.4389527048745581E-004   0.0000000000000000     
  -16.434000000000001        0.0000000000000000       -2.4811832889552499E-004   0.0000000000000000     
  -16.236000000000001        0.0000000000000000       -2.5227229744938137E-004   0.0000000000000000     
  -16.038000000000000        0.0000000000000000       -2.5637570741126562E-004   0.0000000000000000     
  -15.840000000000000        0.0000000000000000       -2.6044488113094677E-004   0.0000000000000000     
  -15.642000000000001        0.0000000000000000       -2.6449426168600012E-004   0.0000000000000000     
  -15.444000000000001        0.0000000000000000       -2.6853672483603645E-004   0.0000000000000000     
  -15.246000000000000        0.0000000000000000       -2.7258383604648759E-004   0.0000000000000000     
  -15.048000000000000        0.0000000000000000       -2.7664607006636208E-004   0.0000000000000000     
  -14.850000000000001        0.0000000000000000       -2.8073301562840474E-004   0.0000000000000000     
  -14.652000000000001        0.0000000000000000       -2.8485351302004865E-004   0.0000000000000000     
  -14.454000000000001        0.0000000000000000       -2.8901581589346872E-004   0.0000000000000000     
  -14.256000000000000        0.0000000000000000       -2.9322769193779180E-004   0.0000000000000000     
  -14.058000000000000        0.0000000000000000       -2.9749653085328219E-004   0.0000000000000000     
  -13.860000000000001        0.0000000000000000       -3.0182943039079563E-004   0.0000000000000000     
  -13.662000000000001        0.0000000000000000       -3.0623327222319553E-004   0.0000000000000000     
  -13.464000000000000        0.0000000000000000       -3.1071478226226529E-004   0.0000000000000000     
  -13.266000000000000        0.0000000000000000       -3.1528058999626249E-004   0.0000000000000000     
  -13.068000000000001        0.0000000000000000       -3.1993729334356164E-004   0.0000000000000000     
  -12.870000000000001        0.0000000000000000       -3.2469148956003010E-004   0.0000000000000000     
  -12.672000000000001        0.0000000000000000       -3.2954983323716774E-004   0.0000000000000000     
  -12.474000000000000        0.0000000000000000       -3.3451905719987095E-004   0.0000000000000000     
  -12.276000000000000        0.0000000000000000       -3.3960603270812663E-004   0.0000000000000000     
  -12.078000000000001        0.0000000000000000       -3.4481778990830503E-004   0.0000000000000000     
  -11.880000000000001        0.0000000000000000       -3.5016156000314968E-004   0.0000000000000000     
  -11.682000000000000        0.0000000000000000       -3.5564480967332010E-004   0.0000000000000000     
  -11.484000000000000        0.0000000000000000       -3.6127526543171305E-004   0.0000000000000000     
  -11.286000000000001        0.0000000000000000       -3.6706095344587461E-004   0.0000000000000000     
  -11.088000000000001        0.0000000000000000       -3.7301023635032783E-004   0.0000000000000000     
  -10.890000000000001        0.0000000000000000       -3.7913184464362772E-004   0.0000000000000000     
  -10.692000000000000        0.0000000000000000       -3.8543491753333824E-004   0.0000000000000000     
  -10.494000000000000        0.0000000000000000       -3.9192902682947978E-004   0.0000000000000000     
  -10.296000000000001        0.0000000000000000       -3.9862421862483989E-004   0.0000000000000000     
  -10.098000000000001        0.0000000000000000       -4.0553107761573024E-004   0.0000000000000000     
  -9.9000000000000004        0.0000000000000000       -4.1266072842700011E-004   0.0000000000000000     
  -9.7020000000000000        0.0000000000000000       -4.2002493523287673E-004   0.0000000000000000     
  -9.5040000000000013        0.0000000000000000       -4.2763610776273223E-004   0.0000000000000000     
  -9.3060000000000009        0.0000000000000000       -4.3550738941447188E-004   0.0000000000000000     
  -9.1080000000000005        0.0000000000000000       -4.4365269327473352E-004   0.0000000000000000     
  -8.9100000000000001        0.0000000000000000       -4.5208680823517397E-004   0.0000000000000000     
  -8.7119999999999997        0.0000000000000000       -4.6082546168576394E-004   0.0000000000000000     
  -8.5140000000000011        0.0000000000000000       -4.6988544151683234E-004   0.0000000000000000     
  -8.3160000000000007        0.0000000000000000       -4.7928466134716910E-004   0.0000000000000000     
  -8.1180000000000003        0.0000000000000000       -4.8904237742294920E-004   0.0000000000000000     
  -7.9199999999999999        0.0000000000000000       -4.9917932394192253E-004   0.0000000000000000     
  -7.7220000000000004        0.0000000000000000       -5.0971790044198641E-004   0.0000000000000000     
  -7.5240000000000000        0.0000000000000000       -5.2068250556052602E-004   0.0000000000000000     
  -7.3260000000000005        0.0000000000000000       -5.3209980036641612E-004   0.0000000000000000     
  -7.1280000000000001        0.0000000000000000       -5.4399924424870674E-004   0.0000000000000000     
  -6.9300000000000006        0.0000000000000000       -5.5641349712298651E-004   0.0000000000000000     
  -6.7320000000000002        0.0000000000000000       -5.6937927112691851E-004   0.0000000000000000     
  -6.5340000000000007        0.0000000000000000       -5.8293808946402730E-004   0.0000000000000000     
  -6.3360000000000003        0.0000000000000000       -5.9713757432387586E-004   0.0000000000000000     
  -6.1379999999999999        0.0000000000000000       -6.1203275822761284E-004   0.0000000000000000     
  -5.9400000000000004        0.0000000000000000       -6.2768807475971453E-004   0.0000000000000000     
  -5.7420000000000000        0.0000000000000000       -6.4417964482810989E-004   0.0000000000000000     
  -5.5440000000000005        0.0000000000000000       -6.6159813912508472E-004   0.0000000000000000     
  -5.3460000000000001        0.0000000000000000       -6.8005238852221527E-004   0.0000000000000000     
  -5.1480000000000006        0.0000000000000000       -6.9967340044507049E-004   0.0000000000000000     
  -4.9500000000000002        0.0000000000000000       -7.2061902199125174E-004   0.0000000000000000     
  -4.7520000000000007        0.0000000000000000       -7.4307830255124761E-004   0.0000000000000000     
  -4.5540000000000003        0.0000000000000000       -7.6727473440942376E-004   0.0000000000000000     
  -4.3559999999999999        0.0000000000000000       -7.9346585521121405E-004   0.0000000000000000     
  -4.1580000000000004        0.0000000000000000       -8.2193483878030234E-004   0.0000000000000000     
  -3.9600000000000000        0.0000000000000000       -8.5296725574549774E-004   0.0000000000000000     
  -3.7620000000000000        0.0000000000000000       -8.8680432907169984E-004   0.0000000000000000     
  -3.5640000000000001        0.0000000000000000       -9.2357436702426811E-004   0.0000000000000000     
  -3.3660000000000001        0.0000000000000000       -9.6324932600531802E-004   0.0000000000000000     
  -3.1680000000000001        0.0000000000000000       -1.0057598528862453E-003   0.0000000000000000     
  -2.9700000000000002        0.0000000000000000       -1.0512119308112940E-003   0.0000000000000000     
  -2.7720000000000002        0.0000000000000000       -1.0997474283620603E-003   0.0000000000000000     
  -2.5740000000000003        0.0000000000000000       -1.1525959724080707E-003   0.0000000000000000     
  -2.3760000000000003        0.0000000000000000       -1.2110846296226774E-003   0.0000000000000000     
  -2.1779999999999999        0.0000000000000000       -1.2743158044509039E-003   0.0000000000000000     
  -1.9800000000000000        0.0000000000000000       -1.3390762671566512E-003   0.0000000000000000     
  -1.7820000000000000        0.0000000000000000       -1.4000710950615193E-003   0.0000000000000000     
  -1.5840000000000001        0.0000000000000000       -1.4523765481160697E-003   0.0000000000000000     
  -1.3860000000000001        0.0000000000000000       -1.4912513435543133E-003   0.0000000000000000     
  -1.1880000000000002        0.0000000000000000       -1.5091192988195615E-003   0.0000000000000000     
 -0.98999999999999999        0.0000000000000000       -1.4865972452768738E-003   0.0000000000000000     
 -0.79200000000000004        0.0000000000000000       -1.3912786352672153E-003   0.0000000000000000     
 -0.59400000000000008        0.0000000000000000       -1.1970489651358270E-003   0.0000000000000000     
 -0.39600000000000002        0.0000000000000000       -8.9063121147685959E-004   0.0000000000000000     
 -0.19800000000000001        0.0000000000000000       -4.7903440851711150E-004   0.0000000000000000     
   0.0000000000000000        0.0000000000000000        0.0000000000000000        0.0000000000000000     
  0.19800000000000001        0.0000000000000000        4.7903440851711150E-004   0.0000000000000000     
  0.39600000000000002        0.0000000000000000        8.9063121147685959E-004   0.0000000000000000     
  0.59400000000000008        0.0000000000000000        1.1970489651358270E-003   0.0000000000000000     
  0.79200000000000004        0.0000000000000000        1.3912786352672153E-003   0.0000000000000000     
  0.98999999999999999        0.0000000000000000        1.4865972452768738E-003   0.0000000000000000     
   1.1880000000000002        0.0000000000000000        1.5091192988195615E-003   0.0000000000000000     
   1.3860000000000001        0.0000000000000000        1.4912513435543133E-003   0.0000000000000000     
   1.5840000000000001        0.0000000000000000        1.4523765481160697E-003   0.0000000000000000     
   1.7820000000000000        0.0000000000000000        1.4000710950615193E-003   0.0000000000000000     
   1.9800000000000000        0.0000000000000000        1.3390762671566512E-003   0.0000000000000000     
   2.1779999999999999        0.0000000000000000        1.2743158044509039E-003   0.0000000000000000     
   2.3760000000000003        0.0000000000000000        1.2110846296226774E-003   0.0000000000000000     
   2.5740000000000003        0.0000000000000000        1.1525959724080707E-003   0.0000000000000000     
   2.7720000000000002        0.0000000000000000        1.0997474283620603E-003   0.0000000000000000     
   2.9700000000000002        0.0000000000000000        1.0512119308112940E-003   0.0000000000000000     
   3.1680000000000001        0.0000000000000000        1.0057598528862453E-003   0.0000000000000000     
   3.3660000000000001        0.0000000000000000        9.6324932600531802E-004   0.0000000000000000     
   3.5640000000000001        0.0000000000000000        9.2357436702426811E-004   0.0000000000000000     
   3.7620000000000000        0.0000000000000000        8.8680432907169984E-004   0.0000000000000000     
   3.9600000000000000        0.0000000000000000        8.5296725574549774E-004   0.0000000000000000     
   4.1580000000000004        0.0000000000000000        8.2193483878030234E-004   0.0000000000000000     
   4.3559999999999999        0.0000000000000000        7.9346585521121405E-004   0.0000000000000000     
   4.5540000000000003        0.0000000000000000        7.6727473440942376E-004   0.0000000000000000     
   4.7520000000000007        0.0000000000000000        7.4307830255124761E-004   0.0000000000000000     
   4.9500000000000002        0.0000000000000000        7.2061902199125174E-004   0.0000000000000000     
   5.1480000000000006        0.0000000000000000        6.9967340044507049E-004   0.0000000000000000     
   5.3460000000000001        0.0000000000000000        6.8005238852221527E-004   0.0000000000000000     
   5.5440000000000005        0.0000000000000000        6.6159813912508472E-004   0.0000000000000000     
   5.7420000000000000        0.0000000000000000        6.4417964482810989E-004   0.0000000000000000     
   5.9400000000000004        0.0000000000000000        6.2768807475971453E-004   0.0000000000000000     
   6.1379999999999999        0.0000000000000000        6.1203275822761284E-004   0.0000000000000000     
   6.3360000000000003        0.0000000000000000        5.9713757432387586E-004   0.0000000000000000     
   6.5340000000000007        0.0000000000000000        5.8293808946402730E-004   0.0000000000000000     
   6.7320000000000002        0.0000000000000000        5.6937927112691851E-004   0.0000000000000000     
   6.9300000000000006        0.0000000000000000        5.5641349712298651E-004   0.0000000000000000     
   7.1280000000000001        0.0000000000000000        5.4399924424870674E-004   0.0000000000000000     
   7.3260000000000005        0.0000000000000000        5.3209980036641612E-004   0.0000000000000000     
   7.5240000000000000        0.0000000000000000        5.2068250556052602E-004   0.0000000000000000     
   7.7220000000000004        0.0000000000000000        5.0971790044198641E-004   0.0000000000000000     
   7.9199999999999999        0.0000000000000000        4.9917932394192253E-004   0.0000000000000000     
   8.1180000000000003        0.0000000000000000        4.8904237742294920E-004   0.0000000000000000     
   8.3160000000000007        0.0000000000000000        4.7928466134716910E-004   0.0000000000000000     
   8.5140000000000011        0.0000000000000000        4.6988544151683234E-004   0.0000000000000000     
   8.7119999999999997        0.0000000000000000        4.6082546168576394E-004   0.0000000000000000     
   8.9100000000000001        0.0000000000000000        4.5208680823517397E-004   0.0000000000000000     
   9.1080000000000005        0.0000000000000000        4.4365269327473352E-004   0.0000000000000000     
   9.3060000000000009        0.0000000000000000        4.3550738941447188E-004   0.0000000000000000     
   9.5040000000000013        0.0000000000000000        4.2763610776273223E-004   0.0000000000000000     
   9.7020000000000000        0.0000000000000000        4.2002493523287673E-004   0.0000000000000000     
   9.9000000000000004        0.0000000000000000        4.1266072842700011E-004   0.0000000000000000     
   10.098000000000001        0.0000000000000000        4.0553107761573024E-004   0.0000000000000000     
   10.296000000000001        0.0000000000000000        3.9862421862483989E-004   0.0000000000000000     
   10.494000000000000        0.0000000000000000        3.9192902682947978E-004   0.0000000000000000     
   10.692000000000000        0.0000000000000000        3.8543491753333824E-004   0.0000000000000000     
   10.890000000000001        0.0000000000000000        3.7913184464362772E-004   0.0000000000000000     
   11.088000000000001        0.0000000000000000        3.7301023635032783E-004   0.0000000000000000     
   11.286000000000001        0.0000000000000000        3.6706095344587461E-004   0.0000000000000000     
   11.484000000000000        0.0000000000000000        3.6127526543171305E-004   0.0000000000000000     
   11.682000000000000        0.0000000000000000        3.5564480967332010E-004   0.0000000000000000     
   11.880000000000001        0.0000000000000000        3.5016156000314968E-004   0.0000000000000000     
   12.078000000000001        0.0000000000000000        3.4481778990830503E-004   0.0000000000000000     
   12.276000000000000        0.0000000000000000        3.3960603270812663E-004   0.0000000000000000     
   12.474000000000000        0.0000000000000000        3.3451905719987095E-004   0.0000000000000000     
   12.672000000000001        0.0000000000000000        3.2954983323716774E-004   0.0000000000000000     
   12.870000000000001        0.0000000000000000        3.2469148956003010E-004   0.0000000000000000     
   13.068000000000001        0.0000000000000000        3.1993729334356164E-004   0.0000000000000000     
   13.266000000000000        0.0000000000000000        3.1528058999626249E-004   0.0000000000000000     
   13.464000000000000        0.0000000000000000        3.1071478226226529E-004   0.0000000000000000     
   13.662000000000001        0.0000000000000000        3.0623327222319553E-004   0.0000000000000000     
   13.860000000000001        0.0000000000000000        3.0182943039079563E-004   0.0000000000000000     
   14.058000000000000        0.0000000000000000        2.9749653085328219E-004   0.0000000000000000     
   14.256000000000000        0.0000000000000000        2.9322769193779180E-004   0.0000000000000000     
   14.454000000000001        0.0000000000000000        2.8901581589346872E-004   0.0000000000000000     
   14.652000000000001        0.0000000000000000        2.8485351302004865E-004   0.0000000000000000     
   14.850000000000001        0.0000000000000000        2.8073301562840474E-004   0.0000000000000000     
   15.048000000000000        0.0000000000000000        2.7664607006636208E-004   0.0000000000000000     
   15.246000000000000        0.0000000000000000        2.7258383604648759E-004   0.0000000000000000     
   15.444000000000001        0.0000000000000000        2.6853672483603645E-004   0.0000000000000000     
   15.642000000000001        0.0000000000000000        2.6449426168600012E-004   0.0000000000000000     
   15.840000000000000        0.0000000000000000        2.6044488113094677E-004   0.0000000000000000     
   16.038000000000000        0.0000000000000000        2.5637570741126562E-004   0.0000000000000000     
   16.236000000000001        0.0000000000000000        2.5227229744938137E-004   0.0000000000000000     
   16.434000000000001        0.0000000000000000        2.4811832889552499E-004   0.0000000000000000     
   16.632000000000001        0.0000000000000000        2.4389527048745581E-004   0.0000000000000000     
   16.830000000000002        0.0000000000000000        2.3958200620754466E-004   0.0000000000000000     
   17.028000000000002        0.0000000000000000        2.3514856111412857E-004   0.0000000000000000     
   17.225999999999999        0.0000000000000000        2.3057870624207499E-004   0.0000000000000000     
   17.423999999999999        0.0000000000000000        2.2582229758456672E-004   0.0000000000000000     
   17.622000000000000        0.0000000000000000        2.2085604215584678E-004   0.0000000000000000     
   17.820000000000000        0.0000000000000000        2.1564714267820908E-004   0.0000000000000000     
   18.018000000000001        0.0000000000000000        2.1012731104573583E-004   0.0000000000000000     
   18.216000000000001        0.0000000000000000        2.0429442041036908E-004   0.0000000000000000     
   18.414000000000001        0.0000000000000000        1.9813418096401264E-004   0.0000000000000000     
   18.612000000000002        0.0000000000000000        1.9174009549976755E-004   0.0000000000000000     
   18.810000000000002        0.0000000000000000        1.8516188782239135E-004   0.0000000000000000     
   19.008000000000003        0.0000000000000000        1.7854322129446897E-004   0.0000000000000000     
   19.206000000000000        0.0000000000000000        1.7209397206794288E-004   0.0000000000000000     
   19.404000000000000        0.0000000000000000        1.6574644593092194E-004   0.0000000000000000     
   19.602000000000000        0.0000000000000000        1.5823625566408620E-004   0.0000000000000000     
