  -19.602000000000000        0.0000000000000000       -1.8864678032150212E-005   0.0000000000000000     
  -19.404000000000000        0.0000000000000000       -2.0132093263430348E-005   0.0000000000000000     
  -19.206000000000000        0.0000000000000000       -2.1487013303436497E-005   0.0000000000000000     
  -19.008000000000003        0.0000000000000000       -2.2759223963260186E-005   0.0000000000000000     
  -18.810000000000002        0.0000000000000000       -2.3910484520510661E-005   0.0000000000000000     
  -18.612000000000002        0.0000000000000000       -2.4941739794319477E-005   0.0000000000000000     
  -18.414000000000001        0.0000000000000000       -2.5869082016002858E-005   0.0000000000000000     
  -18.216000000000001        0.0000000000000000       -2.6710322896241744E-005   0.0000000000000000     
  -18.018000000000001        0.0000000000000000       -2.7489391268775372E-005   0.0000000000000000     
  -17.820000000000000        0.0000000000000000       -2.8219611113185526E-005   0.0000000000000000     
  -17.622000000000000        0.0000000000000000       -2.8910682102380461E-005   0.0000000000000000     
  -17.423999999999999        0.0000000000000000       -2.9568846307637216E-005   0.0000000000000000     
  -17.225999999999999        0.0000000000000000       -3.0201296060740547E-005   0.0000000000000000     
  -17.028000000000002        0.0000000000000000       -3.0800305559008031E-005   0.0000000000000000     
  -16.830000000000002        0.0000000000000000       -3.1392934460893648E-005   0.0000000000000000     
  -16.632000000000001        0.0000000000000000       -3.1971360744522080E-005   0.0000000000000000     
  -16.434000000000001        0.0000000000000000       -3.2538010826186612E-005   0.0000000000000000     
  -16.236000000000001        0.0000000000000000       -3.3094997880743462E-005   0.0000000000000000     
  -16.038000000000000        0.0000000000000000       -3.3644181440208125E-005   0.0000000000000000     
  -15.840000000000000        0.0000000000000000       -3.4187209446726648E-005   0.0000000000000000     
  -15.642000000000001        0.0000000000000000       -3.4725551734366687E-005   0.0000000000000000     
  -15.444000000000001        0.0000000000000000       -3.5260521954847959E-005   0.0000000000000000     
  -15.246000000000000        0.0000000000000000       -3.5793301766237034E-005   0.0000000000000000     
  -15.048000000000000        0.0000000000000000       -3.6324954338721946E-005   0.0000000000000000     
  -14.850000000000001        0.0000000000000000       -3.6856444978733040E-005   0.0000000000000000     
  -14.652000000000001        0.0000000000000000       -3.7388649946762787E-005   0.0000000000000000     
  -14.454000000000001        0.0000000000000000       -3.7922371345763093E-005   0.0000000000000000     
  -14.256000000000000        0.0000000000000000       -3.8458346396238669E-005   0.0000000000000000     
  -14.058000000000000        0.0000000000000000       -3.8997256833760266E-005   0.0000000000000000     
  -13.860000000000001        0.0000000000000000       -3.9539736403571371E-005   0.0000000000000000     
  -13.662000000000001        0.0000000000000000       -4.0086378542425164E-005   0.0000000000000000     
  -13.464000000000000        0.0000000000000000       -4.0637741451801321E-005   0.0000000000000000     
  -13.266000000000000        0.0000000000000000       -4.1194352391597455E-005   0.0000000000000000     
  -13.068000000000001        0.0000000000000000       -4.1756713028790272E-005   0.0000000000000000     
  -12.870000000000001        0.0000000000000000       -4.2325304157795628E-005   0.0000000000000000     
  -12.672000000000001        0.0000000000000000       -4.2900584496074661E-005   0.0000000000000000     
  -12.474000000000000        0.0000000000000000       -4.3482997651255561E-005   0.0000000000000000     
  -12.276000000000000        0.0000000000000000       -4.4072971514435883E-005   0.0000000000000000     
  -12.078000000000001        0.0000000000000000       -4.4670920145086092E-005   0.0000000000000000     
  -11.880000000000001        0.0000000000000000       -4.5277244523570649E-005   0.0000000000000000     
  -11.682000000000000        0.0000000000000000       -4.5892334349637712E-005   0.0000000000000000     
  -11.484000000000000        0.0000000000000000       -4.6516567361909441E-005   0.0000000000000000     
  -11.286000000000001        0.0000000000000000       -4.7150308835601218E-005   0.0000000000000000     
  -11.088000000000001        0.0000000000000000       -4.7793910147690559E-005   0.0000000000000000     
  -10.890000000000001        0.0000000000000000       -4.8447710040720649E-005   0.0000000000000000     
  -10.692000000000000        0.0000000000000000       -4.9112030165282544E-005   0.0000000000000000     
  -10.494000000000000        0.0000000000000000       -4.9787172365178130E-005   0.0000000000000000     
  -10.296000000000001        0.0000000000000000       -5.0473418362369287E-005   0.0000000000000000     
  -10.098000000000001        0.0000000000000000       -5.1171021308217630E-005   0.0000000000000000     
  -9.9000000000000004        0.0000000000000000       -5.1880203732954164E-005   0.0000000000000000     
  -9.7020000000000000        0.0000000000000000       -5.2601148960097058E-005   0.0000000000000000     
  -9.5040000000000013        0.0000000000000000       -5.3333992911531985E-005   0.0000000000000000     
  -9.3060000000000009        0.0000000000000000       -5.4078819327742519E-005   0.0000000000000000     
  -9.1080000000000005        0.0000000000000000       -5.4835640864766548E-005   0.0000000000000000     
  -8.9100000000000001        0.0000000000000000       -5.5604391327745556E-005   0.0000000000000000     
  -8.7119999999999997        0.0000000000000000       -5.6384909617739950E-005   0.0000000000000000     
  -8.5140000000000011        0.0000000000000000       -5.7176916327960608E-005   0.0000000000000000     
  -8.3160000000000007        0.0000000000000000       -5.7980000320807566E-005   0.0000000000000000     
  -8.1180000000000003        0.0000000000000000       -5.8793588537008751E-005   0.0000000000000000     
  -7.9199999999999999        0.0000000000000000       -5.9616920203767128E-005   0.0000000000000000     
  -7.7220000000000004        0.0000000000000000       -6.0449017102073213E-005   0.0000000000000000     
  -7.5240000000000000        0.0000000000000000       -6.1288647316743231E-005   0.0000000000000000     
  -7.3260000000000005        0.0000000000000000       -6.2134293669911344E-005   0.0000000000000000     
  -7.1280000000000001        0.0000000000000000       -6.2984111214385471E-005   0.0000000000000000     
  -6.9300000000000006        0.0000000000000000       -6.3835890482079568E-005   0.0000000000000000     
  -6.7320000000000002        0.0000000000000000       -6.4687024154122075E-005   0.0000000000000000     
  -6.5340000000000007        0.0000000000000000       -6.5534478888794627E-005   0.0000000000000000     
  -6.3360000000000003        0.0000000000000000       -6.6374782528222191E-005   0.0000000000000000     
  -6.1379999999999999        0.0000000000000000       -6.7204030862962280E-005   0.0000000000000000     
  -5.9400000000000004        0.0000000000000000       -6.8017935534117971E-005   0.0000000000000000     
  -5.7420000000000000        0.0000000000000000       -6.8811924604731553E-005   0.0000000000000000     
  -5.5440000000000005        0.0000000000000000       -6.9581328636846032E-005   0.0000000000000000     
  -5.3460000000000001        0.0000000000000000       -7.0321675903939256E-005   0.0000000000000000     
  -5.1480000000000006        0.0000000000000000       -7.1029154268118788E-005   0.0000000000000000     
  -4.9500000000000002        0.0000000000000000       -7.1701281701011852E-005   0.0000000000000000     
  -4.7520000000000007        0.0000000000000000       -7.2337833588776926E-005   0.0000000000000000     
  -4.5540000000000003        0.0000000000000000       -7.2942054666995249E-005   0.0000000000000000     
  -4.3559999999999999        0.0000000000000000       -7.3522124978939516E-005   0.0000000000000000     
  -4.1580000000000004        0.0000000000000000       -7.4092682001986442E-005   0.0000000000000000     
  -3.9600000000000000        0.0000000000000000       -7.4676010318098414E-005   0.0000000000000000     
  -3.7620000000000000        0.0000000000000000       -7.5302247387181546E-005   0.0000000000000000     
  -3.5640000000000001        0.0000000000000000       -7.6008211339190581E-005   0.0000000000000000     
  -3.3660000000000001        0.0000000000000000       -7.6836698648192922E-005   0.0000000000000000     
  -3.1680000000000001        0.0000000000000000       -7.7844227673082016E-005   0.0000000000000000     
  -2.9700000000000002        0.0000000000000000       -7.9130575047951364E-005   0.0000000000000000     
  -2.7720000000000002        0.0000000000000000       -8.0867434664516155E-005   0.0000000000000000     
  -2.5740000000000003        0.0000000000000000       -8.3140610010311476E-005   0.0000000000000000     
  -2.3760000000000003        0.0000000000000000       -8.5541190283038810E-005   0.0000000000000000     
  -2.1779999999999999        0.0000000000000000       -8.8035860326630310E-005   0.0000000000000000     
  -1.9800000000000000        0.0000000000000000       -9.0627601190009326E-005   0.0000000000000000     
  -1.7820000000000000        0.0000000000000000       -9.3362940416057193E-005   0.0000000000000000     
  -1.5840000000000001        0.0000000000000000       -9.6430839681989030E-005   0.0000000000000000     
  -1.3860000000000001        0.0000000000000000       -9.8886569733470757E-005   0.0000000000000000     
  -1.1880000000000002        0.0000000000000000       -9.8915423632827261E-005   0.0000000000000000     
 -0.98999999999999999        0.0000000000000000       -9.5033776183236834E-005   0.0000000000000000     
 -0.79200000000000004        0.0000000000000000       -8.8337367820839248E-005   0.0000000000000000     
 -0.59400000000000008        0.0000000000000000       -7.7603753663426706E-005   0.0000000000000000     
 -0.39600000000000002        0.0000000000000000       -5.8863746811955019E-005   0.0000000000000000     
 -0.19800000000000001        0.0000000000000000       -3.1903226725414582E-005   0.0000000000000000     
   0.0000000000000000        0.0000000000000000        0.0000000000000000        0.0000000000000000     
  0.19800000000000001        0.0000000000000000        3.1903226725414582E-005   0.0000000000000000     
  0.39600000000000002        0.0000000000000000        5.8863746811955019E-005   0.0000000000000000     
  0.59400000000000008        0.0000000000000000        7.7603753663426706E-005   0.0000000000000000     
  0.79200000000000004        0.0000000000000000        8.8337367820839248E-005   0.0000000000000000     
  0.98999999999999999        0.0000000000000000        9.5033776183236834E-005   0.0000000000000000     
   1.1880000000000002        0.0000000000000000        9.8915423632827261E-005   0.0000000000000000     
   1.3860000000000001        0.0000000000000000        9.8886569733470757E-005   0.0000000000000000     
   1.5840000000000001        0.0000000000000000        9.6430839681989030E-005   0.0000000000000000     
   1.7820000000000000        0.0000000000000000        9.3362940416057193E-005   0.0000000000000000     
   1.9800000000000000        0.0000000000000000        9.0627601190009326E-005   0.0000000000000000     
   2.1779999999999999        0.0000000000000000        8.8035860326630310E-005   0.0000000000000000     
   2.3760000000000003        0.0000000000000000        8.5541190283038810E-005   0.0000000000000000     
   2.5740000000000003        0.0000000000000000        8.3140610010311476E-005   0.0000000000000000     
   2.7720000000000002        0.0000000000000000        8.0867434664516155E-005   0.0000000000000000     
   2.9700000000000002        0.0000000000000000        7.9130575047951364E-005   0.0000000000000000     
   3.1680000000000001        0.0000000000000000        7.7844227673082016E-005   0.0000000000000000     
   3.3660000000000001        0.0000000000000000        7.6836698648192922E-005   0.0000000000000000     
   3.5640000000000001        0.0000000000000000        7.6008211339190581E-005   0.0000000000000000     
   3.7620000000000000        0.0000000000000000        7.5302247387181546E-005   0.0000000000000000     
   3.9600000000000000        0.0000000000000000        7.4676010318098414E-005   0.0000000000000000     
   4.1580000000000004        0.0000000000000000        7.4092682001986442E-005   0.0000000000000000     
   4.3559999999999999        0.0000000000000000        7.3522124978939516E-005   0.0000000000000000     
   4.5540000000000003        0.0000000000000000        7.2942054666995249E-005   0.0000000000000000     
   4.7520000000000007        0.0000000000000000        7.2337833588776926E-005   0.0000000000000000     
   4.9500000000000002        0.0000000000000000        7.1701281701011852E-005   0.0000000000000000     
   5.1480000000000006        0.0000000000000000        7.1029154268118788E-005   0.0000000000000000     
   5.3460000000000001        0.0000000000000000        7.0321675903939256E-005   0.0000000000000000     
   5.5440000000000005        0.0000000000000000        6.9581328636846032E-005   0.0000000000000000     
   5.7420000000000000        0.0000000000000000        6.8811924604731553E-005   0.0000000000000000     
   5.9400000000000004        0.0000000000000000        6.8017935534117971E-005   0.0000000000000000     
   6.1379999999999999        0.0000000000000000        6.7204030862962280E-005   0.0000000000000000     
   6.3360000000000003        0.0000000000000000        6.6374782528222191E-005   0.0000000000000000     
   6.5340000000000007        0.0000000000000000        6.5534478888794627E-005   0.0000000000000000     
   6.7320000000000002        0.0000000000000000        6.4687024154122075E-005   0.0000000000000000     
   6.9300000000000006        0.0000000000000000        6.3835890482079568E-005   0.0000000000000000     
   7.1280000000000001        0.0000000000000000        6.2984111214385471E-005   0.0000000000000000     
   7.3260000000000005        0.0000000000000000        6.2134293669911344E-005   0.0000000000000000     
   7.5240000000000000        0.0000000000000000        6.1288647316743231E-005   0.0000000000000000     
   7.7220000000000004        0.0000000000000000        6.0449017102073213E-005   0.0000000000000000     
   7.9199999999999999        0.0000000000000000        5.9616920203767128E-005   0.0000000000000000     
   8.1180000000000003        0.0000000000000000        5.8793588537008751E-005   0.0000000000000000     
   8.3160000000000007        0.0000000000000000        5.7980000320807566E-005   0.0000000000000000     
   8.5140000000000011        0.0000000000000000        5.7176916327960608E-005   0.0000000000000000     
   8.7119999999999997        0.0000000000000000        5.6384909617739950E-005   0.0000000000000000     
   8.9100000000000001        0.0000000000000000        5.5604391327745556E-005   0.0000000000000000     
   9.1080000000000005        0.0000000000000000        5.4835640864766548E-005   0.0000000000000000     
   9.3060000000000009        0.0000000000000000        5.4078819327742519E-005   0.0000000000000000     
   9.5040000000000013        0.0000000000000000        5.3333992911531985E-005   0.0000000000000000     
   9.7020000000000000        0.0000000000000000        5.2601148960097058E-005   0.0000000000000000     
   9.9000000000000004        0.0000000000000000        5.1880203732954164E-005   0.0000000000000000     
   10.098000000000001        0.0000000000000000        5.1171021308217630E-005   0.0000000000000000     
   10.296000000000001        0.0000000000000000        5.0473418362369287E-005   0.0000000000000000     
   10.494000000000000        0.0000000000000000        4.9787172365178130E-005   0.0000000000000000     
   10.692000000000000        0.0000000000000000        4.9112030165282544E-005   0.0000000000000000     
   10.890000000000001        0.0000000000000000        4.8447710040720649E-005   0.0000000000000000     
   11.088000000000001        0.0000000000000000        4.7793910147690559E-005   0.0000000000000000     
   11.286000000000001        0.0000000000000000        4.7150308835601218E-005   0.0000000000000000     
   11.484000000000000        0.0000000000000000        4.6516567361909441E-005   0.0000000000000000     
   11.682000000000000        0.0000000000000000        4.5892334349637712E-005   0.0000000000000000     
   11.880000000000001        0.0000000000000000        4.5277244523570649E-005   0.0000000000000000     
   12.078000000000001        0.0000000000000000        4.4670920145086092E-005   0.0000000000000000     
   12.276000000000000        0.0000000000000000        4.4072971514435883E-005   0.0000000000000000     
   12.474000000000000        0.0000000000000000        4.3482997651255561E-005   0.0000000000000000     
   12.672000000000001        0.0000000000000000        4.2900584496074661E-005   0.0000000000000000     
   12.870000000000001        0.0000000000000000        4.2325304157795628E-005   0.0000000000000000     
   13.068000000000001        0.0000000000000000        4.1756713028790272E-005   0.0000000000000000     
   13.266000000000000        0.0000000000000000        4.1194352391597455E-005   0.0000000000000000     
   13.464000000000000        0.0000000000000000        4.0637741451801321E-005   0.0000000000000000     
   13.662000000000001        0.0000000000000000        4.0086378542425164E-005   0.0000000000000000     
   13.860000000000001        0.0000000000000000        3.9539736403571371E-005   0.0000000000000000     
   14.058000000000000        0.0000000000000000        3.8997256833760266E-005   0.0000000000000000     
   14.256000000000000        0.0000000000000000        3.8458346396238669E-005   0.0000000000000000     
   14.454000000000001        0.0000000000000000        3.7922371345763093E-005   0.0000000000000000     
   14.652000000000001        0.0000000000000000        3.7388649946762787E-005   0.0000000000000000     
   14.850000000000001        0.0000000000000000        3.6856444978733040E-005   0.0000000000000000     
   15.048000000000000        0.0000000000000000        3.6324954338721946E-005   0.0000000000000000     
   15.246000000000000        0.0000000000000000        3.5793301766237034E-005   0.0000000000000000     
   15.444000000000001        0.0000000000000000        3.5260521954847959E-005   0.0000000000000000     
   15.642000000000001        0.0000000000000000        3.4725551734366687E-005   0.0000000000000000     
   15.840000000000000        0.0000000000000000        3.4187209446726648E-005   0.0000000000000000     
   16.038000000000000        0.0000000000000000        3.3644181440208125E-005   0.0000000000000000     
   16.236000000000001        0.0000000000000000        3.3094997880743462E-005   0.0000000000000000     
   16.434000000000001        0.0000000000000000        3.2538010826186612E-005   0.0000000000000000     
   16.632000000000001        0.0000000000000000        3.1971360744522080E-005   0.0000000000000000     
   16.830000000000002        0.0000000000000000        3.1392934460893648E-005   0.0000000000000000     
   17.028000000000002        0.0000000000000000        3.0800305559008031E-005   0.0000000000000000     
   17.225999999999999        0.0000000000000000        3.0201296060740547E-005   0.0000000000000000     
   17.423999999999999        0.0000000000000000        2.9568846307637216E-005   0.0000000000000000     
   17.622000000000000        0.0000000000000000        2.8910682102380461E-005   0.0000000000000000     
   17.820000000000000        0.0000000000000000        2.8219611113185526E-005   0.0000000000000000     
   18.018000000000001        0.0000000000000000        2.7489391268775372E-005   0.0000000000000000     
   18.216000000000001        0.0000000000000000        2.6710322896241744E-005   0.0000000000000000     
   18.414000000000001        0.0000000000000000        2.5869082016002858E-005   0.0000000000000000     
   18.612000000000002        0.0000000000000000        2.4941739794319477E-005   0.0000000000000000     
   18.810000000000002        0.0000000000000000        2.3910484520510661E-005   0.0000000000000000     
   19.008000000000003        0.0000000000000000        2.2759223963260186E-005   0.0000000000000000     
   19.206000000000000        0.0000000000000000        2.1487013303436497E-005   0.0000000000000000     
   19.404000000000000        0.0000000000000000        2.0132093263430348E-005   0.0000000000000000     
   19.602000000000000        0.0000000000000000        1.8864678032150212E-005   0.0000000000000000     
