  -19.602000000000000        0.0000000000000000        2.3626087384373266E-004   0.0000000000000000     
  -19.404000000000000        0.0000000000000000        2.4637212064862560E-004   0.0000000000000000     
  -19.206000000000000        0.0000000000000000        2.5556447737857109E-004   0.0000000000000000     
  -19.008000000000003        0.0000000000000000        2.6510522223038429E-004   0.0000000000000000     
  -18.810000000000002        0.0000000000000000        2.7485579331570242E-004   0.0000000000000000     
  -18.612000000000002        0.0000000000000000        2.8455894724287135E-004   0.0000000000000000     
  -18.414000000000001        0.0000000000000000        2.9410784922251750E-004   0.0000000000000000     
  -18.216000000000001        0.0000000000000000        3.0312447674834549E-004   0.0000000000000000     
  -18.018000000000001        0.0000000000000000        3.1171080688035402E-004   0.0000000000000000     
  -17.820000000000000        0.0000000000000000        3.1995896722061536E-004   0.0000000000000000     
  -17.622000000000000        0.0000000000000000        3.2774953471923727E-004   0.0000000000000000     
  -17.423999999999999        0.0000000000000000        3.3521529455203601E-004   0.0000000000000000     
  -17.225999999999999        0.0000000000000000        3.4239851643073660E-004   0.0000000000000000     
  -17.028000000000002        0.0000000000000000        3.4934053264892384E-004   0.0000000000000000     
  -16.830000000000002        0.0000000000000000        3.5607843251939260E-004   0.0000000000000000     
  -16.632000000000001        0.0000000000000000        3.6263334205498146E-004   0.0000000000000000     
  -16.434000000000001        0.0000000000000000        3.6913486196355454E-004   0.0000000000000000     
  -16.236000000000001        0.0000000000000000        3.7551768245235175E-004   0.0000000000000000     
  -16.038000000000000        0.0000000000000000        3.8180793122916730E-004   0.0000000000000000     
  -15.840000000000000        0.0000000000000000        3.8802870500495514E-004   0.0000000000000000     
  -15.642000000000001        0.0000000000000000        3.9420050357972305E-004   0.0000000000000000     
  -15.444000000000001        0.0000000000000000        4.0034161726491460E-004   0.0000000000000000     
  -15.246000000000000        0.0000000000000000        4.0646849638930569E-004   0.0000000000000000     
  -15.048000000000000        0.0000000000000000        4.1259600999345858E-004   0.0000000000000000     
  -14.850000000000001        0.0000000000000000        4.1873772232544216E-004   0.0000000000000000     
  -14.652000000000001        0.0000000000000000        4.2490610006139836E-004   0.0000000000000000     
  -14.454000000000001        0.0000000000000000        4.3111270428845366E-004   0.0000000000000000     
  -14.256000000000000        0.0000000000000000        4.3736831168583246E-004   0.0000000000000000     
  -14.058000000000000        0.0000000000000000        4.4368310881213964E-004   0.0000000000000000     
  -13.860000000000001        0.0000000000000000        4.5006675527393215E-004   0.0000000000000000     
  -13.662000000000001        0.0000000000000000        4.5652849819535031E-004   0.0000000000000000     
  -13.464000000000000        0.0000000000000000        4.6307727000986429E-004   0.0000000000000000     
  -13.266000000000000        0.0000000000000000        4.6972173760098586E-004   0.0000000000000000     
  -13.068000000000001        0.0000000000000000        4.7647040726637036E-004   0.0000000000000000     
  -12.870000000000001        0.0000000000000000        4.8333165121808264E-004   0.0000000000000000     
  -12.672000000000001        0.0000000000000000        4.9031377175933128E-004   0.0000000000000000     
  -12.474000000000000        0.0000000000000000        4.9742505039637632E-004   0.0000000000000000     
  -12.276000000000000        0.0000000000000000        5.0467378309540577E-004   0.0000000000000000     
  -12.078000000000001        0.0000000000000000        5.1206833357111666E-004   0.0000000000000000     
  -11.880000000000001        0.0000000000000000        5.1961715584074579E-004   0.0000000000000000     
  -11.682000000000000        0.0000000000000000        5.2732884428653151E-004   0.0000000000000000     
  -11.484000000000000        0.0000000000000000        5.3521213114970934E-004   0.0000000000000000     
  -11.286000000000001        0.0000000000000000        5.4327595053441839E-004   0.0000000000000000     
  -11.088000000000001        0.0000000000000000        5.5152946424546134E-004   0.0000000000000000     
  -10.890000000000001        0.0000000000000000        5.5998205380941948E-004   0.0000000000000000     
  -10.692000000000000        0.0000000000000000        5.6864338087797908E-004   0.0000000000000000     
  -10.494000000000000        0.0000000000000000        5.7752337619575470E-004   0.0000000000000000     
  -10.296000000000001        0.0000000000000000        5.8663226921145740E-004   0.0000000000000000     
  -10.098000000000001        0.0000000000000000        5.9598062396847343E-004   0.0000000000000000     
  -9.9000000000000004        0.0000000000000000        6.0557931634920028E-004   0.0000000000000000     
  -9.7020000000000000        0.0000000000000000        6.1543957682112945E-004   0.0000000000000000     
  -9.5040000000000013        0.0000000000000000        6.2557295826206607E-004   0.0000000000000000     
  -9.3060000000000009        0.0000000000000000        6.3599137225397247E-004   0.0000000000000000     
  -9.1080000000000005        0.0000000000000000        6.4670704809396821E-004   0.0000000000000000     
  -8.9100000000000001        0.0000000000000000        6.5773259237672434E-004   0.0000000000000000     
  -8.7119999999999997        0.0000000000000000        6.6908087307019726E-004   0.0000000000000000     
  -8.5140000000000011        0.0000000000000000        6.8076509681287483E-004   0.0000000000000000     
  -8.3160000000000007        0.0000000000000000        6.9279871427613813E-004   0.0000000000000000     
  -8.1180000000000003        0.0000000000000000        7.0519544387047893E-004   0.0000000000000000     
  -7.9199999999999999        0.0000000000000000        7.1796919688224548E-004   0.0000000000000000     
  -7.7220000000000004        0.0000000000000000        7.3113410669594660E-004   0.0000000000000000     
  -7.5240000000000000        0.0000000000000000        7.4470447220754228E-004   0.0000000000000000     
  -7.3260000000000005        0.0000000000000000        7.5869474268760453E-004   0.0000000000000000     
  -7.1280000000000001        0.0000000000000000        7.7311963117077608E-004   0.0000000000000000     
  -6.9300000000000006        0.0000000000000000        7.8799416424458677E-004   0.0000000000000000     
  -6.7320000000000002        0.0000000000000000        8.0333384799297363E-004   0.0000000000000000     
  -6.5340000000000007        0.0000000000000000        8.1915500292220850E-004   0.0000000000000000     
  -6.3360000000000003        0.0000000000000000        8.3547528729796571E-004   0.0000000000000000     
  -6.1379999999999999        0.0000000000000000        8.5231444065063671E-004   0.0000000000000000     
  -5.9400000000000004        0.0000000000000000        8.6969543466464388E-004   0.0000000000000000     
  -5.7420000000000000        0.0000000000000000        8.8764621495169443E-004   0.0000000000000000     
  -5.5440000000000005        0.0000000000000000        9.0620209547952332E-004   0.0000000000000000     
  -5.3460000000000001        0.0000000000000000        9.2540923242564023E-004   0.0000000000000000     
  -5.1480000000000006        0.0000000000000000        9.4532940158497400E-004   0.0000000000000000     
  -4.9500000000000002        0.0000000000000000        9.6604643688337683E-004   0.0000000000000000     
  -4.7520000000000007        0.0000000000000000        9.8767482298837994E-004   0.0000000000000000     
  -4.5540000000000003        0.0000000000000000        1.0103700841915743E-003   0.0000000000000000     
  -4.3559999999999999        0.0000000000000000        1.0343405646270228E-003   0.0000000000000000     
  -4.1580000000000004        0.0000000000000000        1.0598560036712398E-003   0.0000000000000000     
  -3.9600000000000000        0.0000000000000000        1.0872445972940220E-003   0.0000000000000000     
  -3.7620000000000000        0.0000000000000000        1.1168603161433159E-003   0.0000000000000000     
  -3.5640000000000001        0.0000000000000000        1.1490011764894862E-003   0.0000000000000000     
  -3.3660000000000001        0.0000000000000000        1.1837902530039963E-003   0.0000000000000000     
  -3.1680000000000001        0.0000000000000000        1.2210942756713629E-003   0.0000000000000000     
  -2.9700000000000002        0.0000000000000000        1.2607293590525797E-003   0.0000000000000000     
  -2.7720000000000002        0.0000000000000000        1.3026261909792373E-003   0.0000000000000000     
  -2.5740000000000003        0.0000000000000000        1.3470706556834402E-003   0.0000000000000000     
  -2.3760000000000003        0.0000000000000000        1.3944830152679598E-003   0.0000000000000000     
  -2.1779999999999999        0.0000000000000000        1.4445229534914346E-003   0.0000000000000000     
  -1.9800000000000000        0.0000000000000000        1.4947526090849541E-003   0.0000000000000000     
  -1.7820000000000000        0.0000000000000000        1.5382698575463585E-003   0.0000000000000000     
  -1.5840000000000001        0.0000000000000000        1.5670681233225451E-003   0.0000000000000000     
  -1.3860000000000001        0.0000000000000000        1.5736095365890108E-003   0.0000000000000000     
  -1.1880000000000002        0.0000000000000000        1.5457746204721021E-003   0.0000000000000000     
 -0.98999999999999999        0.0000000000000000        1.4732790783558358E-003   0.0000000000000000     
 -0.79200000000000004        0.0000000000000000        1.3432746023710760E-003   0.0000000000000000     
 -0.59400000000000008        0.0000000000000000        1.1332830062929016E-003   0.0000000000000000     
 -0.39600000000000002        0.0000000000000000        8.2904560578216579E-004   0.0000000000000000     
 -0.19800000000000001        0.0000000000000000        4.4073997196467709E-004   0.0000000000000000     
   0.0000000000000000        0.0000000000000000        0.0000000000000000        0.0000000000000000     
  0.19800000000000001        0.0000000000000000       -4.4073997196467709E-004   0.0000000000000000     
  0.39600000000000002        0.0000000000000000       -8.2904560578216579E-004   0.0000000000000000     
  0.59400000000000008        0.0000000000000000       -1.1332830062929016E-003   0.0000000000000000     
  0.79200000000000004        0.0000000000000000       -1.3432746023710760E-003   0.0000000000000000     
  0.98999999999999999        0.0000000000000000       -1.4732790783558358E-003   0.0000000000000000     
   1.1880000000000002        0.0000000000000000       -1.5457746204721021E-003   0.0000000000000000     
   1.3860000000000001        0.0000000000000000       -1.5736095365890108E-003   0.0000000000000000     
   1.5840000000000001        0.0000000000000000       -1.5670681233225451E-003   0.0000000000000000     
   1.7820000000000000        0.0000000000000000       -1.5382698575463585E-003   0.0000000000000000     
   1.9800000000000000        0.0000000000000000       -1.4947526090849541E-003   0.0000000000000000     
   2.1779999999999999        0.0000000000000000       -1.4445229534914346E-003   0.0000000000000000     
   2.3760000000000003        0.0000000000000000       -1.3944830152679598E-003   0.0000000000000000     
   2.5740000000000003        0.0000000000000000       -1.3470706556834402E-003   0.0000000000000000     
   2.7720000000000002        0.0000000000000000       -1.3026261909792373E-003   0.0000000000000000     
   2.9700000000000002        0.0000000000000000       -1.2607293590525797E-003   0.0000000000000000     
   3.1680000000000001        0.0000000000000000       -1.2210942756713629E-003   0.0000000000000000     
   3.3660000000000001        0.0000000000000000       -1.1837902530039963E-003   0.0000000000000000     
   3.5640000000000001        0.0000000000000000       -1.1490011764894862E-003   0.0000000000000000     
   3.7620000000000000        0.0000000000000000       -1.1168603161433159E-003   0.0000000000000000     
   3.9600000000000000        0.0000000000000000       -1.0872445972940220E-003   0.0000000000000000     
   4.1580000000000004        0.0000000000000000       -1.0598560036712398E-003   0.0000000000000000     
   4.3559999999999999        0.0000000000000000       -1.0343405646270228E-003   0.0000000000000000     
   4.5540000000000003        0.0000000000000000       -1.0103700841915743E-003   0.0000000000000000     
   4.7520000000000007        0.0000000000000000       -9.8767482298837994E-004   0.0000000000000000     
   4.9500000000000002        0.0000000000000000       -9.6604643688337683E-004   0.0000000000000000     
   5.1480000000000006        0.0000000000000000       -9.4532940158497400E-004   0.0000000000000000     
   5.3460000000000001        0.0000000000000000       -9.2540923242564023E-004   0.0000000000000000     
   5.5440000000000005        0.0000000000000000       -9.0620209547952332E-004   0.0000000000000000     
   5.7420000000000000        0.0000000000000000       -8.8764621495169443E-004   0.0000000000000000     
   5.9400000000000004        0.0000000000000000       -8.6969543466464388E-004   0.0000000000000000     
   6.1379999999999999        0.0000000000000000       -8.5231444065063671E-004   0.0000000000000000     
   6.3360000000000003        0.0000000000000000       -8.3547528729796571E-004   0.0000000000000000     
   6.5340000000000007        0.0000000000000000       -8.1915500292220850E-004   0.0000000000000000     
   6.7320000000000002        0.0000000000000000       -8.0333384799297363E-004   0.0000000000000000     
   6.9300000000000006        0.0000000000000000       -7.8799416424458677E-004   0.0000000000000000     
   7.1280000000000001        0.0000000000000000       -7.7311963117077608E-004   0.0000000000000000     
   7.3260000000000005        0.0000000000000000       -7.5869474268760453E-004   0.0000000000000000     
   7.5240000000000000        0.0000000000000000       -7.4470447220754228E-004   0.0000000000000000     
   7.7220000000000004        0.0000000000000000       -7.3113410669594660E-004   0.0000000000000000     
   7.9199999999999999        0.0000000000000000       -7.1796919688224548E-004   0.0000000000000000     
   8.1180000000000003        0.0000000000000000       -7.0519544387047893E-004   0.0000000000000000     
   8.3160000000000007        0.0000000000000000       -6.9279871427613813E-004   0.0000000000000000     
   8.5140000000000011        0.0000000000000000       -6.8076509681287483E-004   0.0000000000000000     
   8.7119999999999997        0.0000000000000000       -6.6908087307019726E-004   0.0000000000000000     
   8.9100000000000001        0.0000000000000000       -6.5773259237672434E-004   0.0000000000000000     
   9.1080000000000005        0.0000000000000000       -6.4670704809396821E-004   0.0000000000000000     
   9.3060000000000009        0.0000000000000000       -6.3599137225397247E-004   0.0000000000000000     
   9.5040000000000013        0.0000000000000000       -6.2557295826206607E-004   0.0000000000000000     
   9.7020000000000000        0.0000000000000000       -6.1543957682112945E-004   0.0000000000000000     
   9.9000000000000004        0.0000000000000000       -6.0557931634920028E-004   0.0000000000000000     
   10.098000000000001        0.0000000000000000       -5.9598062396847343E-004   0.0000000000000000     
   10.296000000000001        0.0000000000000000       -5.8663226921145740E-004   0.0000000000000000     
   10.494000000000000        0.0000000000000000       -5.7752337619575470E-004   0.0000000000000000     
   10.692000000000000        0.0000000000000000       -5.6864338087797908E-004   0.0000000000000000     
   10.890000000000001        0.0000000000000000       -5.5998205380941948E-004   0.0000000000000000     
   11.088000000000001        0.0000000000000000       -5.5152946424546134E-004   0.0000000000000000     
   11.286000000000001        0.0000000000000000       -5.4327595053441839E-004   0.0000000000000000     
   11.484000000000000        0.0000000000000000       -5.3521213114970934E-004   0.0000000000000000     
   11.682000000000000        0.0000000000000000       -5.2732884428653151E-004   0.0000000000000000     
   11.880000000000001        0.0000000000000000       -5.1961715584074579E-004   0.0000000000000000     
   12.078000000000001        0.0000000000000000       -5.1206833357111666E-004   0.0000000000000000     
   12.276000000000000        0.0000000000000000       -5.0467378309540577E-004   0.0000000000000000     
   12.474000000000000        0.0000000000000000       -4.9742505039637632E-004   0.0000000000000000     
   12.672000000000001        0.0000000000000000       -4.9031377175933128E-004   0.0000000000000000     
   12.870000000000001        0.0000000000000000       -4.8333165121808264E-004   0.0000000000000000     
   13.068000000000001        0.0000000000000000       -4.7647040726637036E-004   0.0000000000000000     
   13.266000000000000        0.0000000000000000       -4.6972173760098586E-004   0.0000000000000000     
   13.464000000000000        0.0000000000000000       -4.6307727000986429E-004   0.0000000000000000     
   13.662000000000001        0.0000000000000000       -4.5652849819535031E-004   0.0000000000000000     
   13.860000000000001        0.0000000000000000       -4.5006675527393215E-004   0.0000000000000000     
   14.058000000000000        0.0000000000000000       -4.4368310881213964E-004   0.0000000000000000     
   14.256000000000000        0.0000000000000000       -4.3736831168583246E-004   0.0000000000000000     
   14.454000000000001        0.0000000000000000       -4.3111270428845366E-004   0.0000000000000000     
   14.652000000000001        0.0000000000000000       -4.2490610006139836E-004   0.0000000000000000     
   14.850000000000001        0.0000000000000000       -4.1873772232544216E-004   0.0000000000000000     
   15.048000000000000        0.0000000000000000       -4.1259600999345858E-004   0.0000000000000000     
   15.246000000000000        0.0000000000000000       -4.0646849638930569E-004   0.0000000000000000     
   15.444000000000001        0.0000000000000000       -4.0034161726491460E-004   0.0000000000000000     
   15.642000000000001        0.0000000000000000       -3.9420050357972305E-004   0.0000000000000000     
   15.840000000000000        0.0000000000000000       -3.8802870500495514E-004   0.0000000000000000     
   16.038000000000000        0.0000000000000000       -3.8180793122916730E-004   0.0000000000000000     
   16.236000000000001        0.0000000000000000       -3.7551768245235175E-004   0.0000000000000000     
   16.434000000000001        0.0000000000000000       -3.6913486196355454E-004   0.0000000000000000     
   16.632000000000001        0.0000000000000000       -3.6263334205498146E-004   0.0000000000000000     
   16.830000000000002        0.0000000000000000       -3.5607843251939260E-004   0.0000000000000000     
   17.028000000000002        0.0000000000000000       -3.4934053264892384E-004   0.0000000000000000     
   17.225999999999999        0.0000000000000000       -3.4239851643073660E-004   0.0000000000000000     
   17.423999999999999        0.0000000000000000       -3.3521529455203601E-004   0.0000000000000000     
   17.622000000000000        0.0000000000000000       -3.2774953471923727E-004   0.0000000000000000     
   17.820000000000000        0.0000000000000000       -3.1995896722061536E-004   0.0000000000000000     
   18.018000000000001        0.0000000000000000       -3.1171080688035402E-004   0.0000000000000000     
   18.216000000000001        0.0000000000000000       -3.0312447674834549E-004   0.0000000000000000     
   18.414000000000001        0.0000000000000000       -2.9410784922251750E-004   0.0000000000000000     
   18.612000000000002        0.0000000000000000       -2.8455894724287135E-004   0.0000000000000000     
   18.810000000000002        0.0000000000000000       -2.7485579331570242E-004   0.0000000000000000     
   19.008000000000003        0.0000000000000000       -2.6510522223038429E-004   0.0000000000000000     
   19.206000000000000        0.0000000000000000       -2.5556447737857109E-004   0.0000000000000000     
   19.404000000000000        0.0000000000000000       -2.4637212064862560E-004   0.0000000000000000     
   19.602000000000000        0.0000000000000000       -2.3626087384373266E-004   0.0000000000000000     
