  -19.602000000000000        0.0000000000000000       -7.9498594743128165E-004   0.0000000000000000     
  -19.404000000000000        0.0000000000000000       -8.3843213343925201E-004   0.0000000000000000     
  -19.206000000000000        0.0000000000000000       -8.7671520514335708E-004   0.0000000000000000     
  -19.008000000000003        0.0000000000000000       -9.1232254281628977E-004   0.0000000000000000     
  -18.810000000000002        0.0000000000000000       -9.4572048156493912E-004   0.0000000000000000     
  -18.612000000000002        0.0000000000000000       -9.7705021227698064E-004   0.0000000000000000     
  -18.414000000000001        0.0000000000000000       -1.0070304417801376E-003   0.0000000000000000     
  -18.216000000000001        0.0000000000000000       -1.0355725640121640E-003   0.0000000000000000     
  -18.018000000000001        0.0000000000000000       -1.0626846668545431E-003   0.0000000000000000     
  -17.820000000000000        0.0000000000000000       -1.0888307278121509E-003   0.0000000000000000     
  -17.622000000000000        0.0000000000000000       -1.1138618921201009E-003   0.0000000000000000     
  -17.423999999999999        0.0000000000000000       -1.1380809163416222E-003   0.0000000000000000     
  -17.225999999999999        0.0000000000000000       -1.1616016543802832E-003   0.0000000000000000     
  -17.028000000000002        0.0000000000000000       -1.1845122302239072E-003   0.0000000000000000     
  -16.830000000000002        0.0000000000000000       -1.2070176298898442E-003   0.0000000000000000     
  -16.632000000000001        0.0000000000000000       -1.2291245722327415E-003   0.0000000000000000     
  -16.434000000000001        0.0000000000000000       -1.2509205604428642E-003   0.0000000000000000     
  -16.236000000000001        0.0000000000000000       -1.2724851759741468E-003   0.0000000000000000     
  -16.038000000000000        0.0000000000000000       -1.2938908515454592E-003   0.0000000000000000     
  -15.840000000000000        0.0000000000000000       -1.3152036966815309E-003   0.0000000000000000     
  -15.642000000000001        0.0000000000000000       -1.3364842594228016E-003   0.0000000000000000     
  -15.444000000000001        0.0000000000000000       -1.3577882634937151E-003   0.0000000000000000     
  -15.246000000000000        0.0000000000000000       -1.3791673300317315E-003   0.0000000000000000     
  -15.048000000000000        0.0000000000000000       -1.4006694623117742E-003   0.0000000000000000     
  -14.850000000000001        0.0000000000000000       -1.4223397043354748E-003   0.0000000000000000     
  -14.652000000000001        0.0000000000000000       -1.4442206498667357E-003   0.0000000000000000     
  -14.454000000000001        0.0000000000000000       -1.4663527625088685E-003   0.0000000000000000     
  -14.256000000000000        0.0000000000000000       -1.4887749138904509E-003   0.0000000000000000     
  -14.058000000000000        0.0000000000000000       -1.5115247000554687E-003   0.0000000000000000     
  -13.860000000000001        0.0000000000000000       -1.5346387470229195E-003   0.0000000000000000     
  -13.662000000000001        0.0000000000000000       -1.5581531074842845E-003   0.0000000000000000     
  -13.464000000000000        0.0000000000000000       -1.5821034105876479E-003   0.0000000000000000     
  -13.266000000000000        0.0000000000000000       -1.6065252648569720E-003   0.0000000000000000     
  -13.068000000000001        0.0000000000000000       -1.6314544234155039E-003   0.0000000000000000     
  -12.870000000000001        0.0000000000000000       -1.6569270954215182E-003   0.0000000000000000     
  -12.672000000000001        0.0000000000000000       -1.6829801232744529E-003   0.0000000000000000     
  -12.474000000000000        0.0000000000000000       -1.7096512411077290E-003   0.0000000000000000     
  -12.276000000000000        0.0000000000000000       -1.7369793719373980E-003   0.0000000000000000     
  -12.078000000000001        0.0000000000000000       -1.7650047780799611E-003   0.0000000000000000     
  -11.880000000000001        0.0000000000000000       -1.7937693914263485E-003   0.0000000000000000     
  -11.682000000000000        0.0000000000000000       -1.8233170526932426E-003   0.0000000000000000     
  -11.484000000000000        0.0000000000000000       -1.8536938085141155E-003   0.0000000000000000     
  -11.286000000000001        0.0000000000000000       -1.8849481987366881E-003   0.0000000000000000     
  -11.088000000000001        0.0000000000000000       -1.9171316411376758E-003   0.0000000000000000     
  -10.890000000000001        0.0000000000000000       -1.9502987183745912E-003   0.0000000000000000     
  -10.692000000000000        0.0000000000000000       -1.9845077410012022E-003   0.0000000000000000     
  -10.494000000000000        0.0000000000000000       -2.0198210206507140E-003   0.0000000000000000     
  -10.296000000000001        0.0000000000000000       -2.0563055127248583E-003   0.0000000000000000     
  -10.098000000000001        0.0000000000000000       -2.0940333148293452E-003   0.0000000000000000     
  -9.9000000000000004        0.0000000000000000       -2.1330823541101389E-003   0.0000000000000000     
  -9.7020000000000000        0.0000000000000000       -2.1735371355403412E-003   0.0000000000000000     
  -9.5040000000000013        0.0000000000000000       -2.2154895232171963E-003   0.0000000000000000     
  -9.3060000000000009        0.0000000000000000       -2.2590397762920910E-003   0.0000000000000000     
  -9.1080000000000005        0.0000000000000000       -2.3042974788418796E-003   0.0000000000000000     
  -8.9100000000000001        0.0000000000000000       -2.3513830040662446E-003   0.0000000000000000     
  -8.7119999999999997        0.0000000000000000       -2.4004286716580517E-003   0.0000000000000000     
  -8.5140000000000011        0.0000000000000000       -2.4515805929132438E-003   0.0000000000000000     
  -8.3160000000000007        0.0000000000000000       -2.5050003007276978E-003   0.0000000000000000     
  -8.1180000000000003        0.0000000000000000       -2.5608670560421974E-003   0.0000000000000000     
  -7.9199999999999999        0.0000000000000000       -2.6193801156892010E-003   0.0000000000000000     
  -7.7220000000000004        0.0000000000000000       -2.6807614890543017E-003   0.0000000000000000     
  -7.5240000000000000        0.0000000000000000       -2.7452591188571905E-003   0.0000000000000000     
  -7.3260000000000005        0.0000000000000000       -2.8131502664455453E-003   0.0000000000000000     
  -7.1280000000000001        0.0000000000000000       -2.8847455362062263E-003   0.0000000000000000     
  -6.9300000000000006        0.0000000000000000       -2.9603933518636328E-003   0.0000000000000000     
  -6.7320000000000002        0.0000000000000000       -3.0404845804882482E-003   0.0000000000000000     
  -6.5340000000000007        0.0000000000000000       -3.1254583157766433E-003   0.0000000000000000     
  -6.3360000000000003        0.0000000000000000       -3.2158070214076406E-003   0.0000000000000000     
  -6.1379999999999999        0.0000000000000000       -3.3120831201032632E-003   0.0000000000000000     
  -5.9400000000000004        0.0000000000000000       -3.4149045843209305E-003   0.0000000000000000     
  -5.7420000000000000        0.0000000000000000       -3.5249608625772923E-003   0.0000000000000000     
  -5.5440000000000005        0.0000000000000000       -3.6430179401350841E-003   0.0000000000000000     
  -5.3460000000000001        0.0000000000000000       -3.7699211214735511E-003   0.0000000000000000     
  -5.1480000000000006        0.0000000000000000       -3.9065956668133412E-003   0.0000000000000000     
  -4.9500000000000002        0.0000000000000000       -4.0540419156641109E-003   0.0000000000000000     
  -4.7520000000000007        0.0000000000000000       -4.2133238440092476E-003   0.0000000000000000     
  -4.5540000000000003        0.0000000000000000       -4.3855466284885257E-003   0.0000000000000000     
  -4.3559999999999999        0.0000000000000000       -4.5718186379293171E-003   0.0000000000000000     
  -4.1580000000000004        0.0000000000000000       -4.7731923614862349E-003   0.0000000000000000     
  -3.9600000000000000        0.0000000000000000       -4.9905762615519980E-003   0.0000000000000000     
  -3.7620000000000000        0.0000000000000000       -5.2246075818086117E-003   0.0000000000000000     
  -3.5640000000000001        0.0000000000000000       -5.4754720095980198E-003   0.0000000000000000     
  -3.3660000000000001        0.0000000000000000       -5.7426510544362512E-003   0.0000000000000000     
  -3.1680000000000001        0.0000000000000000       -6.0245832607942603E-003   0.0000000000000000     
  -2.9700000000000002        0.0000000000000000       -6.3184285405899435E-003   0.0000000000000000     
  -2.7720000000000002        0.0000000000000000       -6.6215028757222565E-003   0.0000000000000000     
  -2.5740000000000003        0.0000000000000000       -6.9353264333249301E-003   0.0000000000000000     
  -2.3760000000000003        0.0000000000000000       -7.2492723107735286E-003   0.0000000000000000     
  -2.1779999999999999        0.0000000000000000       -7.5422213881217474E-003   0.0000000000000000     
  -1.9800000000000000        0.0000000000000000       -7.7954233565019739E-003   0.0000000000000000     
  -1.7820000000000000        0.0000000000000000       -7.9811009000286884E-003   0.0000000000000000     
  -1.5840000000000001        0.0000000000000000       -8.0715026593670136E-003   0.0000000000000000     
  -1.3860000000000001        0.0000000000000000       -8.0222087508699021E-003   0.0000000000000000     
  -1.1880000000000002        0.0000000000000000       -7.7762061764155435E-003   0.0000000000000000     
 -0.98999999999999999        0.0000000000000000       -7.2712951388206274E-003   0.0000000000000000     
 -0.79200000000000004        0.0000000000000000       -6.4493223604362203E-003   0.0000000000000000     
 -0.59400000000000008        0.0000000000000000       -5.2735926495116317E-003   0.0000000000000000     
 -0.39600000000000002        0.0000000000000000       -3.7538302392081395E-003   0.0000000000000000     
 -0.19800000000000001        0.0000000000000000       -1.9584001060356168E-003   0.0000000000000000     
   0.0000000000000000        0.0000000000000000        0.0000000000000000        0.0000000000000000     
  0.19800000000000001        0.0000000000000000        1.9584001060356168E-003   0.0000000000000000     
  0.39600000000000002        0.0000000000000000        3.7538302392081395E-003   0.0000000000000000     
  0.59400000000000008        0.0000000000000000        5.2735926495116317E-003   0.0000000000000000     
  0.79200000000000004        0.0000000000000000        6.4493223604362203E-003   0.0000000000000000     
  0.98999999999999999        0.0000000000000000        7.2712951388206274E-003   0.0000000000000000     
   1.1880000000000002        0.0000000000000000        7.7762061764155435E-003   0.0000000000000000     
   1.3860000000000001        0.0000000000000000        8.0222087508699021E-003   0.0000000000000000     
   1.5840000000000001        0.0000000000000000        8.0715026593670136E-003   0.0000000000000000     
   1.7820000000000000        0.0000000000000000        7.9811009000286884E-003   0.0000000000000000     
   1.9800000000000000        0.0000000000000000        7.7954233565019739E-003   0.0000000000000000     
   2.1779999999999999        0.0000000000000000        7.5422213881217474E-003   0.0000000000000000     
   2.3760000000000003        0.0000000000000000        7.2492723107735286E-003   0.0000000000000000     
   2.5740000000000003        0.0000000000000000        6.9353264333249301E-003   0.0000000000000000     
   2.7720000000000002        0.0000000000000000        6.6215028757222565E-003   0.0000000000000000     
   2.9700000000000002        0.0000000000000000        6.3184285405899435E-003   0.0000000000000000     
   3.1680000000000001        0.0000000000000000        6.0245832607942603E-003   0.0000000000000000     
   3.3660000000000001        0.0000000000000000        5.7426510544362512E-003   0.0000000000000000     
   3.5640000000000001        0.0000000000000000        5.4754720095980198E-003   0.0000000000000000     
   3.7620000000000000        0.0000000000000000        5.2246075818086117E-003   0.0000000000000000     
   3.9600000000000000        0.0000000000000000        4.9905762615519980E-003   0.0000000000000000     
   4.1580000000000004        0.0000000000000000        4.7731923614862349E-003   0.0000000000000000     
   4.3559999999999999        0.0000000000000000        4.5718186379293171E-003   0.0000000000000000     
   4.5540000000000003        0.0000000000000000        4.3855466284885257E-003   0.0000000000000000     
   4.7520000000000007        0.0000000000000000        4.2133238440092476E-003   0.0000000000000000     
   4.9500000000000002        0.0000000000000000        4.0540419156641109E-003   0.0000000000000000     
   5.1480000000000006        0.0000000000000000        3.9065956668133412E-003   0.0000000000000000     
   5.3460000000000001        0.0000000000000000        3.7699211214735511E-003   0.0000000000000000     
   5.5440000000000005        0.0000000000000000        3.6430179401350841E-003   0.0000000000000000     
   5.7420000000000000        0.0000000000000000        3.5249608625772923E-003   0.0000000000000000     
   5.9400000000000004        0.0000000000000000        3.4149045843209305E-003   0.0000000000000000     
   6.1379999999999999        0.0000000000000000        3.3120831201032632E-003   0.0000000000000000     
   6.3360000000000003        0.0000000000000000        3.2158070214076406E-003   0.0000000000000000     
   6.5340000000000007        0.0000000000000000        3.1254583157766433E-003   0.0000000000000000     
   6.7320000000000002        0.0000000000000000        3.0404845804882482E-003   0.0000000000000000     
   6.9300000000000006        0.0000000000000000        2.9603933518636328E-003   0.0000000000000000     
   7.1280000000000001        0.0000000000000000        2.8847455362062263E-003   0.0000000000000000     
   7.3260000000000005        0.0000000000000000        2.8131502664455453E-003   0.0000000000000000     
   7.5240000000000000        0.0000000000000000        2.7452591188571905E-003   0.0000000000000000     
   7.7220000000000004        0.0000000000000000        2.6807614890543017E-003   0.0000000000000000     
   7.9199999999999999        0.0000000000000000        2.6193801156892010E-003   0.0000000000000000     
   8.1180000000000003        0.0000000000000000        2.5608670560421974E-003   0.0000000000000000     
   8.3160000000000007        0.0000000000000000        2.5050003007276978E-003   0.0000000000000000     
   8.5140000000000011        0.0000000000000000        2.4515805929132438E-003   0.0000000000000000     
   8.7119999999999997        0.0000000000000000        2.4004286716580517E-003   0.0000000000000000     
   8.9100000000000001        0.0000000000000000        2.3513830040662446E-003   0.0000000000000000     
   9.1080000000000005        0.0000000000000000        2.3042974788418796E-003   0.0000000000000000     
   9.3060000000000009        0.0000000000000000        2.2590397762920910E-003   0.0000000000000000     
   9.5040000000000013        0.0000000000000000        2.2154895232171963E-003   0.0000000000000000     
   9.7020000000000000        0.0000000000000000        2.1735371355403412E-003   0.0000000000000000     
   9.9000000000000004        0.0000000000000000        2.1330823541101389E-003   0.0000000000000000     
   10.098000000000001        0.0000000000000000        2.0940333148293452E-003   0.0000000000000000     
   10.296000000000001        0.0000000000000000        2.0563055127248583E-003   0.0000000000000000     
   10.494000000000000        0.0000000000000000        2.0198210206507140E-003   0.0000000000000000     
   10.692000000000000        0.0000000000000000        1.9845077410012022E-003   0.0000000000000000     
   10.890000000000001        0.0000000000000000        1.9502987183745912E-003   0.0000000000000000     
   11.088000000000001        0.0000000000000000        1.9171316411376758E-003   0.0000000000000000     
   11.286000000000001        0.0000000000000000        1.8849481987366881E-003   0.0000000000000000     
   11.484000000000000        0.0000000000000000        1.8536938085141155E-003   0.0000000000000000     
   11.682000000000000        0.0000000000000000        1.8233170526932426E-003   0.0000000000000000     
   11.880000000000001        0.0000000000000000        1.7937693914263485E-003   0.0000000000000000     
   12.078000000000001        0.0000000000000000        1.7650047780799611E-003   0.0000000000000000     
   12.276000000000000        0.0000000000000000        1.7369793719373980E-003   0.0000000000000000     
   12.474000000000000        0.0000000000000000        1.7096512411077290E-003   0.0000000000000000     
   12.672000000000001        0.0000000000000000        1.6829801232744529E-003   0.0000000000000000     
   12.870000000000001        0.0000000000000000        1.6569270954215182E-003   0.0000000000000000     
   13.068000000000001        0.0000000000000000        1.6314544234155039E-003   0.0000000000000000     
   13.266000000000000        0.0000000000000000        1.6065252648569720E-003   0.0000000000000000     
   13.464000000000000        0.0000000000000000        1.5821034105876479E-003   0.0000000000000000     
   13.662000000000001        0.0000000000000000        1.5581531074842845E-003   0.0000000000000000     
   13.860000000000001        0.0000000000000000        1.5346387470229195E-003   0.0000000000000000     
   14.058000000000000        0.0000000000000000        1.5115247000554687E-003   0.0000000000000000     
   14.256000000000000        0.0000000000000000        1.4887749138904509E-003   0.0000000000000000     
   14.454000000000001        0.0000000000000000        1.4663527625088685E-003   0.0000000000000000     
   14.652000000000001        0.0000000000000000        1.4442206498667357E-003   0.0000000000000000     
   14.850000000000001        0.0000000000000000        1.4223397043354748E-003   0.0000000000000000     
   15.048000000000000        0.0000000000000000        1.4006694623117742E-003   0.0000000000000000     
   15.246000000000000        0.0000000000000000        1.3791673300317315E-003   0.0000000000000000     
   15.444000000000001        0.0000000000000000        1.3577882634937151E-003   0.0000000000000000     
   15.642000000000001        0.0000000000000000        1.3364842594228016E-003   0.0000000000000000     
   15.840000000000000        0.0000000000000000        1.3152036966815309E-003   0.0000000000000000     
   16.038000000000000        0.0000000000000000        1.2938908515454592E-003   0.0000000000000000     
   16.236000000000001        0.0000000000000000        1.2724851759741468E-003   0.0000000000000000     
   16.434000000000001        0.0000000000000000        1.2509205604428642E-003   0.0000000000000000     
   16.632000000000001        0.0000000000000000        1.2291245722327415E-003   0.0000000000000000     
   16.830000000000002        0.0000000000000000        1.2070176298898442E-003   0.0000000000000000     
   17.028000000000002        0.0000000000000000        1.1845122302239072E-003   0.0000000000000000     
   17.225999999999999        0.0000000000000000        1.1616016543802832E-003   0.0000000000000000     
   17.423999999999999        0.0000000000000000        1.1380809163416222E-003   0.0000000000000000     
   17.622000000000000        0.0000000000000000        1.1138618921201009E-003   0.0000000000000000     
   17.820000000000000        0.0000000000000000        1.0888307278121509E-003   0.0000000000000000     
   18.018000000000001        0.0000000000000000        1.0626846668545431E-003   0.0000000000000000     
   18.216000000000001        0.0000000000000000        1.0355725640121640E-003   0.0000000000000000     
   18.414000000000001        0.0000000000000000        1.0070304417801376E-003   0.0000000000000000     
   18.612000000000002        0.0000000000000000        9.7705021227698064E-004   0.0000000000000000     
   18.810000000000002        0.0000000000000000        9.4572048156493912E-004   0.0000000000000000     
   19.008000000000003        0.0000000000000000        9.1232254281628977E-004   0.0000000000000000     
   19.206000000000000        0.0000000000000000        8.7671520514335708E-004   0.0000000000000000     
   19.404000000000000        0.0000000000000000        8.3843213343925201E-004   0.0000000000000000     
   19.602000000000000        0.0000000000000000        7.9498594743128165E-004   0.0000000000000000     
