  -19.602000000000000        0.0000000000000000       -2.6696252105110923E-005   0.0000000000000000     
  -19.404000000000000        0.0000000000000000       -2.7344625892047897E-005   0.0000000000000000     
  -19.206000000000000        0.0000000000000000       -2.7773776385997528E-005   0.0000000000000000     
  -19.008000000000003        0.0000000000000000       -2.8300314158514782E-005   0.0000000000000000     
  -18.810000000000002        0.0000000000000000       -2.8987818909386180E-005   0.0000000000000000     
  -18.612000000000002        0.0000000000000000       -2.9814085229572450E-005   0.0000000000000000     
  -18.414000000000001        0.0000000000000000       -3.0702321077480831E-005   0.0000000000000000     
  -18.216000000000001        0.0000000000000000       -3.1594622901678862E-005   0.0000000000000000     
  -18.018000000000001        0.0000000000000000       -3.2478281066104252E-005   0.0000000000000000     
  -17.820000000000000        0.0000000000000000       -3.3338351458106939E-005   0.0000000000000000     
  -17.622000000000000        0.0000000000000000       -3.4169467010300017E-005   0.0000000000000000     
  -17.423999999999999        0.0000000000000000       -3.4971397191964222E-005   0.0000000000000000     
  -17.225999999999999        0.0000000000000000       -3.5746437991991864E-005   0.0000000000000000     
  -17.028000000000002        0.0000000000000000       -3.6497019787313938E-005   0.0000000000000000     
  -16.830000000000002        0.0000000000000000       -3.7229643388668831E-005   0.0000000000000000     
  -16.632000000000001        0.0000000000000000       -3.7958050963173465E-005   0.0000000000000000     
  -16.434000000000001        0.0000000000000000       -3.8671863479631597E-005   0.0000000000000000     
  -16.236000000000001        0.0000000000000000       -3.9374210972430707E-005   0.0000000000000000     
  -16.038000000000000        0.0000000000000000       -4.0067832971480549E-005   0.0000000000000000     
  -15.840000000000000        0.0000000000000000       -4.0755124568030558E-005   0.0000000000000000     
  -15.642000000000001        0.0000000000000000       -4.1438187542902329E-005   0.0000000000000000     
  -15.444000000000001        0.0000000000000000       -4.2118882711718036E-005   0.0000000000000000     
  -15.246000000000000        0.0000000000000000       -4.2798873524320707E-005   0.0000000000000000     
  -15.048000000000000        0.0000000000000000       -4.3479661390062152E-005   0.0000000000000000     
  -14.850000000000001        0.0000000000000000       -4.4162617434916415E-005   0.0000000000000000     
  -14.652000000000001        0.0000000000000000       -4.4849005944854496E-005   0.0000000000000000     
  -14.454000000000001        0.0000000000000000       -4.5540003441715955E-005   0.0000000000000000     
  -14.256000000000000        0.0000000000000000       -4.6236715487114531E-005   0.0000000000000000     
  -14.058000000000000        0.0000000000000000       -4.6940190397046505E-005   0.0000000000000000     
  -13.860000000000001        0.0000000000000000       -4.7651429481939455E-005   0.0000000000000000     
  -13.662000000000001        0.0000000000000000       -4.8371394442243125E-005   0.0000000000000000     
  -13.464000000000000        0.0000000000000000       -4.9101018454614427E-005   0.0000000000000000     
  -13.266000000000000        0.0000000000000000       -4.9841209948925648E-005   0.0000000000000000     
  -13.068000000000001        0.0000000000000000       -5.0592859679803072E-005   0.0000000000000000     
  -12.870000000000001        0.0000000000000000       -5.1356847132058316E-005   0.0000000000000000     
  -12.672000000000001        0.0000000000000000       -5.2134043692799208E-005   0.0000000000000000     
  -12.474000000000000        0.0000000000000000       -5.2925316856906773E-005   0.0000000000000000     
  -12.276000000000000        0.0000000000000000       -5.3731535134625581E-005   0.0000000000000000     
  -12.078000000000001        0.0000000000000000       -5.4553571403703444E-005   0.0000000000000000     
  -11.880000000000001        0.0000000000000000       -5.5392305310978099E-005   0.0000000000000000     
  -11.682000000000000        0.0000000000000000       -5.6248628414005078E-005   0.0000000000000000     
  -11.484000000000000        0.0000000000000000       -5.7123444033434033E-005   0.0000000000000000     
  -11.286000000000001        0.0000000000000000       -5.8017673125554160E-005   0.0000000000000000     
  -11.088000000000001        0.0000000000000000       -5.8932253425356388E-005   0.0000000000000000     
  -10.890000000000001        0.0000000000000000       -5.9868143349561689E-005   0.0000000000000000     
  -10.692000000000000        0.0000000000000000       -6.0826325366763822E-005   0.0000000000000000     
  -10.494000000000000        0.0000000000000000       -6.1807804470783445E-005   0.0000000000000000     
  -10.296000000000001        0.0000000000000000       -6.2813611262764468E-005   0.0000000000000000     
  -10.098000000000001        0.0000000000000000       -6.3844802275226146E-005   0.0000000000000000     
  -9.9000000000000004        0.0000000000000000       -6.4902462611288059E-005   0.0000000000000000     
  -9.7020000000000000        0.0000000000000000       -6.5987704047164661E-005   0.0000000000000000     
  -9.5040000000000013        0.0000000000000000       -6.7101664488477622E-005   0.0000000000000000     
  -9.3060000000000009        0.0000000000000000       -6.8245509889364883E-005   0.0000000000000000     
  -9.1080000000000005        0.0000000000000000       -6.9420430223431976E-005   0.0000000000000000     
  -8.9100000000000001        0.0000000000000000       -7.0627637712266660E-005   0.0000000000000000     
  -8.7119999999999997        0.0000000000000000       -7.1868364679493496E-005   0.0000000000000000     
  -8.5140000000000011        0.0000000000000000       -7.3143857955472848E-005   0.0000000000000000     
  -8.3160000000000007        0.0000000000000000       -7.4455372925542597E-005   0.0000000000000000     
  -8.1180000000000003        0.0000000000000000       -7.5804165918392491E-005   0.0000000000000000     
  -7.9199999999999999        0.0000000000000000       -7.7191491109565626E-005   0.0000000000000000     
  -7.7220000000000004        0.0000000000000000       -7.8618584315248881E-005   0.0000000000000000     
  -7.5240000000000000        0.0000000000000000       -8.0086651384003897E-005   0.0000000000000000     
  -7.3260000000000005        0.0000000000000000       -8.1596857330217313E-005   0.0000000000000000     
  -7.1280000000000001        0.0000000000000000       -8.3150312489871654E-005   0.0000000000000000     
  -6.9300000000000006        0.0000000000000000       -8.4748049689269080E-005   0.0000000000000000     
  -6.7320000000000002        0.0000000000000000       -8.6391011898643441E-005   0.0000000000000000     
  -6.5340000000000007        0.0000000000000000       -8.8080032544190199E-005   0.0000000000000000     
  -6.3360000000000003        0.0000000000000000       -8.9815809529883469E-005   0.0000000000000000     
  -6.1379999999999999        0.0000000000000000       -9.1598892401409211E-005   0.0000000000000000     
  -5.9400000000000004        0.0000000000000000       -9.3429651528803161E-005   0.0000000000000000     
  -5.7420000000000000        0.0000000000000000       -9.5308251537772764E-005   0.0000000000000000     
  -5.5440000000000005        0.0000000000000000       -9.7234604646183678E-005   0.0000000000000000     
  -5.3460000000000001        0.0000000000000000       -9.9208283933294549E-005   0.0000000000000000     
  -5.1480000000000006        0.0000000000000000       -1.0122840022153304E-004   0.0000000000000000     
  -4.9500000000000002        0.0000000000000000       -1.0329334163215995E-004   0.0000000000000000     
  -4.7520000000000007        0.0000000000000000       -1.0540035005627394E-004   0.0000000000000000     
  -4.5540000000000003        0.0000000000000000       -1.0754483595008236E-004   0.0000000000000000     
  -4.3559999999999999        0.0000000000000000       -1.0971929764249171E-004   0.0000000000000000     
  -4.1580000000000004        0.0000000000000000       -1.1191190999065778E-004   0.0000000000000000     
  -3.9600000000000000        0.0000000000000000       -1.1410497485968719E-004   0.0000000000000000     
  -3.7620000000000000        0.0000000000000000       -1.1627426047026147E-004   0.0000000000000000     
  -3.5640000000000001        0.0000000000000000       -1.1839262055018040E-004   0.0000000000000000     
  -3.3660000000000001        0.0000000000000000       -1.2045110378093319E-004   0.0000000000000000     
  -3.1680000000000001        0.0000000000000000       -1.2253612642417172E-004   0.0000000000000000     
  -2.9700000000000002        0.0000000000000000       -1.2489840786227628E-004   0.0000000000000000     
  -2.7720000000000002        0.0000000000000000       -1.2739766455006858E-004   0.0000000000000000     
  -2.5740000000000003        0.0000000000000000       -1.2968721756088968E-004   0.0000000000000000     
  -2.3760000000000003        0.0000000000000000       -1.3189554389766861E-004   0.0000000000000000     
  -2.1779999999999999        0.0000000000000000       -1.3405285122554067E-004   0.0000000000000000     
  -1.9800000000000000        0.0000000000000000       -1.3593680711129530E-004   0.0000000000000000     
  -1.7820000000000000        0.0000000000000000       -1.3755733102613197E-004   0.0000000000000000     
  -1.5840000000000001        0.0000000000000000       -1.3919404359761094E-004   0.0000000000000000     
  -1.3860000000000001        0.0000000000000000       -1.3939696878713324E-004   0.0000000000000000     
  -1.1880000000000002        0.0000000000000000       -1.3675869996928160E-004   0.0000000000000000     
 -0.98999999999999999        0.0000000000000000       -1.3008801215706932E-004   0.0000000000000000     
 -0.79200000000000004        0.0000000000000000       -1.1651916192785935E-004   0.0000000000000000     
 -0.59400000000000008        0.0000000000000000       -9.4456008795351551E-005   0.0000000000000000     
 -0.39600000000000002        0.0000000000000000       -6.5829497370464878E-005   0.0000000000000000     
 -0.19800000000000001        0.0000000000000000       -3.3737485596525324E-005   0.0000000000000000     
   0.0000000000000000        0.0000000000000000        0.0000000000000000        0.0000000000000000     
  0.19800000000000001        0.0000000000000000        3.3737485596525324E-005   0.0000000000000000     
  0.39600000000000002        0.0000000000000000        6.5829497370464878E-005   0.0000000000000000     
  0.59400000000000008        0.0000000000000000        9.4456008795351551E-005   0.0000000000000000     
  0.79200000000000004        0.0000000000000000        1.1651916192785935E-004   0.0000000000000000     
  0.98999999999999999        0.0000000000000000        1.3008801215706932E-004   0.0000000000000000     
   1.1880000000000002        0.0000000000000000        1.3675869996928160E-004   0.0000000000000000     
   1.3860000000000001        0.0000000000000000        1.3939696878713324E-004   0.0000000000000000     
   1.5840000000000001        0.0000000000000000        1.3919404359761094E-004   0.0000000000000000     
   1.7820000000000000        0.0000000000000000        1.3755733102613197E-004   0.0000000000000000     
   1.9800000000000000        0.0000000000000000        1.3593680711129530E-004   0.0000000000000000     
   2.1779999999999999        0.0000000000000000        1.3405285122554067E-004   0.0000000000000000     
   2.3760000000000003        0.0000000000000000        1.3189554389766861E-004   0.0000000000000000     
   2.5740000000000003        0.0000000000000000        1.2968721756088968E-004   0.0000000000000000     
   2.7720000000000002        0.0000000000000000        1.2739766455006858E-004   0.0000000000000000     
   2.9700000000000002        0.0000000000000000        1.2489840786227628E-004   0.0000000000000000     
   3.1680000000000001        0.0000000000000000        1.2253612642417172E-004   0.0000000000000000     
   3.3660000000000001        0.0000000000000000        1.2045110378093319E-004   0.0000000000000000     
   3.5640000000000001        0.0000000000000000        1.1839262055018040E-004   0.0000000000000000     
   3.7620000000000000        0.0000000000000000        1.1627426047026147E-004   0.0000000000000000     
   3.9600000000000000        0.0000000000000000        1.1410497485968719E-004   0.0000000000000000     
   4.1580000000000004        0.0000000000000000        1.1191190999065778E-004   0.0000000000000000     
   4.3559999999999999        0.0000000000000000        1.0971929764249171E-004   0.0000000000000000     
   4.5540000000000003        0.0000000000000000        1.0754483595008236E-004   0.0000000000000000     
   4.7520000000000007        0.0000000000000000        1.0540035005627394E-004   0.0000000000000000     
   4.9500000000000002        0.0000000000000000        1.0329334163215995E-004   0.0000000000000000     
   5.1480000000000006        0.0000000000000000        1.0122840022153304E-004   0.0000000000000000     
   5.3460000000000001        0.0000000000000000        9.9208283933294549E-005   0.0000000000000000     
   5.5440000000000005        0.0000000000000000        9.7234604646183678E-005   0.0000000000000000     
   5.7420000000000000        0.0000000000000000        9.5308251537772764E-005   0.0000000000000000     
   5.9400000000000004        0.0000000000000000        9.3429651528803161E-005   0.0000000000000000     
   6.1379999999999999        0.0000000000000000        9.1598892401409211E-005   0.0000000000000000     
   6.3360000000000003        0.0000000000000000        8.9815809529883469E-005   0.0000000000000000     
   6.5340000000000007        0.0000000000000000        8.8080032544190199E-005   0.0000000000000000     
   6.7320000000000002        0.0000000000000000        8.6391011898643441E-005   0.0000000000000000     
   6.9300000000000006        0.0000000000000000        8.4748049689269080E-005   0.0000000000000000     
   7.1280000000000001        0.0000000000000000        8.3150312489871654E-005   0.0000000000000000     
   7.3260000000000005        0.0000000000000000        8.1596857330217313E-005   0.0000000000000000     
   7.5240000000000000        0.0000000000000000        8.0086651384003897E-005   0.0000000000000000     
   7.7220000000000004        0.0000000000000000        7.8618584315248881E-005   0.0000000000000000     
   7.9199999999999999        0.0000000000000000        7.7191491109565626E-005   0.0000000000000000     
   8.1180000000000003        0.0000000000000000        7.5804165918392491E-005   0.0000000000000000     
   8.3160000000000007        0.0000000000000000        7.4455372925542597E-005   0.0000000000000000     
   8.5140000000000011        0.0000000000000000        7.3143857955472848E-005   0.0000000000000000     
   8.7119999999999997        0.0000000000000000        7.1868364679493496E-005   0.0000000000000000     
   8.9100000000000001        0.0000000000000000        7.0627637712266660E-005   0.0000000000000000     
   9.1080000000000005        0.0000000000000000        6.9420430223431976E-005   0.0000000000000000     
   9.3060000000000009        0.0000000000000000        6.8245509889364883E-005   0.0000000000000000     
   9.5040000000000013        0.0000000000000000        6.7101664488477622E-005   0.0000000000000000     
   9.7020000000000000        0.0000000000000000        6.5987704047164661E-005   0.0000000000000000     
   9.9000000000000004        0.0000000000000000        6.4902462611288059E-005   0.0000000000000000     
   10.098000000000001        0.0000000000000000        6.3844802275226146E-005   0.0000000000000000     
   10.296000000000001        0.0000000000000000        6.2813611262764468E-005   0.0000000000000000     
   10.494000000000000        0.0000000000000000        6.1807804470783445E-005   0.0000000000000000     
   10.692000000000000        0.0000000000000000        6.0826325366763822E-005   0.0000000000000000     
   10.890000000000001        0.0000000000000000        5.9868143349561689E-005   0.0000000000000000     
   11.088000000000001        0.0000000000000000        5.8932253425356388E-005   0.0000000000000000     
   11.286000000000001        0.0000000000000000        5.8017673125554160E-005   0.0000000000000000     
   11.484000000000000        0.0000000000000000        5.7123444033434033E-005   0.0000000000000000     
   11.682000000000000        0.0000000000000000        5.6248628414005078E-005   0.0000000000000000     
   11.880000000000001        0.0000000000000000        5.5392305310978099E-005   0.0000000000000000     
   12.078000000000001        0.0000000000000000        5.4553571403703444E-005   0.0000000000000000     
   12.276000000000000        0.0000000000000000        5.3731535134625581E-005   0.0000000000000000     
   12.474000000000000        0.0000000000000000        5.2925316856906773E-005   0.0000000000000000     
   12.672000000000001        0.0000000000000000        5.2134043692799208E-005   0.0000000000000000     
   12.870000000000001        0.0000000000000000        5.1356847132058316E-005   0.0000000000000000     
   13.068000000000001        0.0000000000000000        5.0592859679803072E-005   0.0000000000000000     
   13.266000000000000        0.0000000000000000        4.9841209948925648E-005   0.0000000000000000     
   13.464000000000000        0.0000000000000000        4.9101018454614427E-005   0.0000000000000000     
   13.662000000000001        0.0000000000000000        4.8371394442243125E-005   0.0000000000000000     
   13.860000000000001        0.0000000000000000        4.7651429481939455E-005   0.0000000000000000     
   14.058000000000000        0.0000000000000000        4.6940190397046505E-005   0.0000000000000000     
   14.256000000000000        0.0000000000000000        4.6236715487114531E-005   0.0000000000000000     
   14.454000000000001        0.0000000000000000        4.5540003441715955E-005   0.0000000000000000     
   14.652000000000001        0.0000000000000000        4.4849005944854496E-005   0.0000000000000000     
   14.850000000000001        0.0000000000000000        4.4162617434916415E-005   0.0000000000000000     
   15.048000000000000        0.0000000000000000        4.3479661390062152E-005   0.0000000000000000     
   15.246000000000000        0.0000000000000000        4.2798873524320707E-005   0.0000000000000000     
   15.444000000000001        0.0000000000000000        4.2118882711718036E-005   0.0000000000000000     
   15.642000000000001        0.0000000000000000        4.1438187542902329E-005   0.0000000000000000     
   15.840000000000000        0.0000000000000000        4.0755124568030558E-005   0.0000000000000000     
   16.038000000000000        0.0000000000000000        4.0067832971480549E-005   0.0000000000000000     
   16.236000000000001        0.0000000000000000        3.9374210972430707E-005   0.0000000000000000     
   16.434000000000001        0.0000000000000000        3.8671863479631597E-005   0.0000000000000000     
   16.632000000000001        0.0000000000000000        3.7958050963173465E-005   0.0000000000000000     
   16.830000000000002        0.0000000000000000        3.7229643388668831E-005   0.0000000000000000     
   17.028000000000002        0.0000000000000000        3.6497019787313938E-005   0.0000000000000000     
   17.225999999999999        0.0000000000000000        3.5746437991991864E-005   0.0000000000000000     
   17.423999999999999        0.0000000000000000        3.4971397191964222E-005   0.0000000000000000     
   17.622000000000000        0.0000000000000000        3.4169467010300017E-005   0.0000000000000000     
   17.820000000000000        0.0000000000000000        3.3338351458106939E-005   0.0000000000000000     
   18.018000000000001        0.0000000000000000        3.2478281066104252E-005   0.0000000000000000     
   18.216000000000001        0.0000000000000000        3.1594622901678862E-005   0.0000000000000000     
   18.414000000000001        0.0000000000000000        3.0702321077480831E-005   0.0000000000000000     
   18.612000000000002        0.0000000000000000        2.9814085229572450E-005   0.0000000000000000     
   18.810000000000002        0.0000000000000000        2.8987818909386180E-005   0.0000000000000000     
   19.008000000000003        0.0000000000000000        2.8300314158514782E-005   0.0000000000000000     
   19.206000000000000        0.0000000000000000        2.7773776385997528E-005   0.0000000000000000     
   19.404000000000000        0.0000000000000000        2.7344625892047897E-005   0.0000000000000000     
   19.602000000000000        0.0000000000000000        2.6696252105110923E-005   0.0000000000000000     
