  -19.602000000000000        0.0000000000000000       -3.0291696963385728E-004   0.0000000000000000     
  -19.404000000000000        0.0000000000000000       -3.1934194923368244E-004   0.0000000000000000     
  -19.206000000000000        0.0000000000000000       -3.3372366117751483E-004   0.0000000000000000     
  -19.008000000000003        0.0000000000000000       -3.4727292806948257E-004   0.0000000000000000     
  -18.810000000000002        0.0000000000000000       -3.6031297908124517E-004   0.0000000000000000     
  -18.612000000000002        0.0000000000000000       -3.7272039935856341E-004   0.0000000000000000     
  -18.414000000000001        0.0000000000000000       -3.8455123633240358E-004   0.0000000000000000     
  -18.216000000000001        0.0000000000000000       -3.9577949445065053E-004   0.0000000000000000     
  -18.018000000000001        0.0000000000000000       -4.0644120122953212E-004   0.0000000000000000     
  -17.820000000000000        0.0000000000000000       -4.1654590419675864E-004   0.0000000000000000     
  -17.622000000000000        0.0000000000000000       -4.2624461489329377E-004   0.0000000000000000     
  -17.423999999999999        0.0000000000000000       -4.3558989106820691E-004   0.0000000000000000     
  -17.225999999999999        0.0000000000000000       -4.4463370550597888E-004   0.0000000000000000     
  -17.028000000000002        0.0000000000000000       -4.5334482182343363E-004   0.0000000000000000     
  -16.830000000000002        0.0000000000000000       -4.6198008953760473E-004   0.0000000000000000     
  -16.632000000000001        0.0000000000000000       -4.7043585999773991E-004   0.0000000000000000     
  -16.434000000000001        0.0000000000000000       -4.7874943728401498E-004   0.0000000000000000     
  -16.236000000000001        0.0000000000000000       -4.8695420925562910E-004   0.0000000000000000     
  -16.038000000000000        0.0000000000000000       -4.9508012011969659E-004   0.0000000000000000     
  -15.840000000000000        0.0000000000000000       -5.0315411822814907E-004   0.0000000000000000     
  -15.642000000000001        0.0000000000000000       -5.1120056683187426E-004   0.0000000000000000     
  -15.444000000000001        0.0000000000000000       -5.1924163749446166E-004   0.0000000000000000     
  -15.246000000000000        0.0000000000000000       -5.2729759399071537E-004   0.0000000000000000     
  -15.048000000000000        0.0000000000000000       -5.3538713986341589E-004   0.0000000000000000     
  -14.850000000000001        0.0000000000000000       -5.4352759522618900E-004   0.0000000000000000     
  -14.652000000000001        0.0000000000000000       -5.5173520249593314E-004   0.0000000000000000     
  -14.454000000000001        0.0000000000000000       -5.6002523873090833E-004   0.0000000000000000     
  -14.256000000000000        0.0000000000000000       -5.6841224652871413E-004   0.0000000000000000     
  -14.058000000000000        0.0000000000000000       -5.7691014492414585E-004   0.0000000000000000     
  -13.860000000000001        0.0000000000000000       -5.8553238873645258E-004   0.0000000000000000     
  -13.662000000000001        0.0000000000000000       -5.9429207408072642E-004   0.0000000000000000     
  -13.464000000000000        0.0000000000000000       -6.0320204701899639E-004   0.0000000000000000     
  -13.266000000000000        0.0000000000000000       -6.1227501342111829E-004   0.0000000000000000     
  -13.068000000000001        0.0000000000000000       -6.2152361616120454E-004   0.0000000000000000     
  -12.870000000000001        0.0000000000000000       -6.3096054005292064E-004   0.0000000000000000     
  -12.672000000000001        0.0000000000000000       -6.4059857156149977E-004   0.0000000000000000     
  -12.474000000000000        0.0000000000000000       -6.5045070575536334E-004   0.0000000000000000     
  -12.276000000000000        0.0000000000000000       -6.6053019913382780E-004   0.0000000000000000     
  -12.078000000000001        0.0000000000000000       -6.7085066494165151E-004   0.0000000000000000     
  -11.880000000000001        0.0000000000000000       -6.8142615796988886E-004   0.0000000000000000     
  -11.682000000000000        0.0000000000000000       -6.9227122579934173E-004   0.0000000000000000     
  -11.484000000000000        0.0000000000000000       -7.0340105230526600E-004   0.0000000000000000     
  -11.286000000000001        0.0000000000000000       -7.1483149167564895E-004   0.0000000000000000     
  -11.088000000000001        0.0000000000000000       -7.2657920290006446E-004   0.0000000000000000     
  -10.890000000000001        0.0000000000000000       -7.3866176161808169E-004   0.0000000000000000     
  -10.692000000000000        0.0000000000000000       -7.5109776620674838E-004   0.0000000000000000     
  -10.494000000000000        0.0000000000000000       -7.6390698704622336E-004   0.0000000000000000     
  -10.296000000000001        0.0000000000000000       -7.7711049256887416E-004   0.0000000000000000     
  -10.098000000000001        0.0000000000000000       -7.9073085604777207E-004   0.0000000000000000     
  -9.9000000000000004        0.0000000000000000       -8.0479232493915959E-004   0.0000000000000000     
  -9.7020000000000000        0.0000000000000000       -8.1932105552503262E-004   0.0000000000000000     
  -9.5040000000000013        0.0000000000000000       -8.3434536449284726E-004   0.0000000000000000     
  -9.3060000000000009        0.0000000000000000       -8.4989600076489026E-004   0.0000000000000000     
  -9.1080000000000005        0.0000000000000000       -8.6600652813908986E-004   0.0000000000000000     
  -8.9100000000000001        0.0000000000000000       -8.8271367189522579E-004   0.0000000000000000     
  -8.7119999999999997        0.0000000000000000       -9.0005782368262331E-004   0.0000000000000000     
  -8.5140000000000011        0.0000000000000000       -9.1808349562527290E-004   0.0000000000000000     
  -8.3160000000000007        0.0000000000000000       -9.3684002845505134E-004   0.0000000000000000     
  -8.1180000000000003        0.0000000000000000       -9.5638228328390760E-004   0.0000000000000000     
  -7.9199999999999999        0.0000000000000000       -9.7677143583414804E-004   0.0000000000000000     
  -7.7220000000000004        0.0000000000000000       -9.9807606747171038E-004   0.0000000000000000     
  -7.5240000000000000        0.0000000000000000       -1.0203732761146385E-003   0.0000000000000000     
  -7.3260000000000005        0.0000000000000000       -1.0437500400030724E-003   0.0000000000000000     
  -7.1280000000000001        0.0000000000000000       -1.0683048629193551E-003   0.0000000000000000     
  -6.9300000000000006        0.0000000000000000       -1.0941496767487772E-003   0.0000000000000000     
  -6.7320000000000002        0.0000000000000000       -1.1214120340742211E-003   0.0000000000000000     
  -6.5340000000000007        0.0000000000000000       -1.1502377689613906E-003   0.0000000000000000     
  -6.3360000000000003        0.0000000000000000       -1.1807939714265506E-003   0.0000000000000000     
  -6.1379999999999999        0.0000000000000000       -1.2132726435804264E-003   0.0000000000000000     
  -5.9400000000000004        0.0000000000000000       -1.2478947469390883E-003   0.0000000000000000     
  -5.7420000000000000        0.0000000000000000       -1.2849149477864330E-003   0.0000000000000000     
  -5.5440000000000005        0.0000000000000000       -1.3246268751152001E-003   0.0000000000000000     
  -5.3460000000000001        0.0000000000000000       -1.3673689741614879E-003   0.0000000000000000     
  -5.1480000000000006        0.0000000000000000       -1.4135306991282844E-003   0.0000000000000000     
  -4.9500000000000002        0.0000000000000000       -1.4635586025291535E-003   0.0000000000000000     
  -4.7520000000000007        0.0000000000000000       -1.5179613580401960E-003   0.0000000000000000     
  -4.5540000000000003        0.0000000000000000       -1.5773124427735420E-003   0.0000000000000000     
  -4.3559999999999999        0.0000000000000000       -1.6422472284985876E-003   0.0000000000000000     
  -4.1580000000000004        0.0000000000000000       -1.7134500952678761E-003   0.0000000000000000     
  -3.9600000000000000        0.0000000000000000       -1.7916222769004868E-003   0.0000000000000000     
  -3.7620000000000000        0.0000000000000000       -1.8774177031155538E-003   0.0000000000000000     
  -3.5640000000000001        0.0000000000000000       -1.9713249938433926E-003   0.0000000000000000     
  -3.3660000000000001        0.0000000000000000       -2.0734702110700746E-003   0.0000000000000000     
  -3.1680000000000001        0.0000000000000000       -2.1833313574477660E-003   0.0000000000000000     
  -2.9700000000000002        0.0000000000000000       -2.2995368704681472E-003   0.0000000000000000     
  -2.7720000000000002        0.0000000000000000       -2.4212913012955587E-003   0.0000000000000000     
  -2.5740000000000003        0.0000000000000000       -2.5534472707448622E-003   0.0000000000000000     
  -2.3760000000000003        0.0000000000000000       -2.6917383846942191E-003   0.0000000000000000     
  -2.1779999999999999        0.0000000000000000       -2.8237590358014238E-003   0.0000000000000000     
  -1.9800000000000000        0.0000000000000000       -2.9434268263891367E-003   0.0000000000000000     
  -1.7820000000000000        0.0000000000000000       -3.0432156916952650E-003   0.0000000000000000     
  -1.5840000000000001        0.0000000000000000       -3.1092845561730056E-003   0.0000000000000000     
  -1.3860000000000001        0.0000000000000000       -3.1260677801649215E-003   0.0000000000000000     
  -1.1880000000000002        0.0000000000000000       -3.0771038080858468E-003   0.0000000000000000     
 -0.98999999999999999        0.0000000000000000       -2.9352219279219546E-003   0.0000000000000000     
 -0.79200000000000004        0.0000000000000000       -2.6642972904995735E-003   0.0000000000000000     
 -0.59400000000000008        0.0000000000000000       -2.2351640806721703E-003   0.0000000000000000     
 -0.39600000000000002        0.0000000000000000       -1.6300086712638206E-003   0.0000000000000000     
 -0.19800000000000001        0.0000000000000000       -8.6206730408106035E-004   0.0000000000000000     
   0.0000000000000000        0.0000000000000000        0.0000000000000000        0.0000000000000000     
  0.19800000000000001        0.0000000000000000        8.6206730408106035E-004   0.0000000000000000     
  0.39600000000000002        0.0000000000000000        1.6300086712638206E-003   0.0000000000000000     
  0.59400000000000008        0.0000000000000000        2.2351640806721703E-003   0.0000000000000000     
  0.79200000000000004        0.0000000000000000        2.6642972904995735E-003   0.0000000000000000     
  0.98999999999999999        0.0000000000000000        2.9352219279219546E-003   0.0000000000000000     
   1.1880000000000002        0.0000000000000000        3.0771038080858468E-003   0.0000000000000000     
   1.3860000000000001        0.0000000000000000        3.1260677801649215E-003   0.0000000000000000     
   1.5840000000000001        0.0000000000000000        3.1092845561730056E-003   0.0000000000000000     
   1.7820000000000000        0.0000000000000000        3.0432156916952650E-003   0.0000000000000000     
   1.9800000000000000        0.0000000000000000        2.9434268263891367E-003   0.0000000000000000     
   2.1779999999999999        0.0000000000000000        2.8237590358014238E-003   0.0000000000000000     
   2.3760000000000003        0.0000000000000000        2.6917383846942191E-003   0.0000000000000000     
   2.5740000000000003        0.0000000000000000        2.5534472707448622E-003   0.0000000000000000     
   2.7720000000000002        0.0000000000000000        2.4212913012955587E-003   0.0000000000000000     
   2.9700000000000002        0.0000000000000000        2.2995368704681472E-003   0.0000000000000000     
   3.1680000000000001        0.0000000000000000        2.1833313574477660E-003   0.0000000000000000     
   3.3660000000000001        0.0000000000000000        2.0734702110700746E-003   0.0000000000000000     
   3.5640000000000001        0.0000000000000000        1.9713249938433926E-003   0.0000000000000000     
   3.7620000000000000        0.0000000000000000        1.8774177031155538E-003   0.0000000000000000     
   3.9600000000000000        0.0000000000000000        1.7916222769004868E-003   0.0000000000000000     
   4.1580000000000004        0.0000000000000000        1.7134500952678761E-003   0.0000000000000000     
   4.3559999999999999        0.0000000000000000        1.6422472284985876E-003   0.0000000000000000     
   4.5540000000000003        0.0000000000000000        1.5773124427735420E-003   0.0000000000000000     
   4.7520000000000007        0.0000000000000000        1.5179613580401960E-003   0.0000000000000000     
   4.9500000000000002        0.0000000000000000        1.4635586025291535E-003   0.0000000000000000     
   5.1480000000000006        0.0000000000000000        1.4135306991282844E-003   0.0000000000000000     
   5.3460000000000001        0.0000000000000000        1.3673689741614879E-003   0.0000000000000000     
   5.5440000000000005        0.0000000000000000        1.3246268751152001E-003   0.0000000000000000     
   5.7420000000000000        0.0000000000000000        1.2849149477864330E-003   0.0000000000000000     
   5.9400000000000004        0.0000000000000000        1.2478947469390883E-003   0.0000000000000000     
   6.1379999999999999        0.0000000000000000        1.2132726435804264E-003   0.0000000000000000     
   6.3360000000000003        0.0000000000000000        1.1807939714265506E-003   0.0000000000000000     
   6.5340000000000007        0.0000000000000000        1.1502377689613906E-003   0.0000000000000000     
   6.7320000000000002        0.0000000000000000        1.1214120340742211E-003   0.0000000000000000     
   6.9300000000000006        0.0000000000000000        1.0941496767487772E-003   0.0000000000000000     
   7.1280000000000001        0.0000000000000000        1.0683048629193551E-003   0.0000000000000000     
   7.3260000000000005        0.0000000000000000        1.0437500400030724E-003   0.0000000000000000     
   7.5240000000000000        0.0000000000000000        1.0203732761146385E-003   0.0000000000000000     
   7.7220000000000004        0.0000000000000000        9.9807606747171038E-004   0.0000000000000000     
   7.9199999999999999        0.0000000000000000        9.7677143583414804E-004   0.0000000000000000     
   8.1180000000000003        0.0000000000000000        9.5638228328390760E-004   0.0000000000000000     
   8.3160000000000007        0.0000000000000000        9.3684002845505134E-004   0.0000000000000000     
   8.5140000000000011        0.0000000000000000        9.1808349562527290E-004   0.0000000000000000     
   8.7119999999999997        0.0000000000000000        9.0005782368262331E-004   0.0000000000000000     
   8.9100000000000001        0.0000000000000000        8.8271367189522579E-004   0.0000000000000000     
   9.1080000000000005        0.0000000000000000        8.6600652813908986E-004   0.0000000000000000     
   9.3060000000000009        0.0000000000000000        8.4989600076489026E-004   0.0000000000000000     
   9.5040000000000013        0.0000000000000000        8.3434536449284726E-004   0.0000000000000000     
   9.7020000000000000        0.0000000000000000        8.1932105552503262E-004   0.0000000000000000     
   9.9000000000000004        0.0000000000000000        8.0479232493915959E-004   0.0000000000000000     
   10.098000000000001        0.0000000000000000        7.9073085604777207E-004   0.0000000000000000     
   10.296000000000001        0.0000000000000000        7.7711049256887416E-004   0.0000000000000000     
   10.494000000000000        0.0000000000000000        7.6390698704622336E-004   0.0000000000000000     
   10.692000000000000        0.0000000000000000        7.5109776620674838E-004   0.0000000000000000     
   10.890000000000001        0.0000000000000000        7.3866176161808169E-004   0.0000000000000000     
   11.088000000000001        0.0000000000000000        7.2657920290006446E-004   0.0000000000000000     
   11.286000000000001        0.0000000000000000        7.1483149167564895E-004   0.0000000000000000     
   11.484000000000000        0.0000000000000000        7.0340105230526600E-004   0.0000000000000000     
   11.682000000000000        0.0000000000000000        6.9227122579934173E-004   0.0000000000000000     
   11.880000000000001        0.0000000000000000        6.8142615796988886E-004   0.0000000000000000     
   12.078000000000001        0.0000000000000000        6.7085066494165151E-004   0.0000000000000000     
   12.276000000000000        0.0000000000000000        6.6053019913382780E-004   0.0000000000000000     
   12.474000000000000        0.0000000000000000        6.5045070575536334E-004   0.0000000000000000     
   12.672000000000001        0.0000000000000000        6.4059857156149977E-004   0.0000000000000000     
   12.870000000000001        0.0000000000000000        6.3096054005292064E-004   0.0000000000000000     
   13.068000000000001        0.0000000000000000        6.2152361616120454E-004   0.0000000000000000     
   13.266000000000000        0.0000000000000000        6.1227501342111829E-004   0.0000000000000000     
   13.464000000000000        0.0000000000000000        6.0320204701899639E-004   0.0000000000000000     
   13.662000000000001        0.0000000000000000        5.9429207408072642E-004   0.0000000000000000     
   13.860000000000001        0.0000000000000000        5.8553238873645258E-004   0.0000000000000000     
   14.058000000000000        0.0000000000000000        5.7691014492414585E-004   0.0000000000000000     
   14.256000000000000        0.0000000000000000        5.6841224652871413E-004   0.0000000000000000     
   14.454000000000001        0.0000000000000000        5.6002523873090833E-004   0.0000000000000000     
   14.652000000000001        0.0000000000000000        5.5173520249593314E-004   0.0000000000000000     
   14.850000000000001        0.0000000000000000        5.4352759522618900E-004   0.0000000000000000     
   15.048000000000000        0.0000000000000000        5.3538713986341589E-004   0.0000000000000000     
   15.246000000000000        0.0000000000000000        5.2729759399071537E-004   0.0000000000000000     
   15.444000000000001        0.0000000000000000        5.1924163749446166E-004   0.0000000000000000     
   15.642000000000001        0.0000000000000000        5.1120056683187426E-004   0.0000000000000000     
   15.840000000000000        0.0000000000000000        5.0315411822814907E-004   0.0000000000000000     
   16.038000000000000        0.0000000000000000        4.9508012011969659E-004   0.0000000000000000     
   16.236000000000001        0.0000000000000000        4.8695420925562910E-004   0.0000000000000000     
   16.434000000000001        0.0000000000000000        4.7874943728401498E-004   0.0000000000000000     
   16.632000000000001        0.0000000000000000        4.7043585999773991E-004   0.0000000000000000     
   16.830000000000002        0.0000000000000000        4.6198008953760473E-004   0.0000000000000000     
   17.028000000000002        0.0000000000000000        4.5334482182343363E-004   0.0000000000000000     
   17.225999999999999        0.0000000000000000        4.4463370550597888E-004   0.0000000000000000     
   17.423999999999999        0.0000000000000000        4.3558989106820691E-004   0.0000000000000000     
   17.622000000000000        0.0000000000000000        4.2624461489329377E-004   0.0000000000000000     
   17.820000000000000        0.0000000000000000        4.1654590419675864E-004   0.0000000000000000     
   18.018000000000001        0.0000000000000000        4.0644120122953212E-004   0.0000000000000000     
   18.216000000000001        0.0000000000000000        3.9577949445065053E-004   0.0000000000000000     
   18.414000000000001        0.0000000000000000        3.8455123633240358E-004   0.0000000000000000     
   18.612000000000002        0.0000000000000000        3.7272039935856341E-004   0.0000000000000000     
   18.810000000000002        0.0000000000000000        3.6031297908124517E-004   0.0000000000000000     
   19.008000000000003        0.0000000000000000        3.4727292806948257E-004   0.0000000000000000     
   19.206000000000000        0.0000000000000000        3.3372366117751483E-004   0.0000000000000000     
   19.404000000000000        0.0000000000000000        3.1934194923368244E-004   0.0000000000000000     
   19.602000000000000        0.0000000000000000        3.0291696963385728E-004   0.0000000000000000     
