  -19.602000000000000        0.0000000000000000       -7.8555936780356367E-005   0.0000000000000000     
  -19.404000000000000        0.0000000000000000       -8.3759667150481922E-005   0.0000000000000000     
  -19.206000000000000        0.0000000000000000       -8.7558210724619629E-005   0.0000000000000000     
  -19.008000000000003        0.0000000000000000       -9.0536798909135585E-005   0.0000000000000000     
  -18.810000000000002        0.0000000000000000       -9.3324678671231480E-005   0.0000000000000000     
  -18.612000000000002        0.0000000000000000       -9.6165226388942015E-005   0.0000000000000000     
  -18.414000000000001        0.0000000000000000       -9.9007898621534737E-005   0.0000000000000000     
  -18.216000000000001        0.0000000000000000       -1.0180833222260697E-004   0.0000000000000000     
  -18.018000000000001        0.0000000000000000       -1.0450131660257189E-004   0.0000000000000000     
  -17.820000000000000        0.0000000000000000       -1.0710265533966781E-004   0.0000000000000000     
  -17.622000000000000        0.0000000000000000       -1.0961674246620683E-004   0.0000000000000000     
  -17.423999999999999        0.0000000000000000       -1.1201642314420948E-004   0.0000000000000000     
  -17.225999999999999        0.0000000000000000       -1.1432821300793283E-004   0.0000000000000000     
  -17.028000000000002        0.0000000000000000       -1.1656181474126996E-004   0.0000000000000000     
  -16.830000000000002        0.0000000000000000       -1.1873464037344648E-004   0.0000000000000000     
  -16.632000000000001        0.0000000000000000       -1.2087069512810160E-004   0.0000000000000000     
  -16.434000000000001        0.0000000000000000       -1.2295783077876938E-004   0.0000000000000000     
  -16.236000000000001        0.0000000000000000       -1.2500491782894803E-004   0.0000000000000000     
  -16.038000000000000        0.0000000000000000       -1.2701983776048688E-004   0.0000000000000000     
  -15.840000000000000        0.0000000000000000       -1.2900956388820531E-004   0.0000000000000000     
  -15.642000000000001        0.0000000000000000       -1.3098026476854329E-004   0.0000000000000000     
  -15.444000000000001        0.0000000000000000       -1.3293741737298404E-004   0.0000000000000000     
  -15.246000000000000        0.0000000000000000       -1.3488590391484497E-004   0.0000000000000000     
  -15.048000000000000        0.0000000000000000       -1.3683011293915456E-004   0.0000000000000000     
  -14.850000000000001        0.0000000000000000       -1.3877401319214687E-004   0.0000000000000000     
  -14.652000000000001        0.0000000000000000       -1.4072122582008649E-004   0.0000000000000000     
  -14.454000000000001        0.0000000000000000       -1.4267508025026649E-004   0.0000000000000000     
  -14.256000000000000        0.0000000000000000       -1.4463866412384827E-004   0.0000000000000000     
  -14.058000000000000        0.0000000000000000       -1.4661486056906335E-004   0.0000000000000000     
  -13.860000000000001        0.0000000000000000       -1.4860638859971807E-004   0.0000000000000000     
  -13.662000000000001        0.0000000000000000       -1.5061582804560782E-004   0.0000000000000000     
  -13.464000000000000        0.0000000000000000       -1.5264564696013013E-004   0.0000000000000000     
  -13.266000000000000        0.0000000000000000       -1.5469822320936087E-004   0.0000000000000000     
  -13.068000000000001        0.0000000000000000       -1.5677585664201389E-004   0.0000000000000000     
  -12.870000000000001        0.0000000000000000       -1.5888080060171488E-004   0.0000000000000000     
  -12.672000000000001        0.0000000000000000       -1.6101525943540025E-004   0.0000000000000000     
  -12.474000000000000        0.0000000000000000       -1.6318141241556910E-004   0.0000000000000000     
  -12.276000000000000        0.0000000000000000       -1.6538142013491263E-004   0.0000000000000000     
  -12.078000000000001        0.0000000000000000       -1.6761744268204090E-004   0.0000000000000000     
  -11.880000000000001        0.0000000000000000       -1.6989164003034559E-004   0.0000000000000000     
  -11.682000000000000        0.0000000000000000       -1.7220618633950239E-004   0.0000000000000000     
  -11.484000000000000        0.0000000000000000       -1.7456327694059605E-004   0.0000000000000000     
  -11.286000000000001        0.0000000000000000       -1.7696513910905488E-004   0.0000000000000000     
  -11.088000000000001        0.0000000000000000       -1.7941403863210817E-004   0.0000000000000000     
  -10.890000000000001        0.0000000000000000       -1.8191228003922345E-004   0.0000000000000000     
  -10.692000000000000        0.0000000000000000       -1.8446222520990249E-004   0.0000000000000000     
  -10.494000000000000        0.0000000000000000       -1.8706629013315966E-004   0.0000000000000000     
  -10.296000000000001        0.0000000000000000       -1.8972695123013975E-004   0.0000000000000000     
  -10.098000000000001        0.0000000000000000       -1.9244675373626791E-004   0.0000000000000000     
  -9.9000000000000004        0.0000000000000000       -1.9522830869116492E-004   0.0000000000000000     
  -9.7020000000000000        0.0000000000000000       -1.9807430953011843E-004   0.0000000000000000     
  -9.5040000000000013        0.0000000000000000       -2.0098751151757186E-004   0.0000000000000000     
  -9.3060000000000009        0.0000000000000000       -2.0397075396990215E-004   0.0000000000000000     
  -9.1080000000000005        0.0000000000000000       -2.0702694180604951E-004   0.0000000000000000     
  -8.9100000000000001        0.0000000000000000       -2.1015905516106505E-004   0.0000000000000000     
  -8.7119999999999997        0.0000000000000000       -2.1337013167845991E-004   0.0000000000000000     
  -8.5140000000000011        0.0000000000000000       -2.1666326954909406E-004   0.0000000000000000     
  -8.3160000000000007        0.0000000000000000       -2.2004160933545026E-004   0.0000000000000000     
  -8.1180000000000003        0.0000000000000000       -2.2350832970854728E-004   0.0000000000000000     
  -7.9199999999999999        0.0000000000000000       -2.2706662317283126E-004   0.0000000000000000     
  -7.7220000000000004        0.0000000000000000       -2.3071970371380725E-004   0.0000000000000000     
  -7.5240000000000000        0.0000000000000000       -2.3447078162998648E-004   0.0000000000000000     
  -7.3260000000000005        0.0000000000000000       -2.3832308172301567E-004   0.0000000000000000     
  -7.1280000000000001        0.0000000000000000       -2.4227984215989326E-004   0.0000000000000000     
  -6.9300000000000006        0.0000000000000000       -2.4634435986907953E-004   0.0000000000000000     
  -6.7320000000000002        0.0000000000000000       -2.5052007784735406E-004   0.0000000000000000     
  -6.5340000000000007        0.0000000000000000       -2.5481071066162374E-004   0.0000000000000000     
  -6.3360000000000003        0.0000000000000000       -2.5922044658547021E-004   0.0000000000000000     
  -6.1379999999999999        0.0000000000000000       -2.6375429205221211E-004   0.0000000000000000     
  -5.9400000000000004        0.0000000000000000       -2.6841850142730617E-004   0.0000000000000000     
  -5.7420000000000000        0.0000000000000000       -2.7322122420535624E-004   0.0000000000000000     
  -5.5440000000000005        0.0000000000000000       -2.7817331171280584E-004   0.0000000000000000     
  -5.3460000000000001        0.0000000000000000       -2.8328929180648099E-004   0.0000000000000000     
  -5.1480000000000006        0.0000000000000000       -2.8858841320734518E-004   0.0000000000000000     
  -4.9500000000000002        0.0000000000000000       -2.9409540923387294E-004   0.0000000000000000     
  -4.7520000000000007        0.0000000000000000       -2.9984043749954040E-004   0.0000000000000000     
  -4.5540000000000003        0.0000000000000000       -3.0585688856398175E-004   0.0000000000000000     
  -4.3559999999999999        0.0000000000000000       -3.1217501003356337E-004   0.0000000000000000     
  -4.1580000000000004        0.0000000000000000       -3.1880777362334664E-004   0.0000000000000000     
  -3.9600000000000000        0.0000000000000000       -3.2572464859177556E-004   0.0000000000000000     
  -3.7620000000000000        0.0000000000000000       -3.3281092328357048E-004   0.0000000000000000     
  -3.5640000000000001        0.0000000000000000       -3.3982576836361284E-004   0.0000000000000000     
  -3.3660000000000001        0.0000000000000000       -3.4642686631630319E-004   0.0000000000000000     
  -3.1680000000000001        0.0000000000000000       -3.5244888316412793E-004   0.0000000000000000     
  -2.9700000000000002        0.0000000000000000       -3.5853566603795753E-004   0.0000000000000000     
  -2.7720000000000002        0.0000000000000000       -3.6590065035302594E-004   0.0000000000000000     
  -2.5740000000000003        0.0000000000000000       -3.7476035857864315E-004   0.0000000000000000     
  -2.3760000000000003        0.0000000000000000       -3.8526507910813398E-004   0.0000000000000000     
  -2.1779999999999999        0.0000000000000000       -3.9769595808429196E-004   0.0000000000000000     
  -1.9800000000000000        0.0000000000000000       -4.1247078039661583E-004   0.0000000000000000     
  -1.7820000000000000        0.0000000000000000       -4.2911119579637909E-004   0.0000000000000000     
  -1.5840000000000001        0.0000000000000000       -4.4424809613167196E-004   0.0000000000000000     
  -1.3860000000000001        0.0000000000000000       -4.5275599260976077E-004   0.0000000000000000     
  -1.1880000000000002        0.0000000000000000       -4.4900723186828512E-004   0.0000000000000000     
 -0.98999999999999999        0.0000000000000000       -4.2834041968143645E-004   0.0000000000000000     
 -0.79200000000000004        0.0000000000000000       -3.8639053434990050E-004   0.0000000000000000     
 -0.59400000000000008        0.0000000000000000       -3.2100523589843134E-004   0.0000000000000000     
 -0.39600000000000002        0.0000000000000000       -2.3095906332107523E-004   0.0000000000000000     
 -0.19800000000000001        0.0000000000000000       -1.2037896749419419E-004   0.0000000000000000     
   0.0000000000000000        0.0000000000000000        0.0000000000000000        0.0000000000000000     
  0.19800000000000001        0.0000000000000000        1.2037896749419419E-004   0.0000000000000000     
  0.39600000000000002        0.0000000000000000        2.3095906332107523E-004   0.0000000000000000     
  0.59400000000000008        0.0000000000000000        3.2100523589843134E-004   0.0000000000000000     
  0.79200000000000004        0.0000000000000000        3.8639053434990050E-004   0.0000000000000000     
  0.98999999999999999        0.0000000000000000        4.2834041968143645E-004   0.0000000000000000     
   1.1880000000000002        0.0000000000000000        4.4900723186828512E-004   0.0000000000000000     
   1.3860000000000001        0.0000000000000000        4.5275599260976077E-004   0.0000000000000000     
   1.5840000000000001        0.0000000000000000        4.4424809613167196E-004   0.0000000000000000     
   1.7820000000000000        0.0000000000000000        4.2911119579637909E-004   0.0000000000000000     
   1.9800000000000000        0.0000000000000000        4.1247078039661583E-004   0.0000000000000000     
   2.1779999999999999        0.0000000000000000        3.9769595808429196E-004   0.0000000000000000     
   2.3760000000000003        0.0000000000000000        3.8526507910813398E-004   0.0000000000000000     
   2.5740000000000003        0.0000000000000000        3.7476035857864315E-004   0.0000000000000000     
   2.7720000000000002        0.0000000000000000        3.6590065035302594E-004   0.0000000000000000     
   2.9700000000000002        0.0000000000000000        3.5853566603795753E-004   0.0000000000000000     
   3.1680000000000001        0.0000000000000000        3.5244888316412793E-004   0.0000000000000000     
   3.3660000000000001        0.0000000000000000        3.4642686631630319E-004   0.0000000000000000     
   3.5640000000000001        0.0000000000000000        3.3982576836361284E-004   0.0000000000000000     
   3.7620000000000000        0.0000000000000000        3.3281092328357048E-004   0.0000000000000000     
   3.9600000000000000        0.0000000000000000        3.2572464859177556E-004   0.0000000000000000     
   4.1580000000000004        0.0000000000000000        3.1880777362334664E-004   0.0000000000000000     
   4.3559999999999999        0.0000000000000000        3.1217501003356337E-004   0.0000000000000000     
   4.5540000000000003        0.0000000000000000        3.0585688856398175E-004   0.0000000000000000     
   4.7520000000000007        0.0000000000000000        2.9984043749954040E-004   0.0000000000000000     
   4.9500000000000002        0.0000000000000000        2.9409540923387294E-004   0.0000000000000000     
   5.1480000000000006        0.0000000000000000        2.8858841320734518E-004   0.0000000000000000     
   5.3460000000000001        0.0000000000000000        2.8328929180648099E-004   0.0000000000000000     
   5.5440000000000005        0.0000000000000000        2.7817331171280584E-004   0.0000000000000000     
   5.7420000000000000        0.0000000000000000        2.7322122420535624E-004   0.0000000000000000     
   5.9400000000000004        0.0000000000000000        2.6841850142730617E-004   0.0000000000000000     
   6.1379999999999999        0.0000000000000000        2.6375429205221211E-004   0.0000000000000000     
   6.3360000000000003        0.0000000000000000        2.5922044658547021E-004   0.0000000000000000     
   6.5340000000000007        0.0000000000000000        2.5481071066162374E-004   0.0000000000000000     
   6.7320000000000002        0.0000000000000000        2.5052007784735406E-004   0.0000000000000000     
   6.9300000000000006        0.0000000000000000        2.4634435986907953E-004   0.0000000000000000     
   7.1280000000000001        0.0000000000000000        2.4227984215989326E-004   0.0000000000000000     
   7.3260000000000005        0.0000000000000000        2.3832308172301567E-004   0.0000000000000000     
   7.5240000000000000        0.0000000000000000        2.3447078162998648E-004   0.0000000000000000     
   7.7220000000000004        0.0000000000000000        2.3071970371380725E-004   0.0000000000000000     
   7.9199999999999999        0.0000000000000000        2.2706662317283126E-004   0.0000000000000000     
   8.1180000000000003        0.0000000000000000        2.2350832970854728E-004   0.0000000000000000     
   8.3160000000000007        0.0000000000000000        2.2004160933545026E-004   0.0000000000000000     
   8.5140000000000011        0.0000000000000000        2.1666326954909406E-004   0.0000000000000000     
   8.7119999999999997        0.0000000000000000        2.1337013167845991E-004   0.0000000000000000     
   8.9100000000000001        0.0000000000000000        2.1015905516106505E-004   0.0000000000000000     
   9.1080000000000005        0.0000000000000000        2.0702694180604951E-004   0.0000000000000000     
   9.3060000000000009        0.0000000000000000        2.0397075396990215E-004   0.0000000000000000     
   9.5040000000000013        0.0000000000000000        2.0098751151757186E-004   0.0000000000000000     
   9.7020000000000000        0.0000000000000000        1.9807430953011843E-004   0.0000000000000000     
   9.9000000000000004        0.0000000000000000        1.9522830869116492E-004   0.0000000000000000     
   10.098000000000001        0.0000000000000000        1.9244675373626791E-004   0.0000000000000000     
   10.296000000000001        0.0000000000000000        1.8972695123013975E-004   0.0000000000000000     
   10.494000000000000        0.0000000000000000        1.8706629013315966E-004   0.0000000000000000     
   10.692000000000000        0.0000000000000000        1.8446222520990249E-004   0.0000000000000000     
   10.890000000000001        0.0000000000000000        1.8191228003922345E-004   0.0000000000000000     
   11.088000000000001        0.0000000000000000        1.7941403863210817E-004   0.0000000000000000     
   11.286000000000001        0.0000000000000000        1.7696513910905488E-004   0.0000000000000000     
   11.484000000000000        0.0000000000000000        1.7456327694059605E-004   0.0000000000000000     
   11.682000000000000        0.0000000000000000        1.7220618633950239E-004   0.0000000000000000     
   11.880000000000001        0.0000000000000000        1.6989164003034559E-004   0.0000000000000000     
   12.078000000000001        0.0000000000000000        1.6761744268204090E-004   0.0000000000000000     
   12.276000000000000        0.0000000000000000        1.6538142013491263E-004   0.0000000000000000     
   12.474000000000000        0.0000000000000000        1.6318141241556910E-004   0.0000000000000000     
   12.672000000000001        0.0000000000000000        1.6101525943540025E-004   0.0000000000000000     
   12.870000000000001        0.0000000000000000        1.5888080060171488E-004   0.0000000000000000     
   13.068000000000001        0.0000000000000000        1.5677585664201389E-004   0.0000000000000000     
   13.266000000000000        0.0000000000000000        1.5469822320936087E-004   0.0000000000000000     
   13.464000000000000        0.0000000000000000        1.5264564696013013E-004   0.0000000000000000     
   13.662000000000001        0.0000000000000000        1.5061582804560782E-004   0.0000000000000000     
   13.860000000000001        0.0000000000000000        1.4860638859971807E-004   0.0000000000000000     
   14.058000000000000        0.0000000000000000        1.4661486056906335E-004   0.0000000000000000     
   14.256000000000000        0.0000000000000000        1.4463866412384827E-004   0.0000000000000000     
   14.454000000000001        0.0000000000000000        1.4267508025026649E-004   0.0000000000000000     
   14.652000000000001        0.0000000000000000        1.4072122582008649E-004   0.0000000000000000     
   14.850000000000001        0.0000000000000000        1.3877401319214687E-004   0.0000000000000000     
   15.048000000000000        0.0000000000000000        1.3683011293915456E-004   0.0000000000000000     
   15.246000000000000        0.0000000000000000        1.3488590391484497E-004   0.0000000000000000     
   15.444000000000001        0.0000000000000000        1.3293741737298404E-004   0.0000000000000000     
   15.642000000000001        0.0000000000000000        1.3098026476854329E-004   0.0000000000000000     
   15.840000000000000        0.0000000000000000        1.2900956388820531E-004   0.0000000000000000     
   16.038000000000000        0.0000000000000000        1.2701983776048688E-004   0.0000000000000000     
   16.236000000000001        0.0000000000000000        1.2500491782894803E-004   0.0000000000000000     
   16.434000000000001        0.0000000000000000        1.2295783077876938E-004   0.0000000000000000     
   16.632000000000001        0.0000000000000000        1.2087069512810160E-004   0.0000000000000000     
   16.830000000000002        0.0000000000000000        1.1873464037344648E-004   0.0000000000000000     
   17.028000000000002        0.0000000000000000        1.1656181474126996E-004   0.0000000000000000     
   17.225999999999999        0.0000000000000000        1.1432821300793283E-004   0.0000000000000000     
   17.423999999999999        0.0000000000000000        1.1201642314420948E-004   0.0000000000000000     
   17.622000000000000        0.0000000000000000        1.0961674246620683E-004   0.0000000000000000     
   17.820000000000000        0.0000000000000000        1.0710265533966781E-004   0.0000000000000000     
   18.018000000000001        0.0000000000000000        1.0450131660257189E-004   0.0000000000000000     
   18.216000000000001        0.0000000000000000        1.0180833222260697E-004   0.0000000000000000     
   18.414000000000001        0.0000000000000000        9.9007898621534737E-005   0.0000000000000000     
   18.612000000000002        0.0000000000000000        9.6165226388942015E-005   0.0000000000000000     
   18.810000000000002        0.0000000000000000        9.3324678671231480E-005   0.0000000000000000     
   19.008000000000003        0.0000000000000000        9.0536798909135585E-005   0.0000000000000000     
   19.206000000000000        0.0000000000000000        8.7558210724619629E-005   0.0000000000000000     
   19.404000000000000        0.0000000000000000        8.3759667150481922E-005   0.0000000000000000     
   19.602000000000000        0.0000000000000000        7.8555936780356367E-005   0.0000000000000000     
