  -19.602000000000000        0.0000000000000000       -4.3982776739538503E-006   0.0000000000000000     
  -19.404000000000000        0.0000000000000000       -6.7597998610337249E-006   0.0000000000000000     
  -19.206000000000000        0.0000000000000000       -7.7664990770793560E-006   0.0000000000000000     
  -19.008000000000003        0.0000000000000000       -8.0022316309589531E-006   0.0000000000000000     
  -18.810000000000002        0.0000000000000000       -7.9381751743004083E-006   0.0000000000000000     
  -18.612000000000002        0.0000000000000000       -7.8178225906939079E-006   0.0000000000000000     
  -18.414000000000001        0.0000000000000000       -7.7326728253330132E-006   0.0000000000000000     
  -18.216000000000001        0.0000000000000000       -7.7081643641346444E-006   0.0000000000000000     
  -18.018000000000001        0.0000000000000000       -7.7422847526049655E-006   0.0000000000000000     
  -17.820000000000000        0.0000000000000000       -7.8264915332171700E-006   0.0000000000000000     
  -17.622000000000000        0.0000000000000000       -7.9498309369137598E-006   0.0000000000000000     
  -17.423999999999999        0.0000000000000000       -8.1042250985788238E-006   0.0000000000000000     
  -17.225999999999999        0.0000000000000000       -8.2836964552014223E-006   0.0000000000000000     
  -17.028000000000002        0.0000000000000000       -8.4841794209289015E-006   0.0000000000000000     
  -16.830000000000002        0.0000000000000000       -8.7025386496774070E-006   0.0000000000000000     
  -16.632000000000001        0.0000000000000000       -8.9364016056531457E-006   0.0000000000000000     
  -16.434000000000001        0.0000000000000000       -9.1858725920994943E-006   0.0000000000000000     
  -16.236000000000001        0.0000000000000000       -9.4502299683293146E-006   0.0000000000000000     
  -16.038000000000000        0.0000000000000000       -9.7291261601715392E-006   0.0000000000000000     
  -15.840000000000000        0.0000000000000000       -1.0022487544152819E-005   0.0000000000000000     
  -15.642000000000001        0.0000000000000000       -1.0330448895191337E-005   0.0000000000000000     
  -15.444000000000001        0.0000000000000000       -1.0653306054922506E-005   0.0000000000000000     
  -15.246000000000000        0.0000000000000000       -1.0991492845766121E-005   0.0000000000000000     
  -15.048000000000000        0.0000000000000000       -1.1345555423912387E-005   0.0000000000000000     
  -14.850000000000001        0.0000000000000000       -1.1716146783782370E-005   0.0000000000000000     
  -14.652000000000001        0.0000000000000000       -1.2104018070841699E-005   0.0000000000000000     
  -14.454000000000001        0.0000000000000000       -1.2510015473500321E-005   0.0000000000000000     
  -14.256000000000000        0.0000000000000000       -1.2935079587840469E-005   0.0000000000000000     
  -14.058000000000000        0.0000000000000000       -1.3380247105912349E-005   0.0000000000000000     
  -13.860000000000001        0.0000000000000000       -1.3846654061203202E-005   0.0000000000000000     
  -13.662000000000001        0.0000000000000000       -1.4335542610028607E-005   0.0000000000000000     
  -13.464000000000000        0.0000000000000000       -1.4848262431111970E-005   0.0000000000000000     
  -13.266000000000000        0.0000000000000000       -1.5386279163771707E-005   0.0000000000000000     
  -13.068000000000001        0.0000000000000000       -1.5951186530236427E-005   0.0000000000000000     
  -12.870000000000001        0.0000000000000000       -1.6544709256130033E-005   0.0000000000000000     
  -12.672000000000001        0.0000000000000000       -1.7168721350695975E-005   0.0000000000000000     
  -12.474000000000000        0.0000000000000000       -1.7825252237927058E-005   0.0000000000000000     
  -12.276000000000000        0.0000000000000000       -1.8516505084979124E-005   0.0000000000000000     
  -12.078000000000001        0.0000000000000000       -1.9244870856471521E-005   0.0000000000000000     
  -11.880000000000001        0.0000000000000000       -2.0012943727202993E-005   0.0000000000000000     
  -11.682000000000000        0.0000000000000000       -2.0823545556552791E-005   0.0000000000000000     
  -11.484000000000000        0.0000000000000000       -2.1679748807475353E-005   0.0000000000000000     
  -11.286000000000001        0.0000000000000000       -2.2584891513255860E-005   0.0000000000000000     
  -11.088000000000001        0.0000000000000000       -2.3542616091934047E-005   0.0000000000000000     
  -10.890000000000001        0.0000000000000000       -2.4556895360790030E-005   0.0000000000000000     
  -10.692000000000000        0.0000000000000000       -2.5632070579085461E-005   0.0000000000000000     
  -10.494000000000000        0.0000000000000000       -2.6772888448563393E-005   0.0000000000000000     
  -10.296000000000001        0.0000000000000000       -2.7984540901303194E-005   0.0000000000000000     
  -10.098000000000001        0.0000000000000000       -2.9272721564701490E-005   0.0000000000000000     
  -9.9000000000000004        0.0000000000000000       -3.0643674253248602E-005   0.0000000000000000     
  -9.7020000000000000        0.0000000000000000       -3.2104267489126514E-005   0.0000000000000000     
  -9.5040000000000013        0.0000000000000000       -3.3662046191771325E-005   0.0000000000000000     
  -9.3060000000000009        0.0000000000000000       -3.5325327427855098E-005   0.0000000000000000     
  -9.1080000000000005        0.0000000000000000       -3.7103273182837036E-005   0.0000000000000000     
  -8.9100000000000001        0.0000000000000000       -3.9006008441311939E-005   0.0000000000000000     
  -8.7119999999999997        0.0000000000000000       -4.1044722397762576E-005   0.0000000000000000     
  -8.5140000000000011        0.0000000000000000       -4.3231802240111500E-005   0.0000000000000000     
  -8.3160000000000007        0.0000000000000000       -4.5580982166568975E-005   0.0000000000000000     
  -8.1180000000000003        0.0000000000000000       -4.8107499374405751E-005   0.0000000000000000     
  -7.9199999999999999        0.0000000000000000       -5.0828308096631895E-005   0.0000000000000000     
  -7.7220000000000004        0.0000000000000000       -5.3762283130705287E-005   0.0000000000000000     
  -7.5240000000000000        0.0000000000000000       -5.6930495646202011E-005   0.0000000000000000     
  -7.3260000000000005        0.0000000000000000       -6.0356509082919974E-005   0.0000000000000000     
  -7.1280000000000001        0.0000000000000000       -6.4066744688532281E-005   0.0000000000000000     
  -6.9300000000000006        0.0000000000000000       -6.8090933368951593E-005   0.0000000000000000     
  -6.7320000000000002        0.0000000000000000       -7.2462655684999106E-005   0.0000000000000000     
  -6.5340000000000007        0.0000000000000000       -7.7220021064199168E-005   0.0000000000000000     
  -6.3360000000000003        0.0000000000000000       -8.2406542302965131E-005   0.0000000000000000     
  -6.1379999999999999        0.0000000000000000       -8.8072285313759726E-005   0.0000000000000000     
  -5.9400000000000004        0.0000000000000000       -9.4275369282920840E-005   0.0000000000000000     
  -5.7420000000000000        0.0000000000000000       -1.0108403985634608E-004   0.0000000000000000     
  -5.5440000000000005        0.0000000000000000       -1.0857943519025320E-004   0.0000000000000000     
  -5.3460000000000001        0.0000000000000000       -1.1685947491971128E-004   0.0000000000000000     
  -5.1480000000000006        0.0000000000000000       -1.2604417690457927E-004   0.0000000000000000     
  -4.9500000000000002        0.0000000000000000       -1.3628292977034456E-004   0.0000000000000000     
  -4.7520000000000007        0.0000000000000000       -1.4776423168484494E-004   0.0000000000000000     
  -4.5540000000000003        0.0000000000000000       -1.6072803076201645E-004   0.0000000000000000     
  -4.3559999999999999        0.0000000000000000       -1.7547988827174753E-004   0.0000000000000000     
  -4.1580000000000004        0.0000000000000000       -1.9240327394340145E-004   0.0000000000000000     
  -3.9600000000000000        0.0000000000000000       -2.1195985156513843E-004   0.0000000000000000     
  -3.7620000000000000        0.0000000000000000       -2.3465500092326134E-004   0.0000000000000000     
  -3.5640000000000001        0.0000000000000000       -2.6092851187463616E-004   0.0000000000000000     
  -3.3660000000000001        0.0000000000000000       -2.9094070074232723E-004   0.0000000000000000     
  -3.1680000000000001        0.0000000000000000       -3.2439132473844934E-004   0.0000000000000000     
  -2.9700000000000002        0.0000000000000000       -3.6087961820733405E-004   0.0000000000000000     
  -2.7720000000000002        0.0000000000000000       -4.0039372933211437E-004   0.0000000000000000     
  -2.5740000000000003        0.0000000000000000       -4.4503715253194141E-004   0.0000000000000000     
  -2.3760000000000003        0.0000000000000000       -5.0090064064139332E-004   0.0000000000000000     
  -2.1779999999999999        0.0000000000000000       -5.7091698323000835E-004   0.0000000000000000     
  -1.9800000000000000        0.0000000000000000       -6.5647806508361899E-004   0.0000000000000000     
  -1.7820000000000000        0.0000000000000000       -7.6008625328778581E-004   0.0000000000000000     
  -1.5840000000000001        0.0000000000000000       -8.8287853099624179E-004   0.0000000000000000     
  -1.3860000000000001        0.0000000000000000       -1.0231348338117546E-003   0.0000000000000000     
  -1.1880000000000002        0.0000000000000000       -1.1791109210258653E-003   0.0000000000000000     
 -0.98999999999999999        0.0000000000000000       -1.3498690902058121E-003   0.0000000000000000     
 -0.79200000000000004        0.0000000000000000       -1.5318899127421046E-003   0.0000000000000000     
 -0.59400000000000008        0.0000000000000000       -1.7129709468409844E-003   0.0000000000000000     
 -0.39600000000000002        0.0000000000000000       -1.8708767303698519E-003   0.0000000000000000     
 -0.19800000000000001        0.0000000000000000       -1.9799323643971706E-003   0.0000000000000000     
   0.0000000000000000        0.0000000000000000       -2.0190492853052913E-003   0.0000000000000000     
  0.19800000000000001        0.0000000000000000       -1.9799323643971706E-003   0.0000000000000000     
  0.39600000000000002        0.0000000000000000       -1.8708767303698519E-003   0.0000000000000000     
  0.59400000000000008        0.0000000000000000       -1.7129709468409844E-003   0.0000000000000000     
  0.79200000000000004        0.0000000000000000       -1.5318899127421046E-003   0.0000000000000000     
  0.98999999999999999        0.0000000000000000       -1.3498690902058121E-003   0.0000000000000000     
   1.1880000000000002        0.0000000000000000       -1.1791109210258653E-003   0.0000000000000000     
   1.3860000000000001        0.0000000000000000       -1.0231348338117546E-003   0.0000000000000000     
   1.5840000000000001        0.0000000000000000       -8.8287853099624179E-004   0.0000000000000000     
   1.7820000000000000        0.0000000000000000       -7.6008625328778581E-004   0.0000000000000000     
   1.9800000000000000        0.0000000000000000       -6.5647806508361899E-004   0.0000000000000000     
   2.1779999999999999        0.0000000000000000       -5.7091698323000835E-004   0.0000000000000000     
   2.3760000000000003        0.0000000000000000       -5.0090064064139332E-004   0.0000000000000000     
   2.5740000000000003        0.0000000000000000       -4.4503715253194141E-004   0.0000000000000000     
   2.7720000000000002        0.0000000000000000       -4.0039372933211437E-004   0.0000000000000000     
   2.9700000000000002        0.0000000000000000       -3.6087961820733405E-004   0.0000000000000000     
   3.1680000000000001        0.0000000000000000       -3.2439132473844934E-004   0.0000000000000000     
   3.3660000000000001        0.0000000000000000       -2.9094070074232723E-004   0.0000000000000000     
   3.5640000000000001        0.0000000000000000       -2.6092851187463616E-004   0.0000000000000000     
   3.7620000000000000        0.0000000000000000       -2.3465500092326134E-004   0.0000000000000000     
   3.9600000000000000        0.0000000000000000       -2.1195985156513843E-004   0.0000000000000000     
   4.1580000000000004        0.0000000000000000       -1.9240327394340145E-004   0.0000000000000000     
   4.3559999999999999        0.0000000000000000       -1.7547988827174753E-004   0.0000000000000000     
   4.5540000000000003        0.0000000000000000       -1.6072803076201645E-004   0.0000000000000000     
   4.7520000000000007        0.0000000000000000       -1.4776423168484494E-004   0.0000000000000000     
   4.9500000000000002        0.0000000000000000       -1.3628292977034456E-004   0.0000000000000000     
   5.1480000000000006        0.0000000000000000       -1.2604417690457927E-004   0.0000000000000000     
   5.3460000000000001        0.0000000000000000       -1.1685947491971128E-004   0.0000000000000000     
   5.5440000000000005        0.0000000000000000       -1.0857943519025320E-004   0.0000000000000000     
   5.7420000000000000        0.0000000000000000       -1.0108403985634608E-004   0.0000000000000000     
   5.9400000000000004        0.0000000000000000       -9.4275369282920840E-005   0.0000000000000000     
   6.1379999999999999        0.0000000000000000       -8.8072285313759726E-005   0.0000000000000000     
   6.3360000000000003        0.0000000000000000       -8.2406542302965131E-005   0.0000000000000000     
   6.5340000000000007        0.0000000000000000       -7.7220021064199168E-005   0.0000000000000000     
   6.7320000000000002        0.0000000000000000       -7.2462655684999106E-005   0.0000000000000000     
   6.9300000000000006        0.0000000000000000       -6.8090933368951593E-005   0.0000000000000000     
   7.1280000000000001        0.0000000000000000       -6.4066744688532281E-005   0.0000000000000000     
   7.3260000000000005        0.0000000000000000       -6.0356509082919974E-005   0.0000000000000000     
   7.5240000000000000        0.0000000000000000       -5.6930495646202011E-005   0.0000000000000000     
   7.7220000000000004        0.0000000000000000       -5.3762283130705287E-005   0.0000000000000000     
   7.9199999999999999        0.0000000000000000       -5.0828308096631895E-005   0.0000000000000000     
   8.1180000000000003        0.0000000000000000       -4.8107499374405751E-005   0.0000000000000000     
   8.3160000000000007        0.0000000000000000       -4.5580982166568975E-005   0.0000000000000000     
   8.5140000000000011        0.0000000000000000       -4.3231802240111500E-005   0.0000000000000000     
   8.7119999999999997        0.0000000000000000       -4.1044722397762576E-005   0.0000000000000000     
   8.9100000000000001        0.0000000000000000       -3.9006008441311939E-005   0.0000000000000000     
   9.1080000000000005        0.0000000000000000       -3.7103273182837036E-005   0.0000000000000000     
   9.3060000000000009        0.0000000000000000       -3.5325327427855098E-005   0.0000000000000000     
   9.5040000000000013        0.0000000000000000       -3.3662046191771325E-005   0.0000000000000000     
   9.7020000000000000        0.0000000000000000       -3.2104267489126514E-005   0.0000000000000000     
   9.9000000000000004        0.0000000000000000       -3.0643674253248602E-005   0.0000000000000000     
   10.098000000000001        0.0000000000000000       -2.9272721564701490E-005   0.0000000000000000     
   10.296000000000001        0.0000000000000000       -2.7984540901303194E-005   0.0000000000000000     
   10.494000000000000        0.0000000000000000       -2.6772888448563393E-005   0.0000000000000000     
   10.692000000000000        0.0000000000000000       -2.5632070579085461E-005   0.0000000000000000     
   10.890000000000001        0.0000000000000000       -2.4556895360790030E-005   0.0000000000000000     
   11.088000000000001        0.0000000000000000       -2.3542616091934047E-005   0.0000000000000000     
   11.286000000000001        0.0000000000000000       -2.2584891513255860E-005   0.0000000000000000     
   11.484000000000000        0.0000000000000000       -2.1679748807475353E-005   0.0000000000000000     
   11.682000000000000        0.0000000000000000       -2.0823545556552791E-005   0.0000000000000000     
   11.880000000000001        0.0000000000000000       -2.0012943727202993E-005   0.0000000000000000     
   12.078000000000001        0.0000000000000000       -1.9244870856471521E-005   0.0000000000000000     
   12.276000000000000        0.0000000000000000       -1.8516505084979124E-005   0.0000000000000000     
   12.474000000000000        0.0000000000000000       -1.7825252237927058E-005   0.0000000000000000     
   12.672000000000001        0.0000000000000000       -1.7168721350695975E-005   0.0000000000000000     
   12.870000000000001        0.0000000000000000       -1.6544709256130033E-005   0.0000000000000000     
   13.068000000000001        0.0000000000000000       -1.5951186530236427E-005   0.0000000000000000     
   13.266000000000000        0.0000000000000000       -1.5386279163771707E-005   0.0000000000000000     
   13.464000000000000        0.0000000000000000       -1.4848262431111970E-005   0.0000000000000000     
   13.662000000000001        0.0000000000000000       -1.4335542610028607E-005   0.0000000000000000     
   13.860000000000001        0.0000000000000000       -1.3846654061203202E-005   0.0000000000000000     
   14.058000000000000        0.0000000000000000       -1.3380247105912349E-005   0.0000000000000000     
   14.256000000000000        0.0000000000000000       -1.2935079587840469E-005   0.0000000000000000     
   14.454000000000001        0.0000000000000000       -1.2510015473500321E-005   0.0000000000000000     
   14.652000000000001        0.0000000000000000       -1.2104018070841699E-005   0.0000000000000000     
   14.850000000000001        0.0000000000000000       -1.1716146783782370E-005   0.0000000000000000     
   15.048000000000000        0.0000000000000000       -1.1345555423912387E-005   0.0000000000000000     
   15.246000000000000        0.0000000000000000       -1.0991492845766121E-005   0.0000000000000000     
   15.444000000000001        0.0000000000000000       -1.0653306054922506E-005   0.0000000000000000     
   15.642000000000001        0.0000000000000000       -1.0330448895191337E-005   0.0000000000000000     
   15.840000000000000        0.0000000000000000       -1.0022487544152819E-005   0.0000000000000000     
   16.038000000000000        0.0000000000000000       -9.7291261601715392E-006   0.0000000000000000     
   16.236000000000001        0.0000000000000000       -9.4502299683293146E-006   0.0000000000000000     
   16.434000000000001        0.0000000000000000       -9.1858725920994943E-006   0.0000000000000000     
   16.632000000000001        0.0000000000000000       -8.9364016056531457E-006   0.0000000000000000     
   16.830000000000002        0.0000000000000000       -8.7025386496774070E-006   0.0000000000000000     
   17.028000000000002        0.0000000000000000       -8.4841794209289015E-006   0.0000000000000000     
   17.225999999999999        0.0000000000000000       -8.2836964552014223E-006   0.0000000000000000     
   17.423999999999999        0.0000000000000000       -8.1042250985788238E-006   0.0000000000000000     
   17.622000000000000        0.0000000000000000       -7.9498309369137598E-006   0.0000000000000000     
   17.820000000000000        0.0000000000000000       -7.8264915332171700E-006   0.0000000000000000     
   18.018000000000001        0.0000000000000000       -7.7422847526049655E-006   0.0000000000000000     
   18.216000000000001        0.0000000000000000       -7.7081643641346444E-006   0.0000000000000000     
   18.414000000000001        0.0000000000000000       -7.7326728253330132E-006   0.0000000000000000     
   18.612000000000002        0.0000000000000000       -7.8178225906939079E-006   0.0000000000000000     
   18.810000000000002        0.0000000000000000       -7.9381751743004083E-006   0.0000000000000000     
   19.008000000000003        0.0000000000000000       -8.0022316309589531E-006   0.0000000000000000     
   19.206000000000000        0.0000000000000000       -7.7664990770793560E-006   0.0000000000000000     
   19.404000000000000        0.0000000000000000       -6.7597998610337249E-006   0.0000000000000000     
   19.602000000000000        0.0000000000000000       -4.3982776739538503E-006   0.0000000000000000     
