  -19.602000000000000        0.0000000000000000       -5.2146403448824999E-005   0.0000000000000000     
  -19.404000000000000        0.0000000000000000       -5.4553722513509638E-005   0.0000000000000000     
  -19.206000000000000        0.0000000000000000       -5.8399373890397661E-005   0.0000000000000000     
  -19.008000000000003        0.0000000000000000       -6.2449358746615989E-005   0.0000000000000000     
  -18.810000000000002        0.0000000000000000       -6.6262685134631995E-005   0.0000000000000000     
  -18.612000000000002        0.0000000000000000       -6.9693683765785893E-005   0.0000000000000000     
  -18.414000000000001        0.0000000000000000       -7.2784107070911748E-005   0.0000000000000000     
  -18.216000000000001        0.0000000000000000       -7.5564647954926486E-005   0.0000000000000000     
  -18.018000000000001        0.0000000000000000       -7.8098016016816003E-005   0.0000000000000000     
  -17.820000000000000        0.0000000000000000       -8.0444810589528270E-005   0.0000000000000000     
  -17.622000000000000        0.0000000000000000       -8.2633529495335496E-005   0.0000000000000000     
  -17.423999999999999        0.0000000000000000       -8.4713700584530832E-005   0.0000000000000000     
  -17.225999999999999        0.0000000000000000       -8.6701629436395538E-005   0.0000000000000000     
  -17.028000000000002        0.0000000000000000       -8.8637424451985155E-005   0.0000000000000000     
  -16.830000000000002        0.0000000000000000       -9.0533170080133905E-005   0.0000000000000000     
  -16.632000000000001        0.0000000000000000       -9.2406328045044141E-005   0.0000000000000000     
  -16.434000000000001        0.0000000000000000       -9.4269316173341958E-005   0.0000000000000000     
  -16.236000000000001        0.0000000000000000       -9.6133974576381696E-005   0.0000000000000000     
  -16.038000000000000        0.0000000000000000       -9.8010351314667846E-005   0.0000000000000000     
  -15.840000000000000        0.0000000000000000       -9.9907124444311414E-005   0.0000000000000000     
  -15.642000000000001        0.0000000000000000       -1.0183189677174034E-004   0.0000000000000000     
  -15.444000000000001        0.0000000000000000       -1.0378860336834458E-004   0.0000000000000000     
  -15.246000000000000        0.0000000000000000       -1.0578703409021895E-004   0.0000000000000000     
  -15.048000000000000        0.0000000000000000       -1.0783312520631067E-004   0.0000000000000000     
  -14.850000000000001        0.0000000000000000       -1.0993264196061656E-004   0.0000000000000000     
  -14.652000000000001        0.0000000000000000       -1.1209129010388213E-004   0.0000000000000000     
  -14.454000000000001        0.0000000000000000       -1.1431483971751120E-004   0.0000000000000000     
  -14.256000000000000        0.0000000000000000       -1.1660921121318832E-004   0.0000000000000000     
  -14.058000000000000        0.0000000000000000       -1.1898057882051684E-004   0.0000000000000000     
  -13.860000000000001        0.0000000000000000       -1.2143544861473286E-004   0.0000000000000000     
  -13.662000000000001        0.0000000000000000       -1.2398074186787601E-004   0.0000000000000000     
  -13.464000000000000        0.0000000000000000       -1.2662387960795491E-004   0.0000000000000000     
  -13.266000000000000        0.0000000000000000       -1.2937285922173149E-004   0.0000000000000000     
  -13.068000000000001        0.0000000000000000       -1.3223634890467911E-004   0.0000000000000000     
  -12.870000000000001        0.0000000000000000       -1.3522377532919209E-004   0.0000000000000000     
  -12.672000000000001        0.0000000000000000       -1.3834541517633039E-004   0.0000000000000000     
  -12.474000000000000        0.0000000000000000       -1.4161250000596770E-004   0.0000000000000000     
  -12.276000000000000        0.0000000000000000       -1.4503733735227750E-004   0.0000000000000000     
  -12.078000000000001        0.0000000000000000       -1.4863342361940478E-004   0.0000000000000000     
  -11.880000000000001        0.0000000000000000       -1.5241558530008586E-004   0.0000000000000000     
  -11.682000000000000        0.0000000000000000       -1.5640012625848834E-004   0.0000000000000000     
  -11.484000000000000        0.0000000000000000       -1.6060499326123941E-004   0.0000000000000000     
  -11.286000000000001        0.0000000000000000       -1.6504996170500612E-004   0.0000000000000000     
  -11.088000000000001        0.0000000000000000       -1.6975683439280137E-004   0.0000000000000000     
  -10.890000000000001        0.0000000000000000       -1.7474968276292612E-004   0.0000000000000000     
  -10.692000000000000        0.0000000000000000       -1.8005508144311141E-004   0.0000000000000000     
  -10.494000000000000        0.0000000000000000       -1.8570240196882418E-004   0.0000000000000000     
  -10.296000000000001        0.0000000000000000       -1.9172412932429839E-004   0.0000000000000000     
  -10.098000000000001        0.0000000000000000       -1.9815621810490795E-004   0.0000000000000000     
  -9.9000000000000004        0.0000000000000000       -2.0503847732147656E-004   0.0000000000000000     
  -9.7020000000000000        0.0000000000000000       -2.1241502330426529E-004   0.0000000000000000     
  -9.5040000000000013        0.0000000000000000       -2.2033476681066760E-004   0.0000000000000000     
  -9.3060000000000009        0.0000000000000000       -2.2885197736927801E-004   0.0000000000000000     
  -9.1080000000000005        0.0000000000000000       -2.3802690820506539E-004   0.0000000000000000     
  -8.9100000000000001        0.0000000000000000       -2.4792647687226621E-004   0.0000000000000000     
  -8.7119999999999997        0.0000000000000000       -2.5862505942120853E-004   0.0000000000000000     
  -8.5140000000000011        0.0000000000000000       -2.7020537565260275E-004   0.0000000000000000     
  -8.3160000000000007        0.0000000000000000       -2.8275944918366552E-004   0.0000000000000000     
  -8.1180000000000003        0.0000000000000000       -2.9638974332650255E-004   0.0000000000000000     
  -7.9199999999999999        0.0000000000000000       -3.1121035899379126E-004   0.0000000000000000     
  -7.7220000000000004        0.0000000000000000       -3.2734845373024368E-004   0.0000000000000000     
  -7.5240000000000000        0.0000000000000000       -3.4494575750751162E-004   0.0000000000000000     
  -7.3260000000000005        0.0000000000000000       -3.6416035067010334E-004   0.0000000000000000     
  -7.1280000000000001        0.0000000000000000       -3.8516855010516300E-004   0.0000000000000000     
  -6.9300000000000006        0.0000000000000000       -4.0816712104485738E-004   0.0000000000000000     
  -6.7320000000000002        0.0000000000000000       -4.3337564743694542E-004   0.0000000000000000     
  -6.5340000000000007        0.0000000000000000       -4.6103923069452105E-004   0.0000000000000000     
  -6.3360000000000003        0.0000000000000000       -4.9143147990818726E-004   0.0000000000000000     
  -6.1379999999999999        0.0000000000000000       -5.2485778246035464E-004   0.0000000000000000     
  -5.9400000000000004        0.0000000000000000       -5.6165896957779265E-004   0.0000000000000000     
  -5.7420000000000000        0.0000000000000000       -6.0221540672243906E-004   0.0000000000000000     
  -5.5440000000000005        0.0000000000000000       -6.4695147179874004E-004   0.0000000000000000     
  -5.3460000000000001        0.0000000000000000       -6.9634083599930347E-004   0.0000000000000000     
  -5.1480000000000006        0.0000000000000000       -7.5091270297939839E-004   0.0000000000000000     
  -4.9500000000000002        0.0000000000000000       -8.1126028770367572E-004   0.0000000000000000     
  -4.7520000000000007        0.0000000000000000       -8.7805423867117133E-004   0.0000000000000000     
  -4.5540000000000003        0.0000000000000000       -9.5206888311451601E-004   0.0000000000000000     
  -4.3559999999999999        0.0000000000000000       -1.0342399832561533E-003   0.0000000000000000     
  -4.1580000000000004        0.0000000000000000       -1.1257421511107057E-003   0.0000000000000000     
  -3.9600000000000000        0.0000000000000000       -1.2275268169962398E-003   0.0000000000000000     
  -3.7620000000000000        0.0000000000000000       -1.3398578998458826E-003   0.0000000000000000     
  -3.5640000000000001        0.0000000000000000       -1.4636119894179283E-003   0.0000000000000000     
  -3.3660000000000001        0.0000000000000000       -1.5999620172968230E-003   0.0000000000000000     
  -3.1680000000000001        0.0000000000000000       -1.7497693001495402E-003   0.0000000000000000     
  -2.9700000000000002        0.0000000000000000       -1.9133783574847361E-003   0.0000000000000000     
  -2.7720000000000002        0.0000000000000000       -2.0918438829432618E-003   0.0000000000000000     
  -2.5740000000000003        0.0000000000000000       -2.2881759023991965E-003   0.0000000000000000     
  -2.3760000000000003        0.0000000000000000       -2.5043438266300760E-003   0.0000000000000000     
  -2.1779999999999999        0.0000000000000000       -2.7401898779423985E-003   0.0000000000000000     
  -1.9800000000000000        0.0000000000000000       -2.9929136541384490E-003   0.0000000000000000     
  -1.7820000000000000        0.0000000000000000       -3.2634285524638378E-003   0.0000000000000000     
  -1.5840000000000001        0.0000000000000000       -3.5549014685283997E-003   0.0000000000000000     
  -1.3860000000000001        0.0000000000000000       -3.8692117763379323E-003   0.0000000000000000     
  -1.1880000000000002        0.0000000000000000       -4.1990312428137255E-003   0.0000000000000000     
 -0.98999999999999999        0.0000000000000000       -4.5279456978436590E-003   0.0000000000000000     
 -0.79200000000000004        0.0000000000000000       -4.8392488285989941E-003   0.0000000000000000     
 -0.59400000000000008        0.0000000000000000       -5.1128680069031616E-003   0.0000000000000000     
 -0.39600000000000002        0.0000000000000000       -5.3343221306608700E-003   0.0000000000000000     
 -0.19800000000000001        0.0000000000000000       -5.4779868369173416E-003   0.0000000000000000     
   0.0000000000000000        0.0000000000000000       -5.5279529863860033E-003   0.0000000000000000     
  0.19800000000000001        0.0000000000000000       -5.4779868369173416E-003   0.0000000000000000     
  0.39600000000000002        0.0000000000000000       -5.3343221306608700E-003   0.0000000000000000     
  0.59400000000000008        0.0000000000000000       -5.1128680069031616E-003   0.0000000000000000     
  0.79200000000000004        0.0000000000000000       -4.8392488285989941E-003   0.0000000000000000     
  0.98999999999999999        0.0000000000000000       -4.5279456978436590E-003   0.0000000000000000     
   1.1880000000000002        0.0000000000000000       -4.1990312428137255E-003   0.0000000000000000     
   1.3860000000000001        0.0000000000000000       -3.8692117763379323E-003   0.0000000000000000     
   1.5840000000000001        0.0000000000000000       -3.5549014685283997E-003   0.0000000000000000     
   1.7820000000000000        0.0000000000000000       -3.2634285524638378E-003   0.0000000000000000     
   1.9800000000000000        0.0000000000000000       -2.9929136541384490E-003   0.0000000000000000     
   2.1779999999999999        0.0000000000000000       -2.7401898779423985E-003   0.0000000000000000     
   2.3760000000000003        0.0000000000000000       -2.5043438266300760E-003   0.0000000000000000     
   2.5740000000000003        0.0000000000000000       -2.2881759023991965E-003   0.0000000000000000     
   2.7720000000000002        0.0000000000000000       -2.0918438829432618E-003   0.0000000000000000     
   2.9700000000000002        0.0000000000000000       -1.9133783574847361E-003   0.0000000000000000     
   3.1680000000000001        0.0000000000000000       -1.7497693001495402E-003   0.0000000000000000     
   3.3660000000000001        0.0000000000000000       -1.5999620172968230E-003   0.0000000000000000     
   3.5640000000000001        0.0000000000000000       -1.4636119894179283E-003   0.0000000000000000     
   3.7620000000000000        0.0000000000000000       -1.3398578998458826E-003   0.0000000000000000     
   3.9600000000000000        0.0000000000000000       -1.2275268169962398E-003   0.0000000000000000     
   4.1580000000000004        0.0000000000000000       -1.1257421511107057E-003   0.0000000000000000     
   4.3559999999999999        0.0000000000000000       -1.0342399832561533E-003   0.0000000000000000     
   4.5540000000000003        0.0000000000000000       -9.5206888311451601E-004   0.0000000000000000     
   4.7520000000000007        0.0000000000000000       -8.7805423867117133E-004   0.0000000000000000     
   4.9500000000000002        0.0000000000000000       -8.1126028770367572E-004   0.0000000000000000     
   5.1480000000000006        0.0000000000000000       -7.5091270297939839E-004   0.0000000000000000     
   5.3460000000000001        0.0000000000000000       -6.9634083599930347E-004   0.0000000000000000     
   5.5440000000000005        0.0000000000000000       -6.4695147179874004E-004   0.0000000000000000     
   5.7420000000000000        0.0000000000000000       -6.0221540672243906E-004   0.0000000000000000     
   5.9400000000000004        0.0000000000000000       -5.6165896957779265E-004   0.0000000000000000     
   6.1379999999999999        0.0000000000000000       -5.2485778246035464E-004   0.0000000000000000     
   6.3360000000000003        0.0000000000000000       -4.9143147990818726E-004   0.0000000000000000     
   6.5340000000000007        0.0000000000000000       -4.6103923069452105E-004   0.0000000000000000     
   6.7320000000000002        0.0000000000000000       -4.3337564743694542E-004   0.0000000000000000     
   6.9300000000000006        0.0000000000000000       -4.0816712104485738E-004   0.0000000000000000     
   7.1280000000000001        0.0000000000000000       -3.8516855010516300E-004   0.0000000000000000     
   7.3260000000000005        0.0000000000000000       -3.6416035067010334E-004   0.0000000000000000     
   7.5240000000000000        0.0000000000000000       -3.4494575750751162E-004   0.0000000000000000     
   7.7220000000000004        0.0000000000000000       -3.2734845373024368E-004   0.0000000000000000     
   7.9199999999999999        0.0000000000000000       -3.1121035899379126E-004   0.0000000000000000     
   8.1180000000000003        0.0000000000000000       -2.9638974332650255E-004   0.0000000000000000     
   8.3160000000000007        0.0000000000000000       -2.8275944918366552E-004   0.0000000000000000     
   8.5140000000000011        0.0000000000000000       -2.7020537565260275E-004   0.0000000000000000     
   8.7119999999999997        0.0000000000000000       -2.5862505942120853E-004   0.0000000000000000     
   8.9100000000000001        0.0000000000000000       -2.4792647687226621E-004   0.0000000000000000     
   9.1080000000000005        0.0000000000000000       -2.3802690820506539E-004   0.0000000000000000     
   9.3060000000000009        0.0000000000000000       -2.2885197736927801E-004   0.0000000000000000     
   9.5040000000000013        0.0000000000000000       -2.2033476681066760E-004   0.0000000000000000     
   9.7020000000000000        0.0000000000000000       -2.1241502330426529E-004   0.0000000000000000     
   9.9000000000000004        0.0000000000000000       -2.0503847732147656E-004   0.0000000000000000     
   10.098000000000001        0.0000000000000000       -1.9815621810490795E-004   0.0000000000000000     
   10.296000000000001        0.0000000000000000       -1.9172412932429839E-004   0.0000000000000000     
   10.494000000000000        0.0000000000000000       -1.8570240196882418E-004   0.0000000000000000     
   10.692000000000000        0.0000000000000000       -1.8005508144311141E-004   0.0000000000000000     
   10.890000000000001        0.0000000000000000       -1.7474968276292612E-004   0.0000000000000000     
   11.088000000000001        0.0000000000000000       -1.6975683439280137E-004   0.0000000000000000     
   11.286000000000001        0.0000000000000000       -1.6504996170500612E-004   0.0000000000000000     
   11.484000000000000        0.0000000000000000       -1.6060499326123941E-004   0.0000000000000000     
   11.682000000000000        0.0000000000000000       -1.5640012625848834E-004   0.0000000000000000     
   11.880000000000001        0.0000000000000000       -1.5241558530008586E-004   0.0000000000000000     
   12.078000000000001        0.0000000000000000       -1.4863342361940478E-004   0.0000000000000000     
   12.276000000000000        0.0000000000000000       -1.4503733735227750E-004   0.0000000000000000     
   12.474000000000000        0.0000000000000000       -1.4161250000596770E-004   0.0000000000000000     
   12.672000000000001        0.0000000000000000       -1.3834541517633039E-004   0.0000000000000000     
   12.870000000000001        0.0000000000000000       -1.3522377532919209E-004   0.0000000000000000     
   13.068000000000001        0.0000000000000000       -1.3223634890467911E-004   0.0000000000000000     
   13.266000000000000        0.0000000000000000       -1.2937285922173149E-004   0.0000000000000000     
   13.464000000000000        0.0000000000000000       -1.2662387960795491E-004   0.0000000000000000     
   13.662000000000001        0.0000000000000000       -1.2398074186787601E-004   0.0000000000000000     
   13.860000000000001        0.0000000000000000       -1.2143544861473286E-004   0.0000000000000000     
   14.058000000000000        0.0000000000000000       -1.1898057882051684E-004   0.0000000000000000     
   14.256000000000000        0.0000000000000000       -1.1660921121318832E-004   0.0000000000000000     
   14.454000000000001        0.0000000000000000       -1.1431483971751120E-004   0.0000000000000000     
   14.652000000000001        0.0000000000000000       -1.1209129010388213E-004   0.0000000000000000     
   14.850000000000001        0.0000000000000000       -1.0993264196061656E-004   0.0000000000000000     
   15.048000000000000        0.0000000000000000       -1.0783312520631067E-004   0.0000000000000000     
   15.246000000000000        0.0000000000000000       -1.0578703409021895E-004   0.0000000000000000     
   15.444000000000001        0.0000000000000000       -1.0378860336834458E-004   0.0000000000000000     
   15.642000000000001        0.0000000000000000       -1.0183189677174034E-004   0.0000000000000000     
   15.840000000000000        0.0000000000000000       -9.9907124444311414E-005   0.0000000000000000     
   16.038000000000000        0.0000000000000000       -9.8010351314667846E-005   0.0000000000000000     
   16.236000000000001        0.0000000000000000       -9.6133974576381696E-005   0.0000000000000000     
   16.434000000000001        0.0000000000000000       -9.4269316173341958E-005   0.0000000000000000     
   16.632000000000001        0.0000000000000000       -9.2406328045044141E-005   0.0000000000000000     
   16.830000000000002        0.0000000000000000       -9.0533170080133905E-005   0.0000000000000000     
   17.028000000000002        0.0000000000000000       -8.8637424451985155E-005   0.0000000000000000     
   17.225999999999999        0.0000000000000000       -8.6701629436395538E-005   0.0000000000000000     
   17.423999999999999        0.0000000000000000       -8.4713700584530832E-005   0.0000000000000000     
   17.622000000000000        0.0000000000000000       -8.2633529495335496E-005   0.0000000000000000     
   17.820000000000000        0.0000000000000000       -8.0444810589528270E-005   0.0000000000000000     
   18.018000000000001        0.0000000000000000       -7.8098016016816003E-005   0.0000000000000000     
   18.216000000000001        0.0000000000000000       -7.5564647954926486E-005   0.0000000000000000     
   18.414000000000001        0.0000000000000000       -7.2784107070911748E-005   0.0000000000000000     
   18.612000000000002        0.0000000000000000       -6.9693683765785893E-005   0.0000000000000000     
   18.810000000000002        0.0000000000000000       -6.6262685134631995E-005   0.0000000000000000     
   19.008000000000003        0.0000000000000000       -6.2449358746615989E-005   0.0000000000000000     
   19.206000000000000        0.0000000000000000       -5.8399373890397661E-005   0.0000000000000000     
   19.404000000000000        0.0000000000000000       -5.4553722513509638E-005   0.0000000000000000     
   19.602000000000000        0.0000000000000000       -5.2146403448824999E-005   0.0000000000000000     
