  -19.602000000000000        0.0000000000000000       -1.1026657233687869E-005   0.0000000000000000     
  -19.404000000000000        0.0000000000000000       -1.5954197529693282E-005   0.0000000000000000     
  -19.206000000000000        0.0000000000000000       -1.8310145116958336E-005   0.0000000000000000     
  -19.008000000000003        0.0000000000000000       -1.9255215273044217E-005   0.0000000000000000     
  -18.810000000000002        0.0000000000000000       -1.9664712012763341E-005   0.0000000000000000     
  -18.612000000000002        0.0000000000000000       -1.9953107652677439E-005   0.0000000000000000     
  -18.414000000000001        0.0000000000000000       -2.0259902024805178E-005   0.0000000000000000     
  -18.216000000000001        0.0000000000000000       -2.0625106231735407E-005   0.0000000000000000     
  -18.018000000000001        0.0000000000000000       -2.1048241072533825E-005   0.0000000000000000     
  -17.820000000000000        0.0000000000000000       -2.1518623297845042E-005   0.0000000000000000     
  -17.622000000000000        0.0000000000000000       -2.2027503837211052E-005   0.0000000000000000     
  -17.423999999999999        0.0000000000000000       -2.2567331647657409E-005   0.0000000000000000     
  -17.225999999999999        0.0000000000000000       -2.3134584617765733E-005   0.0000000000000000     
  -17.028000000000002        0.0000000000000000       -2.3727791681338719E-005   0.0000000000000000     
  -16.830000000000002        0.0000000000000000       -2.4346830586851210E-005   0.0000000000000000     
  -16.632000000000001        0.0000000000000000       -2.4993427343881886E-005   0.0000000000000000     
  -16.434000000000001        0.0000000000000000       -2.5664567806120370E-005   0.0000000000000000     
  -16.236000000000001        0.0000000000000000       -2.6364365015251000E-005   0.0000000000000000     
  -16.038000000000000        0.0000000000000000       -2.7094280359283906E-005   0.0000000000000000     
  -15.840000000000000        0.0000000000000000       -2.7855847814784225E-005   0.0000000000000000     
  -15.642000000000001        0.0000000000000000       -2.8650648134272328E-005   0.0000000000000000     
  -15.444000000000001        0.0000000000000000       -2.9480312743458262E-005   0.0000000000000000     
  -15.246000000000000        0.0000000000000000       -3.0346533084892334E-005   0.0000000000000000     
  -15.048000000000000        0.0000000000000000       -3.1251074136046466E-005   0.0000000000000000     
  -14.850000000000001        0.0000000000000000       -3.2195790432850445E-005   0.0000000000000000     
  -14.652000000000001        0.0000000000000000       -3.3182642668259161E-005   0.0000000000000000     
  -14.454000000000001        0.0000000000000000       -3.4213712717099150E-005   0.0000000000000000     
  -14.256000000000000        0.0000000000000000       -3.5291219359596464E-005   0.0000000000000000     
  -14.058000000000000        0.0000000000000000       -3.6417529220732626E-005   0.0000000000000000     
  -13.860000000000001        0.0000000000000000       -3.7595179067629372E-005   0.0000000000000000     
  -13.662000000000001        0.0000000000000000       -3.8826884302577945E-005   0.0000000000000000     
  -13.464000000000000        0.0000000000000000       -4.0115558249298342E-005   0.0000000000000000     
  -13.266000000000000        0.0000000000000000       -4.1464328169288593E-005   0.0000000000000000     
  -13.068000000000001        0.0000000000000000       -4.2876551311788723E-005   0.0000000000000000     
  -12.870000000000001        0.0000000000000000       -4.4355836052531294E-005   0.0000000000000000     
  -12.672000000000001        0.0000000000000000       -4.5906068063057486E-005   0.0000000000000000     
  -12.474000000000000        0.0000000000000000       -4.7531425940953362E-005   0.0000000000000000     
  -12.276000000000000        0.0000000000000000       -4.9236405864664930E-005   0.0000000000000000     
  -12.078000000000001        0.0000000000000000       -5.1025865423861941E-005   0.0000000000000000     
  -11.880000000000001        0.0000000000000000       -5.2905032719389714E-005   0.0000000000000000     
  -11.682000000000000        0.0000000000000000       -5.4879564492407151E-005   0.0000000000000000     
  -11.484000000000000        0.0000000000000000       -5.6955569428857764E-005   0.0000000000000000     
  -11.286000000000001        0.0000000000000000       -5.9139660587216198E-005   0.0000000000000000     
  -11.088000000000001        0.0000000000000000       -6.1439001633206217E-005   0.0000000000000000     
  -10.890000000000001        0.0000000000000000       -6.3861359982193228E-005   0.0000000000000000     
  -10.692000000000000        0.0000000000000000       -6.6415172227074447E-005   0.0000000000000000     
  -10.494000000000000        0.0000000000000000       -6.9109620083172382E-005   0.0000000000000000     
  -10.296000000000001        0.0000000000000000       -7.1954692601455581E-005   0.0000000000000000     
  -10.098000000000001        0.0000000000000000       -7.4961287045225198E-005   0.0000000000000000     
  -9.9000000000000004        0.0000000000000000       -7.8141302486243243E-005   0.0000000000000000     
  -9.7020000000000000        0.0000000000000000       -8.1507759060392630E-005   0.0000000000000000     
  -9.5040000000000013        0.0000000000000000       -8.5074921318743362E-005   0.0000000000000000     
  -9.3060000000000009        0.0000000000000000       -8.8858441109921493E-005   0.0000000000000000     
  -9.1080000000000005        0.0000000000000000       -9.2875521962805627E-005   0.0000000000000000     
  -8.9100000000000001        0.0000000000000000       -9.7145110643586326E-005   0.0000000000000000     
  -8.7119999999999997        0.0000000000000000       -1.0168810291297773E-004   0.0000000000000000     
  -8.5140000000000011        0.0000000000000000       -1.0652759799169236E-004   0.0000000000000000     
  -8.3160000000000007        0.0000000000000000       -1.1168914908866212E-004   0.0000000000000000     
  -8.1180000000000003        0.0000000000000000       -1.1720109674918124E-004   0.0000000000000000     
  -7.9199999999999999        0.0000000000000000       -1.2309492951911622E-004   0.0000000000000000     
  -7.7220000000000004        0.0000000000000000       -1.2940567139722991E-004   0.0000000000000000     
  -7.5240000000000000        0.0000000000000000       -1.3617237403195910E-004   0.0000000000000000     
  -7.3260000000000005        0.0000000000000000       -1.4343863378478503E-004   0.0000000000000000     
  -7.1280000000000001        0.0000000000000000       -1.5125320164913273E-004   0.0000000000000000     
  -6.9300000000000006        0.0000000000000000       -1.5967069882964741E-004   0.0000000000000000     
  -6.7320000000000002        0.0000000000000000       -1.6875243339666430E-004   0.0000000000000000     
  -6.5340000000000007        0.0000000000000000       -1.7856733220615074E-004   0.0000000000000000     
  -6.3360000000000003        0.0000000000000000       -1.8919306763503569E-004   0.0000000000000000     
  -6.1379999999999999        0.0000000000000000       -2.0071737867859049E-004   0.0000000000000000     
  -5.9400000000000004        0.0000000000000000       -2.1323970625364007E-004   0.0000000000000000     
  -5.7420000000000000        0.0000000000000000       -2.2687313992041753E-004   0.0000000000000000     
  -5.5440000000000005        0.0000000000000000       -2.4174700179575417E-004   0.0000000000000000     
  -5.3460000000000001        0.0000000000000000       -2.5801007980157407E-004   0.0000000000000000     
  -5.1480000000000006        0.0000000000000000       -2.7583488633295996E-004   0.0000000000000000     
  -4.9500000000000002        0.0000000000000000       -2.9542319184402765E-004   0.0000000000000000     
  -4.7520000000000007        0.0000000000000000       -3.1701279242167979E-004   0.0000000000000000     
  -4.5540000000000003        0.0000000000000000       -3.4088468927142277E-004   0.0000000000000000     
  -4.3559999999999999        0.0000000000000000       -3.6736701433641840E-004   0.0000000000000000     
  -4.1580000000000004        0.0000000000000000       -3.9682534071846398E-004   0.0000000000000000     
  -3.9600000000000000        0.0000000000000000       -4.2961322200264621E-004   0.0000000000000000     
  -3.7620000000000000        0.0000000000000000       -4.6593060798118035E-004   0.0000000000000000     
  -3.5640000000000001        0.0000000000000000       -5.0553100400940775E-004   0.0000000000000000     
  -3.3660000000000001        0.0000000000000000       -5.4741705314153774E-004   0.0000000000000000     
  -3.1680000000000001        0.0000000000000000       -5.9049404465629722E-004   0.0000000000000000     
  -2.9700000000000002        0.0000000000000000       -6.3730188329316610E-004   0.0000000000000000     
  -2.7720000000000002        0.0000000000000000       -6.9337578242454365E-004   0.0000000000000000     
  -2.5740000000000003        0.0000000000000000       -7.5960624338079828E-004   0.0000000000000000     
  -2.3760000000000003        0.0000000000000000       -8.3607772542534941E-004   0.0000000000000000     
  -2.1779999999999999        0.0000000000000000       -9.2460074270778203E-004   0.0000000000000000     
  -1.9800000000000000        0.0000000000000000       -1.0275439625912440E-003   0.0000000000000000     
  -1.7820000000000000        0.0000000000000000       -1.1451940339384330E-003   0.0000000000000000     
  -1.5840000000000001        0.0000000000000000       -1.2744682725039024E-003   0.0000000000000000     
  -1.3860000000000001        0.0000000000000000       -1.4120094485320618E-003   0.0000000000000000     
  -1.1880000000000002        0.0000000000000000       -1.5566230232657518E-003   0.0000000000000000     
 -0.98999999999999999        0.0000000000000000       -1.7100635069932514E-003   0.0000000000000000     
 -0.79200000000000004        0.0000000000000000       -1.8713115471825029E-003   0.0000000000000000     
 -0.59400000000000008        0.0000000000000000       -2.0275421772289514E-003   0.0000000000000000     
 -0.39600000000000002        0.0000000000000000       -2.1596034112681939E-003   0.0000000000000000     
 -0.19800000000000001        0.0000000000000000       -2.2486180211344392E-003   0.0000000000000000     
   0.0000000000000000        0.0000000000000000       -2.2800841904264926E-003   0.0000000000000000     
  0.19800000000000001        0.0000000000000000       -2.2486180211344392E-003   0.0000000000000000     
  0.39600000000000002        0.0000000000000000       -2.1596034112681939E-003   0.0000000000000000     
  0.59400000000000008        0.0000000000000000       -2.0275421772289514E-003   0.0000000000000000     
  0.79200000000000004        0.0000000000000000       -1.8713115471825029E-003   0.0000000000000000     
  0.98999999999999999        0.0000000000000000       -1.7100635069932514E-003   0.0000000000000000     
   1.1880000000000002        0.0000000000000000       -1.5566230232657518E-003   0.0000000000000000     
   1.3860000000000001        0.0000000000000000       -1.4120094485320618E-003   0.0000000000000000     
   1.5840000000000001        0.0000000000000000       -1.2744682725039024E-003   0.0000000000000000     
   1.7820000000000000        0.0000000000000000       -1.1451940339384330E-003   0.0000000000000000     
   1.9800000000000000        0.0000000000000000       -1.0275439625912440E-003   0.0000000000000000     
   2.1779999999999999        0.0000000000000000       -9.2460074270778203E-004   0.0000000000000000     
   2.3760000000000003        0.0000000000000000       -8.3607772542534941E-004   0.0000000000000000     
   2.5740000000000003        0.0000000000000000       -7.5960624338079828E-004   0.0000000000000000     
   2.7720000000000002        0.0000000000000000       -6.9337578242454365E-004   0.0000000000000000     
   2.9700000000000002        0.0000000000000000       -6.3730188329316610E-004   0.0000000000000000     
   3.1680000000000001        0.0000000000000000       -5.9049404465629722E-004   0.0000000000000000     
   3.3660000000000001        0.0000000000000000       -5.4741705314153774E-004   0.0000000000000000     
   3.5640000000000001        0.0000000000000000       -5.0553100400940775E-004   0.0000000000000000     
   3.7620000000000000        0.0000000000000000       -4.6593060798118035E-004   0.0000000000000000     
   3.9600000000000000        0.0000000000000000       -4.2961322200264621E-004   0.0000000000000000     
   4.1580000000000004        0.0000000000000000       -3.9682534071846398E-004   0.0000000000000000     
   4.3559999999999999        0.0000000000000000       -3.6736701433641840E-004   0.0000000000000000     
   4.5540000000000003        0.0000000000000000       -3.4088468927142277E-004   0.0000000000000000     
   4.7520000000000007        0.0000000000000000       -3.1701279242167979E-004   0.0000000000000000     
   4.9500000000000002        0.0000000000000000       -2.9542319184402765E-004   0.0000000000000000     
   5.1480000000000006        0.0000000000000000       -2.7583488633295996E-004   0.0000000000000000     
   5.3460000000000001        0.0000000000000000       -2.5801007980157407E-004   0.0000000000000000     
   5.5440000000000005        0.0000000000000000       -2.4174700179575417E-004   0.0000000000000000     
   5.7420000000000000        0.0000000000000000       -2.2687313992041753E-004   0.0000000000000000     
   5.9400000000000004        0.0000000000000000       -2.1323970625364007E-004   0.0000000000000000     
   6.1379999999999999        0.0000000000000000       -2.0071737867859049E-004   0.0000000000000000     
   6.3360000000000003        0.0000000000000000       -1.8919306763503569E-004   0.0000000000000000     
   6.5340000000000007        0.0000000000000000       -1.7856733220615074E-004   0.0000000000000000     
   6.7320000000000002        0.0000000000000000       -1.6875243339666430E-004   0.0000000000000000     
   6.9300000000000006        0.0000000000000000       -1.5967069882964741E-004   0.0000000000000000     
   7.1280000000000001        0.0000000000000000       -1.5125320164913273E-004   0.0000000000000000     
   7.3260000000000005        0.0000000000000000       -1.4343863378478503E-004   0.0000000000000000     
   7.5240000000000000        0.0000000000000000       -1.3617237403195910E-004   0.0000000000000000     
   7.7220000000000004        0.0000000000000000       -1.2940567139722991E-004   0.0000000000000000     
   7.9199999999999999        0.0000000000000000       -1.2309492951911622E-004   0.0000000000000000     
   8.1180000000000003        0.0000000000000000       -1.1720109674918124E-004   0.0000000000000000     
   8.3160000000000007        0.0000000000000000       -1.1168914908866212E-004   0.0000000000000000     
   8.5140000000000011        0.0000000000000000       -1.0652759799169236E-004   0.0000000000000000     
   8.7119999999999997        0.0000000000000000       -1.0168810291297773E-004   0.0000000000000000     
   8.9100000000000001        0.0000000000000000       -9.7145110643586326E-005   0.0000000000000000     
   9.1080000000000005        0.0000000000000000       -9.2875521962805627E-005   0.0000000000000000     
   9.3060000000000009        0.0000000000000000       -8.8858441109921493E-005   0.0000000000000000     
   9.5040000000000013        0.0000000000000000       -8.5074921318743362E-005   0.0000000000000000     
   9.7020000000000000        0.0000000000000000       -8.1507759060392630E-005   0.0000000000000000     
   9.9000000000000004        0.0000000000000000       -7.8141302486243243E-005   0.0000000000000000     
   10.098000000000001        0.0000000000000000       -7.4961287045225198E-005   0.0000000000000000     
   10.296000000000001        0.0000000000000000       -7.1954692601455581E-005   0.0000000000000000     
   10.494000000000000        0.0000000000000000       -6.9109620083172382E-005   0.0000000000000000     
   10.692000000000000        0.0000000000000000       -6.6415172227074447E-005   0.0000000000000000     
   10.890000000000001        0.0000000000000000       -6.3861359982193228E-005   0.0000000000000000     
   11.088000000000001        0.0000000000000000       -6.1439001633206217E-005   0.0000000000000000     
   11.286000000000001        0.0000000000000000       -5.9139660587216198E-005   0.0000000000000000     
   11.484000000000000        0.0000000000000000       -5.6955569428857764E-005   0.0000000000000000     
   11.682000000000000        0.0000000000000000       -5.4879564492407151E-005   0.0000000000000000     
   11.880000000000001        0.0000000000000000       -5.2905032719389714E-005   0.0000000000000000     
   12.078000000000001        0.0000000000000000       -5.1025865423861941E-005   0.0000000000000000     
   12.276000000000000        0.0000000000000000       -4.9236405864664930E-005   0.0000000000000000     
   12.474000000000000        0.0000000000000000       -4.7531425940953362E-005   0.0000000000000000     
   12.672000000000001        0.0000000000000000       -4.5906068063057486E-005   0.0000000000000000     
   12.870000000000001        0.0000000000000000       -4.4355836052531294E-005   0.0000000000000000     
   13.068000000000001        0.0000000000000000       -4.2876551311788723E-005   0.0000000000000000     
   13.266000000000000        0.0000000000000000       -4.1464328169288593E-005   0.0000000000000000     
   13.464000000000000        0.0000000000000000       -4.0115558249298342E-005   0.0000000000000000     
   13.662000000000001        0.0000000000000000       -3.8826884302577945E-005   0.0000000000000000     
   13.860000000000001        0.0000000000000000       -3.7595179067629372E-005   0.0000000000000000     
   14.058000000000000        0.0000000000000000       -3.6417529220732626E-005   0.0000000000000000     
   14.256000000000000        0.0000000000000000       -3.5291219359596464E-005   0.0000000000000000     
   14.454000000000001        0.0000000000000000       -3.4213712717099150E-005   0.0000000000000000     
   14.652000000000001        0.0000000000000000       -3.3182642668259161E-005   0.0000000000000000     
   14.850000000000001        0.0000000000000000       -3.2195790432850445E-005   0.0000000000000000     
   15.048000000000000        0.0000000000000000       -3.1251074136046466E-005   0.0000000000000000     
   15.246000000000000        0.0000000000000000       -3.0346533084892334E-005   0.0000000000000000     
   15.444000000000001        0.0000000000000000       -2.9480312743458262E-005   0.0000000000000000     
   15.642000000000001        0.0000000000000000       -2.8650648134272328E-005   0.0000000000000000     
   15.840000000000000        0.0000000000000000       -2.7855847814784225E-005   0.0000000000000000     
   16.038000000000000        0.0000000000000000       -2.7094280359283906E-005   0.0000000000000000     
   16.236000000000001        0.0000000000000000       -2.6364365015251000E-005   0.0000000000000000     
   16.434000000000001        0.0000000000000000       -2.5664567806120370E-005   0.0000000000000000     
   16.632000000000001        0.0000000000000000       -2.4993427343881886E-005   0.0000000000000000     
   16.830000000000002        0.0000000000000000       -2.4346830586851210E-005   0.0000000000000000     
   17.028000000000002        0.0000000000000000       -2.3727791681338719E-005   0.0000000000000000     
   17.225999999999999        0.0000000000000000       -2.3134584617765733E-005   0.0000000000000000     
   17.423999999999999        0.0000000000000000       -2.2567331647657409E-005   0.0000000000000000     
   17.622000000000000        0.0000000000000000       -2.2027503837211052E-005   0.0000000000000000     
   17.820000000000000        0.0000000000000000       -2.1518623297845042E-005   0.0000000000000000     
   18.018000000000001        0.0000000000000000       -2.1048241072533825E-005   0.0000000000000000     
   18.216000000000001        0.0000000000000000       -2.0625106231735407E-005   0.0000000000000000     
   18.414000000000001        0.0000000000000000       -2.0259902024805178E-005   0.0000000000000000     
   18.612000000000002        0.0000000000000000       -1.9953107652677439E-005   0.0000000000000000     
   18.810000000000002        0.0000000000000000       -1.9664712012763341E-005   0.0000000000000000     
   19.008000000000003        0.0000000000000000       -1.9255215273044217E-005   0.0000000000000000     
   19.206000000000000        0.0000000000000000       -1.8310145116958336E-005   0.0000000000000000     
   19.404000000000000        0.0000000000000000       -1.5954197529693282E-005   0.0000000000000000     
   19.602000000000000        0.0000000000000000       -1.1026657233687869E-005   0.0000000000000000     
