  -19.602000000000000        0.0000000000000000       -1.4783525968106824E-005   0.0000000000000000     
  -19.404000000000000        0.0000000000000000       -1.6173385283766035E-005   0.0000000000000000     
  -19.206000000000000        0.0000000000000000       -1.7786716125548603E-005   0.0000000000000000     
  -19.008000000000003        0.0000000000000000       -1.8898414788202670E-005   0.0000000000000000     
  -18.810000000000002        0.0000000000000000       -1.9599034035238034E-005   0.0000000000000000     
  -18.612000000000002        0.0000000000000000       -2.0109543336194497E-005   0.0000000000000000     
  -18.414000000000001        0.0000000000000000       -2.0574949031156446E-005   0.0000000000000000     
  -18.216000000000001        0.0000000000000000       -2.1058186652831013E-005   0.0000000000000000     
  -18.018000000000001        0.0000000000000000       -2.1588817957324828E-005   0.0000000000000000     
  -17.820000000000000        0.0000000000000000       -2.2168302259161746E-005   0.0000000000000000     
  -17.622000000000000        0.0000000000000000       -2.2789607460007261E-005   0.0000000000000000     
  -17.423999999999999        0.0000000000000000       -2.3443805026719405E-005   0.0000000000000000     
  -17.225999999999999        0.0000000000000000       -2.4124311369881045E-005   0.0000000000000000     
  -17.028000000000002        0.0000000000000000       -2.4834851966605821E-005   0.0000000000000000     
  -16.830000000000002        0.0000000000000000       -2.5563405091396454E-005   0.0000000000000000     
  -16.632000000000001        0.0000000000000000       -2.6299568023492327E-005   0.0000000000000000     
  -16.434000000000001        0.0000000000000000       -2.7041705990767993E-005   0.0000000000000000     
  -16.236000000000001        0.0000000000000000       -2.7789085430682718E-005   0.0000000000000000     
  -16.038000000000000        0.0000000000000000       -2.8541607177981745E-005   0.0000000000000000     
  -15.840000000000000        0.0000000000000000       -2.9299598217304098E-005   0.0000000000000000     
  -15.642000000000001        0.0000000000000000       -3.0063657089970163E-005   0.0000000000000000     
  -15.444000000000001        0.0000000000000000       -3.0834544707554022E-005   0.0000000000000000     
  -15.246000000000000        0.0000000000000000       -3.1613110739127419E-005   0.0000000000000000     
  -15.048000000000000        0.0000000000000000       -3.2400244647046072E-005   0.0000000000000000     
  -14.850000000000001        0.0000000000000000       -3.3196842366720423E-005   0.0000000000000000     
  -14.652000000000001        0.0000000000000000       -3.4003789379727714E-005   0.0000000000000000     
  -14.454000000000001        0.0000000000000000       -3.4821948272908721E-005   0.0000000000000000     
  -14.256000000000000        0.0000000000000000       -3.5652155925414890E-005   0.0000000000000000     
  -14.058000000000000        0.0000000000000000       -3.6495219022160870E-005   0.0000000000000000     
  -13.860000000000001        0.0000000000000000       -3.7351917750269723E-005   0.0000000000000000     
  -13.662000000000001        0.0000000000000000       -3.8223004013410430E-005   0.0000000000000000     
  -13.464000000000000        0.0000000000000000       -3.9109206783159492E-005   0.0000000000000000     
  -13.266000000000000        0.0000000000000000       -4.0011231440995052E-005   0.0000000000000000     
  -13.068000000000001        0.0000000000000000       -4.0929764244815999E-005   0.0000000000000000     
  -12.870000000000001        0.0000000000000000       -4.1865471385365095E-005   0.0000000000000000     
  -12.672000000000001        0.0000000000000000       -4.2819002314964956E-005   0.0000000000000000     
  -12.474000000000000        0.0000000000000000       -4.3790990230670796E-005   0.0000000000000000     
  -12.276000000000000        0.0000000000000000       -4.4782051065208024E-005   0.0000000000000000     
  -12.078000000000001        0.0000000000000000       -4.5792787005863756E-005   0.0000000000000000     
  -11.880000000000001        0.0000000000000000       -4.6823781549090618E-005   0.0000000000000000     
  -11.682000000000000        0.0000000000000000       -4.7875601674581744E-005   0.0000000000000000     
  -11.484000000000000        0.0000000000000000       -4.8948794729869180E-005   0.0000000000000000     
  -11.286000000000001        0.0000000000000000       -5.0043889060425284E-005   0.0000000000000000     
  -11.088000000000001        0.0000000000000000       -5.1161389000806312E-005   0.0000000000000000     
  -10.890000000000001        0.0000000000000000       -5.2301772240968898E-005   0.0000000000000000     
  -10.692000000000000        0.0000000000000000       -5.3465486671458962E-005   0.0000000000000000     
  -10.494000000000000        0.0000000000000000       -5.4652946012364186E-005   0.0000000000000000     
  -10.296000000000001        0.0000000000000000       -5.5864522900144590E-005   0.0000000000000000     
  -10.098000000000001        0.0000000000000000       -5.7100542523410953E-005   0.0000000000000000     
  -9.9000000000000004        0.0000000000000000       -5.8361275177685311E-005   0.0000000000000000     
  -9.7020000000000000        0.0000000000000000       -5.9646922636756618E-005   0.0000000000000000     
  -9.5040000000000013        0.0000000000000000       -6.0957608050354011E-005   0.0000000000000000     
  -9.3060000000000009        0.0000000000000000       -6.2293357380907862E-005   0.0000000000000000     
  -9.1080000000000005        0.0000000000000000       -6.3654083286004623E-005   0.0000000000000000     
  -8.9100000000000001        0.0000000000000000       -6.5039555019340286E-005   0.0000000000000000     
  -8.7119999999999997        0.0000000000000000       -6.6449369929431285E-005   0.0000000000000000     
  -8.5140000000000011        0.0000000000000000       -6.7882916680142368E-005   0.0000000000000000     
  -8.3160000000000007        0.0000000000000000       -6.9339320659146420E-005   0.0000000000000000     
  -8.1180000000000003        0.0000000000000000       -7.0817389942223893E-005   0.0000000000000000     
  -7.9199999999999999        0.0000000000000000       -7.2315537134577879E-005   0.0000000000000000     
  -7.7220000000000004        0.0000000000000000       -7.3831687481028978E-005   0.0000000000000000     
  -7.5240000000000000        0.0000000000000000       -7.5363164036072706E-005   0.0000000000000000     
  -7.3260000000000005        0.0000000000000000       -7.6906553138624841E-005   0.0000000000000000     
  -7.1280000000000001        0.0000000000000000       -7.8457537725826036E-005   0.0000000000000000     
  -6.9300000000000006        0.0000000000000000       -8.0010701901027048E-005   0.0000000000000000     
  -6.7320000000000002        0.0000000000000000       -8.1559310713189020E-005   0.0000000000000000     
  -6.5340000000000007        0.0000000000000000       -8.3095063220122581E-005   0.0000000000000000     
  -6.3360000000000003        0.0000000000000000       -8.4607828260392602E-005   0.0000000000000000     
  -6.1379999999999999        0.0000000000000000       -8.6085399888889417E-005   0.0000000000000000     
  -5.9400000000000004        0.0000000000000000       -8.7513301502139702E-005   0.0000000000000000     
  -5.7420000000000000        0.0000000000000000       -8.8874715705313865E-005   0.0000000000000000     
  -5.5440000000000005        0.0000000000000000       -9.0150671215620624E-005   0.0000000000000000     
  -5.3460000000000001        0.0000000000000000       -9.1320643993949150E-005   0.0000000000000000     
  -5.1480000000000006        0.0000000000000000       -9.2363889221739478E-005   0.0000000000000000     
  -4.9500000000000002        0.0000000000000000       -9.3261885983466917E-005   0.0000000000000000     
  -4.7520000000000007        0.0000000000000000       -9.4002469126340082E-005   0.0000000000000000     
  -4.5540000000000003        0.0000000000000000       -9.4586350891391523E-005   0.0000000000000000     
  -4.3559999999999999        0.0000000000000000       -9.5036752000292741E-005   0.0000000000000000     
  -4.1580000000000004        0.0000000000000000       -9.5412474456691899E-005   0.0000000000000000     
  -3.9600000000000000        0.0000000000000000       -9.5823065419799143E-005   0.0000000000000000     
  -3.7620000000000000        0.0000000000000000       -9.6440317072656181E-005   0.0000000000000000     
  -3.5640000000000001        0.0000000000000000       -9.7489408260918129E-005   0.0000000000000000     
  -3.3660000000000001        0.0000000000000000       -9.9181312109858477E-005   0.0000000000000000     
  -3.1680000000000001        0.0000000000000000       -1.0152064348997291E-004   0.0000000000000000     
  -2.9700000000000002        0.0000000000000000       -1.0397124764765070E-004   0.0000000000000000     
  -2.7720000000000002        0.0000000000000000       -1.0544952599276561E-004   0.0000000000000000     
  -2.5740000000000003        0.0000000000000000       -1.0649657189330231E-004   0.0000000000000000     
  -2.3760000000000003        0.0000000000000000       -1.1106482434488966E-004   0.0000000000000000     
  -2.1779999999999999        0.0000000000000000       -1.2332225382782647E-004   0.0000000000000000     
  -1.9800000000000000        0.0000000000000000       -1.4653711841503672E-004   0.0000000000000000     
  -1.7820000000000000        0.0000000000000000       -1.8387757720344849E-004   0.0000000000000000     
  -1.5840000000000001        0.0000000000000000       -2.3936187441829935E-004   0.0000000000000000     
  -1.3860000000000001        0.0000000000000000       -3.1725206225265487E-004   0.0000000000000000     
  -1.1880000000000002        0.0000000000000000       -4.1775689331149794E-004   0.0000000000000000     
 -0.98999999999999999        0.0000000000000000       -5.3325360872698009E-004   0.0000000000000000     
 -0.79200000000000004        0.0000000000000000       -6.5028713634502451E-004   0.0000000000000000     
 -0.59400000000000008        0.0000000000000000       -7.6150848313444959E-004   0.0000000000000000     
 -0.39600000000000002        0.0000000000000000       -8.6644792941841940E-004   0.0000000000000000     
 -0.19800000000000001        0.0000000000000000       -9.4750178555271024E-004   0.0000000000000000     
   0.0000000000000000        0.0000000000000000       -9.7805518443927226E-004   0.0000000000000000     
  0.19800000000000001        0.0000000000000000       -9.4750178555271024E-004   0.0000000000000000     
  0.39600000000000002        0.0000000000000000       -8.6644792941841940E-004   0.0000000000000000     
  0.59400000000000008        0.0000000000000000       -7.6150848313444959E-004   0.0000000000000000     
  0.79200000000000004        0.0000000000000000       -6.5028713634502451E-004   0.0000000000000000     
  0.98999999999999999        0.0000000000000000       -5.3325360872698009E-004   0.0000000000000000     
   1.1880000000000002        0.0000000000000000       -4.1775689331149794E-004   0.0000000000000000     
   1.3860000000000001        0.0000000000000000       -3.1725206225265487E-004   0.0000000000000000     
   1.5840000000000001        0.0000000000000000       -2.3936187441829935E-004   0.0000000000000000     
   1.7820000000000000        0.0000000000000000       -1.8387757720344849E-004   0.0000000000000000     
   1.9800000000000000        0.0000000000000000       -1.4653711841503672E-004   0.0000000000000000     
   2.1779999999999999        0.0000000000000000       -1.2332225382782647E-004   0.0000000000000000     
   2.3760000000000003        0.0000000000000000       -1.1106482434488966E-004   0.0000000000000000     
   2.5740000000000003        0.0000000000000000       -1.0649657189330231E-004   0.0000000000000000     
   2.7720000000000002        0.0000000000000000       -1.0544952599276561E-004   0.0000000000000000     
   2.9700000000000002        0.0000000000000000       -1.0397124764765070E-004   0.0000000000000000     
   3.1680000000000001        0.0000000000000000       -1.0152064348997291E-004   0.0000000000000000     
   3.3660000000000001        0.0000000000000000       -9.9181312109858477E-005   0.0000000000000000     
   3.5640000000000001        0.0000000000000000       -9.7489408260918129E-005   0.0000000000000000     
   3.7620000000000000        0.0000000000000000       -9.6440317072656181E-005   0.0000000000000000     
   3.9600000000000000        0.0000000000000000       -9.5823065419799143E-005   0.0000000000000000     
   4.1580000000000004        0.0000000000000000       -9.5412474456691899E-005   0.0000000000000000     
   4.3559999999999999        0.0000000000000000       -9.5036752000292741E-005   0.0000000000000000     
   4.5540000000000003        0.0000000000000000       -9.4586350891391523E-005   0.0000000000000000     
   4.7520000000000007        0.0000000000000000       -9.4002469126340082E-005   0.0000000000000000     
   4.9500000000000002        0.0000000000000000       -9.3261885983466917E-005   0.0000000000000000     
   5.1480000000000006        0.0000000000000000       -9.2363889221739478E-005   0.0000000000000000     
   5.3460000000000001        0.0000000000000000       -9.1320643993949150E-005   0.0000000000000000     
   5.5440000000000005        0.0000000000000000       -9.0150671215620624E-005   0.0000000000000000     
   5.7420000000000000        0.0000000000000000       -8.8874715705313865E-005   0.0000000000000000     
   5.9400000000000004        0.0000000000000000       -8.7513301502139702E-005   0.0000000000000000     
   6.1379999999999999        0.0000000000000000       -8.6085399888889417E-005   0.0000000000000000     
   6.3360000000000003        0.0000000000000000       -8.4607828260392602E-005   0.0000000000000000     
   6.5340000000000007        0.0000000000000000       -8.3095063220122581E-005   0.0000000000000000     
   6.7320000000000002        0.0000000000000000       -8.1559310713189020E-005   0.0000000000000000     
   6.9300000000000006        0.0000000000000000       -8.0010701901027048E-005   0.0000000000000000     
   7.1280000000000001        0.0000000000000000       -7.8457537725826036E-005   0.0000000000000000     
   7.3260000000000005        0.0000000000000000       -7.6906553138624841E-005   0.0000000000000000     
   7.5240000000000000        0.0000000000000000       -7.5363164036072706E-005   0.0000000000000000     
   7.7220000000000004        0.0000000000000000       -7.3831687481028978E-005   0.0000000000000000     
   7.9199999999999999        0.0000000000000000       -7.2315537134577879E-005   0.0000000000000000     
   8.1180000000000003        0.0000000000000000       -7.0817389942223893E-005   0.0000000000000000     
   8.3160000000000007        0.0000000000000000       -6.9339320659146420E-005   0.0000000000000000     
   8.5140000000000011        0.0000000000000000       -6.7882916680142368E-005   0.0000000000000000     
   8.7119999999999997        0.0000000000000000       -6.6449369929431285E-005   0.0000000000000000     
   8.9100000000000001        0.0000000000000000       -6.5039555019340286E-005   0.0000000000000000     
   9.1080000000000005        0.0000000000000000       -6.3654083286004623E-005   0.0000000000000000     
   9.3060000000000009        0.0000000000000000       -6.2293357380907862E-005   0.0000000000000000     
   9.5040000000000013        0.0000000000000000       -6.0957608050354011E-005   0.0000000000000000     
   9.7020000000000000        0.0000000000000000       -5.9646922636756618E-005   0.0000000000000000     
   9.9000000000000004        0.0000000000000000       -5.8361275177685311E-005   0.0000000000000000     
   10.098000000000001        0.0000000000000000       -5.7100542523410953E-005   0.0000000000000000     
   10.296000000000001        0.0000000000000000       -5.5864522900144590E-005   0.0000000000000000     
   10.494000000000000        0.0000000000000000       -5.4652946012364186E-005   0.0000000000000000     
   10.692000000000000        0.0000000000000000       -5.3465486671458962E-005   0.0000000000000000     
   10.890000000000001        0.0000000000000000       -5.2301772240968898E-005   0.0000000000000000     
   11.088000000000001        0.0000000000000000       -5.1161389000806312E-005   0.0000000000000000     
   11.286000000000001        0.0000000000000000       -5.0043889060425284E-005   0.0000000000000000     
   11.484000000000000        0.0000000000000000       -4.8948794729869180E-005   0.0000000000000000     
   11.682000000000000        0.0000000000000000       -4.7875601674581744E-005   0.0000000000000000     
   11.880000000000001        0.0000000000000000       -4.6823781549090618E-005   0.0000000000000000     
   12.078000000000001        0.0000000000000000       -4.5792787005863756E-005   0.0000000000000000     
   12.276000000000000        0.0000000000000000       -4.4782051065208024E-005   0.0000000000000000     
   12.474000000000000        0.0000000000000000       -4.3790990230670796E-005   0.0000000000000000     
   12.672000000000001        0.0000000000000000       -4.2819002314964956E-005   0.0000000000000000     
   12.870000000000001        0.0000000000000000       -4.1865471385365095E-005   0.0000000000000000     
   13.068000000000001        0.0000000000000000       -4.0929764244815999E-005   0.0000000000000000     
   13.266000000000000        0.0000000000000000       -4.0011231440995052E-005   0.0000000000000000     
   13.464000000000000        0.0000000000000000       -3.9109206783159492E-005   0.0000000000000000     
   13.662000000000001        0.0000000000000000       -3.8223004013410430E-005   0.0000000000000000     
   13.860000000000001        0.0000000000000000       -3.7351917750269723E-005   0.0000000000000000     
   14.058000000000000        0.0000000000000000       -3.6495219022160870E-005   0.0000000000000000     
   14.256000000000000        0.0000000000000000       -3.5652155925414890E-005   0.0000000000000000     
   14.454000000000001        0.0000000000000000       -3.4821948272908721E-005   0.0000000000000000     
   14.652000000000001        0.0000000000000000       -3.4003789379727714E-005   0.0000000000000000     
   14.850000000000001        0.0000000000000000       -3.3196842366720423E-005   0.0000000000000000     
   15.048000000000000        0.0000000000000000       -3.2400244647046072E-005   0.0000000000000000     
   15.246000000000000        0.0000000000000000       -3.1613110739127419E-005   0.0000000000000000     
   15.444000000000001        0.0000000000000000       -3.0834544707554022E-005   0.0000000000000000     
   15.642000000000001        0.0000000000000000       -3.0063657089970163E-005   0.0000000000000000     
   15.840000000000000        0.0000000000000000       -2.9299598217304098E-005   0.0000000000000000     
   16.038000000000000        0.0000000000000000       -2.8541607177981745E-005   0.0000000000000000     
   16.236000000000001        0.0000000000000000       -2.7789085430682718E-005   0.0000000000000000     
   16.434000000000001        0.0000000000000000       -2.7041705990767993E-005   0.0000000000000000     
   16.632000000000001        0.0000000000000000       -2.6299568023492327E-005   0.0000000000000000     
   16.830000000000002        0.0000000000000000       -2.5563405091396454E-005   0.0000000000000000     
   17.028000000000002        0.0000000000000000       -2.4834851966605821E-005   0.0000000000000000     
   17.225999999999999        0.0000000000000000       -2.4124311369881045E-005   0.0000000000000000     
   17.423999999999999        0.0000000000000000       -2.3443805026719405E-005   0.0000000000000000     
   17.622000000000000        0.0000000000000000       -2.2789607460007261E-005   0.0000000000000000     
   17.820000000000000        0.0000000000000000       -2.2168302259161746E-005   0.0000000000000000     
   18.018000000000001        0.0000000000000000       -2.1588817957324828E-005   0.0000000000000000     
   18.216000000000001        0.0000000000000000       -2.1058186652831013E-005   0.0000000000000000     
   18.414000000000001        0.0000000000000000       -2.0574949031156446E-005   0.0000000000000000     
   18.612000000000002        0.0000000000000000       -2.0109543336194497E-005   0.0000000000000000     
   18.810000000000002        0.0000000000000000       -1.9599034035238034E-005   0.0000000000000000     
   19.008000000000003        0.0000000000000000       -1.8898414788202670E-005   0.0000000000000000     
   19.206000000000000        0.0000000000000000       -1.7786716125548603E-005   0.0000000000000000     
   19.404000000000000        0.0000000000000000       -1.6173385283766035E-005   0.0000000000000000     
   19.602000000000000        0.0000000000000000       -1.4783525968106824E-005   0.0000000000000000     
