  -19.602000000000000        0.0000000000000000       -1.4764811891920069E-004   0.0000000000000000     
  -19.404000000000000        0.0000000000000000       -1.6562722568908502E-004   0.0000000000000000     
  -19.206000000000000        0.0000000000000000       -1.8625543748082964E-004   0.0000000000000000     
  -19.008000000000003        0.0000000000000000       -2.0348695069681084E-004   0.0000000000000000     
  -18.810000000000002        0.0000000000000000       -2.1636824493203593E-004   0.0000000000000000     
  -18.612000000000002        0.0000000000000000       -2.2580028268310236E-004   0.0000000000000000     
  -18.414000000000001        0.0000000000000000       -2.3257869709518452E-004   0.0000000000000000     
  -18.216000000000001        0.0000000000000000       -2.3735170120643613E-004   0.0000000000000000     
  -18.018000000000001        0.0000000000000000       -2.4075636978756511E-004   0.0000000000000000     
  -17.820000000000000        0.0000000000000000       -2.4325830746794173E-004   0.0000000000000000     
  -17.622000000000000        0.0000000000000000       -2.4506558205423493E-004   0.0000000000000000     
  -17.423999999999999        0.0000000000000000       -2.4628197456495900E-004   0.0000000000000000     
  -17.225999999999999        0.0000000000000000       -2.4716897676188061E-004   0.0000000000000000     
  -17.028000000000002        0.0000000000000000       -2.4773327171873099E-004   0.0000000000000000     
  -16.830000000000002        0.0000000000000000       -2.4805642788818579E-004   0.0000000000000000     
  -16.632000000000001        0.0000000000000000       -2.4820812013090363E-004   0.0000000000000000     
  -16.434000000000001        0.0000000000000000       -2.4820769717530074E-004   0.0000000000000000     
  -16.236000000000001        0.0000000000000000       -2.4808478008681018E-004   0.0000000000000000     
  -16.038000000000000        0.0000000000000000       -2.4786025562784715E-004   0.0000000000000000     
  -15.840000000000000        0.0000000000000000       -2.4752876004355815E-004   0.0000000000000000     
  -15.642000000000001        0.0000000000000000       -2.4712440968134125E-004   0.0000000000000000     
  -15.444000000000001        0.0000000000000000       -2.4665375538559088E-004   0.0000000000000000     
  -15.246000000000000        0.0000000000000000       -2.4612116543727295E-004   0.0000000000000000     
  -15.048000000000000        0.0000000000000000       -2.4552958380181464E-004   0.0000000000000000     
  -14.850000000000001        0.0000000000000000       -2.4488110099146054E-004   0.0000000000000000     
  -14.652000000000001        0.0000000000000000       -2.4417745523728232E-004   0.0000000000000000     
  -14.454000000000001        0.0000000000000000       -2.4342043985764642E-004   0.0000000000000000     
  -14.256000000000000        0.0000000000000000       -2.4261223523459305E-004   0.0000000000000000     
  -14.058000000000000        0.0000000000000000       -2.4175579916067586E-004   0.0000000000000000     
  -13.860000000000001        0.0000000000000000       -2.4085511298775860E-004   0.0000000000000000     
  -13.662000000000001        0.0000000000000000       -2.3991552325183633E-004   0.0000000000000000     
  -13.464000000000000        0.0000000000000000       -2.3894403333342724E-004   0.0000000000000000     
  -13.266000000000000        0.0000000000000000       -2.3794966808302423E-004   0.0000000000000000     
  -13.068000000000001        0.0000000000000000       -2.3694378304864487E-004   0.0000000000000000     
  -12.870000000000001        0.0000000000000000       -2.3594047585834122E-004   0.0000000000000000     
  -12.672000000000001        0.0000000000000000       -2.3495694380816319E-004   0.0000000000000000     
  -12.474000000000000        0.0000000000000000       -2.3401402866678138E-004   0.0000000000000000     
  -12.276000000000000        0.0000000000000000       -2.3313670204803987E-004   0.0000000000000000     
  -12.078000000000001        0.0000000000000000       -2.3235466979780399E-004   0.0000000000000000     
  -11.880000000000001        0.0000000000000000       -2.3170296918156107E-004   0.0000000000000000     
  -11.682000000000000        0.0000000000000000       -2.3122284469945362E-004   0.0000000000000000     
  -11.484000000000000        0.0000000000000000       -2.3096246840735064E-004   0.0000000000000000     
  -11.286000000000001        0.0000000000000000       -2.3097798160603302E-004   0.0000000000000000     
  -11.088000000000001        0.0000000000000000       -2.3133462883315379E-004   0.0000000000000000     
  -10.890000000000001        0.0000000000000000       -2.3210792344381597E-004   0.0000000000000000     
  -10.692000000000000        0.0000000000000000       -2.3338514920285069E-004   0.0000000000000000     
  -10.494000000000000        0.0000000000000000       -2.3526692744247133E-004   0.0000000000000000     
  -10.296000000000001        0.0000000000000000       -2.3786910492201867E-004   0.0000000000000000     
  -10.098000000000001        0.0000000000000000       -2.4132492001578478E-004   0.0000000000000000     
  -9.9000000000000004        0.0000000000000000       -2.4578733624343411E-004   0.0000000000000000     
  -9.7020000000000000        0.0000000000000000       -2.5143184083032153E-004   0.0000000000000000     
  -9.5040000000000013        0.0000000000000000       -2.5845960164361123E-004   0.0000000000000000     
  -9.3060000000000009        0.0000000000000000       -2.6710108666562206E-004   0.0000000000000000     
  -9.1080000000000005        0.0000000000000000       -2.7762027422419464E-004   0.0000000000000000     
  -8.9100000000000001        0.0000000000000000       -2.9031922257756991E-004   0.0000000000000000     
  -8.7119999999999997        0.0000000000000000       -3.0554370130123629E-004   0.0000000000000000     
  -8.5140000000000011        0.0000000000000000       -3.2368932999331295E-004   0.0000000000000000     
  -8.3160000000000007        0.0000000000000000       -3.4520878219606606E-004   0.0000000000000000     
  -8.1180000000000003        0.0000000000000000       -3.7062013586809558E-004   0.0000000000000000     
  -7.9199999999999999        0.0000000000000000       -4.0051621238002482E-004   0.0000000000000000     
  -7.7220000000000004        0.0000000000000000       -4.3557568606096504E-004   0.0000000000000000     
  -7.5240000000000000        0.0000000000000000       -4.7657571200378023E-004   0.0000000000000000     
  -7.3260000000000005        0.0000000000000000       -5.2440645089750992E-004   0.0000000000000000     
  -7.1280000000000001        0.0000000000000000       -5.8008793223642626E-004   0.0000000000000000     
  -6.9300000000000006        0.0000000000000000       -6.4478971938143473E-004   0.0000000000000000     
  -6.7320000000000002        0.0000000000000000       -7.1985314405099651E-004   0.0000000000000000     
  -6.5340000000000007        0.0000000000000000       -8.0681775356597268E-004   0.0000000000000000     
  -6.3360000000000003        0.0000000000000000       -9.0745125899363663E-004   0.0000000000000000     
  -6.1379999999999999        0.0000000000000000       -1.0237846260305733E-003   0.0000000000000000     
  -5.9400000000000004        0.0000000000000000       -1.1581523902083242E-003   0.0000000000000000     
  -5.7420000000000000        0.0000000000000000       -1.3132392244981166E-003   0.0000000000000000     
  -5.5440000000000005        0.0000000000000000       -1.4921335092145209E-003   0.0000000000000000     
  -5.3460000000000001        0.0000000000000000       -1.6983890013568754E-003   0.0000000000000000     
  -5.1480000000000006        0.0000000000000000       -1.9360947827300929E-003   0.0000000000000000     
  -4.9500000000000002        0.0000000000000000       -2.2099547477673204E-003   0.0000000000000000     
  -4.7520000000000007        0.0000000000000000       -2.5253781834327057E-003   0.0000000000000000     
  -4.5540000000000003        0.0000000000000000       -2.8885857119482338E-003   0.0000000000000000     
  -4.3559999999999999        0.0000000000000000       -3.3067470613016648E-003   0.0000000000000000     
  -4.1580000000000004        0.0000000000000000       -3.7882147939971404E-003   0.0000000000000000     
  -3.9600000000000000        0.0000000000000000       -4.3430586549991698E-003   0.0000000000000000     
  -3.7620000000000000        0.0000000000000000       -4.9839899248889201E-003   0.0000000000000000     
  -3.5640000000000001        0.0000000000000000       -5.7231821308716454E-003   0.0000000000000000     
  -3.3660000000000001        0.0000000000000000       -6.5683254153510598E-003   0.0000000000000000     
  -3.1680000000000001        0.0000000000000000       -7.5326582414084117E-003   0.0000000000000000     
  -2.9700000000000002        0.0000000000000000       -8.6318529309731429E-003   0.0000000000000000     
  -2.7720000000000002        0.0000000000000000       -9.8730822667313090E-003   0.0000000000000000     
  -2.5740000000000003        0.0000000000000000       -1.1249421272127396E-002   0.0000000000000000     
  -2.3760000000000003        0.0000000000000000       -1.2769382843652201E-002   0.0000000000000000     
  -2.1779999999999999        0.0000000000000000       -1.4477628913849700E-002   0.0000000000000000     
  -1.9800000000000000        0.0000000000000000       -1.6415006963908026E-002   0.0000000000000000     
  -1.7820000000000000        0.0000000000000000       -1.8575384539093864E-002   0.0000000000000000     
  -1.5840000000000001        0.0000000000000000       -2.0959506525980571E-002   0.0000000000000000     
  -1.3860000000000001        0.0000000000000000       -2.3559855396624467E-002   0.0000000000000000     
  -1.1880000000000002        0.0000000000000000       -2.6333448195775277E-002   0.0000000000000000     
 -0.98999999999999999        0.0000000000000000       -2.9190708440062788E-002   0.0000000000000000     
 -0.79200000000000004        0.0000000000000000       -3.1987303455808705E-002   0.0000000000000000     
 -0.59400000000000008        0.0000000000000000       -3.4561432327650070E-002   0.0000000000000000     
 -0.39600000000000002        0.0000000000000000       -3.6646170326508930E-002   0.0000000000000000     
 -0.19800000000000001        0.0000000000000000       -3.8029270490898243E-002   0.0000000000000000     
   0.0000000000000000        0.0000000000000000       -3.8521284183082559E-002   0.0000000000000000     
  0.19800000000000001        0.0000000000000000       -3.8029270490898243E-002   0.0000000000000000     
  0.39600000000000002        0.0000000000000000       -3.6646170326508930E-002   0.0000000000000000     
  0.59400000000000008        0.0000000000000000       -3.4561432327650070E-002   0.0000000000000000     
  0.79200000000000004        0.0000000000000000       -3.1987303455808705E-002   0.0000000000000000     
  0.98999999999999999        0.0000000000000000       -2.9190708440062788E-002   0.0000000000000000     
   1.1880000000000002        0.0000000000000000       -2.6333448195775277E-002   0.0000000000000000     
   1.3860000000000001        0.0000000000000000       -2.3559855396624467E-002   0.0000000000000000     
   1.5840000000000001        0.0000000000000000       -2.0959506525980571E-002   0.0000000000000000     
   1.7820000000000000        0.0000000000000000       -1.8575384539093864E-002   0.0000000000000000     
   1.9800000000000000        0.0000000000000000       -1.6415006963908026E-002   0.0000000000000000     
   2.1779999999999999        0.0000000000000000       -1.4477628913849700E-002   0.0000000000000000     
   2.3760000000000003        0.0000000000000000       -1.2769382843652201E-002   0.0000000000000000     
   2.5740000000000003        0.0000000000000000       -1.1249421272127396E-002   0.0000000000000000     
   2.7720000000000002        0.0000000000000000       -9.8730822667313090E-003   0.0000000000000000     
   2.9700000000000002        0.0000000000000000       -8.6318529309731429E-003   0.0000000000000000     
   3.1680000000000001        0.0000000000000000       -7.5326582414084117E-003   0.0000000000000000     
   3.3660000000000001        0.0000000000000000       -6.5683254153510598E-003   0.0000000000000000     
   3.5640000000000001        0.0000000000000000       -5.7231821308716454E-003   0.0000000000000000     
   3.7620000000000000        0.0000000000000000       -4.9839899248889201E-003   0.0000000000000000     
   3.9600000000000000        0.0000000000000000       -4.3430586549991698E-003   0.0000000000000000     
   4.1580000000000004        0.0000000000000000       -3.7882147939971404E-003   0.0000000000000000     
   4.3559999999999999        0.0000000000000000       -3.3067470613016648E-003   0.0000000000000000     
   4.5540000000000003        0.0000000000000000       -2.8885857119482338E-003   0.0000000000000000     
   4.7520000000000007        0.0000000000000000       -2.5253781834327057E-003   0.0000000000000000     
   4.9500000000000002        0.0000000000000000       -2.2099547477673204E-003   0.0000000000000000     
   5.1480000000000006        0.0000000000000000       -1.9360947827300929E-003   0.0000000000000000     
   5.3460000000000001        0.0000000000000000       -1.6983890013568754E-003   0.0000000000000000     
   5.5440000000000005        0.0000000000000000       -1.4921335092145209E-003   0.0000000000000000     
   5.7420000000000000        0.0000000000000000       -1.3132392244981166E-003   0.0000000000000000     
   5.9400000000000004        0.0000000000000000       -1.1581523902083242E-003   0.0000000000000000     
   6.1379999999999999        0.0000000000000000       -1.0237846260305733E-003   0.0000000000000000     
   6.3360000000000003        0.0000000000000000       -9.0745125899363663E-004   0.0000000000000000     
   6.5340000000000007        0.0000000000000000       -8.0681775356597268E-004   0.0000000000000000     
   6.7320000000000002        0.0000000000000000       -7.1985314405099651E-004   0.0000000000000000     
   6.9300000000000006        0.0000000000000000       -6.4478971938143473E-004   0.0000000000000000     
   7.1280000000000001        0.0000000000000000       -5.8008793223642626E-004   0.0000000000000000     
   7.3260000000000005        0.0000000000000000       -5.2440645089750992E-004   0.0000000000000000     
   7.5240000000000000        0.0000000000000000       -4.7657571200378023E-004   0.0000000000000000     
   7.7220000000000004        0.0000000000000000       -4.3557568606096504E-004   0.0000000000000000     
   7.9199999999999999        0.0000000000000000       -4.0051621238002482E-004   0.0000000000000000     
   8.1180000000000003        0.0000000000000000       -3.7062013586809558E-004   0.0000000000000000     
   8.3160000000000007        0.0000000000000000       -3.4520878219606606E-004   0.0000000000000000     
   8.5140000000000011        0.0000000000000000       -3.2368932999331295E-004   0.0000000000000000     
   8.7119999999999997        0.0000000000000000       -3.0554370130123629E-004   0.0000000000000000     
   8.9100000000000001        0.0000000000000000       -2.9031922257756991E-004   0.0000000000000000     
   9.1080000000000005        0.0000000000000000       -2.7762027422419464E-004   0.0000000000000000     
   9.3060000000000009        0.0000000000000000       -2.6710108666562206E-004   0.0000000000000000     
   9.5040000000000013        0.0000000000000000       -2.5845960164361123E-004   0.0000000000000000     
   9.7020000000000000        0.0000000000000000       -2.5143184083032153E-004   0.0000000000000000     
   9.9000000000000004        0.0000000000000000       -2.4578733624343411E-004   0.0000000000000000     
   10.098000000000001        0.0000000000000000       -2.4132492001578478E-004   0.0000000000000000     
   10.296000000000001        0.0000000000000000       -2.3786910492201867E-004   0.0000000000000000     
   10.494000000000000        0.0000000000000000       -2.3526692744247133E-004   0.0000000000000000     
   10.692000000000000        0.0000000000000000       -2.3338514920285069E-004   0.0000000000000000     
   10.890000000000001        0.0000000000000000       -2.3210792344381597E-004   0.0000000000000000     
   11.088000000000001        0.0000000000000000       -2.3133462883315379E-004   0.0000000000000000     
   11.286000000000001        0.0000000000000000       -2.3097798160603302E-004   0.0000000000000000     
   11.484000000000000        0.0000000000000000       -2.3096246840735064E-004   0.0000000000000000     
   11.682000000000000        0.0000000000000000       -2.3122284469945362E-004   0.0000000000000000     
   11.880000000000001        0.0000000000000000       -2.3170296918156107E-004   0.0000000000000000     
   12.078000000000001        0.0000000000000000       -2.3235466979780399E-004   0.0000000000000000     
   12.276000000000000        0.0000000000000000       -2.3313670204803987E-004   0.0000000000000000     
   12.474000000000000        0.0000000000000000       -2.3401402866678138E-004   0.0000000000000000     
   12.672000000000001        0.0000000000000000       -2.3495694380816319E-004   0.0000000000000000     
   12.870000000000001        0.0000000000000000       -2.3594047585834122E-004   0.0000000000000000     
   13.068000000000001        0.0000000000000000       -2.3694378304864487E-004   0.0000000000000000     
   13.266000000000000        0.0000000000000000       -2.3794966808302423E-004   0.0000000000000000     
   13.464000000000000        0.0000000000000000       -2.3894403333342724E-004   0.0000000000000000     
   13.662000000000001        0.0000000000000000       -2.3991552325183633E-004   0.0000000000000000     
   13.860000000000001        0.0000000000000000       -2.4085511298775860E-004   0.0000000000000000     
   14.058000000000000        0.0000000000000000       -2.4175579916067586E-004   0.0000000000000000     
   14.256000000000000        0.0000000000000000       -2.4261223523459305E-004   0.0000000000000000     
   14.454000000000001        0.0000000000000000       -2.4342043985764642E-004   0.0000000000000000     
   14.652000000000001        0.0000000000000000       -2.4417745523728232E-004   0.0000000000000000     
   14.850000000000001        0.0000000000000000       -2.4488110099146054E-004   0.0000000000000000     
   15.048000000000000        0.0000000000000000       -2.4552958380181464E-004   0.0000000000000000     
   15.246000000000000        0.0000000000000000       -2.4612116543727295E-004   0.0000000000000000     
   15.444000000000001        0.0000000000000000       -2.4665375538559088E-004   0.0000000000000000     
   15.642000000000001        0.0000000000000000       -2.4712440968134125E-004   0.0000000000000000     
   15.840000000000000        0.0000000000000000       -2.4752876004355815E-004   0.0000000000000000     
   16.038000000000000        0.0000000000000000       -2.4786025562784715E-004   0.0000000000000000     
   16.236000000000001        0.0000000000000000       -2.4808478008681018E-004   0.0000000000000000     
   16.434000000000001        0.0000000000000000       -2.4820769717530074E-004   0.0000000000000000     
   16.632000000000001        0.0000000000000000       -2.4820812013090363E-004   0.0000000000000000     
   16.830000000000002        0.0000000000000000       -2.4805642788818579E-004   0.0000000000000000     
   17.028000000000002        0.0000000000000000       -2.4773327171873099E-004   0.0000000000000000     
   17.225999999999999        0.0000000000000000       -2.4716897676188061E-004   0.0000000000000000     
   17.423999999999999        0.0000000000000000       -2.4628197456495900E-004   0.0000000000000000     
   17.622000000000000        0.0000000000000000       -2.4506558205423493E-004   0.0000000000000000     
   17.820000000000000        0.0000000000000000       -2.4325830746794173E-004   0.0000000000000000     
   18.018000000000001        0.0000000000000000       -2.4075636978756511E-004   0.0000000000000000     
   18.216000000000001        0.0000000000000000       -2.3735170120643613E-004   0.0000000000000000     
   18.414000000000001        0.0000000000000000       -2.3257869709518452E-004   0.0000000000000000     
   18.612000000000002        0.0000000000000000       -2.2580028268310236E-004   0.0000000000000000     
   18.810000000000002        0.0000000000000000       -2.1636824493203593E-004   0.0000000000000000     
   19.008000000000003        0.0000000000000000       -2.0348695069681084E-004   0.0000000000000000     
   19.206000000000000        0.0000000000000000       -1.8625543748082964E-004   0.0000000000000000     
   19.404000000000000        0.0000000000000000       -1.6562722568908502E-004   0.0000000000000000     
   19.602000000000000        0.0000000000000000       -1.4764811891920069E-004   0.0000000000000000     
