  -19.602000000000000        0.0000000000000000        1.6980722657959200E-005   0.0000000000000000     
  -19.404000000000000        0.0000000000000000        2.0498103300376644E-005   0.0000000000000000     
  -19.206000000000000        0.0000000000000000        2.2892546099301685E-005   0.0000000000000000     
  -19.008000000000003        0.0000000000000000        2.4733603730503733E-005   0.0000000000000000     
  -18.810000000000002        0.0000000000000000        2.6310166664961946E-005   0.0000000000000000     
  -18.612000000000002        0.0000000000000000        2.7746344753421437E-005   0.0000000000000000     
  -18.414000000000001        0.0000000000000000        2.9099556676479917E-005   0.0000000000000000     
  -18.216000000000001        0.0000000000000000        3.0391236669148591E-005   0.0000000000000000     
  -18.018000000000001        0.0000000000000000        3.1642510991890280E-005   0.0000000000000000     
  -17.820000000000000        0.0000000000000000        3.2859246356344455E-005   0.0000000000000000     
  -17.622000000000000        0.0000000000000000        3.4051658004529874E-005   0.0000000000000000     
  -17.423999999999999        0.0000000000000000        3.5226328680500986E-005   0.0000000000000000     
  -17.225999999999999        0.0000000000000000        3.6392673146243804E-005   0.0000000000000000     
  -17.028000000000002        0.0000000000000000        3.7552824902323243E-005   0.0000000000000000     
  -16.830000000000002        0.0000000000000000        3.8718842931344561E-005   0.0000000000000000     
  -16.632000000000001        0.0000000000000000        3.9892314105443936E-005   0.0000000000000000     
  -16.434000000000001        0.0000000000000000        4.1078873020519959E-005   0.0000000000000000     
  -16.236000000000001        0.0000000000000000        4.2283850842241255E-005   0.0000000000000000     
  -16.038000000000000        0.0000000000000000        4.3512303471500709E-005   0.0000000000000000     
  -15.840000000000000        0.0000000000000000        4.4769045551131820E-005   0.0000000000000000     
  -15.642000000000001        0.0000000000000000        4.6058690304850288E-005   0.0000000000000000     
  -15.444000000000001        0.0000000000000000        4.7385699771347274E-005   0.0000000000000000     
  -15.246000000000000        0.0000000000000000        4.8754422889084198E-005   0.0000000000000000     
  -15.048000000000000        0.0000000000000000        5.0169148710519661E-005   0.0000000000000000     
  -14.850000000000001        0.0000000000000000        5.1634146618932680E-005   0.0000000000000000     
  -14.652000000000001        0.0000000000000000        5.3153710912925049E-005   0.0000000000000000     
  -14.454000000000001        0.0000000000000000        5.4732203572709414E-005   0.0000000000000000     
  -14.256000000000000        0.0000000000000000        5.6374094608206475E-005   0.0000000000000000     
  -14.058000000000000        0.0000000000000000        5.8084002483034321E-005   0.0000000000000000     
  -13.860000000000001        0.0000000000000000        5.9866737978586144E-005   0.0000000000000000     
  -13.662000000000001        0.0000000000000000        6.1727337278674228E-005   0.0000000000000000     
  -13.464000000000000        0.0000000000000000        6.3671115332068502E-005   0.0000000000000000     
  -13.266000000000000        0.0000000000000000        6.5703698249528622E-005   0.0000000000000000     
  -13.068000000000001        0.0000000000000000        6.7831070553340129E-005   0.0000000000000000     
  -12.870000000000001        0.0000000000000000        7.0059628687611629E-005   0.0000000000000000     
  -12.672000000000001        0.0000000000000000        7.2396225332283610E-005   0.0000000000000000     
  -12.474000000000000        0.0000000000000000        7.4848227698680547E-005   0.0000000000000000     
  -12.276000000000000        0.0000000000000000        7.7423573549053744E-005   0.0000000000000000     
  -12.078000000000001        0.0000000000000000        8.0130843384741785E-005   0.0000000000000000     
  -11.880000000000001        0.0000000000000000        8.2979319340484509E-005   0.0000000000000000     
  -11.682000000000000        0.0000000000000000        8.5979078033745601E-005   0.0000000000000000     
  -11.484000000000000        0.0000000000000000        8.9141068312616813E-005   0.0000000000000000     
  -11.286000000000001        0.0000000000000000        9.2477207856004058E-005   0.0000000000000000     
  -11.088000000000001        0.0000000000000000        9.6000490413435544E-005   0.0000000000000000     
  -10.890000000000001        0.0000000000000000        9.9725105814232672E-005   0.0000000000000000     
  -10.692000000000000        0.0000000000000000        1.0366657521455595E-004   0.0000000000000000     
  -10.494000000000000        0.0000000000000000        1.0784189032680300E-004   0.0000000000000000     
  -10.296000000000001        0.0000000000000000        1.1226968618664875E-004   0.0000000000000000     
  -10.098000000000001        0.0000000000000000        1.1697041611435769E-004   0.0000000000000000     
  -9.9000000000000004        0.0000000000000000        1.2196656102469891E-004   0.0000000000000000     
  -9.7020000000000000        0.0000000000000000        1.2728286810940578E-004   0.0000000000000000     
  -9.5040000000000013        0.0000000000000000        1.3294658050718819E-004   0.0000000000000000     
  -9.3060000000000009        0.0000000000000000        1.3898775496257439E-004   0.0000000000000000     
  -9.1080000000000005        0.0000000000000000        1.4543954834234039E-004   0.0000000000000000     
  -8.9100000000000001        0.0000000000000000        1.5233859602838265E-004   0.0000000000000000     
  -8.7119999999999997        0.0000000000000000        1.5972539853908316E-004   0.0000000000000000     
  -8.5140000000000011        0.0000000000000000        1.6764475927989137E-004   0.0000000000000000     
  -8.3160000000000007        0.0000000000000000        1.7614627819564945E-004   0.0000000000000000     
  -8.1180000000000003        0.0000000000000000        1.8528488429893973E-004   0.0000000000000000     
  -7.9199999999999999        0.0000000000000000        1.9512146042347105E-004   0.0000000000000000     
  -7.7220000000000004        0.0000000000000000        2.0572348512727960E-004   0.0000000000000000     
  -7.5240000000000000        0.0000000000000000        2.1716578081151333E-004   0.0000000000000000     
  -7.3260000000000005        0.0000000000000000        2.2953131959504742E-004   0.0000000000000000     
  -7.1280000000000001        0.0000000000000000        2.4291211034357962E-004   0.0000000000000000     
  -6.9300000000000006        0.0000000000000000        2.5741017865970277E-004   0.0000000000000000     
  -6.7320000000000002        0.0000000000000000        2.7313860235026052E-004   0.0000000000000000     
  -6.5340000000000007        0.0000000000000000        2.9022269897409017E-004   0.0000000000000000     
  -6.3360000000000003        0.0000000000000000        3.0880120907378198E-004   0.0000000000000000     
  -6.1379999999999999        0.0000000000000000        3.2902767517917284E-004   0.0000000000000000     
  -5.9400000000000004        0.0000000000000000        3.5107177846466106E-004   0.0000000000000000     
  -5.7420000000000000        0.0000000000000000        3.7512087026195083E-004   0.0000000000000000     
  -5.5440000000000005        0.0000000000000000        4.0138141656547534E-004   0.0000000000000000     
  -5.3460000000000001        0.0000000000000000        4.3008043488003167E-004   0.0000000000000000     
  -5.1480000000000006        0.0000000000000000        4.6146688089963406E-004   0.0000000000000000     
  -4.9500000000000002        0.0000000000000000        4.9581251921538205E-004   0.0000000000000000     
  -4.7520000000000007        0.0000000000000000        5.3341216807735838E-004   0.0000000000000000     
  -4.5540000000000003        0.0000000000000000        5.7458223120338578E-004   0.0000000000000000     
  -4.3559999999999999        0.0000000000000000        6.1965610913661685E-004   0.0000000000000000     
  -4.1580000000000004        0.0000000000000000        6.6897299494774853E-004   0.0000000000000000     
  -3.9600000000000000        0.0000000000000000        7.2285341528470558E-004   0.0000000000000000     
  -3.7620000000000000        0.0000000000000000        7.8154765497790216E-004   0.0000000000000000     
  -3.5640000000000001        0.0000000000000000        8.4512980470240987E-004   0.0000000000000000     
  -3.3660000000000001        0.0000000000000000        9.1328807778280759E-004   0.0000000000000000     
  -3.1680000000000001        0.0000000000000000        9.8494759119260042E-004   0.0000000000000000     
  -2.9700000000000002        0.0000000000000000        1.0577687183146544E-003   0.0000000000000000     
  -2.7720000000000002        0.0000000000000000        1.1282110398979856E-003   0.0000000000000000     
  -2.5740000000000003        0.0000000000000000        1.1947889930622590E-003   0.0000000000000000     
  -2.3760000000000003        0.0000000000000000        1.2593709530936204E-003   0.0000000000000000     
  -2.1779999999999999        0.0000000000000000        1.3254933467450334E-003   0.0000000000000000     
  -1.9800000000000000        0.0000000000000000        1.4019971087826301E-003   0.0000000000000000     
  -1.7820000000000000        0.0000000000000000        1.4923298481910353E-003   0.0000000000000000     
  -1.5840000000000001        0.0000000000000000        1.5939415873061835E-003   0.0000000000000000     
  -1.3860000000000001        0.0000000000000000        1.6992901522762556E-003   0.0000000000000000     
  -1.1880000000000002        0.0000000000000000        1.8017440818256154E-003   0.0000000000000000     
 -0.98999999999999999        0.0000000000000000        1.8974093948748748E-003   0.0000000000000000     
 -0.79200000000000004        0.0000000000000000        1.9822092616848725E-003   0.0000000000000000     
 -0.59400000000000008        0.0000000000000000        2.0472660525823598E-003   0.0000000000000000     
 -0.39600000000000002        0.0000000000000000        2.0901045348568868E-003   0.0000000000000000     
 -0.19800000000000001        0.0000000000000000        2.1144151533848861E-003   0.0000000000000000     
   0.0000000000000000        0.0000000000000000        2.1231818470947234E-003   0.0000000000000000     
  0.19800000000000001        0.0000000000000000        2.1144151533848861E-003   0.0000000000000000     
  0.39600000000000002        0.0000000000000000        2.0901045348568868E-003   0.0000000000000000     
  0.59400000000000008        0.0000000000000000        2.0472660525823598E-003   0.0000000000000000     
  0.79200000000000004        0.0000000000000000        1.9822092616848725E-003   0.0000000000000000     
  0.98999999999999999        0.0000000000000000        1.8974093948748748E-003   0.0000000000000000     
   1.1880000000000002        0.0000000000000000        1.8017440818256154E-003   0.0000000000000000     
   1.3860000000000001        0.0000000000000000        1.6992901522762556E-003   0.0000000000000000     
   1.5840000000000001        0.0000000000000000        1.5939415873061835E-003   0.0000000000000000     
   1.7820000000000000        0.0000000000000000        1.4923298481910353E-003   0.0000000000000000     
   1.9800000000000000        0.0000000000000000        1.4019971087826301E-003   0.0000000000000000     
   2.1779999999999999        0.0000000000000000        1.3254933467450334E-003   0.0000000000000000     
   2.3760000000000003        0.0000000000000000        1.2593709530936204E-003   0.0000000000000000     
   2.5740000000000003        0.0000000000000000        1.1947889930622590E-003   0.0000000000000000     
   2.7720000000000002        0.0000000000000000        1.1282110398979856E-003   0.0000000000000000     
   2.9700000000000002        0.0000000000000000        1.0577687183146544E-003   0.0000000000000000     
   3.1680000000000001        0.0000000000000000        9.8494759119260042E-004   0.0000000000000000     
   3.3660000000000001        0.0000000000000000        9.1328807778280759E-004   0.0000000000000000     
   3.5640000000000001        0.0000000000000000        8.4512980470240987E-004   0.0000000000000000     
   3.7620000000000000        0.0000000000000000        7.8154765497790216E-004   0.0000000000000000     
   3.9600000000000000        0.0000000000000000        7.2285341528470558E-004   0.0000000000000000     
   4.1580000000000004        0.0000000000000000        6.6897299494774853E-004   0.0000000000000000     
   4.3559999999999999        0.0000000000000000        6.1965610913661685E-004   0.0000000000000000     
   4.5540000000000003        0.0000000000000000        5.7458223120338578E-004   0.0000000000000000     
   4.7520000000000007        0.0000000000000000        5.3341216807735838E-004   0.0000000000000000     
   4.9500000000000002        0.0000000000000000        4.9581251921538205E-004   0.0000000000000000     
   5.1480000000000006        0.0000000000000000        4.6146688089963406E-004   0.0000000000000000     
   5.3460000000000001        0.0000000000000000        4.3008043488003167E-004   0.0000000000000000     
   5.5440000000000005        0.0000000000000000        4.0138141656547534E-004   0.0000000000000000     
   5.7420000000000000        0.0000000000000000        3.7512087026195083E-004   0.0000000000000000     
   5.9400000000000004        0.0000000000000000        3.5107177846466106E-004   0.0000000000000000     
   6.1379999999999999        0.0000000000000000        3.2902767517917284E-004   0.0000000000000000     
   6.3360000000000003        0.0000000000000000        3.0880120907378198E-004   0.0000000000000000     
   6.5340000000000007        0.0000000000000000        2.9022269897409017E-004   0.0000000000000000     
   6.7320000000000002        0.0000000000000000        2.7313860235026052E-004   0.0000000000000000     
   6.9300000000000006        0.0000000000000000        2.5741017865970277E-004   0.0000000000000000     
   7.1280000000000001        0.0000000000000000        2.4291211034357962E-004   0.0000000000000000     
   7.3260000000000005        0.0000000000000000        2.2953131959504742E-004   0.0000000000000000     
   7.5240000000000000        0.0000000000000000        2.1716578081151333E-004   0.0000000000000000     
   7.7220000000000004        0.0000000000000000        2.0572348512727960E-004   0.0000000000000000     
   7.9199999999999999        0.0000000000000000        1.9512146042347105E-004   0.0000000000000000     
   8.1180000000000003        0.0000000000000000        1.8528488429893973E-004   0.0000000000000000     
   8.3160000000000007        0.0000000000000000        1.7614627819564945E-004   0.0000000000000000     
   8.5140000000000011        0.0000000000000000        1.6764475927989137E-004   0.0000000000000000     
   8.7119999999999997        0.0000000000000000        1.5972539853908316E-004   0.0000000000000000     
   8.9100000000000001        0.0000000000000000        1.5233859602838265E-004   0.0000000000000000     
   9.1080000000000005        0.0000000000000000        1.4543954834234039E-004   0.0000000000000000     
   9.3060000000000009        0.0000000000000000        1.3898775496257439E-004   0.0000000000000000     
   9.5040000000000013        0.0000000000000000        1.3294658050718819E-004   0.0000000000000000     
   9.7020000000000000        0.0000000000000000        1.2728286810940578E-004   0.0000000000000000     
   9.9000000000000004        0.0000000000000000        1.2196656102469891E-004   0.0000000000000000     
   10.098000000000001        0.0000000000000000        1.1697041611435769E-004   0.0000000000000000     
   10.296000000000001        0.0000000000000000        1.1226968618664875E-004   0.0000000000000000     
   10.494000000000000        0.0000000000000000        1.0784189032680300E-004   0.0000000000000000     
   10.692000000000000        0.0000000000000000        1.0366657521455595E-004   0.0000000000000000     
   10.890000000000001        0.0000000000000000        9.9725105814232672E-005   0.0000000000000000     
   11.088000000000001        0.0000000000000000        9.6000490413435544E-005   0.0000000000000000     
   11.286000000000001        0.0000000000000000        9.2477207856004058E-005   0.0000000000000000     
   11.484000000000000        0.0000000000000000        8.9141068312616813E-005   0.0000000000000000     
   11.682000000000000        0.0000000000000000        8.5979078033745601E-005   0.0000000000000000     
   11.880000000000001        0.0000000000000000        8.2979319340484509E-005   0.0000000000000000     
   12.078000000000001        0.0000000000000000        8.0130843384741785E-005   0.0000000000000000     
   12.276000000000000        0.0000000000000000        7.7423573549053744E-005   0.0000000000000000     
   12.474000000000000        0.0000000000000000        7.4848227698680547E-005   0.0000000000000000     
   12.672000000000001        0.0000000000000000        7.2396225332283610E-005   0.0000000000000000     
   12.870000000000001        0.0000000000000000        7.0059628687611629E-005   0.0000000000000000     
   13.068000000000001        0.0000000000000000        6.7831070553340129E-005   0.0000000000000000     
   13.266000000000000        0.0000000000000000        6.5703698249528622E-005   0.0000000000000000     
   13.464000000000000        0.0000000000000000        6.3671115332068502E-005   0.0000000000000000     
   13.662000000000001        0.0000000000000000        6.1727337278674228E-005   0.0000000000000000     
   13.860000000000001        0.0000000000000000        5.9866737978586144E-005   0.0000000000000000     
   14.058000000000000        0.0000000000000000        5.8084002483034321E-005   0.0000000000000000     
   14.256000000000000        0.0000000000000000        5.6374094608206475E-005   0.0000000000000000     
   14.454000000000001        0.0000000000000000        5.4732203572709414E-005   0.0000000000000000     
   14.652000000000001        0.0000000000000000        5.3153710912925049E-005   0.0000000000000000     
   14.850000000000001        0.0000000000000000        5.1634146618932680E-005   0.0000000000000000     
   15.048000000000000        0.0000000000000000        5.0169148710519661E-005   0.0000000000000000     
   15.246000000000000        0.0000000000000000        4.8754422889084198E-005   0.0000000000000000     
   15.444000000000001        0.0000000000000000        4.7385699771347274E-005   0.0000000000000000     
   15.642000000000001        0.0000000000000000        4.6058690304850288E-005   0.0000000000000000     
   15.840000000000000        0.0000000000000000        4.4769045551131820E-005   0.0000000000000000     
   16.038000000000000        0.0000000000000000        4.3512303471500709E-005   0.0000000000000000     
   16.236000000000001        0.0000000000000000        4.2283850842241255E-005   0.0000000000000000     
   16.434000000000001        0.0000000000000000        4.1078873020519959E-005   0.0000000000000000     
   16.632000000000001        0.0000000000000000        3.9892314105443936E-005   0.0000000000000000     
   16.830000000000002        0.0000000000000000        3.8718842931344561E-005   0.0000000000000000     
   17.028000000000002        0.0000000000000000        3.7552824902323243E-005   0.0000000000000000     
   17.225999999999999        0.0000000000000000        3.6392673146243804E-005   0.0000000000000000     
   17.423999999999999        0.0000000000000000        3.5226328680500986E-005   0.0000000000000000     
   17.622000000000000        0.0000000000000000        3.4051658004529874E-005   0.0000000000000000     
   17.820000000000000        0.0000000000000000        3.2859246356344455E-005   0.0000000000000000     
   18.018000000000001        0.0000000000000000        3.1642510991890280E-005   0.0000000000000000     
   18.216000000000001        0.0000000000000000        3.0391236669148591E-005   0.0000000000000000     
   18.414000000000001        0.0000000000000000        2.9099556676479917E-005   0.0000000000000000     
   18.612000000000002        0.0000000000000000        2.7746344753421437E-005   0.0000000000000000     
   18.810000000000002        0.0000000000000000        2.6310166664961946E-005   0.0000000000000000     
   19.008000000000003        0.0000000000000000        2.4733603730503733E-005   0.0000000000000000     
   19.206000000000000        0.0000000000000000        2.2892546099301685E-005   0.0000000000000000     
   19.404000000000000        0.0000000000000000        2.0498103300376644E-005   0.0000000000000000     
   19.602000000000000        0.0000000000000000        1.6980722657959200E-005   0.0000000000000000     
