  -19.602000000000000        0.0000000000000000       -1.7385847443161344E-007   0.0000000000000000     
  -19.404000000000000        0.0000000000000000       -2.1384073432197470E-007   0.0000000000000000     
  -19.206000000000000        0.0000000000000000       -2.3370307701997513E-007   0.0000000000000000     
  -19.008000000000003        0.0000000000000000       -2.4963453364305119E-007   0.0000000000000000     
  -18.810000000000002        0.0000000000000000       -2.6474424049413959E-007   0.0000000000000000     
  -18.612000000000002        0.0000000000000000       -2.8145466355145037E-007   0.0000000000000000     
  -18.414000000000001        0.0000000000000000       -2.9491914179441309E-007   0.0000000000000000     
  -18.216000000000001        0.0000000000000000       -3.0478547313081159E-007   0.0000000000000000     
  -18.018000000000001        0.0000000000000000       -3.1139190303305610E-007   0.0000000000000000     
  -17.820000000000000        0.0000000000000000       -3.1524929273757839E-007   0.0000000000000000     
  -17.622000000000000        0.0000000000000000       -3.1640584971400271E-007   0.0000000000000000     
  -17.423999999999999        0.0000000000000000       -3.1405858046646775E-007   0.0000000000000000     
  -17.225999999999999        0.0000000000000000       -3.1082864089631944E-007   0.0000000000000000     
  -17.028000000000002        0.0000000000000000       -3.0709900331278944E-007   0.0000000000000000     
  -16.830000000000002        0.0000000000000000       -3.0317033413870713E-007   0.0000000000000000     
  -16.632000000000001        0.0000000000000000       -2.9927085236467116E-007   0.0000000000000000     
  -16.434000000000001        0.0000000000000000       -2.9556895539158964E-007   0.0000000000000000     
  -16.236000000000001        0.0000000000000000       -2.9218624776719529E-007   0.0000000000000000     
  -16.038000000000000        0.0000000000000000       -2.8920920305510791E-007   0.0000000000000000     
  -15.840000000000000        0.0000000000000000       -2.8669903143637748E-007   0.0000000000000000     
  -15.642000000000001        0.0000000000000000       -2.8469955985341586E-007   0.0000000000000000     
  -15.444000000000001        0.0000000000000000       -2.8324346396656968E-007   0.0000000000000000     
  -15.246000000000000        0.0000000000000000       -2.8235690308040167E-007   0.0000000000000000     
  -15.048000000000000        0.0000000000000000       -2.8206300118700820E-007   0.0000000000000000     
  -14.850000000000001        0.0000000000000000       -2.8238442567293319E-007   0.0000000000000000     
  -14.652000000000001        0.0000000000000000       -2.8334524398765424E-007   0.0000000000000000     
  -14.454000000000001        0.0000000000000000       -2.8497224681444694E-007   0.0000000000000000     
  -14.256000000000000        0.0000000000000000       -2.8729599921463717E-007   0.0000000000000000     
  -14.058000000000000        0.0000000000000000       -2.9035153043398336E-007   0.0000000000000000     
  -13.860000000000001        0.0000000000000000       -2.9417904225345166E-007   0.0000000000000000     
  -13.662000000000001        0.0000000000000000       -2.9882426586152222E-007   0.0000000000000000     
  -13.464000000000000        0.0000000000000000       -3.0433903244762655E-007   0.0000000000000000     
  -13.266000000000000        0.0000000000000000       -3.1078169687417405E-007   0.0000000000000000     
  -13.068000000000001        0.0000000000000000       -3.1821758919505558E-007   0.0000000000000000     
  -12.870000000000001        0.0000000000000000       -3.2671951538763573E-007   0.0000000000000000     
  -12.672000000000001        0.0000000000000000       -3.3636828593473904E-007   0.0000000000000000     
  -12.474000000000000        0.0000000000000000       -3.4725341058007190E-007   0.0000000000000000     
  -12.276000000000000        0.0000000000000000       -3.5947366657108553E-007   0.0000000000000000     
  -12.078000000000001        0.0000000000000000       -3.7313801332226841E-007   0.0000000000000000     
  -11.880000000000001        0.0000000000000000       -3.8836625099159757E-007   0.0000000000000000     
  -11.682000000000000        0.0000000000000000       -4.0529032647305198E-007   0.0000000000000000     
  -11.484000000000000        0.0000000000000000       -4.2405507025578623E-007   0.0000000000000000     
  -11.286000000000001        0.0000000000000000       -4.4481965460267172E-007   0.0000000000000000     
  -11.088000000000001        0.0000000000000000       -4.6775896970400865E-007   0.0000000000000000     
  -10.890000000000001        0.0000000000000000       -4.9306501644875862E-007   0.0000000000000000     
  -10.692000000000000        0.0000000000000000       -5.2094895198985157E-007   0.0000000000000000     
  -10.494000000000000        0.0000000000000000       -5.5164280223037378E-007   0.0000000000000000     
  -10.296000000000001        0.0000000000000000       -5.8540188318092739E-007   0.0000000000000000     
  -10.098000000000001        0.0000000000000000       -6.2250729238500935E-007   0.0000000000000000     
  -9.9000000000000004        0.0000000000000000       -6.6326893348863534E-007   0.0000000000000000     
  -9.7020000000000000        0.0000000000000000       -7.0802871462320249E-007   0.0000000000000000     
  -9.5040000000000013        0.0000000000000000       -7.5716436894058186E-007   0.0000000000000000     
  -9.3060000000000009        0.0000000000000000       -8.1109417255623233E-007   0.0000000000000000     
  -9.1080000000000005        0.0000000000000000       -8.7028156436772569E-007   0.0000000000000000     
  -8.9100000000000001        0.0000000000000000       -9.3524137582512932E-007   0.0000000000000000     
  -8.7119999999999997        0.0000000000000000       -1.0065466814998814E-006   0.0000000000000000     
  -8.5140000000000011        0.0000000000000000       -1.0848367845628206E-006   0.0000000000000000     
  -8.3160000000000007        0.0000000000000000       -1.1708266272936252E-006   0.0000000000000000     
  -8.1180000000000003        0.0000000000000000       -1.2653178357871231E-006   0.0000000000000000     
  -7.9199999999999999        0.0000000000000000       -1.3692116528050314E-006   0.0000000000000000     
  -7.7220000000000004        0.0000000000000000       -1.4835242933308767E-006   0.0000000000000000     
  -7.5240000000000000        0.0000000000000000       -1.6094048671237943E-006   0.0000000000000000     
  -7.3260000000000005        0.0000000000000000       -1.7481562873167979E-006   0.0000000000000000     
  -7.1280000000000001        0.0000000000000000       -1.9012600179952047E-006   0.0000000000000000     
  -6.9300000000000006        0.0000000000000000       -2.0704048922251927E-006   0.0000000000000000     
  -6.7320000000000002        0.0000000000000000       -2.2575204771759449E-006   0.0000000000000000     
  -6.5340000000000007        0.0000000000000000       -2.4648150124193621E-006   0.0000000000000000     
  -6.3360000000000003        0.0000000000000000       -2.6948184486874545E-006   0.0000000000000000     
  -6.1379999999999999        0.0000000000000000       -2.9504304558710838E-006   0.0000000000000000     
  -5.9400000000000004        0.0000000000000000       -3.2349701668910684E-006   0.0000000000000000     
  -5.7420000000000000        0.0000000000000000       -3.5522283721910394E-006   0.0000000000000000     
  -5.5440000000000005        0.0000000000000000       -3.9065136648994145E-006   0.0000000000000000     
  -5.3460000000000001        0.0000000000000000       -4.3026858785526425E-006   0.0000000000000000     
  -5.1480000000000006        0.0000000000000000       -4.7461622965629889E-006   0.0000000000000000     
  -4.9500000000000002        0.0000000000000000       -5.2428707752723539E-006   0.0000000000000000     
  -4.7520000000000007        0.0000000000000000       -5.7991164798146300E-006   0.0000000000000000     
  -4.5540000000000003        0.0000000000000000       -6.4212983496918426E-006   0.0000000000000000     
  -4.3559999999999999        0.0000000000000000       -7.1153896901810255E-006   0.0000000000000000     
  -4.1580000000000004        0.0000000000000000       -7.8860418478791798E-006   0.0000000000000000     
  -3.9600000000000000        0.0000000000000000       -8.7351151297905618E-006   0.0000000000000000     
  -3.7620000000000000        0.0000000000000000       -9.6593643154326920E-006   0.0000000000000000     
  -3.5640000000000001        0.0000000000000000       -1.0646936715443800E-005   0.0000000000000000     
  -3.3660000000000001        0.0000000000000000       -1.1672372159847896E-005   0.0000000000000000     
  -3.1680000000000001        0.0000000000000000       -1.2690103016269870E-005   0.0000000000000000     
  -2.9700000000000002        0.0000000000000000       -1.3627491785901266E-005   0.0000000000000000     
  -2.7720000000000002        0.0000000000000000       -1.4380767917566742E-005   0.0000000000000000     
  -2.5740000000000003        0.0000000000000000       -1.4819779547729555E-005   0.0000000000000000     
  -2.3760000000000003        0.0000000000000000       -1.4798244301853535E-005   0.0000000000000000     
  -2.1779999999999999        0.0000000000000000       -1.4119439063549166E-005   0.0000000000000000     
  -1.9800000000000000        0.0000000000000000       -1.2541907902586901E-005   0.0000000000000000     
  -1.7820000000000000        0.0000000000000000       -1.0002455166429519E-005   0.0000000000000000     
  -1.5840000000000001        0.0000000000000000       -6.4355224412261663E-006   0.0000000000000000     
  -1.3860000000000001        0.0000000000000000       -1.7188396993392294E-006   0.0000000000000000     
  -1.1880000000000002        0.0000000000000000        4.1890766960739608E-006   0.0000000000000000     
 -0.98999999999999999        0.0000000000000000        1.1103773022528159E-005   0.0000000000000000     
 -0.79200000000000004        0.0000000000000000        1.8980871381759823E-005   0.0000000000000000     
 -0.59400000000000008        0.0000000000000000        2.7613604419970747E-005   0.0000000000000000     
 -0.39600000000000002        0.0000000000000000        3.5389578932627047E-005   0.0000000000000000     
 -0.19800000000000001        0.0000000000000000        4.0572393921182990E-005   0.0000000000000000     
   0.0000000000000000        0.0000000000000000        4.2422940879746518E-005   0.0000000000000000     
  0.19800000000000001        0.0000000000000000        4.0572393921182990E-005   0.0000000000000000     
  0.39600000000000002        0.0000000000000000        3.5389578932627047E-005   0.0000000000000000     
  0.59400000000000008        0.0000000000000000        2.7613604419970747E-005   0.0000000000000000     
  0.79200000000000004        0.0000000000000000        1.8980871381759823E-005   0.0000000000000000     
  0.98999999999999999        0.0000000000000000        1.1103773022528159E-005   0.0000000000000000     
   1.1880000000000002        0.0000000000000000        4.1890766960739608E-006   0.0000000000000000     
   1.3860000000000001        0.0000000000000000       -1.7188396993392294E-006   0.0000000000000000     
   1.5840000000000001        0.0000000000000000       -6.4355224412261663E-006   0.0000000000000000     
   1.7820000000000000        0.0000000000000000       -1.0002455166429519E-005   0.0000000000000000     
   1.9800000000000000        0.0000000000000000       -1.2541907902586901E-005   0.0000000000000000     
   2.1779999999999999        0.0000000000000000       -1.4119439063549166E-005   0.0000000000000000     
   2.3760000000000003        0.0000000000000000       -1.4798244301853535E-005   0.0000000000000000     
   2.5740000000000003        0.0000000000000000       -1.4819779547729555E-005   0.0000000000000000     
   2.7720000000000002        0.0000000000000000       -1.4380767917566742E-005   0.0000000000000000     
   2.9700000000000002        0.0000000000000000       -1.3627491785901266E-005   0.0000000000000000     
   3.1680000000000001        0.0000000000000000       -1.2690103016269870E-005   0.0000000000000000     
   3.3660000000000001        0.0000000000000000       -1.1672372159847896E-005   0.0000000000000000     
   3.5640000000000001        0.0000000000000000       -1.0646936715443800E-005   0.0000000000000000     
   3.7620000000000000        0.0000000000000000       -9.6593643154326920E-006   0.0000000000000000     
   3.9600000000000000        0.0000000000000000       -8.7351151297905618E-006   0.0000000000000000     
   4.1580000000000004        0.0000000000000000       -7.8860418478791798E-006   0.0000000000000000     
   4.3559999999999999        0.0000000000000000       -7.1153896901810255E-006   0.0000000000000000     
   4.5540000000000003        0.0000000000000000       -6.4212983496918426E-006   0.0000000000000000     
   4.7520000000000007        0.0000000000000000       -5.7991164798146300E-006   0.0000000000000000     
   4.9500000000000002        0.0000000000000000       -5.2428707752723539E-006   0.0000000000000000     
   5.1480000000000006        0.0000000000000000       -4.7461622965629889E-006   0.0000000000000000     
   5.3460000000000001        0.0000000000000000       -4.3026858785526425E-006   0.0000000000000000     
   5.5440000000000005        0.0000000000000000       -3.9065136648994145E-006   0.0000000000000000     
   5.7420000000000000        0.0000000000000000       -3.5522283721910394E-006   0.0000000000000000     
   5.9400000000000004        0.0000000000000000       -3.2349701668910684E-006   0.0000000000000000     
   6.1379999999999999        0.0000000000000000       -2.9504304558710838E-006   0.0000000000000000     
   6.3360000000000003        0.0000000000000000       -2.6948184486874545E-006   0.0000000000000000     
   6.5340000000000007        0.0000000000000000       -2.4648150124193621E-006   0.0000000000000000     
   6.7320000000000002        0.0000000000000000       -2.2575204771759449E-006   0.0000000000000000     
   6.9300000000000006        0.0000000000000000       -2.0704048922251927E-006   0.0000000000000000     
   7.1280000000000001        0.0000000000000000       -1.9012600179952047E-006   0.0000000000000000     
   7.3260000000000005        0.0000000000000000       -1.7481562873167979E-006   0.0000000000000000     
   7.5240000000000000        0.0000000000000000       -1.6094048671237943E-006   0.0000000000000000     
   7.7220000000000004        0.0000000000000000       -1.4835242933308767E-006   0.0000000000000000     
   7.9199999999999999        0.0000000000000000       -1.3692116528050314E-006   0.0000000000000000     
   8.1180000000000003        0.0000000000000000       -1.2653178357871231E-006   0.0000000000000000     
   8.3160000000000007        0.0000000000000000       -1.1708266272936252E-006   0.0000000000000000     
   8.5140000000000011        0.0000000000000000       -1.0848367845628206E-006   0.0000000000000000     
   8.7119999999999997        0.0000000000000000       -1.0065466814998814E-006   0.0000000000000000     
   8.9100000000000001        0.0000000000000000       -9.3524137582512932E-007   0.0000000000000000     
   9.1080000000000005        0.0000000000000000       -8.7028156436772569E-007   0.0000000000000000     
   9.3060000000000009        0.0000000000000000       -8.1109417255623233E-007   0.0000000000000000     
   9.5040000000000013        0.0000000000000000       -7.5716436894058186E-007   0.0000000000000000     
   9.7020000000000000        0.0000000000000000       -7.0802871462320249E-007   0.0000000000000000     
   9.9000000000000004        0.0000000000000000       -6.6326893348863534E-007   0.0000000000000000     
   10.098000000000001        0.0000000000000000       -6.2250729238500935E-007   0.0000000000000000     
   10.296000000000001        0.0000000000000000       -5.8540188318092739E-007   0.0000000000000000     
   10.494000000000000        0.0000000000000000       -5.5164280223037378E-007   0.0000000000000000     
   10.692000000000000        0.0000000000000000       -5.2094895198985157E-007   0.0000000000000000     
   10.890000000000001        0.0000000000000000       -4.9306501644875862E-007   0.0000000000000000     
   11.088000000000001        0.0000000000000000       -4.6775896970400865E-007   0.0000000000000000     
   11.286000000000001        0.0000000000000000       -4.4481965460267172E-007   0.0000000000000000     
   11.484000000000000        0.0000000000000000       -4.2405507025578623E-007   0.0000000000000000     
   11.682000000000000        0.0000000000000000       -4.0529032647305198E-007   0.0000000000000000     
   11.880000000000001        0.0000000000000000       -3.8836625099159757E-007   0.0000000000000000     
   12.078000000000001        0.0000000000000000       -3.7313801332226841E-007   0.0000000000000000     
   12.276000000000000        0.0000000000000000       -3.5947366657108553E-007   0.0000000000000000     
   12.474000000000000        0.0000000000000000       -3.4725341058007190E-007   0.0000000000000000     
   12.672000000000001        0.0000000000000000       -3.3636828593473904E-007   0.0000000000000000     
   12.870000000000001        0.0000000000000000       -3.2671951538763573E-007   0.0000000000000000     
   13.068000000000001        0.0000000000000000       -3.1821758919505558E-007   0.0000000000000000     
   13.266000000000000        0.0000000000000000       -3.1078169687417405E-007   0.0000000000000000     
   13.464000000000000        0.0000000000000000       -3.0433903244762655E-007   0.0000000000000000     
   13.662000000000001        0.0000000000000000       -2.9882426586152222E-007   0.0000000000000000     
   13.860000000000001        0.0000000000000000       -2.9417904225345166E-007   0.0000000000000000     
   14.058000000000000        0.0000000000000000       -2.9035153043398336E-007   0.0000000000000000     
   14.256000000000000        0.0000000000000000       -2.8729599921463717E-007   0.0000000000000000     
   14.454000000000001        0.0000000000000000       -2.8497224681444694E-007   0.0000000000000000     
   14.652000000000001        0.0000000000000000       -2.8334524398765424E-007   0.0000000000000000     
   14.850000000000001        0.0000000000000000       -2.8238442567293319E-007   0.0000000000000000     
   15.048000000000000        0.0000000000000000       -2.8206300118700820E-007   0.0000000000000000     
   15.246000000000000        0.0000000000000000       -2.8235690308040167E-007   0.0000000000000000     
   15.444000000000001        0.0000000000000000       -2.8324346396656968E-007   0.0000000000000000     
   15.642000000000001        0.0000000000000000       -2.8469955985341586E-007   0.0000000000000000     
   15.840000000000000        0.0000000000000000       -2.8669903143637748E-007   0.0000000000000000     
   16.038000000000000        0.0000000000000000       -2.8920920305510791E-007   0.0000000000000000     
   16.236000000000001        0.0000000000000000       -2.9218624776719529E-007   0.0000000000000000     
   16.434000000000001        0.0000000000000000       -2.9556895539158964E-007   0.0000000000000000     
   16.632000000000001        0.0000000000000000       -2.9927085236467116E-007   0.0000000000000000     
   16.830000000000002        0.0000000000000000       -3.0317033413870713E-007   0.0000000000000000     
   17.028000000000002        0.0000000000000000       -3.0709900331278944E-007   0.0000000000000000     
   17.225999999999999        0.0000000000000000       -3.1082864089631944E-007   0.0000000000000000     
   17.423999999999999        0.0000000000000000       -3.1405858046646775E-007   0.0000000000000000     
   17.622000000000000        0.0000000000000000       -3.1640584971400271E-007   0.0000000000000000     
   17.820000000000000        0.0000000000000000       -3.1524929273757839E-007   0.0000000000000000     
   18.018000000000001        0.0000000000000000       -3.1139190303305610E-007   0.0000000000000000     
   18.216000000000001        0.0000000000000000       -3.0478547313081159E-007   0.0000000000000000     
   18.414000000000001        0.0000000000000000       -2.9491914179441309E-007   0.0000000000000000     
   18.612000000000002        0.0000000000000000       -2.8145466355145037E-007   0.0000000000000000     
   18.810000000000002        0.0000000000000000       -2.6474424049413959E-007   0.0000000000000000     
   19.008000000000003        0.0000000000000000       -2.4963453364305119E-007   0.0000000000000000     
   19.206000000000000        0.0000000000000000       -2.3370307701997513E-007   0.0000000000000000     
   19.404000000000000        0.0000000000000000       -2.1384073432197470E-007   0.0000000000000000     
   19.602000000000000        0.0000000000000000       -1.7385847443161344E-007   0.0000000000000000     
