  -19.602000000000000        0.0000000000000000        2.8704737816473571E-004   0.0000000000000000     
  -19.404000000000000        0.0000000000000000        3.1800637605024120E-004   0.0000000000000000     
  -19.206000000000000        0.0000000000000000        3.5016852425260941E-004   0.0000000000000000     
  -19.008000000000003        0.0000000000000000        3.7579617848158294E-004   0.0000000000000000     
  -18.810000000000002        0.0000000000000000        3.9463547079226081E-004   0.0000000000000000     
  -18.612000000000002        0.0000000000000000        4.0836292562344319E-004   0.0000000000000000     
  -18.414000000000001        0.0000000000000000        4.1870325262164803E-004   0.0000000000000000     
  -18.216000000000001        0.0000000000000000        4.2662604970502681E-004   0.0000000000000000     
  -18.018000000000001        0.0000000000000000        4.3324043685029763E-004   0.0000000000000000     
  -17.820000000000000        0.0000000000000000        4.3889681620681999E-004   0.0000000000000000     
  -17.622000000000000        0.0000000000000000        4.4407454964940892E-004   0.0000000000000000     
  -17.423999999999999        0.0000000000000000        4.4910084978272251E-004   0.0000000000000000     
  -17.225999999999999        0.0000000000000000        4.5403406542681406E-004   0.0000000000000000     
  -17.028000000000002        0.0000000000000000        4.5898708391884263E-004   0.0000000000000000     
  -16.830000000000002        0.0000000000000000        4.6402105691281415E-004   0.0000000000000000     
  -16.632000000000001        0.0000000000000000        4.6918665075592611E-004   0.0000000000000000     
  -16.434000000000001        0.0000000000000000        4.7449768381796541E-004   0.0000000000000000     
  -16.236000000000001        0.0000000000000000        4.7996756295125753E-004   0.0000000000000000     
  -16.038000000000000        0.0000000000000000        4.8556363151314126E-004   0.0000000000000000     
  -15.840000000000000        0.0000000000000000        4.9133583957780731E-004   0.0000000000000000     
  -15.642000000000001        0.0000000000000000        4.9728395268450372E-004   0.0000000000000000     
  -15.444000000000001        0.0000000000000000        5.0340735568318081E-004   0.0000000000000000     
  -15.246000000000000        0.0000000000000000        5.0970595508658594E-004   0.0000000000000000     
  -15.048000000000000        0.0000000000000000        5.1618083809337593E-004   0.0000000000000000     
  -14.850000000000001        0.0000000000000000        5.2283465601565598E-004   0.0000000000000000     
  -14.652000000000001        0.0000000000000000        5.2967196967899487E-004   0.0000000000000000     
  -14.454000000000001        0.0000000000000000        5.3669959395469973E-004   0.0000000000000000     
  -14.256000000000000        0.0000000000000000        5.4392679384558987E-004   0.0000000000000000     
  -14.058000000000000        0.0000000000000000        5.5136562757083845E-004   0.0000000000000000     
  -13.860000000000001        0.0000000000000000        5.5903118169283264E-004   0.0000000000000000     
  -13.662000000000001        0.0000000000000000        5.6694188512733347E-004   0.0000000000000000     
  -13.464000000000000        0.0000000000000000        5.7511980557380658E-004   0.0000000000000000     
  -13.266000000000000        0.0000000000000000        5.8359111217551828E-004   0.0000000000000000     
  -13.068000000000001        0.0000000000000000        5.9238648143269414E-004   0.0000000000000000     
  -12.870000000000001        0.0000000000000000        6.0154158562116238E-004   0.0000000000000000     
  -12.672000000000001        0.0000000000000000        6.1109768524614879E-004   0.0000000000000000     
  -12.474000000000000        0.0000000000000000        6.2110226063797453E-004   0.0000000000000000     
  -12.276000000000000        0.0000000000000000        6.3160982101312748E-004   0.0000000000000000     
  -12.078000000000001        0.0000000000000000        6.4268279334578674E-004   0.0000000000000000     
  -11.880000000000001        0.0000000000000000        6.5439240794301309E-004   0.0000000000000000     
  -11.682000000000000        0.0000000000000000        6.6681990354079104E-004   0.0000000000000000     
  -11.484000000000000        0.0000000000000000        6.8005780847941826E-004   0.0000000000000000     
  -11.286000000000001        0.0000000000000000        6.9421152311060076E-004   0.0000000000000000     
  -11.088000000000001        0.0000000000000000        7.0940081037355787E-004   0.0000000000000000     
  -10.890000000000001        0.0000000000000000        7.2576199131964140E-004   0.0000000000000000     
  -10.692000000000000        0.0000000000000000        7.4344992162088332E-004   0.0000000000000000     
  -10.494000000000000        0.0000000000000000        7.6264078376648756E-004   0.0000000000000000     
  -10.296000000000001        0.0000000000000000        7.8353485615079849E-004   0.0000000000000000     
  -10.098000000000001        0.0000000000000000        8.0636003461762799E-004   0.0000000000000000     
  -9.9000000000000004        0.0000000000000000        8.3137547204688940E-004   0.0000000000000000     
  -9.7020000000000000        0.0000000000000000        8.5887633638391926E-004   0.0000000000000000     
  -9.5040000000000013        0.0000000000000000        8.8919861891128822E-004   0.0000000000000000     
  -9.3060000000000009        0.0000000000000000        9.2272546113713596E-004   0.0000000000000000     
  -9.1080000000000005        0.0000000000000000        9.5989355643154057E-004   0.0000000000000000     
  -8.9100000000000001        0.0000000000000000        1.0012015086139890E-003   0.0000000000000000     
  -8.7119999999999997        0.0000000000000000        1.0472185174122816E-003   0.0000000000000000     
  -8.5140000000000011        0.0000000000000000        1.0985954941624423E-003   0.0000000000000000     
  -8.3160000000000007        0.0000000000000000        1.1560768873606806E-003   0.0000000000000000     
  -8.1180000000000003        0.0000000000000000        1.2205154618339321E-003   0.0000000000000000     
  -7.9199999999999999        0.0000000000000000        1.2928885558372207E-003   0.0000000000000000     
  -7.7220000000000004        0.0000000000000000        1.3743175261664454E-003   0.0000000000000000     
  -7.5240000000000000        0.0000000000000000        1.4660905122878321E-003   0.0000000000000000     
  -7.3260000000000005        0.0000000000000000        1.5696881584732739E-003   0.0000000000000000     
  -7.1280000000000001        0.0000000000000000        1.6868149186089253E-003   0.0000000000000000     
  -6.9300000000000006        0.0000000000000000        1.8194339200076546E-003   0.0000000000000000     
  -6.7320000000000002        0.0000000000000000        1.9698090746016433E-003   0.0000000000000000     
  -6.5340000000000007        0.0000000000000000        2.1405532491833965E-003   0.0000000000000000     
  -6.3360000000000003        0.0000000000000000        2.3346842901494531E-003   0.0000000000000000     
  -6.1379999999999999        0.0000000000000000        2.5556903322699080E-003   0.0000000000000000     
  -5.9400000000000004        0.0000000000000000        2.8076051262587755E-003   0.0000000000000000     
  -5.7420000000000000        0.0000000000000000        3.0950941724697941E-003   0.0000000000000000     
  -5.5440000000000005        0.0000000000000000        3.4235534573081768E-003   0.0000000000000000     
  -5.3460000000000001        0.0000000000000000        3.7992212607124917E-003   0.0000000000000000     
  -5.1480000000000006        0.0000000000000000        4.2293007330286552E-003   0.0000000000000000     
  -4.9500000000000002        0.0000000000000000        4.7220953867991517E-003   0.0000000000000000     
  -4.7520000000000007        0.0000000000000000        5.2871485008918109E-003   0.0000000000000000     
  -4.5540000000000003        0.0000000000000000        5.9353860794053703E-003   0.0000000000000000     
  -4.3559999999999999        0.0000000000000000        6.6792496882345570E-003   0.0000000000000000     
  -4.1580000000000004        0.0000000000000000        7.5328252335585709E-003   0.0000000000000000     
  -3.9600000000000000        0.0000000000000000        8.5120212977137059E-003   0.0000000000000000     
  -3.7620000000000000        0.0000000000000000        9.6350389132175748E-003   0.0000000000000000     
  -3.5640000000000001        0.0000000000000000        1.0923318807915488E-002   0.0000000000000000     
  -3.3660000000000001        0.0000000000000000        1.2397627330037651E-002   0.0000000000000000     
  -3.1680000000000001        0.0000000000000000        1.4071448431505634E-002   0.0000000000000000     
  -2.9700000000000002        0.0000000000000000        1.5960009446263246E-002   0.0000000000000000     
  -2.7720000000000002        0.0000000000000000        1.8085727234661713E-002   0.0000000000000000     
  -2.5740000000000003        0.0000000000000000        2.0497726225455513E-002   0.0000000000000000     
  -2.3760000000000003        0.0000000000000000        2.3255041351000004E-002   0.0000000000000000     
  -2.1779999999999999        0.0000000000000000        2.6372063943635261E-002   0.0000000000000000     
  -1.9800000000000000        0.0000000000000000        2.9856559412986278E-002   0.0000000000000000     
  -1.7820000000000000        0.0000000000000000        3.3746330651017842E-002   0.0000000000000000     
  -1.5840000000000001        0.0000000000000000        3.8088980381087621E-002   0.0000000000000000     
  -1.3860000000000001        0.0000000000000000        4.2958452120634309E-002   0.0000000000000000     
  -1.1880000000000002        0.0000000000000000        4.8314600850215730E-002   0.0000000000000000     
 -0.98999999999999999        0.0000000000000000        5.3972203713608585E-002   0.0000000000000000     
 -0.79200000000000004        0.0000000000000000        5.9655528594671429E-002   0.0000000000000000     
 -0.59400000000000008        0.0000000000000000        6.5003181373789076E-002   0.0000000000000000     
 -0.39600000000000002        0.0000000000000000        6.9498602916822194E-002   0.0000000000000000     
 -0.19800000000000001        0.0000000000000000        7.2542032133741760E-002   0.0000000000000000     
   0.0000000000000000        0.0000000000000000        7.3624655132909000E-002   0.0000000000000000     
  0.19800000000000001        0.0000000000000000        7.2542032133741760E-002   0.0000000000000000     
  0.39600000000000002        0.0000000000000000        6.9498602916822194E-002   0.0000000000000000     
  0.59400000000000008        0.0000000000000000        6.5003181373789076E-002   0.0000000000000000     
  0.79200000000000004        0.0000000000000000        5.9655528594671429E-002   0.0000000000000000     
  0.98999999999999999        0.0000000000000000        5.3972203713608585E-002   0.0000000000000000     
   1.1880000000000002        0.0000000000000000        4.8314600850215730E-002   0.0000000000000000     
   1.3860000000000001        0.0000000000000000        4.2958452120634309E-002   0.0000000000000000     
   1.5840000000000001        0.0000000000000000        3.8088980381087621E-002   0.0000000000000000     
   1.7820000000000000        0.0000000000000000        3.3746330651017842E-002   0.0000000000000000     
   1.9800000000000000        0.0000000000000000        2.9856559412986278E-002   0.0000000000000000     
   2.1779999999999999        0.0000000000000000        2.6372063943635261E-002   0.0000000000000000     
   2.3760000000000003        0.0000000000000000        2.3255041351000004E-002   0.0000000000000000     
   2.5740000000000003        0.0000000000000000        2.0497726225455513E-002   0.0000000000000000     
   2.7720000000000002        0.0000000000000000        1.8085727234661713E-002   0.0000000000000000     
   2.9700000000000002        0.0000000000000000        1.5960009446263246E-002   0.0000000000000000     
   3.1680000000000001        0.0000000000000000        1.4071448431505634E-002   0.0000000000000000     
   3.3660000000000001        0.0000000000000000        1.2397627330037651E-002   0.0000000000000000     
   3.5640000000000001        0.0000000000000000        1.0923318807915488E-002   0.0000000000000000     
   3.7620000000000000        0.0000000000000000        9.6350389132175748E-003   0.0000000000000000     
   3.9600000000000000        0.0000000000000000        8.5120212977137059E-003   0.0000000000000000     
   4.1580000000000004        0.0000000000000000        7.5328252335585709E-003   0.0000000000000000     
   4.3559999999999999        0.0000000000000000        6.6792496882345570E-003   0.0000000000000000     
   4.5540000000000003        0.0000000000000000        5.9353860794053703E-003   0.0000000000000000     
   4.7520000000000007        0.0000000000000000        5.2871485008918109E-003   0.0000000000000000     
   4.9500000000000002        0.0000000000000000        4.7220953867991517E-003   0.0000000000000000     
   5.1480000000000006        0.0000000000000000        4.2293007330286552E-003   0.0000000000000000     
   5.3460000000000001        0.0000000000000000        3.7992212607124917E-003   0.0000000000000000     
   5.5440000000000005        0.0000000000000000        3.4235534573081768E-003   0.0000000000000000     
   5.7420000000000000        0.0000000000000000        3.0950941724697941E-003   0.0000000000000000     
   5.9400000000000004        0.0000000000000000        2.8076051262587755E-003   0.0000000000000000     
   6.1379999999999999        0.0000000000000000        2.5556903322699080E-003   0.0000000000000000     
   6.3360000000000003        0.0000000000000000        2.3346842901494531E-003   0.0000000000000000     
   6.5340000000000007        0.0000000000000000        2.1405532491833965E-003   0.0000000000000000     
   6.7320000000000002        0.0000000000000000        1.9698090746016433E-003   0.0000000000000000     
   6.9300000000000006        0.0000000000000000        1.8194339200076546E-003   0.0000000000000000     
   7.1280000000000001        0.0000000000000000        1.6868149186089253E-003   0.0000000000000000     
   7.3260000000000005        0.0000000000000000        1.5696881584732739E-003   0.0000000000000000     
   7.5240000000000000        0.0000000000000000        1.4660905122878321E-003   0.0000000000000000     
   7.7220000000000004        0.0000000000000000        1.3743175261664454E-003   0.0000000000000000     
   7.9199999999999999        0.0000000000000000        1.2928885558372207E-003   0.0000000000000000     
   8.1180000000000003        0.0000000000000000        1.2205154618339321E-003   0.0000000000000000     
   8.3160000000000007        0.0000000000000000        1.1560768873606806E-003   0.0000000000000000     
   8.5140000000000011        0.0000000000000000        1.0985954941624423E-003   0.0000000000000000     
   8.7119999999999997        0.0000000000000000        1.0472185174122816E-003   0.0000000000000000     
   8.9100000000000001        0.0000000000000000        1.0012015086139890E-003   0.0000000000000000     
   9.1080000000000005        0.0000000000000000        9.5989355643154057E-004   0.0000000000000000     
   9.3060000000000009        0.0000000000000000        9.2272546113713596E-004   0.0000000000000000     
   9.5040000000000013        0.0000000000000000        8.8919861891128822E-004   0.0000000000000000     
   9.7020000000000000        0.0000000000000000        8.5887633638391926E-004   0.0000000000000000     
   9.9000000000000004        0.0000000000000000        8.3137547204688940E-004   0.0000000000000000     
   10.098000000000001        0.0000000000000000        8.0636003461762799E-004   0.0000000000000000     
   10.296000000000001        0.0000000000000000        7.8353485615079849E-004   0.0000000000000000     
   10.494000000000000        0.0000000000000000        7.6264078376648756E-004   0.0000000000000000     
   10.692000000000000        0.0000000000000000        7.4344992162088332E-004   0.0000000000000000     
   10.890000000000001        0.0000000000000000        7.2576199131964140E-004   0.0000000000000000     
   11.088000000000001        0.0000000000000000        7.0940081037355787E-004   0.0000000000000000     
   11.286000000000001        0.0000000000000000        6.9421152311060076E-004   0.0000000000000000     
   11.484000000000000        0.0000000000000000        6.8005780847941826E-004   0.0000000000000000     
   11.682000000000000        0.0000000000000000        6.6681990354079104E-004   0.0000000000000000     
   11.880000000000001        0.0000000000000000        6.5439240794301309E-004   0.0000000000000000     
   12.078000000000001        0.0000000000000000        6.4268279334578674E-004   0.0000000000000000     
   12.276000000000000        0.0000000000000000        6.3160982101312748E-004   0.0000000000000000     
   12.474000000000000        0.0000000000000000        6.2110226063797453E-004   0.0000000000000000     
   12.672000000000001        0.0000000000000000        6.1109768524614879E-004   0.0000000000000000     
   12.870000000000001        0.0000000000000000        6.0154158562116238E-004   0.0000000000000000     
   13.068000000000001        0.0000000000000000        5.9238648143269414E-004   0.0000000000000000     
   13.266000000000000        0.0000000000000000        5.8359111217551828E-004   0.0000000000000000     
   13.464000000000000        0.0000000000000000        5.7511980557380658E-004   0.0000000000000000     
   13.662000000000001        0.0000000000000000        5.6694188512733347E-004   0.0000000000000000     
   13.860000000000001        0.0000000000000000        5.5903118169283264E-004   0.0000000000000000     
   14.058000000000000        0.0000000000000000        5.5136562757083845E-004   0.0000000000000000     
   14.256000000000000        0.0000000000000000        5.4392679384558987E-004   0.0000000000000000     
   14.454000000000001        0.0000000000000000        5.3669959395469973E-004   0.0000000000000000     
   14.652000000000001        0.0000000000000000        5.2967196967899487E-004   0.0000000000000000     
   14.850000000000001        0.0000000000000000        5.2283465601565598E-004   0.0000000000000000     
   15.048000000000000        0.0000000000000000        5.1618083809337593E-004   0.0000000000000000     
   15.246000000000000        0.0000000000000000        5.0970595508658594E-004   0.0000000000000000     
   15.444000000000001        0.0000000000000000        5.0340735568318081E-004   0.0000000000000000     
   15.642000000000001        0.0000000000000000        4.9728395268450372E-004   0.0000000000000000     
   15.840000000000000        0.0000000000000000        4.9133583957780731E-004   0.0000000000000000     
   16.038000000000000        0.0000000000000000        4.8556363151314126E-004   0.0000000000000000     
   16.236000000000001        0.0000000000000000        4.7996756295125753E-004   0.0000000000000000     
   16.434000000000001        0.0000000000000000        4.7449768381796541E-004   0.0000000000000000     
   16.632000000000001        0.0000000000000000        4.6918665075592611E-004   0.0000000000000000     
   16.830000000000002        0.0000000000000000        4.6402105691281415E-004   0.0000000000000000     
   17.028000000000002        0.0000000000000000        4.5898708391884263E-004   0.0000000000000000     
   17.225999999999999        0.0000000000000000        4.5403406542681406E-004   0.0000000000000000     
   17.423999999999999        0.0000000000000000        4.4910084978272251E-004   0.0000000000000000     
   17.622000000000000        0.0000000000000000        4.4407454964940892E-004   0.0000000000000000     
   17.820000000000000        0.0000000000000000        4.3889681620681999E-004   0.0000000000000000     
   18.018000000000001        0.0000000000000000        4.3324043685029763E-004   0.0000000000000000     
   18.216000000000001        0.0000000000000000        4.2662604970502681E-004   0.0000000000000000     
   18.414000000000001        0.0000000000000000        4.1870325262164803E-004   0.0000000000000000     
   18.612000000000002        0.0000000000000000        4.0836292562344319E-004   0.0000000000000000     
   18.810000000000002        0.0000000000000000        3.9463547079226081E-004   0.0000000000000000     
   19.008000000000003        0.0000000000000000        3.7579617848158294E-004   0.0000000000000000     
   19.206000000000000        0.0000000000000000        3.5016852425260941E-004   0.0000000000000000     
   19.404000000000000        0.0000000000000000        3.1800637605024120E-004   0.0000000000000000     
   19.602000000000000        0.0000000000000000        2.8704737816473571E-004   0.0000000000000000     
