  -19.602000000000000        0.0000000000000000        4.2714564991085578E-006   0.0000000000000000     
  -19.404000000000000        0.0000000000000000        6.7811393529350301E-006   0.0000000000000000     
  -19.206000000000000        0.0000000000000000        7.7640741556103604E-006   0.0000000000000000     
  -19.008000000000003        0.0000000000000000        7.8567902438638366E-006   0.0000000000000000     
  -18.810000000000002        0.0000000000000000        7.5978762831345370E-006   0.0000000000000000     
  -18.612000000000002        0.0000000000000000        7.2753796276958534E-006   0.0000000000000000     
  -18.414000000000001        0.0000000000000000        6.9999881793411013E-006   0.0000000000000000     
  -18.216000000000001        0.0000000000000000        6.8070064142688830E-006   0.0000000000000000     
  -18.018000000000001        0.0000000000000000        6.6955263213090228E-006   0.0000000000000000     
  -17.820000000000000        0.0000000000000000        6.6561998986428109E-006   0.0000000000000000     
  -17.622000000000000        0.0000000000000000        6.6742324480699500E-006   0.0000000000000000     
  -17.423999999999999        0.0000000000000000        6.7385549269812397E-006   0.0000000000000000     
  -17.225999999999999        0.0000000000000000        6.8403450012646415E-006   0.0000000000000000     
  -17.028000000000002        0.0000000000000000        6.9731887172330688E-006   0.0000000000000000     
  -16.830000000000002        0.0000000000000000        7.1309727149557733E-006   0.0000000000000000     
  -16.632000000000001        0.0000000000000000        7.3087220726701839E-006   0.0000000000000000     
  -16.434000000000001        0.0000000000000000        7.5065474415367255E-006   0.0000000000000000     
  -16.236000000000001        0.0000000000000000        7.7223976165023522E-006   0.0000000000000000     
  -16.038000000000000        0.0000000000000000        7.9548219849693654E-006   0.0000000000000000     
  -15.840000000000000        0.0000000000000000        8.2028329203447530E-006   0.0000000000000000     
  -15.642000000000001        0.0000000000000000        8.4657969177799683E-006   0.0000000000000000     
  -15.444000000000001        0.0000000000000000        8.7433667719910801E-006   0.0000000000000000     
  -15.246000000000000        0.0000000000000000        9.0354235484026450E-006   0.0000000000000000     
  -15.048000000000000        0.0000000000000000        9.3420379397286154E-006   0.0000000000000000     
  -14.850000000000001        0.0000000000000000        9.6634427559115022E-006   0.0000000000000000     
  -14.652000000000001        0.0000000000000000        1.0000013250751519E-005   0.0000000000000000     
  -14.454000000000001        0.0000000000000000        1.0352249815902834E-005   0.0000000000000000     
  -14.256000000000000        0.0000000000000000        1.0720769736628937E-005   0.0000000000000000     
  -14.058000000000000        0.0000000000000000        1.1106297912461608E-005   0.0000000000000000     
  -13.860000000000001        0.0000000000000000        1.1509667221900297E-005   0.0000000000000000     
  -13.662000000000001        0.0000000000000000        1.1931815233465336E-005   0.0000000000000000     
  -13.464000000000000        0.0000000000000000        1.2373781269973696E-005   0.0000000000000000     
  -13.266000000000000        0.0000000000000000        1.2836715449566606E-005   0.0000000000000000     
  -13.068000000000001        0.0000000000000000        1.3321874389043496E-005   0.0000000000000000     
  -12.870000000000001        0.0000000000000000        1.3830633259151549E-005   0.0000000000000000     
  -12.672000000000001        0.0000000000000000        1.4364490210900749E-005   0.0000000000000000     
  -12.474000000000000        0.0000000000000000        1.4925071893818026E-005   0.0000000000000000     
  -12.276000000000000        0.0000000000000000        1.5514147959666211E-005   0.0000000000000000     
  -12.078000000000001        0.0000000000000000        1.6133634746638801E-005   0.0000000000000000     
  -11.880000000000001        0.0000000000000000        1.6785615398334203E-005   0.0000000000000000     
  -11.682000000000000        0.0000000000000000        1.7472348645473960E-005   0.0000000000000000     
  -11.484000000000000        0.0000000000000000        1.8196287244825907E-005   0.0000000000000000     
  -11.286000000000001        0.0000000000000000        1.8960093134107646E-005   0.0000000000000000     
  -11.088000000000001        0.0000000000000000        1.9766654935939544E-005   0.0000000000000000     
  -10.890000000000001        0.0000000000000000        2.0619116108909841E-005   0.0000000000000000     
  -10.692000000000000        0.0000000000000000        2.1520896208293989E-005   0.0000000000000000     
  -10.494000000000000        0.0000000000000000        2.2475713619216810E-005   0.0000000000000000     
  -10.296000000000001        0.0000000000000000        2.3487618600480916E-005   0.0000000000000000     
  -10.098000000000001        0.0000000000000000        2.4561024103698567E-005   0.0000000000000000     
  -9.9000000000000004        0.0000000000000000        2.5700746573136094E-005   0.0000000000000000     
  -9.7020000000000000        0.0000000000000000        2.6912042660889811E-005   0.0000000000000000     
  -9.5040000000000013        0.0000000000000000        2.8200661122788294E-005   0.0000000000000000     
  -9.3060000000000009        0.0000000000000000        2.9572878381064815E-005   0.0000000000000000     
  -9.1080000000000005        0.0000000000000000        3.1035570596467546E-005   0.0000000000000000     
  -8.9100000000000001        0.0000000000000000        3.2596271128384532E-005   0.0000000000000000     
  -8.7119999999999997        0.0000000000000000        3.4263242748299293E-005   0.0000000000000000     
  -8.5140000000000011        0.0000000000000000        3.6045562897886321E-005   0.0000000000000000     
  -8.3160000000000007        0.0000000000000000        3.7953208579762952E-005   0.0000000000000000     
  -8.1180000000000003        0.0000000000000000        3.9997167362371618E-005   0.0000000000000000     
  -7.9199999999999999        0.0000000000000000        4.2189567677367914E-005   0.0000000000000000     
  -7.7220000000000004        0.0000000000000000        4.4543828110967803E-005   0.0000000000000000     
  -7.5240000000000000        0.0000000000000000        4.7074825334937278E-005   0.0000000000000000     
  -7.3260000000000005        0.0000000000000000        4.9799135268508534E-005   0.0000000000000000     
  -7.1280000000000001        0.0000000000000000        5.2735270604753180E-005   0.0000000000000000     
  -6.9300000000000006        0.0000000000000000        5.5904076189003774E-005   0.0000000000000000     
  -6.7320000000000002        0.0000000000000000        5.9329163302502896E-005   0.0000000000000000     
  -6.5340000000000007        0.0000000000000000        6.3037508393381660E-005   0.0000000000000000     
  -6.3360000000000003        0.0000000000000000        6.7060302035294709E-005   0.0000000000000000     
  -6.1379999999999999        0.0000000000000000        7.1434065591811016E-005   0.0000000000000000     
  -5.9400000000000004        0.0000000000000000        7.6202226715793762E-005   0.0000000000000000     
  -5.7420000000000000        0.0000000000000000        8.1417357738420562E-005   0.0000000000000000     
  -5.5440000000000005        0.0000000000000000        8.7144290327004114E-005   0.0000000000000000     
  -5.3460000000000001        0.0000000000000000        9.3464568308808472E-005   0.0000000000000000     
  -5.1480000000000006        0.0000000000000000        1.0048268242041895E-004   0.0000000000000000     
  -4.9500000000000002        0.0000000000000000        1.0833485023773135E-004   0.0000000000000000     
  -4.7520000000000007        0.0000000000000000        1.1720094305259056E-004   0.0000000000000000     
  -4.5540000000000003        0.0000000000000000        1.2732014867278350E-004   0.0000000000000000     
  -4.3559999999999999        0.0000000000000000        1.3901017361439536E-004   0.0000000000000000     
  -4.1580000000000004        0.0000000000000000        1.5268686867174984E-004   0.0000000000000000     
  -3.9600000000000000        0.0000000000000000        1.6887568281131725E-004   0.0000000000000000     
  -3.7620000000000000        0.0000000000000000        1.8819380343401682E-004   0.0000000000000000     
  -3.5640000000000001        0.0000000000000000        2.1126631204993691E-004   0.0000000000000000     
  -3.3660000000000001        0.0000000000000000        2.3855278345248678E-004   0.0000000000000000     
  -3.1680000000000001        0.0000000000000000        2.7023813063216747E-004   0.0000000000000000     
  -2.9700000000000002        0.0000000000000000        3.0666471284816147E-004   0.0000000000000000     
  -2.7720000000000002        0.0000000000000000        3.4807549548919881E-004   0.0000000000000000     
  -2.5740000000000003        0.0000000000000000        3.9546966656413789E-004   0.0000000000000000     
  -2.3760000000000003        0.0000000000000000        4.5436582053219962E-004   0.0000000000000000     
  -2.1779999999999999        0.0000000000000000        5.2816086015780215E-004   0.0000000000000000     
  -1.9800000000000000        0.0000000000000000        6.1883657577047676E-004   0.0000000000000000     
  -1.7820000000000000        0.0000000000000000        7.2931868614618464E-004   0.0000000000000000     
  -1.5840000000000001        0.0000000000000000        8.6126265375299814E-004   0.0000000000000000     
  -1.3860000000000001        0.0000000000000000        1.0138466288970639E-003   0.0000000000000000     
  -1.1880000000000002        0.0000000000000000        1.1861423969028435E-003   0.0000000000000000     
 -0.98999999999999999        0.0000000000000000        1.3782927139326597E-003   0.0000000000000000     
 -0.79200000000000004        0.0000000000000000        1.5878288652023498E-003   0.0000000000000000     
 -0.59400000000000008        0.0000000000000000        1.8017322485792517E-003   0.0000000000000000     
 -0.39600000000000002        0.0000000000000000        1.9915474455646245E-003   0.0000000000000000     
 -0.19800000000000001        0.0000000000000000        2.1228171760330609E-003   0.0000000000000000     
   0.0000000000000000        0.0000000000000000        2.1697072324317092E-003   0.0000000000000000     
  0.19800000000000001        0.0000000000000000        2.1228171760330609E-003   0.0000000000000000     
  0.39600000000000002        0.0000000000000000        1.9915474455646245E-003   0.0000000000000000     
  0.59400000000000008        0.0000000000000000        1.8017322485792517E-003   0.0000000000000000     
  0.79200000000000004        0.0000000000000000        1.5878288652023498E-003   0.0000000000000000     
  0.98999999999999999        0.0000000000000000        1.3782927139326597E-003   0.0000000000000000     
   1.1880000000000002        0.0000000000000000        1.1861423969028435E-003   0.0000000000000000     
   1.3860000000000001        0.0000000000000000        1.0138466288970639E-003   0.0000000000000000     
   1.5840000000000001        0.0000000000000000        8.6126265375299814E-004   0.0000000000000000     
   1.7820000000000000        0.0000000000000000        7.2931868614618464E-004   0.0000000000000000     
   1.9800000000000000        0.0000000000000000        6.1883657577047676E-004   0.0000000000000000     
   2.1779999999999999        0.0000000000000000        5.2816086015780215E-004   0.0000000000000000     
   2.3760000000000003        0.0000000000000000        4.5436582053219962E-004   0.0000000000000000     
   2.5740000000000003        0.0000000000000000        3.9546966656413789E-004   0.0000000000000000     
   2.7720000000000002        0.0000000000000000        3.4807549548919881E-004   0.0000000000000000     
   2.9700000000000002        0.0000000000000000        3.0666471284816147E-004   0.0000000000000000     
   3.1680000000000001        0.0000000000000000        2.7023813063216747E-004   0.0000000000000000     
   3.3660000000000001        0.0000000000000000        2.3855278345248678E-004   0.0000000000000000     
   3.5640000000000001        0.0000000000000000        2.1126631204993691E-004   0.0000000000000000     
   3.7620000000000000        0.0000000000000000        1.8819380343401682E-004   0.0000000000000000     
   3.9600000000000000        0.0000000000000000        1.6887568281131725E-004   0.0000000000000000     
   4.1580000000000004        0.0000000000000000        1.5268686867174984E-004   0.0000000000000000     
   4.3559999999999999        0.0000000000000000        1.3901017361439536E-004   0.0000000000000000     
   4.5540000000000003        0.0000000000000000        1.2732014867278350E-004   0.0000000000000000     
   4.7520000000000007        0.0000000000000000        1.1720094305259056E-004   0.0000000000000000     
   4.9500000000000002        0.0000000000000000        1.0833485023773135E-004   0.0000000000000000     
   5.1480000000000006        0.0000000000000000        1.0048268242041895E-004   0.0000000000000000     
   5.3460000000000001        0.0000000000000000        9.3464568308808472E-005   0.0000000000000000     
   5.5440000000000005        0.0000000000000000        8.7144290327004114E-005   0.0000000000000000     
   5.7420000000000000        0.0000000000000000        8.1417357738420562E-005   0.0000000000000000     
   5.9400000000000004        0.0000000000000000        7.6202226715793762E-005   0.0000000000000000     
   6.1379999999999999        0.0000000000000000        7.1434065591811016E-005   0.0000000000000000     
   6.3360000000000003        0.0000000000000000        6.7060302035294709E-005   0.0000000000000000     
   6.5340000000000007        0.0000000000000000        6.3037508393381660E-005   0.0000000000000000     
   6.7320000000000002        0.0000000000000000        5.9329163302502896E-005   0.0000000000000000     
   6.9300000000000006        0.0000000000000000        5.5904076189003774E-005   0.0000000000000000     
   7.1280000000000001        0.0000000000000000        5.2735270604753180E-005   0.0000000000000000     
   7.3260000000000005        0.0000000000000000        4.9799135268508534E-005   0.0000000000000000     
   7.5240000000000000        0.0000000000000000        4.7074825334937278E-005   0.0000000000000000     
   7.7220000000000004        0.0000000000000000        4.4543828110967803E-005   0.0000000000000000     
   7.9199999999999999        0.0000000000000000        4.2189567677367914E-005   0.0000000000000000     
   8.1180000000000003        0.0000000000000000        3.9997167362371618E-005   0.0000000000000000     
   8.3160000000000007        0.0000000000000000        3.7953208579762952E-005   0.0000000000000000     
   8.5140000000000011        0.0000000000000000        3.6045562897886321E-005   0.0000000000000000     
   8.7119999999999997        0.0000000000000000        3.4263242748299293E-005   0.0000000000000000     
   8.9100000000000001        0.0000000000000000        3.2596271128384532E-005   0.0000000000000000     
   9.1080000000000005        0.0000000000000000        3.1035570596467546E-005   0.0000000000000000     
   9.3060000000000009        0.0000000000000000        2.9572878381064815E-005   0.0000000000000000     
   9.5040000000000013        0.0000000000000000        2.8200661122788294E-005   0.0000000000000000     
   9.7020000000000000        0.0000000000000000        2.6912042660889811E-005   0.0000000000000000     
   9.9000000000000004        0.0000000000000000        2.5700746573136094E-005   0.0000000000000000     
   10.098000000000001        0.0000000000000000        2.4561024103698567E-005   0.0000000000000000     
   10.296000000000001        0.0000000000000000        2.3487618600480916E-005   0.0000000000000000     
   10.494000000000000        0.0000000000000000        2.2475713619216810E-005   0.0000000000000000     
   10.692000000000000        0.0000000000000000        2.1520896208293989E-005   0.0000000000000000     
   10.890000000000001        0.0000000000000000        2.0619116108909841E-005   0.0000000000000000     
   11.088000000000001        0.0000000000000000        1.9766654935939544E-005   0.0000000000000000     
   11.286000000000001        0.0000000000000000        1.8960093134107646E-005   0.0000000000000000     
   11.484000000000000        0.0000000000000000        1.8196287244825907E-005   0.0000000000000000     
   11.682000000000000        0.0000000000000000        1.7472348645473960E-005   0.0000000000000000     
   11.880000000000001        0.0000000000000000        1.6785615398334203E-005   0.0000000000000000     
   12.078000000000001        0.0000000000000000        1.6133634746638801E-005   0.0000000000000000     
   12.276000000000000        0.0000000000000000        1.5514147959666211E-005   0.0000000000000000     
   12.474000000000000        0.0000000000000000        1.4925071893818026E-005   0.0000000000000000     
   12.672000000000001        0.0000000000000000        1.4364490210900749E-005   0.0000000000000000     
   12.870000000000001        0.0000000000000000        1.3830633259151549E-005   0.0000000000000000     
   13.068000000000001        0.0000000000000000        1.3321874389043496E-005   0.0000000000000000     
   13.266000000000000        0.0000000000000000        1.2836715449566606E-005   0.0000000000000000     
   13.464000000000000        0.0000000000000000        1.2373781269973696E-005   0.0000000000000000     
   13.662000000000001        0.0000000000000000        1.1931815233465336E-005   0.0000000000000000     
   13.860000000000001        0.0000000000000000        1.1509667221900297E-005   0.0000000000000000     
   14.058000000000000        0.0000000000000000        1.1106297912461608E-005   0.0000000000000000     
   14.256000000000000        0.0000000000000000        1.0720769736628937E-005   0.0000000000000000     
   14.454000000000001        0.0000000000000000        1.0352249815902834E-005   0.0000000000000000     
   14.652000000000001        0.0000000000000000        1.0000013250751519E-005   0.0000000000000000     
   14.850000000000001        0.0000000000000000        9.6634427559115022E-006   0.0000000000000000     
   15.048000000000000        0.0000000000000000        9.3420379397286154E-006   0.0000000000000000     
   15.246000000000000        0.0000000000000000        9.0354235484026450E-006   0.0000000000000000     
   15.444000000000001        0.0000000000000000        8.7433667719910801E-006   0.0000000000000000     
   15.642000000000001        0.0000000000000000        8.4657969177799683E-006   0.0000000000000000     
   15.840000000000000        0.0000000000000000        8.2028329203447530E-006   0.0000000000000000     
   16.038000000000000        0.0000000000000000        7.9548219849693654E-006   0.0000000000000000     
   16.236000000000001        0.0000000000000000        7.7223976165023522E-006   0.0000000000000000     
   16.434000000000001        0.0000000000000000        7.5065474415367255E-006   0.0000000000000000     
   16.632000000000001        0.0000000000000000        7.3087220726701839E-006   0.0000000000000000     
   16.830000000000002        0.0000000000000000        7.1309727149557733E-006   0.0000000000000000     
   17.028000000000002        0.0000000000000000        6.9731887172330688E-006   0.0000000000000000     
   17.225999999999999        0.0000000000000000        6.8403450012646415E-006   0.0000000000000000     
   17.423999999999999        0.0000000000000000        6.7385549269812397E-006   0.0000000000000000     
   17.622000000000000        0.0000000000000000        6.6742324480699500E-006   0.0000000000000000     
   17.820000000000000        0.0000000000000000        6.6561998986428109E-006   0.0000000000000000     
   18.018000000000001        0.0000000000000000        6.6955263213090228E-006   0.0000000000000000     
   18.216000000000001        0.0000000000000000        6.8070064142688830E-006   0.0000000000000000     
   18.414000000000001        0.0000000000000000        6.9999881793411013E-006   0.0000000000000000     
   18.612000000000002        0.0000000000000000        7.2753796276958534E-006   0.0000000000000000     
   18.810000000000002        0.0000000000000000        7.5978762831345370E-006   0.0000000000000000     
   19.008000000000003        0.0000000000000000        7.8567902438638366E-006   0.0000000000000000     
   19.206000000000000        0.0000000000000000        7.7640741556103604E-006   0.0000000000000000     
   19.404000000000000        0.0000000000000000        6.7811393529350301E-006   0.0000000000000000     
   19.602000000000000        0.0000000000000000        4.2714564991085578E-006   0.0000000000000000     
