  -19.602000000000000        0.0000000000000000       -9.4839881768469114E-006   0.0000000000000000     
  -19.404000000000000        0.0000000000000000       -1.5184787663897246E-005   0.0000000000000000     
  -19.206000000000000        0.0000000000000000       -1.8334927568086322E-005   0.0000000000000000     
  -19.008000000000003        0.0000000000000000       -2.0083193133148062E-005   0.0000000000000000     
  -18.810000000000002        0.0000000000000000       -2.1197862846815638E-005   0.0000000000000000     
  -18.612000000000002        0.0000000000000000       -2.2043306846726524E-005   0.0000000000000000     
  -18.414000000000001        0.0000000000000000       -2.2777137751502309E-005   0.0000000000000000     
  -18.216000000000001        0.0000000000000000       -2.3461033328261793E-005   0.0000000000000000     
  -18.018000000000001        0.0000000000000000       -2.4121176034765075E-005   0.0000000000000000     
  -17.820000000000000        0.0000000000000000       -2.4769846748687225E-005   0.0000000000000000     
  -17.622000000000000        0.0000000000000000       -2.5416218812944884E-005   0.0000000000000000     
  -17.423999999999999        0.0000000000000000       -2.6065559200622174E-005   0.0000000000000000     
  -17.225999999999999        0.0000000000000000       -2.6723709585152008E-005   0.0000000000000000     
  -17.028000000000002        0.0000000000000000       -2.7394334157828407E-005   0.0000000000000000     
  -16.830000000000002        0.0000000000000000       -2.8086209465231915E-005   0.0000000000000000     
  -16.632000000000001        0.0000000000000000       -2.8805050082172644E-005   0.0000000000000000     
  -16.434000000000001        0.0000000000000000       -2.9552929635188881E-005   0.0000000000000000     
  -16.236000000000001        0.0000000000000000       -3.0335617900535310E-005   0.0000000000000000     
  -16.038000000000000        0.0000000000000000       -3.1156853060421304E-005   0.0000000000000000     
  -15.840000000000000        0.0000000000000000       -3.2020093294371138E-005   0.0000000000000000     
  -15.642000000000001        0.0000000000000000       -3.2928590898058369E-005   0.0000000000000000     
  -15.444000000000001        0.0000000000000000       -3.3885478336261793E-005   0.0000000000000000     
  -15.246000000000000        0.0000000000000000       -3.4893830863248387E-005   0.0000000000000000     
  -15.048000000000000        0.0000000000000000       -3.5956726485928313E-005   0.0000000000000000     
  -14.850000000000001        0.0000000000000000       -3.7077306648926294E-005   0.0000000000000000     
  -14.652000000000001        0.0000000000000000       -3.8258817825778417E-005   0.0000000000000000     
  -14.454000000000001        0.0000000000000000       -3.9504663618421072E-005   0.0000000000000000     
  -14.256000000000000        0.0000000000000000       -4.0818433301236974E-005   0.0000000000000000     
  -14.058000000000000        0.0000000000000000       -4.2203949418469179E-005   0.0000000000000000     
  -13.860000000000001        0.0000000000000000       -4.3665292748390683E-005   0.0000000000000000     
  -13.662000000000001        0.0000000000000000       -4.5206847585320635E-005   0.0000000000000000     
  -13.464000000000000        0.0000000000000000       -4.6833327820648723E-005   0.0000000000000000     
  -13.266000000000000        0.0000000000000000       -4.8549816685809561E-005   0.0000000000000000     
  -13.068000000000001        0.0000000000000000       -5.0361803043651156E-005   0.0000000000000000     
  -12.870000000000001        0.0000000000000000       -5.2275222541767454E-005   0.0000000000000000     
  -12.672000000000001        0.0000000000000000       -5.4296503214192697E-005   0.0000000000000000     
  -12.474000000000000        0.0000000000000000       -5.6432613431376656E-005   0.0000000000000000     
  -12.276000000000000        0.0000000000000000       -5.8691109828261405E-005   0.0000000000000000     
  -12.078000000000001        0.0000000000000000       -6.1080204057370141E-005   0.0000000000000000     
  -11.880000000000001        0.0000000000000000       -6.3608822360244644E-005   0.0000000000000000     
  -11.682000000000000        0.0000000000000000       -6.6286677665777574E-005   0.0000000000000000     
  -11.484000000000000        0.0000000000000000       -6.9124363941098433E-005   0.0000000000000000     
  -11.286000000000001        0.0000000000000000       -7.2133432249770084E-005   0.0000000000000000     
  -11.088000000000001        0.0000000000000000       -7.5326500498584868E-005   0.0000000000000000     
  -10.890000000000001        0.0000000000000000       -7.8717384201057198E-005   0.0000000000000000     
  -10.692000000000000        0.0000000000000000       -8.2321203518046301E-005   0.0000000000000000     
  -10.494000000000000        0.0000000000000000       -8.6154564752630012E-005   0.0000000000000000     
  -10.296000000000001        0.0000000000000000       -9.0235701529961976E-005   0.0000000000000000     
  -10.098000000000001        0.0000000000000000       -9.4584693611141912E-005   0.0000000000000000     
  -9.9000000000000004        0.0000000000000000       -9.9223678365053484E-005   0.0000000000000000     
  -9.7020000000000000        0.0000000000000000       -1.0417710525756628E-004   0.0000000000000000     
  -9.5040000000000013        0.0000000000000000       -1.0947202991268477E-004   0.0000000000000000     
  -9.3060000000000009        0.0000000000000000       -1.1513843313021502E-004   0.0000000000000000     
  -9.1080000000000005        0.0000000000000000       -1.2120962150247107E-004   0.0000000000000000     
  -8.9100000000000001        0.0000000000000000       -1.2772264784857148E-004   0.0000000000000000     
  -8.7119999999999997        0.0000000000000000       -1.3471882611174664E-004   0.0000000000000000     
  -8.5140000000000011        0.0000000000000000       -1.4224429853886377E-004   0.0000000000000000     
  -8.3160000000000007        0.0000000000000000       -1.5035070861258045E-004   0.0000000000000000     
  -8.1180000000000003        0.0000000000000000       -1.5909596465329704E-004   0.0000000000000000     
  -7.9199999999999999        0.0000000000000000       -1.6854513145592496E-004   0.0000000000000000     
  -7.7220000000000004        0.0000000000000000       -1.7877146348569854E-004   0.0000000000000000     
  -7.5240000000000000        0.0000000000000000       -1.8985756211125856E-004   0.0000000000000000     
  -7.3260000000000005        0.0000000000000000       -2.0189678878989871E-004   0.0000000000000000     
  -7.1280000000000001        0.0000000000000000       -2.1499480639024370E-004   0.0000000000000000     
  -6.9300000000000006        0.0000000000000000       -2.2927144594747856E-004   0.0000000000000000     
  -6.7320000000000002        0.0000000000000000       -2.4486284457913779E-004   0.0000000000000000     
  -6.5340000000000007        0.0000000000000000       -2.6192385543594783E-004   0.0000000000000000     
  -6.3360000000000003        0.0000000000000000       -2.8063099268171762E-004   0.0000000000000000     
  -6.1379999999999999        0.0000000000000000       -3.0118562740033273E-004   0.0000000000000000     
  -5.9400000000000004        0.0000000000000000       -3.2381792367437907E-004   0.0000000000000000     
  -5.7420000000000000        0.0000000000000000       -3.4879109425921479E-004   0.0000000000000000     
  -5.5440000000000005        0.0000000000000000       -3.7640647041833523E-004   0.0000000000000000     
  -5.3460000000000001        0.0000000000000000       -4.0700889954978047E-004   0.0000000000000000     
  -5.1480000000000006        0.0000000000000000       -4.4099258511338523E-004   0.0000000000000000     
  -4.9500000000000002        0.0000000000000000       -4.7880619987653413E-004   0.0000000000000000     
  -4.7520000000000007        0.0000000000000000       -5.2095587053002158E-004   0.0000000000000000     
  -4.5540000000000003        0.0000000000000000       -5.6800100789827161E-004   0.0000000000000000     
  -4.3559999999999999        0.0000000000000000       -6.2053333511592637E-004   0.0000000000000000     
  -4.1580000000000004        0.0000000000000000       -6.7911572276848861E-004   0.0000000000000000     
  -3.9600000000000000        0.0000000000000000       -7.4413244648911087E-004   0.0000000000000000     
  -3.7620000000000000        0.0000000000000000       -8.1545572331181580E-004   0.0000000000000000     
  -3.5640000000000001        0.0000000000000000       -8.9179919267281030E-004   0.0000000000000000     
  -3.3660000000000001        0.0000000000000000       -9.6984249682440828E-004   0.0000000000000000     
  -3.1680000000000001        0.0000000000000000       -1.0446316076996979E-003   0.0000000000000000     
  -2.9700000000000002        0.0000000000000000       -1.1169812043429217E-003   0.0000000000000000     
  -2.7720000000000002        0.0000000000000000       -1.1962207980695892E-003   0.0000000000000000     
  -2.5740000000000003        0.0000000000000000       -1.2852375680838537E-003   0.0000000000000000     
  -2.3760000000000003        0.0000000000000000       -1.3827493004547988E-003   0.0000000000000000     
  -2.1779999999999999        0.0000000000000000       -1.4936673556757995E-003   0.0000000000000000     
  -1.9800000000000000        0.0000000000000000       -1.6253242547816474E-003   0.0000000000000000     
  -1.7820000000000000        0.0000000000000000       -1.7771379252549595E-003   0.0000000000000000     
  -1.5840000000000001        0.0000000000000000       -1.9392893127040199E-003   0.0000000000000000     
  -1.3860000000000001        0.0000000000000000       -2.1055510501982325E-003   0.0000000000000000     
  -1.1880000000000002        0.0000000000000000       -2.2769486204881348E-003   0.0000000000000000     
 -0.98999999999999999        0.0000000000000000       -2.4538135708821449E-003   0.0000000000000000     
 -0.79200000000000004        0.0000000000000000       -2.6215758398438196E-003   0.0000000000000000     
 -0.59400000000000008        0.0000000000000000       -2.7676452625311344E-003   0.0000000000000000     
 -0.39600000000000002        0.0000000000000000       -2.8819523842502199E-003   0.0000000000000000     
 -0.19800000000000001        0.0000000000000000       -2.9548615758614180E-003   0.0000000000000000     
   0.0000000000000000        0.0000000000000000       -2.9798204421346845E-003   0.0000000000000000     
  0.19800000000000001        0.0000000000000000       -2.9548615758614180E-003   0.0000000000000000     
  0.39600000000000002        0.0000000000000000       -2.8819523842502199E-003   0.0000000000000000     
  0.59400000000000008        0.0000000000000000       -2.7676452625311344E-003   0.0000000000000000     
  0.79200000000000004        0.0000000000000000       -2.6215758398438196E-003   0.0000000000000000     
  0.98999999999999999        0.0000000000000000       -2.4538135708821449E-003   0.0000000000000000     
   1.1880000000000002        0.0000000000000000       -2.2769486204881348E-003   0.0000000000000000     
   1.3860000000000001        0.0000000000000000       -2.1055510501982325E-003   0.0000000000000000     
   1.5840000000000001        0.0000000000000000       -1.9392893127040199E-003   0.0000000000000000     
   1.7820000000000000        0.0000000000000000       -1.7771379252549595E-003   0.0000000000000000     
   1.9800000000000000        0.0000000000000000       -1.6253242547816474E-003   0.0000000000000000     
   2.1779999999999999        0.0000000000000000       -1.4936673556757995E-003   0.0000000000000000     
   2.3760000000000003        0.0000000000000000       -1.3827493004547988E-003   0.0000000000000000     
   2.5740000000000003        0.0000000000000000       -1.2852375680838537E-003   0.0000000000000000     
   2.7720000000000002        0.0000000000000000       -1.1962207980695892E-003   0.0000000000000000     
   2.9700000000000002        0.0000000000000000       -1.1169812043429217E-003   0.0000000000000000     
   3.1680000000000001        0.0000000000000000       -1.0446316076996979E-003   0.0000000000000000     
   3.3660000000000001        0.0000000000000000       -9.6984249682440828E-004   0.0000000000000000     
   3.5640000000000001        0.0000000000000000       -8.9179919267281030E-004   0.0000000000000000     
   3.7620000000000000        0.0000000000000000       -8.1545572331181580E-004   0.0000000000000000     
   3.9600000000000000        0.0000000000000000       -7.4413244648911087E-004   0.0000000000000000     
   4.1580000000000004        0.0000000000000000       -6.7911572276848861E-004   0.0000000000000000     
   4.3559999999999999        0.0000000000000000       -6.2053333511592637E-004   0.0000000000000000     
   4.5540000000000003        0.0000000000000000       -5.6800100789827161E-004   0.0000000000000000     
   4.7520000000000007        0.0000000000000000       -5.2095587053002158E-004   0.0000000000000000     
   4.9500000000000002        0.0000000000000000       -4.7880619987653413E-004   0.0000000000000000     
   5.1480000000000006        0.0000000000000000       -4.4099258511338523E-004   0.0000000000000000     
   5.3460000000000001        0.0000000000000000       -4.0700889954978047E-004   0.0000000000000000     
   5.5440000000000005        0.0000000000000000       -3.7640647041833523E-004   0.0000000000000000     
   5.7420000000000000        0.0000000000000000       -3.4879109425921479E-004   0.0000000000000000     
   5.9400000000000004        0.0000000000000000       -3.2381792367437907E-004   0.0000000000000000     
   6.1379999999999999        0.0000000000000000       -3.0118562740033273E-004   0.0000000000000000     
   6.3360000000000003        0.0000000000000000       -2.8063099268171762E-004   0.0000000000000000     
   6.5340000000000007        0.0000000000000000       -2.6192385543594783E-004   0.0000000000000000     
   6.7320000000000002        0.0000000000000000       -2.4486284457913779E-004   0.0000000000000000     
   6.9300000000000006        0.0000000000000000       -2.2927144594747856E-004   0.0000000000000000     
   7.1280000000000001        0.0000000000000000       -2.1499480639024370E-004   0.0000000000000000     
   7.3260000000000005        0.0000000000000000       -2.0189678878989871E-004   0.0000000000000000     
   7.5240000000000000        0.0000000000000000       -1.8985756211125856E-004   0.0000000000000000     
   7.7220000000000004        0.0000000000000000       -1.7877146348569854E-004   0.0000000000000000     
   7.9199999999999999        0.0000000000000000       -1.6854513145592496E-004   0.0000000000000000     
   8.1180000000000003        0.0000000000000000       -1.5909596465329704E-004   0.0000000000000000     
   8.3160000000000007        0.0000000000000000       -1.5035070861258045E-004   0.0000000000000000     
   8.5140000000000011        0.0000000000000000       -1.4224429853886377E-004   0.0000000000000000     
   8.7119999999999997        0.0000000000000000       -1.3471882611174664E-004   0.0000000000000000     
   8.9100000000000001        0.0000000000000000       -1.2772264784857148E-004   0.0000000000000000     
   9.1080000000000005        0.0000000000000000       -1.2120962150247107E-004   0.0000000000000000     
   9.3060000000000009        0.0000000000000000       -1.1513843313021502E-004   0.0000000000000000     
   9.5040000000000013        0.0000000000000000       -1.0947202991268477E-004   0.0000000000000000     
   9.7020000000000000        0.0000000000000000       -1.0417710525756628E-004   0.0000000000000000     
   9.9000000000000004        0.0000000000000000       -9.9223678365053484E-005   0.0000000000000000     
   10.098000000000001        0.0000000000000000       -9.4584693611141912E-005   0.0000000000000000     
   10.296000000000001        0.0000000000000000       -9.0235701529961976E-005   0.0000000000000000     
   10.494000000000000        0.0000000000000000       -8.6154564752630012E-005   0.0000000000000000     
   10.692000000000000        0.0000000000000000       -8.2321203518046301E-005   0.0000000000000000     
   10.890000000000001        0.0000000000000000       -7.8717384201057198E-005   0.0000000000000000     
   11.088000000000001        0.0000000000000000       -7.5326500498584868E-005   0.0000000000000000     
   11.286000000000001        0.0000000000000000       -7.2133432249770084E-005   0.0000000000000000     
   11.484000000000000        0.0000000000000000       -6.9124363941098433E-005   0.0000000000000000     
   11.682000000000000        0.0000000000000000       -6.6286677665777574E-005   0.0000000000000000     
   11.880000000000001        0.0000000000000000       -6.3608822360244644E-005   0.0000000000000000     
   12.078000000000001        0.0000000000000000       -6.1080204057370141E-005   0.0000000000000000     
   12.276000000000000        0.0000000000000000       -5.8691109828261405E-005   0.0000000000000000     
   12.474000000000000        0.0000000000000000       -5.6432613431376656E-005   0.0000000000000000     
   12.672000000000001        0.0000000000000000       -5.4296503214192697E-005   0.0000000000000000     
   12.870000000000001        0.0000000000000000       -5.2275222541767454E-005   0.0000000000000000     
   13.068000000000001        0.0000000000000000       -5.0361803043651156E-005   0.0000000000000000     
   13.266000000000000        0.0000000000000000       -4.8549816685809561E-005   0.0000000000000000     
   13.464000000000000        0.0000000000000000       -4.6833327820648723E-005   0.0000000000000000     
   13.662000000000001        0.0000000000000000       -4.5206847585320635E-005   0.0000000000000000     
   13.860000000000001        0.0000000000000000       -4.3665292748390683E-005   0.0000000000000000     
   14.058000000000000        0.0000000000000000       -4.2203949418469179E-005   0.0000000000000000     
   14.256000000000000        0.0000000000000000       -4.0818433301236974E-005   0.0000000000000000     
   14.454000000000001        0.0000000000000000       -3.9504663618421072E-005   0.0000000000000000     
   14.652000000000001        0.0000000000000000       -3.8258817825778417E-005   0.0000000000000000     
   14.850000000000001        0.0000000000000000       -3.7077306648926294E-005   0.0000000000000000     
   15.048000000000000        0.0000000000000000       -3.5956726485928313E-005   0.0000000000000000     
   15.246000000000000        0.0000000000000000       -3.4893830863248387E-005   0.0000000000000000     
   15.444000000000001        0.0000000000000000       -3.3885478336261793E-005   0.0000000000000000     
   15.642000000000001        0.0000000000000000       -3.2928590898058369E-005   0.0000000000000000     
   15.840000000000000        0.0000000000000000       -3.2020093294371138E-005   0.0000000000000000     
   16.038000000000000        0.0000000000000000       -3.1156853060421304E-005   0.0000000000000000     
   16.236000000000001        0.0000000000000000       -3.0335617900535310E-005   0.0000000000000000     
   16.434000000000001        0.0000000000000000       -2.9552929635188881E-005   0.0000000000000000     
   16.632000000000001        0.0000000000000000       -2.8805050082172644E-005   0.0000000000000000     
   16.830000000000002        0.0000000000000000       -2.8086209465231915E-005   0.0000000000000000     
   17.028000000000002        0.0000000000000000       -2.7394334157828407E-005   0.0000000000000000     
   17.225999999999999        0.0000000000000000       -2.6723709585152008E-005   0.0000000000000000     
   17.423999999999999        0.0000000000000000       -2.6065559200622174E-005   0.0000000000000000     
   17.622000000000000        0.0000000000000000       -2.5416218812944884E-005   0.0000000000000000     
   17.820000000000000        0.0000000000000000       -2.4769846748687225E-005   0.0000000000000000     
   18.018000000000001        0.0000000000000000       -2.4121176034765075E-005   0.0000000000000000     
   18.216000000000001        0.0000000000000000       -2.3461033328261793E-005   0.0000000000000000     
   18.414000000000001        0.0000000000000000       -2.2777137751502309E-005   0.0000000000000000     
   18.612000000000002        0.0000000000000000       -2.2043306846726524E-005   0.0000000000000000     
   18.810000000000002        0.0000000000000000       -2.1197862846815638E-005   0.0000000000000000     
   19.008000000000003        0.0000000000000000       -2.0083193133148062E-005   0.0000000000000000     
   19.206000000000000        0.0000000000000000       -1.8334927568086322E-005   0.0000000000000000     
   19.404000000000000        0.0000000000000000       -1.5184787663897246E-005   0.0000000000000000     
   19.602000000000000        0.0000000000000000       -9.4839881768469114E-006   0.0000000000000000     
