  -19.602000000000000        0.0000000000000000        4.3328007056203079E-002   0.0000000000000000     
  -19.404000000000000        0.0000000000000000        4.4935227059548478E-002   0.0000000000000000     
  -19.206000000000000        0.0000000000000000        4.6732824361482322E-002   0.0000000000000000     
  -19.008000000000003        0.0000000000000000        4.8569255617370272E-002   0.0000000000000000     
  -18.810000000000002        0.0000000000000000        5.0384747551343971E-002   0.0000000000000000     
  -18.612000000000002        0.0000000000000000        5.2163920444491918E-002   0.0000000000000000     
  -18.414000000000001        0.0000000000000000        5.3905891837001847E-002   0.0000000000000000     
  -18.216000000000001        0.0000000000000000        5.5617177797025637E-002   0.0000000000000000     
  -18.018000000000001        0.0000000000000000        5.7303905105175842E-002   0.0000000000000000     
  -17.820000000000000        0.0000000000000000        5.8971990235946167E-002   0.0000000000000000     
  -17.622000000000000        0.0000000000000000        6.0620663374554899E-002   0.0000000000000000     
  -17.423999999999999        0.0000000000000000        6.2261747824814105E-002   0.0000000000000000     
  -17.225999999999999        0.0000000000000000        6.3896364786749968E-002   0.0000000000000000     
  -17.028000000000002        0.0000000000000000        6.5531586120687768E-002   0.0000000000000000     
  -16.830000000000002        0.0000000000000000        6.7170626413170051E-002   0.0000000000000000     
  -16.632000000000001        0.0000000000000000        6.8816376267231874E-002   0.0000000000000000     
  -16.434000000000001        0.0000000000000000        7.0471438523426536E-002   0.0000000000000000     
  -16.236000000000001        0.0000000000000000        7.2136883235804097E-002   0.0000000000000000     
  -16.038000000000000        0.0000000000000000        7.3816225348159237E-002   0.0000000000000000     
  -15.840000000000000        0.0000000000000000        7.5511538012787052E-002   0.0000000000000000     
  -15.642000000000001        0.0000000000000000        7.7224797340309348E-002   0.0000000000000000     
  -15.444000000000001        0.0000000000000000        7.8957908503589788E-002   0.0000000000000000     
  -15.246000000000000        0.0000000000000000        8.0712728198899228E-002   0.0000000000000000     
  -15.048000000000000        0.0000000000000000        8.2491080883435985E-002   0.0000000000000000     
  -14.850000000000001        0.0000000000000000        8.4294776310667605E-002   0.0000000000000000     
  -14.652000000000001        0.0000000000000000        8.6125620443832068E-002   0.0000000000000000     
  -14.454000000000001        0.0000000000000000        8.7985426162967603E-002   0.0000000000000000     
  -14.256000000000000        0.0000000000000000        8.9876027821163468E-002   0.0000000000000000     
  -14.058000000000000        0.0000000000000000        9.1799283176544733E-002   0.0000000000000000     
  -13.860000000000001        0.0000000000000000        9.3757087683059737E-002   0.0000000000000000     
  -13.662000000000001        0.0000000000000000        9.5751470617778986E-002   0.0000000000000000     
  -13.464000000000000        0.0000000000000000        9.7784327331414955E-002   0.0000000000000000     
  -13.266000000000000        0.0000000000000000        9.9857706951812009E-002   0.0000000000000000     
  -13.068000000000001        0.0000000000000000       0.10197372121196704        0.0000000000000000     
  -12.870000000000001        0.0000000000000000       0.10413455585021376        0.0000000000000000     
  -12.672000000000001        0.0000000000000000       0.10634247555079433        0.0000000000000000     
  -12.474000000000000        0.0000000000000000       0.10859983226171696        0.0000000000000000     
  -12.276000000000000        0.0000000000000000       0.11090907336513403        0.0000000000000000     
  -12.078000000000001        0.0000000000000000       0.11327274795997912        0.0000000000000000     
  -11.880000000000001        0.0000000000000000       0.11569351590247563        0.0000000000000000     
  -11.682000000000000        0.0000000000000000       0.11817415599126263        0.0000000000000000     
  -11.484000000000000        0.0000000000000000       0.12071757624673328        0.0000000000000000     
  -11.286000000000001        0.0000000000000000       0.12332682121128220        0.0000000000000000     
  -11.088000000000001        0.0000000000000000       0.12600508448508399        0.0000000000000000     
  -10.890000000000001        0.0000000000000000       0.12875571649827591        0.0000000000000000     
  -10.692000000000000        0.0000000000000000       0.13158223595538618        0.0000000000000000     
  -10.494000000000000        0.0000000000000000       0.13448834490776404        0.0000000000000000     
  -10.296000000000001        0.0000000000000000       0.13747793676173015        0.0000000000000000     
  -10.098000000000001        0.0000000000000000       0.14055511241286070        0.0000000000000000     
  -9.9000000000000004        0.0000000000000000       0.14372419021561847        0.0000000000000000     
  -9.7020000000000000        0.0000000000000000       0.14698972934414445        0.0000000000000000     
  -9.5040000000000013        0.0000000000000000       0.15035653206344626        0.0000000000000000     
  -9.3060000000000009        0.0000000000000000       0.15382967043797999        0.0000000000000000     
  -9.1080000000000005        0.0000000000000000       0.15741449945734778        0.0000000000000000     
  -8.9100000000000001        0.0000000000000000       0.16111667454214385        0.0000000000000000     
  -8.7119999999999997        0.0000000000000000       0.16494216820916566        0.0000000000000000     
  -8.5140000000000011        0.0000000000000000       0.16889729113152185        0.0000000000000000     
  -8.3160000000000007        0.0000000000000000       0.17298871041137295        0.0000000000000000     
  -8.1180000000000003        0.0000000000000000       0.17722346647373613        0.0000000000000000     
  -7.9199999999999999        0.0000000000000000       0.18160899592584617        0.0000000000000000     
  -7.7220000000000004        0.0000000000000000       0.18615314651160164        0.0000000000000000     
  -7.5240000000000000        0.0000000000000000       0.19086420171856067        0.0000000000000000     
  -7.3260000000000005        0.0000000000000000       0.19575089478851687        0.0000000000000000     
  -7.1280000000000001        0.0000000000000000       0.20082243991683982        0.0000000000000000     
  -6.9300000000000006        0.0000000000000000       0.20608856806055736        0.0000000000000000     
  -6.7320000000000002        0.0000000000000000       0.21155959908544794        0.0000000000000000     
  -6.5340000000000007        0.0000000000000000       0.21724662919805057        0.0000000000000000     
  -6.3360000000000003        0.0000000000000000       0.22316198906937573        0.0000000000000000     
  -6.1379999999999999        0.0000000000000000       0.22932051156343436        0.0000000000000000     
  -5.9400000000000004        0.0000000000000000       0.23574150906456712        0.0000000000000000     
  -5.7420000000000000        0.0000000000000000       0.24243850151308785        0.0000000000000000     
  -5.5440000000000005        0.0000000000000000       0.24940863246964490        0.0000000000000000     
  -5.3460000000000001        0.0000000000000000       0.25666345539620122        0.0000000000000000     
  -5.1480000000000006        0.0000000000000000       0.26422166043976791        0.0000000000000000     
  -4.9500000000000002        0.0000000000000000       0.27209902563808674        0.0000000000000000     
  -4.7520000000000007        0.0000000000000000       0.28030924836251137        0.0000000000000000     
  -4.5540000000000003        0.0000000000000000       0.28886430617329489        0.0000000000000000     
  -4.3559999999999999        0.0000000000000000       0.29777394438461863        0.0000000000000000     
  -4.1580000000000004        0.0000000000000000       0.30704436512449762        0.0000000000000000     
  -3.9600000000000000        0.0000000000000000       0.31667581536988970        0.0000000000000000     
  -3.7620000000000000        0.0000000000000000       0.32665785654856844        0.0000000000000000     
  -3.5640000000000001        0.0000000000000000       0.33695978800813770        0.0000000000000000     
  -3.3660000000000001        0.0000000000000000       0.34751636010729553        0.0000000000000000     
  -3.1680000000000001        0.0000000000000000       0.35826651038334190        0.0000000000000000     
  -2.9700000000000002        0.0000000000000000       0.36916859475898550        0.0000000000000000     
  -2.7720000000000002        0.0000000000000000       0.38016227226456906        0.0000000000000000     
  -2.5740000000000003        0.0000000000000000       0.39131861368498005        0.0000000000000000     
  -2.3760000000000003        0.0000000000000000       0.40249743803144800        0.0000000000000000     
  -2.1779999999999999        0.0000000000000000       0.41348393797797178        0.0000000000000000     
  -1.9800000000000000        0.0000000000000000       0.42417274565353941        0.0000000000000000     
  -1.7820000000000000        0.0000000000000000       0.43451330586374320        0.0000000000000000     
  -1.5840000000000001        0.0000000000000000       0.44465053512777603        0.0000000000000000     
  -1.3860000000000001        0.0000000000000000       0.45426571800315724        0.0000000000000000     
  -1.1880000000000002        0.0000000000000000       0.46275164101043598        0.0000000000000000     
 -0.98999999999999999        0.0000000000000000       0.46984453416712640        0.0000000000000000     
 -0.79200000000000004        0.0000000000000000       0.47578781252967034        0.0000000000000000     
 -0.59400000000000008        0.0000000000000000       0.48042126140151542        0.0000000000000000     
 -0.39600000000000002        0.0000000000000000       0.48321368419010269        0.0000000000000000     
 -0.19800000000000001        0.0000000000000000       0.48419084271657536        0.0000000000000000     
   0.0000000000000000        0.0000000000000000       0.48441949666527706        0.0000000000000000     
  0.19800000000000001        0.0000000000000000       0.48419084271657536        0.0000000000000000     
  0.39600000000000002        0.0000000000000000       0.48321368419010269        0.0000000000000000     
  0.59400000000000008        0.0000000000000000       0.48042126140151542        0.0000000000000000     
  0.79200000000000004        0.0000000000000000       0.47578781252967034        0.0000000000000000     
  0.98999999999999999        0.0000000000000000       0.46984453416712640        0.0000000000000000     
   1.1880000000000002        0.0000000000000000       0.46275164101043598        0.0000000000000000     
   1.3860000000000001        0.0000000000000000       0.45426571800315724        0.0000000000000000     
   1.5840000000000001        0.0000000000000000       0.44465053512777603        0.0000000000000000     
   1.7820000000000000        0.0000000000000000       0.43451330586374320        0.0000000000000000     
   1.9800000000000000        0.0000000000000000       0.42417274565353941        0.0000000000000000     
   2.1779999999999999        0.0000000000000000       0.41348393797797178        0.0000000000000000     
   2.3760000000000003        0.0000000000000000       0.40249743803144800        0.0000000000000000     
   2.5740000000000003        0.0000000000000000       0.39131861368498005        0.0000000000000000     
   2.7720000000000002        0.0000000000000000       0.38016227226456906        0.0000000000000000     
   2.9700000000000002        0.0000000000000000       0.36916859475898550        0.0000000000000000     
   3.1680000000000001        0.0000000000000000       0.35826651038334190        0.0000000000000000     
   3.3660000000000001        0.0000000000000000       0.34751636010729553        0.0000000000000000     
   3.5640000000000001        0.0000000000000000       0.33695978800813770        0.0000000000000000     
   3.7620000000000000        0.0000000000000000       0.32665785654856844        0.0000000000000000     
   3.9600000000000000        0.0000000000000000       0.31667581536988970        0.0000000000000000     
   4.1580000000000004        0.0000000000000000       0.30704436512449762        0.0000000000000000     
   4.3559999999999999        0.0000000000000000       0.29777394438461863        0.0000000000000000     
   4.5540000000000003        0.0000000000000000       0.28886430617329489        0.0000000000000000     
   4.7520000000000007        0.0000000000000000       0.28030924836251137        0.0000000000000000     
   4.9500000000000002        0.0000000000000000       0.27209902563808674        0.0000000000000000     
   5.1480000000000006        0.0000000000000000       0.26422166043976791        0.0000000000000000     
   5.3460000000000001        0.0000000000000000       0.25666345539620122        0.0000000000000000     
   5.5440000000000005        0.0000000000000000       0.24940863246964490        0.0000000000000000     
   5.7420000000000000        0.0000000000000000       0.24243850151308785        0.0000000000000000     
   5.9400000000000004        0.0000000000000000       0.23574150906456712        0.0000000000000000     
   6.1379999999999999        0.0000000000000000       0.22932051156343436        0.0000000000000000     
   6.3360000000000003        0.0000000000000000       0.22316198906937573        0.0000000000000000     
   6.5340000000000007        0.0000000000000000       0.21724662919805057        0.0000000000000000     
   6.7320000000000002        0.0000000000000000       0.21155959908544794        0.0000000000000000     
   6.9300000000000006        0.0000000000000000       0.20608856806055736        0.0000000000000000     
   7.1280000000000001        0.0000000000000000       0.20082243991683982        0.0000000000000000     
   7.3260000000000005        0.0000000000000000       0.19575089478851687        0.0000000000000000     
   7.5240000000000000        0.0000000000000000       0.19086420171856067        0.0000000000000000     
   7.7220000000000004        0.0000000000000000       0.18615314651160164        0.0000000000000000     
   7.9199999999999999        0.0000000000000000       0.18160899592584617        0.0000000000000000     
   8.1180000000000003        0.0000000000000000       0.17722346647373613        0.0000000000000000     
   8.3160000000000007        0.0000000000000000       0.17298871041137295        0.0000000000000000     
   8.5140000000000011        0.0000000000000000       0.16889729113152185        0.0000000000000000     
   8.7119999999999997        0.0000000000000000       0.16494216820916566        0.0000000000000000     
   8.9100000000000001        0.0000000000000000       0.16111667454214385        0.0000000000000000     
   9.1080000000000005        0.0000000000000000       0.15741449945734778        0.0000000000000000     
   9.3060000000000009        0.0000000000000000       0.15382967043797999        0.0000000000000000     
   9.5040000000000013        0.0000000000000000       0.15035653206344626        0.0000000000000000     
   9.7020000000000000        0.0000000000000000       0.14698972934414445        0.0000000000000000     
   9.9000000000000004        0.0000000000000000       0.14372419021561847        0.0000000000000000     
   10.098000000000001        0.0000000000000000       0.14055511241286070        0.0000000000000000     
   10.296000000000001        0.0000000000000000       0.13747793676173015        0.0000000000000000     
   10.494000000000000        0.0000000000000000       0.13448834490776404        0.0000000000000000     
   10.692000000000000        0.0000000000000000       0.13158223595538618        0.0000000000000000     
   10.890000000000001        0.0000000000000000       0.12875571649827591        0.0000000000000000     
   11.088000000000001        0.0000000000000000       0.12600508448508399        0.0000000000000000     
   11.286000000000001        0.0000000000000000       0.12332682121128220        0.0000000000000000     
   11.484000000000000        0.0000000000000000       0.12071757624673328        0.0000000000000000     
   11.682000000000000        0.0000000000000000       0.11817415599126263        0.0000000000000000     
   11.880000000000001        0.0000000000000000       0.11569351590247563        0.0000000000000000     
   12.078000000000001        0.0000000000000000       0.11327274795997912        0.0000000000000000     
   12.276000000000000        0.0000000000000000       0.11090907336513403        0.0000000000000000     
   12.474000000000000        0.0000000000000000       0.10859983226171696        0.0000000000000000     
   12.672000000000001        0.0000000000000000       0.10634247555079433        0.0000000000000000     
   12.870000000000001        0.0000000000000000       0.10413455585021376        0.0000000000000000     
   13.068000000000001        0.0000000000000000       0.10197372121196704        0.0000000000000000     
   13.266000000000000        0.0000000000000000        9.9857706951812009E-002   0.0000000000000000     
   13.464000000000000        0.0000000000000000        9.7784327331414955E-002   0.0000000000000000     
   13.662000000000001        0.0000000000000000        9.5751470617778986E-002   0.0000000000000000     
   13.860000000000001        0.0000000000000000        9.3757087683059737E-002   0.0000000000000000     
   14.058000000000000        0.0000000000000000        9.1799283176544733E-002   0.0000000000000000     
   14.256000000000000        0.0000000000000000        8.9876027821163468E-002   0.0000000000000000     
   14.454000000000001        0.0000000000000000        8.7985426162967603E-002   0.0000000000000000     
   14.652000000000001        0.0000000000000000        8.6125620443832068E-002   0.0000000000000000     
   14.850000000000001        0.0000000000000000        8.4294776310667605E-002   0.0000000000000000     
   15.048000000000000        0.0000000000000000        8.2491080883435985E-002   0.0000000000000000     
   15.246000000000000        0.0000000000000000        8.0712728198899228E-002   0.0000000000000000     
   15.444000000000001        0.0000000000000000        7.8957908503589788E-002   0.0000000000000000     
   15.642000000000001        0.0000000000000000        7.7224797340309348E-002   0.0000000000000000     
   15.840000000000000        0.0000000000000000        7.5511538012787052E-002   0.0000000000000000     
   16.038000000000000        0.0000000000000000        7.3816225348159237E-002   0.0000000000000000     
   16.236000000000001        0.0000000000000000        7.2136883235804097E-002   0.0000000000000000     
   16.434000000000001        0.0000000000000000        7.0471438523426536E-002   0.0000000000000000     
   16.632000000000001        0.0000000000000000        6.8816376267231874E-002   0.0000000000000000     
   16.830000000000002        0.0000000000000000        6.7170626413170051E-002   0.0000000000000000     
   17.028000000000002        0.0000000000000000        6.5531586120687768E-002   0.0000000000000000     
   17.225999999999999        0.0000000000000000        6.3896364786749968E-002   0.0000000000000000     
   17.423999999999999        0.0000000000000000        6.2261747824814105E-002   0.0000000000000000     
   17.622000000000000        0.0000000000000000        6.0620663374554899E-002   0.0000000000000000     
   17.820000000000000        0.0000000000000000        5.8971990235946167E-002   0.0000000000000000     
   18.018000000000001        0.0000000000000000        5.7303905105175842E-002   0.0000000000000000     
   18.216000000000001        0.0000000000000000        5.5617177797025637E-002   0.0000000000000000     
   18.414000000000001        0.0000000000000000        5.3905891837001847E-002   0.0000000000000000     
   18.612000000000002        0.0000000000000000        5.2163920444491918E-002   0.0000000000000000     
   18.810000000000002        0.0000000000000000        5.0384747551343971E-002   0.0000000000000000     
   19.008000000000003        0.0000000000000000        4.8569255617370272E-002   0.0000000000000000     
   19.206000000000000        0.0000000000000000        4.6732824361482322E-002   0.0000000000000000     
   19.404000000000000        0.0000000000000000        4.4935227059548478E-002   0.0000000000000000     
   19.602000000000000        0.0000000000000000        4.3328007056203079E-002   0.0000000000000000     
