  -19.602000000000000        0.0000000000000000        4.4142947519033617E-005   0.0000000000000000     
  -19.404000000000000        0.0000000000000000        4.2781512812358051E-005   0.0000000000000000     
  -19.206000000000000        0.0000000000000000        4.2311013069693340E-005   0.0000000000000000     
  -19.008000000000003        0.0000000000000000        4.4053309954598541E-005   0.0000000000000000     
  -18.810000000000002        0.0000000000000000        4.7530715321756873E-005   0.0000000000000000     
  -18.612000000000002        0.0000000000000000        5.2028859326371078E-005   0.0000000000000000     
  -18.414000000000001        0.0000000000000000        5.7066611726489700E-005   0.0000000000000000     
  -18.216000000000001        0.0000000000000000        6.2310533769741438E-005   0.0000000000000000     
  -18.018000000000001        0.0000000000000000        6.7602932499343985E-005   0.0000000000000000     
  -17.820000000000000        0.0000000000000000        7.2823008327759520E-005   0.0000000000000000     
  -17.622000000000000        0.0000000000000000        7.7954725115303487E-005   0.0000000000000000     
  -17.423999999999999        0.0000000000000000        8.2966175935631384E-005   0.0000000000000000     
  -17.225999999999999        0.0000000000000000        8.7884043605119326E-005   0.0000000000000000     
  -17.028000000000002        0.0000000000000000        9.2725313361872479E-005   0.0000000000000000     
  -16.830000000000002        0.0000000000000000        9.7511104420834848E-005   0.0000000000000000     
  -16.632000000000001        0.0000000000000000        1.0226933922038225E-004   0.0000000000000000     
  -16.434000000000001        0.0000000000000000        1.0702022579834407E-004   0.0000000000000000     
  -16.236000000000001        0.0000000000000000        1.1178808948430191E-004   0.0000000000000000     
  -16.038000000000000        0.0000000000000000        1.1659659403731366E-004   0.0000000000000000     
  -15.840000000000000        0.0000000000000000        1.2146859222185349E-004   0.0000000000000000     
  -15.642000000000001        0.0000000000000000        1.2642612935078259E-004   0.0000000000000000     
  -15.444000000000001        0.0000000000000000        1.3149052882072154E-004   0.0000000000000000     
  -15.246000000000000        0.0000000000000000        1.3668252132965669E-004   0.0000000000000000     
  -15.048000000000000        0.0000000000000000        1.4202241810803317E-004   0.0000000000000000     
  -14.850000000000001        0.0000000000000000        1.4753025188865324E-004   0.0000000000000000     
  -14.652000000000001        0.0000000000000000        1.5322597929526448E-004   0.0000000000000000     
  -14.454000000000001        0.0000000000000000        1.5912962697568940E-004   0.0000000000000000     
  -14.256000000000000        0.0000000000000000        1.6526147073066841E-004   0.0000000000000000     
  -14.058000000000000        0.0000000000000000        1.7164219518516925E-004   0.0000000000000000     
  -13.860000000000001        0.0000000000000000        1.7829305515016915E-004   0.0000000000000000     
  -13.662000000000001        0.0000000000000000        1.8523603708435273E-004   0.0000000000000000     
  -13.464000000000000        0.0000000000000000        1.9249400803479400E-004   0.0000000000000000     
  -13.266000000000000        0.0000000000000000        2.0009088028533602E-004   0.0000000000000000     
  -13.068000000000001        0.0000000000000000        2.0805175729557120E-004   0.0000000000000000     
  -12.870000000000001        0.0000000000000000        2.1640311387913992E-004   0.0000000000000000     
  -12.672000000000001        0.0000000000000000        2.2517293187661401E-004   0.0000000000000000     
  -12.474000000000000        0.0000000000000000        2.3439088427423666E-004   0.0000000000000000     
  -12.276000000000000        0.0000000000000000        2.4408850296264028E-004   0.0000000000000000     
  -12.078000000000001        0.0000000000000000        2.5429935266195182E-004   0.0000000000000000     
  -11.880000000000001        0.0000000000000000        2.6505920778416850E-004   0.0000000000000000     
  -11.682000000000000        0.0000000000000000        2.7640625751763789E-004   0.0000000000000000     
  -11.484000000000000        0.0000000000000000        2.8838127459014109E-004   0.0000000000000000     
  -11.286000000000001        0.0000000000000000        3.0102784519395469E-004   0.0000000000000000     
  -11.088000000000001        0.0000000000000000        3.1439253658804248E-004   0.0000000000000000     
  -10.890000000000001        0.0000000000000000        3.2852513130244903E-004   0.0000000000000000     
  -10.692000000000000        0.0000000000000000        3.4347882376196547E-004   0.0000000000000000     
  -10.494000000000000        0.0000000000000000        3.5931041799437181E-004   0.0000000000000000     
  -10.296000000000001        0.0000000000000000        3.7608052824820060E-004   0.0000000000000000     
  -10.098000000000001        0.0000000000000000        3.9385375733707505E-004   0.0000000000000000     
  -9.9000000000000004        0.0000000000000000        4.1269885773350106E-004   0.0000000000000000     
  -9.7020000000000000        0.0000000000000000        4.3268885630162794E-004   0.0000000000000000     
  -9.5040000000000013        0.0000000000000000        4.5390114426222000E-004   0.0000000000000000     
  -9.3060000000000009        0.0000000000000000        4.7641749311070014E-004   0.0000000000000000     
  -9.1080000000000005        0.0000000000000000        5.0032398607953053E-004   0.0000000000000000     
  -8.9100000000000001        0.0000000000000000        5.2571085420408386E-004   0.0000000000000000     
  -8.7119999999999997        0.0000000000000000        5.5267215836187281E-004   0.0000000000000000     
  -8.5140000000000011        0.0000000000000000        5.8130528519742531E-004   0.0000000000000000     
  -8.3160000000000007        0.0000000000000000        6.1171018086350528E-004   0.0000000000000000     
  -8.1180000000000003        0.0000000000000000        6.4398831135224581E-004   0.0000000000000000     
  -7.9199999999999999        0.0000000000000000        6.7824117217625839E-004   0.0000000000000000     
  -7.7220000000000004        0.0000000000000000        7.1456834960270936E-004   0.0000000000000000     
  -7.5240000000000000        0.0000000000000000        7.5306488213092387E-004   0.0000000000000000     
  -7.3260000000000005        0.0000000000000000        7.9381781730798230E-004   0.0000000000000000     
  -7.1280000000000001        0.0000000000000000        8.3690172409376859E-004   0.0000000000000000     
  -6.9300000000000006        0.0000000000000000        8.8237294256508813E-004   0.0000000000000000     
  -6.7320000000000002        0.0000000000000000        9.3026210009399977E-004   0.0000000000000000     
  -6.5340000000000007        0.0000000000000000        9.8056456349813461E-004   0.0000000000000000     
  -6.3360000000000003        0.0000000000000000        1.0332283324852010E-003   0.0000000000000000     
  -6.1379999999999999        0.0000000000000000        1.0881385144214479E-003   0.0000000000000000     
  -5.9400000000000004        0.0000000000000000        1.1450977778097867E-003   0.0000000000000000     
  -5.7420000000000000        0.0000000000000000        1.2038014352793015E-003   0.0000000000000000     
  -5.5440000000000005        0.0000000000000000        1.2638061932998981E-003   0.0000000000000000     
  -5.3460000000000001        0.0000000000000000        1.3244906221436109E-003   0.0000000000000000     
  -5.1480000000000006        0.0000000000000000        1.3850056610689558E-003   0.0000000000000000     
  -4.9500000000000002        0.0000000000000000        1.4442124634022788E-003   0.0000000000000000     
  -4.7520000000000007        0.0000000000000000        1.5006050719902810E-003   0.0000000000000000     
  -4.5540000000000003        0.0000000000000000        1.5522144132421819E-003   0.0000000000000000     
  -4.3559999999999999        0.0000000000000000        1.5964897708943438E-003   0.0000000000000000     
  -4.1580000000000004        0.0000000000000000        1.6301536322984151E-003   0.0000000000000000     
  -3.9600000000000000        0.0000000000000000        1.6490243418888835E-003   0.0000000000000000     
  -3.7620000000000000        0.0000000000000000        1.6477971550763336E-003   0.0000000000000000     
  -3.5640000000000001        0.0000000000000000        1.6197582954434731E-003   0.0000000000000000     
  -3.3660000000000001        0.0000000000000000        1.5563465595516946E-003   0.0000000000000000     
  -3.1680000000000001        0.0000000000000000        1.4463200765164204E-003   0.0000000000000000     
  -2.9700000000000002        0.0000000000000000        1.2747422683355898E-003   0.0000000000000000     
  -2.7720000000000002        0.0000000000000000        1.0298244683036874E-003   0.0000000000000000     
  -2.5740000000000003        0.0000000000000000        7.0892046431430774E-004   0.0000000000000000     
  -2.3760000000000003        0.0000000000000000        2.9953656667637134E-004   0.0000000000000000     
  -2.1779999999999999        0.0000000000000000       -2.1803115512894223E-004   0.0000000000000000     
  -1.9800000000000000        0.0000000000000000       -8.6735129308865809E-004   0.0000000000000000     
  -1.7820000000000000        0.0000000000000000       -1.6630348075657576E-003   0.0000000000000000     
  -1.5840000000000001        0.0000000000000000       -2.6109412419495054E-003   0.0000000000000000     
  -1.3860000000000001        0.0000000000000000       -3.7473598925617385E-003   0.0000000000000000     
  -1.1880000000000002        0.0000000000000000       -5.1118279946215017E-003   0.0000000000000000     
 -0.98999999999999999        0.0000000000000000       -6.6734862639124693E-003   0.0000000000000000     
 -0.79200000000000004        0.0000000000000000       -8.3373708508317889E-003   0.0000000000000000     
 -0.59400000000000008        0.0000000000000000       -9.9758068989851227E-003   0.0000000000000000     
 -0.39600000000000002        0.0000000000000000       -1.1393161629025095E-002   0.0000000000000000     
 -0.19800000000000001        0.0000000000000000       -1.2381646952356662E-002   0.0000000000000000     
   0.0000000000000000        0.0000000000000000       -1.2745838006552266E-002   0.0000000000000000     
  0.19800000000000001        0.0000000000000000       -1.2381646952356662E-002   0.0000000000000000     
  0.39600000000000002        0.0000000000000000       -1.1393161629025095E-002   0.0000000000000000     
  0.59400000000000008        0.0000000000000000       -9.9758068989851227E-003   0.0000000000000000     
  0.79200000000000004        0.0000000000000000       -8.3373708508317889E-003   0.0000000000000000     
  0.98999999999999999        0.0000000000000000       -6.6734862639124693E-003   0.0000000000000000     
   1.1880000000000002        0.0000000000000000       -5.1118279946215017E-003   0.0000000000000000     
   1.3860000000000001        0.0000000000000000       -3.7473598925617385E-003   0.0000000000000000     
   1.5840000000000001        0.0000000000000000       -2.6109412419495054E-003   0.0000000000000000     
   1.7820000000000000        0.0000000000000000       -1.6630348075657576E-003   0.0000000000000000     
   1.9800000000000000        0.0000000000000000       -8.6735129308865809E-004   0.0000000000000000     
   2.1779999999999999        0.0000000000000000       -2.1803115512894223E-004   0.0000000000000000     
   2.3760000000000003        0.0000000000000000        2.9953656667637134E-004   0.0000000000000000     
   2.5740000000000003        0.0000000000000000        7.0892046431430774E-004   0.0000000000000000     
   2.7720000000000002        0.0000000000000000        1.0298244683036874E-003   0.0000000000000000     
   2.9700000000000002        0.0000000000000000        1.2747422683355898E-003   0.0000000000000000     
   3.1680000000000001        0.0000000000000000        1.4463200765164204E-003   0.0000000000000000     
   3.3660000000000001        0.0000000000000000        1.5563465595516946E-003   0.0000000000000000     
   3.5640000000000001        0.0000000000000000        1.6197582954434731E-003   0.0000000000000000     
   3.7620000000000000        0.0000000000000000        1.6477971550763336E-003   0.0000000000000000     
   3.9600000000000000        0.0000000000000000        1.6490243418888835E-003   0.0000000000000000     
   4.1580000000000004        0.0000000000000000        1.6301536322984151E-003   0.0000000000000000     
   4.3559999999999999        0.0000000000000000        1.5964897708943438E-003   0.0000000000000000     
   4.5540000000000003        0.0000000000000000        1.5522144132421819E-003   0.0000000000000000     
   4.7520000000000007        0.0000000000000000        1.5006050719902810E-003   0.0000000000000000     
   4.9500000000000002        0.0000000000000000        1.4442124634022788E-003   0.0000000000000000     
   5.1480000000000006        0.0000000000000000        1.3850056610689558E-003   0.0000000000000000     
   5.3460000000000001        0.0000000000000000        1.3244906221436109E-003   0.0000000000000000     
   5.5440000000000005        0.0000000000000000        1.2638061932998981E-003   0.0000000000000000     
   5.7420000000000000        0.0000000000000000        1.2038014352793015E-003   0.0000000000000000     
   5.9400000000000004        0.0000000000000000        1.1450977778097867E-003   0.0000000000000000     
   6.1379999999999999        0.0000000000000000        1.0881385144214479E-003   0.0000000000000000     
   6.3360000000000003        0.0000000000000000        1.0332283324852010E-003   0.0000000000000000     
   6.5340000000000007        0.0000000000000000        9.8056456349813461E-004   0.0000000000000000     
   6.7320000000000002        0.0000000000000000        9.3026210009399977E-004   0.0000000000000000     
   6.9300000000000006        0.0000000000000000        8.8237294256508813E-004   0.0000000000000000     
   7.1280000000000001        0.0000000000000000        8.3690172409376859E-004   0.0000000000000000     
   7.3260000000000005        0.0000000000000000        7.9381781730798230E-004   0.0000000000000000     
   7.5240000000000000        0.0000000000000000        7.5306488213092387E-004   0.0000000000000000     
   7.7220000000000004        0.0000000000000000        7.1456834960270936E-004   0.0000000000000000     
   7.9199999999999999        0.0000000000000000        6.7824117217625839E-004   0.0000000000000000     
   8.1180000000000003        0.0000000000000000        6.4398831135224581E-004   0.0000000000000000     
   8.3160000000000007        0.0000000000000000        6.1171018086350528E-004   0.0000000000000000     
   8.5140000000000011        0.0000000000000000        5.8130528519742531E-004   0.0000000000000000     
   8.7119999999999997        0.0000000000000000        5.5267215836187281E-004   0.0000000000000000     
   8.9100000000000001        0.0000000000000000        5.2571085420408386E-004   0.0000000000000000     
   9.1080000000000005        0.0000000000000000        5.0032398607953053E-004   0.0000000000000000     
   9.3060000000000009        0.0000000000000000        4.7641749311070014E-004   0.0000000000000000     
   9.5040000000000013        0.0000000000000000        4.5390114426222000E-004   0.0000000000000000     
   9.7020000000000000        0.0000000000000000        4.3268885630162794E-004   0.0000000000000000     
   9.9000000000000004        0.0000000000000000        4.1269885773350106E-004   0.0000000000000000     
   10.098000000000001        0.0000000000000000        3.9385375733707505E-004   0.0000000000000000     
   10.296000000000001        0.0000000000000000        3.7608052824820060E-004   0.0000000000000000     
   10.494000000000000        0.0000000000000000        3.5931041799437181E-004   0.0000000000000000     
   10.692000000000000        0.0000000000000000        3.4347882376196547E-004   0.0000000000000000     
   10.890000000000001        0.0000000000000000        3.2852513130244903E-004   0.0000000000000000     
   11.088000000000001        0.0000000000000000        3.1439253658804248E-004   0.0000000000000000     
   11.286000000000001        0.0000000000000000        3.0102784519395469E-004   0.0000000000000000     
   11.484000000000000        0.0000000000000000        2.8838127459014109E-004   0.0000000000000000     
   11.682000000000000        0.0000000000000000        2.7640625751763789E-004   0.0000000000000000     
   11.880000000000001        0.0000000000000000        2.6505920778416850E-004   0.0000000000000000     
   12.078000000000001        0.0000000000000000        2.5429935266195182E-004   0.0000000000000000     
   12.276000000000000        0.0000000000000000        2.4408850296264028E-004   0.0000000000000000     
   12.474000000000000        0.0000000000000000        2.3439088427423666E-004   0.0000000000000000     
   12.672000000000001        0.0000000000000000        2.2517293187661401E-004   0.0000000000000000     
   12.870000000000001        0.0000000000000000        2.1640311387913992E-004   0.0000000000000000     
   13.068000000000001        0.0000000000000000        2.0805175729557120E-004   0.0000000000000000     
   13.266000000000000        0.0000000000000000        2.0009088028533602E-004   0.0000000000000000     
   13.464000000000000        0.0000000000000000        1.9249400803479400E-004   0.0000000000000000     
   13.662000000000001        0.0000000000000000        1.8523603708435273E-004   0.0000000000000000     
   13.860000000000001        0.0000000000000000        1.7829305515016915E-004   0.0000000000000000     
   14.058000000000000        0.0000000000000000        1.7164219518516925E-004   0.0000000000000000     
   14.256000000000000        0.0000000000000000        1.6526147073066841E-004   0.0000000000000000     
   14.454000000000001        0.0000000000000000        1.5912962697568940E-004   0.0000000000000000     
   14.652000000000001        0.0000000000000000        1.5322597929526448E-004   0.0000000000000000     
   14.850000000000001        0.0000000000000000        1.4753025188865324E-004   0.0000000000000000     
   15.048000000000000        0.0000000000000000        1.4202241810803317E-004   0.0000000000000000     
   15.246000000000000        0.0000000000000000        1.3668252132965669E-004   0.0000000000000000     
   15.444000000000001        0.0000000000000000        1.3149052882072154E-004   0.0000000000000000     
   15.642000000000001        0.0000000000000000        1.2642612935078259E-004   0.0000000000000000     
   15.840000000000000        0.0000000000000000        1.2146859222185349E-004   0.0000000000000000     
   16.038000000000000        0.0000000000000000        1.1659659403731366E-004   0.0000000000000000     
   16.236000000000001        0.0000000000000000        1.1178808948430191E-004   0.0000000000000000     
   16.434000000000001        0.0000000000000000        1.0702022579834407E-004   0.0000000000000000     
   16.632000000000001        0.0000000000000000        1.0226933922038225E-004   0.0000000000000000     
   16.830000000000002        0.0000000000000000        9.7511104420834848E-005   0.0000000000000000     
   17.028000000000002        0.0000000000000000        9.2725313361872479E-005   0.0000000000000000     
   17.225999999999999        0.0000000000000000        8.7884043605119326E-005   0.0000000000000000     
   17.423999999999999        0.0000000000000000        8.2966175935631384E-005   0.0000000000000000     
   17.622000000000000        0.0000000000000000        7.7954725115303487E-005   0.0000000000000000     
   17.820000000000000        0.0000000000000000        7.2823008327759520E-005   0.0000000000000000     
   18.018000000000001        0.0000000000000000        6.7602932499343985E-005   0.0000000000000000     
   18.216000000000001        0.0000000000000000        6.2310533769741438E-005   0.0000000000000000     
   18.414000000000001        0.0000000000000000        5.7066611726489700E-005   0.0000000000000000     
   18.612000000000002        0.0000000000000000        5.2028859326371078E-005   0.0000000000000000     
   18.810000000000002        0.0000000000000000        4.7530715321756873E-005   0.0000000000000000     
   19.008000000000003        0.0000000000000000        4.4053309954598541E-005   0.0000000000000000     
   19.206000000000000        0.0000000000000000        4.2311013069693340E-005   0.0000000000000000     
   19.404000000000000        0.0000000000000000        4.2781512812358051E-005   0.0000000000000000     
   19.602000000000000        0.0000000000000000        4.4142947519033617E-005   0.0000000000000000     
