  -19.602000000000000        0.0000000000000000       -1.5266052142316546E-004   0.0000000000000000     
  -19.404000000000000        0.0000000000000000       -1.7073667571191044E-004   0.0000000000000000     
  -19.206000000000000        0.0000000000000000       -1.9052528056560797E-004   0.0000000000000000     
  -19.008000000000003        0.0000000000000000       -2.0590998846563014E-004   0.0000000000000000     
  -18.810000000000002        0.0000000000000000       -2.1660075958515276E-004   0.0000000000000000     
  -18.612000000000002        0.0000000000000000       -2.2374055498284432E-004   0.0000000000000000     
  -18.414000000000001        0.0000000000000000       -2.2850104503815031E-004   0.0000000000000000     
  -18.216000000000001        0.0000000000000000       -2.3156809165394136E-004   0.0000000000000000     
  -18.018000000000001        0.0000000000000000       -2.3363280744503976E-004   0.0000000000000000     
  -17.820000000000000        0.0000000000000000       -2.3505359042227153E-004   0.0000000000000000     
  -17.622000000000000        0.0000000000000000       -2.3614350162105743E-004   0.0000000000000000     
  -17.423999999999999        0.0000000000000000       -2.3694864126544841E-004   0.0000000000000000     
  -17.225999999999999        0.0000000000000000       -2.3765731719528087E-004   0.0000000000000000     
  -17.028000000000002        0.0000000000000000       -2.3828908738576335E-004   0.0000000000000000     
  -16.830000000000002        0.0000000000000000       -2.3890301650373710E-004   0.0000000000000000     
  -16.632000000000001        0.0000000000000000       -2.3952458775862177E-004   0.0000000000000000     
  -16.434000000000001        0.0000000000000000       -2.4016051419282843E-004   0.0000000000000000     
  -16.236000000000001        0.0000000000000000       -2.4081632410500494E-004   0.0000000000000000     
  -16.038000000000000        0.0000000000000000       -2.4149224354584918E-004   0.0000000000000000     
  -15.840000000000000        0.0000000000000000       -2.4216325937333037E-004   0.0000000000000000     
  -15.642000000000001        0.0000000000000000       -2.4285091176777483E-004   0.0000000000000000     
  -15.444000000000001        0.0000000000000000       -2.4354887332326525E-004   0.0000000000000000     
  -15.246000000000000        0.0000000000000000       -2.4425063428972394E-004   0.0000000000000000     
  -15.048000000000000        0.0000000000000000       -2.4494989251750007E-004   0.0000000000000000     
  -14.850000000000001        0.0000000000000000       -2.4564083735228206E-004   0.0000000000000000     
  -14.652000000000001        0.0000000000000000       -2.4631836959811468E-004   0.0000000000000000     
  -14.454000000000001        0.0000000000000000       -2.4697833260620855E-004   0.0000000000000000     
  -14.256000000000000        0.0000000000000000       -2.4761755235299320E-004   0.0000000000000000     
  -14.058000000000000        0.0000000000000000       -2.4823416124025428E-004   0.0000000000000000     
  -13.860000000000001        0.0000000000000000       -2.4882756819861990E-004   0.0000000000000000     
  -13.662000000000001        0.0000000000000000       -2.4939873780540299E-004   0.0000000000000000     
  -13.464000000000000        0.0000000000000000       -2.4995030651131576E-004   0.0000000000000000     
  -13.266000000000000        0.0000000000000000       -2.5048683073481732E-004   0.0000000000000000     
  -13.068000000000001        0.0000000000000000       -2.5101498440432079E-004   0.0000000000000000     
  -12.870000000000001        0.0000000000000000       -2.5154384409350518E-004   0.0000000000000000     
  -12.672000000000001        0.0000000000000000       -2.5208516438825375E-004   0.0000000000000000     
  -12.474000000000000        0.0000000000000000       -2.5265373817686705E-004   0.0000000000000000     
  -12.276000000000000        0.0000000000000000       -2.5326783220499410E-004   0.0000000000000000     
  -12.078000000000001        0.0000000000000000       -2.5394964069422283E-004   0.0000000000000000     
  -11.880000000000001        0.0000000000000000       -2.5472579963313941E-004   0.0000000000000000     
  -11.682000000000000        0.0000000000000000       -2.5562802369648253E-004   0.0000000000000000     
  -11.484000000000000        0.0000000000000000       -2.5669381171933693E-004   0.0000000000000000     
  -11.286000000000001        0.0000000000000000       -2.5796730084072663E-004   0.0000000000000000     
  -11.088000000000001        0.0000000000000000       -2.5950020717971741E-004   0.0000000000000000     
  -10.890000000000001        0.0000000000000000       -2.6135279123253643E-004   0.0000000000000000     
  -10.692000000000000        0.0000000000000000       -2.6359531879047946E-004   0.0000000000000000     
  -10.494000000000000        0.0000000000000000       -2.6630933176239658E-004   0.0000000000000000     
  -10.296000000000001        0.0000000000000000       -2.6958939418526666E-004   0.0000000000000000     
  -10.098000000000001        0.0000000000000000       -2.7354496443610457E-004   0.0000000000000000     
  -9.9000000000000004        0.0000000000000000       -2.7830262840333855E-004   0.0000000000000000     
  -9.7020000000000000        0.0000000000000000       -2.8400863265309201E-004   0.0000000000000000     
  -9.5040000000000013        0.0000000000000000       -2.9083189266676008E-004   0.0000000000000000     
  -9.3060000000000009        0.0000000000000000       -2.9896720710375881E-004   0.0000000000000000     
  -9.1080000000000005        0.0000000000000000       -3.0863958197538909E-004   0.0000000000000000     
  -8.9100000000000001        0.0000000000000000       -3.2010831372568057E-004   0.0000000000000000     
  -8.7119999999999997        0.0000000000000000       -3.3367275774856824E-004   0.0000000000000000     
  -8.5140000000000011        0.0000000000000000       -3.4967816678512149E-004   0.0000000000000000     
  -8.3160000000000007        0.0000000000000000       -3.6852306297736735E-004   0.0000000000000000     
  -8.1180000000000003        0.0000000000000000       -3.9066752009556577E-004   0.0000000000000000     
  -7.9199999999999999        0.0000000000000000       -4.1664283677251158E-004   0.0000000000000000     
  -7.7220000000000004        0.0000000000000000       -4.4706288323509620E-004   0.0000000000000000     
  -7.5240000000000000        0.0000000000000000       -4.8263740487130251E-004   0.0000000000000000     
  -7.3260000000000005        0.0000000000000000       -5.2418740626528992E-004   0.0000000000000000     
  -7.1280000000000001        0.0000000000000000       -5.7266316370610732E-004   0.0000000000000000     
  -6.9300000000000006        0.0000000000000000       -6.2916525783029704E-004   0.0000000000000000     
  -6.7320000000000002        0.0000000000000000       -6.9496943912102798E-004   0.0000000000000000     
  -6.5340000000000007        0.0000000000000000       -7.7155477396880369E-004   0.0000000000000000     
  -6.3360000000000003        0.0000000000000000       -8.6063770998829280E-004   0.0000000000000000     
  -6.1379999999999999        0.0000000000000000       -9.6421045022906428E-004   0.0000000000000000     
  -5.9400000000000004        0.0000000000000000       -1.0845863516027621E-003   0.0000000000000000     
  -5.7420000000000000        0.0000000000000000       -1.2244512626803678E-003   0.0000000000000000     
  -5.5440000000000005        0.0000000000000000       -1.3869233052700256E-003   0.0000000000000000     
  -5.3460000000000001        0.0000000000000000       -1.5756195984833251E-003   0.0000000000000000     
  -5.1480000000000006        0.0000000000000000       -1.7947305079930118E-003   0.0000000000000000     
  -4.9500000000000002        0.0000000000000000       -2.0491010499046141E-003   0.0000000000000000     
  -4.7520000000000007        0.0000000000000000       -2.3443166452576372E-003   0.0000000000000000     
  -4.5540000000000003        0.0000000000000000       -2.6867927418788716E-003   0.0000000000000000     
  -4.3559999999999999        0.0000000000000000       -3.0838761134401702E-003   0.0000000000000000     
  -4.1580000000000004        0.0000000000000000       -3.5440031182827937E-003   0.0000000000000000     
  -3.9600000000000000        0.0000000000000000       -4.0770889579054897E-003   0.0000000000000000     
  -3.7620000000000000        0.0000000000000000       -4.6952667492392861E-003   0.0000000000000000     
  -3.5640000000000001        0.0000000000000000       -5.4102040466937201E-003   0.0000000000000000     
  -3.3660000000000001        0.0000000000000000       -6.2290713910775316E-003   0.0000000000000000     
  -3.1680000000000001        0.0000000000000000       -7.1615086086541848E-003   0.0000000000000000     
  -2.9700000000000002        0.0000000000000000       -8.2164968100188907E-003   0.0000000000000000     
  -2.7720000000000002        0.0000000000000000       -9.4057964191178248E-003   0.0000000000000000     
  -2.5740000000000003        0.0000000000000000       -1.0745198554496465E-002   0.0000000000000000     
  -2.3760000000000003        0.0000000000000000       -1.2249816659966918E-002   0.0000000000000000     
  -2.1779999999999999        0.0000000000000000       -1.3963253769968051E-002   0.0000000000000000     
  -1.9800000000000000        0.0000000000000000       -1.5937190237633257E-002   0.0000000000000000     
  -1.7820000000000000        0.0000000000000000       -1.8197182551954121E-002   0.0000000000000000     
  -1.5840000000000001        0.0000000000000000       -2.0765241865015476E-002   0.0000000000000000     
  -1.3860000000000001        0.0000000000000000       -2.3638750036005862E-002   0.0000000000000000     
  -1.1880000000000002        0.0000000000000000       -2.6765819262944229E-002   0.0000000000000000     
 -0.98999999999999999        0.0000000000000000       -3.0042475146358508E-002   0.0000000000000000     
 -0.79200000000000004        0.0000000000000000       -3.3330869404617387E-002   0.0000000000000000     
 -0.59400000000000008        0.0000000000000000       -3.6387303546578056E-002   0.0000000000000000     
 -0.39600000000000002        0.0000000000000000       -3.8883484268382222E-002   0.0000000000000000     
 -0.19800000000000001        0.0000000000000000       -4.0493182249649776E-002   0.0000000000000000     
   0.0000000000000000        0.0000000000000000       -4.1049693790076960E-002   0.0000000000000000     
  0.19800000000000001        0.0000000000000000       -4.0493182249649776E-002   0.0000000000000000     
  0.39600000000000002        0.0000000000000000       -3.8883484268382222E-002   0.0000000000000000     
  0.59400000000000008        0.0000000000000000       -3.6387303546578056E-002   0.0000000000000000     
  0.79200000000000004        0.0000000000000000       -3.3330869404617387E-002   0.0000000000000000     
  0.98999999999999999        0.0000000000000000       -3.0042475146358508E-002   0.0000000000000000     
   1.1880000000000002        0.0000000000000000       -2.6765819262944229E-002   0.0000000000000000     
   1.3860000000000001        0.0000000000000000       -2.3638750036005862E-002   0.0000000000000000     
   1.5840000000000001        0.0000000000000000       -2.0765241865015476E-002   0.0000000000000000     
   1.7820000000000000        0.0000000000000000       -1.8197182551954121E-002   0.0000000000000000     
   1.9800000000000000        0.0000000000000000       -1.5937190237633257E-002   0.0000000000000000     
   2.1779999999999999        0.0000000000000000       -1.3963253769968051E-002   0.0000000000000000     
   2.3760000000000003        0.0000000000000000       -1.2249816659966918E-002   0.0000000000000000     
   2.5740000000000003        0.0000000000000000       -1.0745198554496465E-002   0.0000000000000000     
   2.7720000000000002        0.0000000000000000       -9.4057964191178248E-003   0.0000000000000000     
   2.9700000000000002        0.0000000000000000       -8.2164968100188907E-003   0.0000000000000000     
   3.1680000000000001        0.0000000000000000       -7.1615086086541848E-003   0.0000000000000000     
   3.3660000000000001        0.0000000000000000       -6.2290713910775316E-003   0.0000000000000000     
   3.5640000000000001        0.0000000000000000       -5.4102040466937201E-003   0.0000000000000000     
   3.7620000000000000        0.0000000000000000       -4.6952667492392861E-003   0.0000000000000000     
   3.9600000000000000        0.0000000000000000       -4.0770889579054897E-003   0.0000000000000000     
   4.1580000000000004        0.0000000000000000       -3.5440031182827937E-003   0.0000000000000000     
   4.3559999999999999        0.0000000000000000       -3.0838761134401702E-003   0.0000000000000000     
   4.5540000000000003        0.0000000000000000       -2.6867927418788716E-003   0.0000000000000000     
   4.7520000000000007        0.0000000000000000       -2.3443166452576372E-003   0.0000000000000000     
   4.9500000000000002        0.0000000000000000       -2.0491010499046141E-003   0.0000000000000000     
   5.1480000000000006        0.0000000000000000       -1.7947305079930118E-003   0.0000000000000000     
   5.3460000000000001        0.0000000000000000       -1.5756195984833251E-003   0.0000000000000000     
   5.5440000000000005        0.0000000000000000       -1.3869233052700256E-003   0.0000000000000000     
   5.7420000000000000        0.0000000000000000       -1.2244512626803678E-003   0.0000000000000000     
   5.9400000000000004        0.0000000000000000       -1.0845863516027621E-003   0.0000000000000000     
   6.1379999999999999        0.0000000000000000       -9.6421045022906428E-004   0.0000000000000000     
   6.3360000000000003        0.0000000000000000       -8.6063770998829280E-004   0.0000000000000000     
   6.5340000000000007        0.0000000000000000       -7.7155477396880369E-004   0.0000000000000000     
   6.7320000000000002        0.0000000000000000       -6.9496943912102798E-004   0.0000000000000000     
   6.9300000000000006        0.0000000000000000       -6.2916525783029704E-004   0.0000000000000000     
   7.1280000000000001        0.0000000000000000       -5.7266316370610732E-004   0.0000000000000000     
   7.3260000000000005        0.0000000000000000       -5.2418740626528992E-004   0.0000000000000000     
   7.5240000000000000        0.0000000000000000       -4.8263740487130251E-004   0.0000000000000000     
   7.7220000000000004        0.0000000000000000       -4.4706288323509620E-004   0.0000000000000000     
   7.9199999999999999        0.0000000000000000       -4.1664283677251158E-004   0.0000000000000000     
   8.1180000000000003        0.0000000000000000       -3.9066752009556577E-004   0.0000000000000000     
   8.3160000000000007        0.0000000000000000       -3.6852306297736735E-004   0.0000000000000000     
   8.5140000000000011        0.0000000000000000       -3.4967816678512149E-004   0.0000000000000000     
   8.7119999999999997        0.0000000000000000       -3.3367275774856824E-004   0.0000000000000000     
   8.9100000000000001        0.0000000000000000       -3.2010831372568057E-004   0.0000000000000000     
   9.1080000000000005        0.0000000000000000       -3.0863958197538909E-004   0.0000000000000000     
   9.3060000000000009        0.0000000000000000       -2.9896720710375881E-004   0.0000000000000000     
   9.5040000000000013        0.0000000000000000       -2.9083189266676008E-004   0.0000000000000000     
   9.7020000000000000        0.0000000000000000       -2.8400863265309201E-004   0.0000000000000000     
   9.9000000000000004        0.0000000000000000       -2.7830262840333855E-004   0.0000000000000000     
   10.098000000000001        0.0000000000000000       -2.7354496443610457E-004   0.0000000000000000     
   10.296000000000001        0.0000000000000000       -2.6958939418526666E-004   0.0000000000000000     
   10.494000000000000        0.0000000000000000       -2.6630933176239658E-004   0.0000000000000000     
   10.692000000000000        0.0000000000000000       -2.6359531879047946E-004   0.0000000000000000     
   10.890000000000001        0.0000000000000000       -2.6135279123253643E-004   0.0000000000000000     
   11.088000000000001        0.0000000000000000       -2.5950020717971741E-004   0.0000000000000000     
   11.286000000000001        0.0000000000000000       -2.5796730084072663E-004   0.0000000000000000     
   11.484000000000000        0.0000000000000000       -2.5669381171933693E-004   0.0000000000000000     
   11.682000000000000        0.0000000000000000       -2.5562802369648253E-004   0.0000000000000000     
   11.880000000000001        0.0000000000000000       -2.5472579963313941E-004   0.0000000000000000     
   12.078000000000001        0.0000000000000000       -2.5394964069422283E-004   0.0000000000000000     
   12.276000000000000        0.0000000000000000       -2.5326783220499410E-004   0.0000000000000000     
   12.474000000000000        0.0000000000000000       -2.5265373817686705E-004   0.0000000000000000     
   12.672000000000001        0.0000000000000000       -2.5208516438825375E-004   0.0000000000000000     
   12.870000000000001        0.0000000000000000       -2.5154384409350518E-004   0.0000000000000000     
   13.068000000000001        0.0000000000000000       -2.5101498440432079E-004   0.0000000000000000     
   13.266000000000000        0.0000000000000000       -2.5048683073481732E-004   0.0000000000000000     
   13.464000000000000        0.0000000000000000       -2.4995030651131576E-004   0.0000000000000000     
   13.662000000000001        0.0000000000000000       -2.4939873780540299E-004   0.0000000000000000     
   13.860000000000001        0.0000000000000000       -2.4882756819861990E-004   0.0000000000000000     
   14.058000000000000        0.0000000000000000       -2.4823416124025428E-004   0.0000000000000000     
   14.256000000000000        0.0000000000000000       -2.4761755235299320E-004   0.0000000000000000     
   14.454000000000001        0.0000000000000000       -2.4697833260620855E-004   0.0000000000000000     
   14.652000000000001        0.0000000000000000       -2.4631836959811468E-004   0.0000000000000000     
   14.850000000000001        0.0000000000000000       -2.4564083735228206E-004   0.0000000000000000     
   15.048000000000000        0.0000000000000000       -2.4494989251750007E-004   0.0000000000000000     
   15.246000000000000        0.0000000000000000       -2.4425063428972394E-004   0.0000000000000000     
   15.444000000000001        0.0000000000000000       -2.4354887332326525E-004   0.0000000000000000     
   15.642000000000001        0.0000000000000000       -2.4285091176777483E-004   0.0000000000000000     
   15.840000000000000        0.0000000000000000       -2.4216325937333037E-004   0.0000000000000000     
   16.038000000000000        0.0000000000000000       -2.4149224354584918E-004   0.0000000000000000     
   16.236000000000001        0.0000000000000000       -2.4081632410500494E-004   0.0000000000000000     
   16.434000000000001        0.0000000000000000       -2.4016051419282843E-004   0.0000000000000000     
   16.632000000000001        0.0000000000000000       -2.3952458775862177E-004   0.0000000000000000     
   16.830000000000002        0.0000000000000000       -2.3890301650373710E-004   0.0000000000000000     
   17.028000000000002        0.0000000000000000       -2.3828908738576335E-004   0.0000000000000000     
   17.225999999999999        0.0000000000000000       -2.3765731719528087E-004   0.0000000000000000     
   17.423999999999999        0.0000000000000000       -2.3694864126544841E-004   0.0000000000000000     
   17.622000000000000        0.0000000000000000       -2.3614350162105743E-004   0.0000000000000000     
   17.820000000000000        0.0000000000000000       -2.3505359042227153E-004   0.0000000000000000     
   18.018000000000001        0.0000000000000000       -2.3363280744503976E-004   0.0000000000000000     
   18.216000000000001        0.0000000000000000       -2.3156809165394136E-004   0.0000000000000000     
   18.414000000000001        0.0000000000000000       -2.2850104503815031E-004   0.0000000000000000     
   18.612000000000002        0.0000000000000000       -2.2374055498284432E-004   0.0000000000000000     
   18.810000000000002        0.0000000000000000       -2.1660075958515276E-004   0.0000000000000000     
   19.008000000000003        0.0000000000000000       -2.0590998846563014E-004   0.0000000000000000     
   19.206000000000000        0.0000000000000000       -1.9052528056560797E-004   0.0000000000000000     
   19.404000000000000        0.0000000000000000       -1.7073667571191044E-004   0.0000000000000000     
   19.602000000000000        0.0000000000000000       -1.5266052142316546E-004   0.0000000000000000     
