  -19.602000000000000        0.0000000000000000        1.3281956130392342E-005   0.0000000000000000     
  -19.404000000000000        0.0000000000000000        1.5985978712079947E-005   0.0000000000000000     
  -19.206000000000000        0.0000000000000000        1.7490965451920802E-005   0.0000000000000000     
  -19.008000000000003        0.0000000000000000        1.8225819098112419E-005   0.0000000000000000     
  -18.810000000000002        0.0000000000000000        1.8621963447875228E-005   0.0000000000000000     
  -18.612000000000002        0.0000000000000000        1.8901247307135214E-005   0.0000000000000000     
  -18.414000000000001        0.0000000000000000        1.9179441071634359E-005   0.0000000000000000     
  -18.216000000000001        0.0000000000000000        1.9493033140304020E-005   0.0000000000000000     
  -18.018000000000001        0.0000000000000000        1.9849027798856667E-005   0.0000000000000000     
  -17.820000000000000        0.0000000000000000        2.0243700475105622E-005   0.0000000000000000     
  -17.622000000000000        0.0000000000000000        2.0670278173245571E-005   0.0000000000000000     
  -17.423999999999999        0.0000000000000000        2.1122771487029604E-005   0.0000000000000000     
  -17.225999999999999        0.0000000000000000        2.1597716591969831E-005   0.0000000000000000     
  -17.028000000000002        0.0000000000000000        2.2091372406897928E-005   0.0000000000000000     
  -16.830000000000002        0.0000000000000000        2.2603602265212982E-005   0.0000000000000000     
  -16.632000000000001        0.0000000000000000        2.3131447776032171E-005   0.0000000000000000     
  -16.434000000000001        0.0000000000000000        2.3675457555107361E-005   0.0000000000000000     
  -16.236000000000001        0.0000000000000000        2.4235958554067559E-005   0.0000000000000000     
  -16.038000000000000        0.0000000000000000        2.4813529000817056E-005   0.0000000000000000     
  -15.840000000000000        0.0000000000000000        2.5408899861315990E-005   0.0000000000000000     
  -15.642000000000001        0.0000000000000000        2.6022896316769736E-005   0.0000000000000000     
  -15.444000000000001        0.0000000000000000        2.6656411830565720E-005   0.0000000000000000     
  -15.246000000000000        0.0000000000000000        2.7310388827674998E-005   0.0000000000000000     
  -15.048000000000000        0.0000000000000000        2.7985813508748484E-005   0.0000000000000000     
  -14.850000000000001        0.0000000000000000        2.8683718484109830E-005   0.0000000000000000     
  -14.652000000000001        0.0000000000000000        2.9405183182758754E-005   0.0000000000000000     
  -14.454000000000001        0.0000000000000000        3.0151344216246072E-005   0.0000000000000000     
  -14.256000000000000        0.0000000000000000        3.0923395675130818E-005   0.0000000000000000     
  -14.058000000000000        0.0000000000000000        3.1722602128648352E-005   0.0000000000000000     
  -13.860000000000001        0.0000000000000000        3.2550303770192050E-005   0.0000000000000000     
  -13.662000000000001        0.0000000000000000        3.3407922302517149E-005   0.0000000000000000     
  -13.464000000000000        0.0000000000000000        3.4296970288193187E-005   0.0000000000000000     
  -13.266000000000000        0.0000000000000000        3.5219061016177079E-005   0.0000000000000000     
  -13.068000000000001        0.0000000000000000        3.6175909558977084E-005   0.0000000000000000     
  -12.870000000000001        0.0000000000000000        3.7169352484307939E-005   0.0000000000000000     
  -12.672000000000001        0.0000000000000000        3.8201349289640630E-005   0.0000000000000000     
  -12.474000000000000        0.0000000000000000        3.9273996924100002E-005   0.0000000000000000     
  -12.276000000000000        0.0000000000000000        4.0389539212560347E-005   0.0000000000000000     
  -12.078000000000001        0.0000000000000000        4.1550378760287206E-005   0.0000000000000000     
  -11.880000000000001        0.0000000000000000        4.2759096056713461E-005   0.0000000000000000     
  -11.682000000000000        0.0000000000000000        4.4018457545744983E-005   0.0000000000000000     
  -11.484000000000000        0.0000000000000000        4.5331435961300606E-005   0.0000000000000000     
  -11.286000000000001        0.0000000000000000        4.6701228138986407E-005   0.0000000000000000     
  -11.088000000000001        0.0000000000000000        4.8131275533915024E-005   0.0000000000000000     
  -10.890000000000001        0.0000000000000000        4.9625285309076196E-005   0.0000000000000000     
  -10.692000000000000        0.0000000000000000        5.1187256320523966E-005   0.0000000000000000     
  -10.494000000000000        0.0000000000000000        5.2821509529954851E-005   0.0000000000000000     
  -10.296000000000001        0.0000000000000000        5.4532712063303563E-005   0.0000000000000000     
  -10.098000000000001        0.0000000000000000        5.6325917548037983E-005   0.0000000000000000     
  -9.9000000000000004        0.0000000000000000        5.8206601069387654E-005   0.0000000000000000     
  -9.7020000000000000        0.0000000000000000        6.0180700483845993E-005   0.0000000000000000     
  -9.5040000000000013        0.0000000000000000        6.2254669761309229E-005   0.0000000000000000     
  -9.3060000000000009        0.0000000000000000        6.4435524725941479E-005   0.0000000000000000     
  -9.1080000000000005        0.0000000000000000        6.6730901913951733E-005   0.0000000000000000     
  -8.9100000000000001        0.0000000000000000        6.9149131079368617E-005   0.0000000000000000     
  -8.7119999999999997        0.0000000000000000        7.1699300085488867E-005   0.0000000000000000     
  -8.5140000000000011        0.0000000000000000        7.4391350563280065E-005   0.0000000000000000     
  -8.3160000000000007        0.0000000000000000        7.7236150785314373E-005   0.0000000000000000     
  -8.1180000000000003        0.0000000000000000        8.0245614567713859E-005   0.0000000000000000     
  -7.9199999999999999        0.0000000000000000        8.3432812195011180E-005   0.0000000000000000     
  -7.7220000000000004        0.0000000000000000        8.6812104449930633E-005   0.0000000000000000     
  -7.5240000000000000        0.0000000000000000        9.0399286910222278E-005   0.0000000000000000     
  -7.3260000000000005        0.0000000000000000        9.4211752741674395E-005   0.0000000000000000     
  -7.1280000000000001        0.0000000000000000        9.8268693966921053E-005   0.0000000000000000     
  -6.9300000000000006        0.0000000000000000        1.0259130538067586E-004   0.0000000000000000     
  -6.7320000000000002        0.0000000000000000        1.0720304325858829E-004   0.0000000000000000     
  -6.5340000000000007        0.0000000000000000        1.1212991296795404E-004   0.0000000000000000     
  -6.3360000000000003        0.0000000000000000        1.1740080792449236E-004   0.0000000000000000     
  -6.1379999999999999        0.0000000000000000        1.2304791827975171E-004   0.0000000000000000     
  -5.9400000000000004        0.0000000000000000        1.2910720049431879E-004   0.0000000000000000     
  -5.7420000000000000        0.0000000000000000        1.3561900939889094E-004   0.0000000000000000     
  -5.5440000000000005        0.0000000000000000        1.4262880016330465E-004   0.0000000000000000     
  -5.3460000000000001        0.0000000000000000        1.5018804770232518E-004   0.0000000000000000     
  -5.1480000000000006        0.0000000000000000        1.5835536843941922E-004   0.0000000000000000     
  -4.9500000000000002        0.0000000000000000        1.6719782247622580E-004   0.0000000000000000     
  -4.7520000000000007        0.0000000000000000        1.7679238266600131E-004   0.0000000000000000     
  -4.5540000000000003        0.0000000000000000        1.8722725612855550E-004   0.0000000000000000     
  -4.3559999999999999        0.0000000000000000        1.9860236040667058E-004   0.0000000000000000     
  -4.1580000000000004        0.0000000000000000        2.1102722928790352E-004   0.0000000000000000     
  -3.9600000000000000        0.0000000000000000        2.2461251665696573E-004   0.0000000000000000     
  -3.7620000000000000        0.0000000000000000        2.3944619546096126E-004   0.0000000000000000     
  -3.5640000000000001        0.0000000000000000        2.5553516620378558E-004   0.0000000000000000     
  -3.3660000000000001        0.0000000000000000        2.7267527818818955E-004   0.0000000000000000     
  -3.1680000000000001        0.0000000000000000        2.9024161203598505E-004   0.0000000000000000     
  -2.9700000000000002        0.0000000000000000        3.0730413492925803E-004   0.0000000000000000     
  -2.7720000000000002        0.0000000000000000        3.2473124134312672E-004   0.0000000000000000     
  -2.5740000000000003        0.0000000000000000        3.4536016021042220E-004   0.0000000000000000     
  -2.3760000000000003        0.0000000000000000        3.6963847640473509E-004   0.0000000000000000     
  -2.1779999999999999        0.0000000000000000        3.9781316636762015E-004   0.0000000000000000     
  -1.9800000000000000        0.0000000000000000        4.3066896375746597E-004   0.0000000000000000     
  -1.7820000000000000        0.0000000000000000        4.6942269794864044E-004   0.0000000000000000     
  -1.5840000000000001        0.0000000000000000        5.1449986822533795E-004   0.0000000000000000     
  -1.3860000000000001        0.0000000000000000        5.6503382577612104E-004   0.0000000000000000     
  -1.1880000000000002        0.0000000000000000        6.2006303514782867E-004   0.0000000000000000     
 -0.98999999999999999        0.0000000000000000        6.7834182751631323E-004   0.0000000000000000     
 -0.79200000000000004        0.0000000000000000        7.3914313044704969E-004   0.0000000000000000     
 -0.59400000000000008        0.0000000000000000        7.9976144196993338E-004   0.0000000000000000     
 -0.39600000000000002        0.0000000000000000        8.5214814476744039E-004   0.0000000000000000     
 -0.19800000000000001        0.0000000000000000        8.8759467915877687E-004   0.0000000000000000     
   0.0000000000000000        0.0000000000000000        9.0006718886977382E-004   0.0000000000000000     
  0.19800000000000001        0.0000000000000000        8.8759467915877687E-004   0.0000000000000000     
  0.39600000000000002        0.0000000000000000        8.5214814476744039E-004   0.0000000000000000     
  0.59400000000000008        0.0000000000000000        7.9976144196993338E-004   0.0000000000000000     
  0.79200000000000004        0.0000000000000000        7.3914313044704969E-004   0.0000000000000000     
  0.98999999999999999        0.0000000000000000        6.7834182751631323E-004   0.0000000000000000     
   1.1880000000000002        0.0000000000000000        6.2006303514782867E-004   0.0000000000000000     
   1.3860000000000001        0.0000000000000000        5.6503382577612104E-004   0.0000000000000000     
   1.5840000000000001        0.0000000000000000        5.1449986822533795E-004   0.0000000000000000     
   1.7820000000000000        0.0000000000000000        4.6942269794864044E-004   0.0000000000000000     
   1.9800000000000000        0.0000000000000000        4.3066896375746597E-004   0.0000000000000000     
   2.1779999999999999        0.0000000000000000        3.9781316636762015E-004   0.0000000000000000     
   2.3760000000000003        0.0000000000000000        3.6963847640473509E-004   0.0000000000000000     
   2.5740000000000003        0.0000000000000000        3.4536016021042220E-004   0.0000000000000000     
   2.7720000000000002        0.0000000000000000        3.2473124134312672E-004   0.0000000000000000     
   2.9700000000000002        0.0000000000000000        3.0730413492925803E-004   0.0000000000000000     
   3.1680000000000001        0.0000000000000000        2.9024161203598505E-004   0.0000000000000000     
   3.3660000000000001        0.0000000000000000        2.7267527818818955E-004   0.0000000000000000     
   3.5640000000000001        0.0000000000000000        2.5553516620378558E-004   0.0000000000000000     
   3.7620000000000000        0.0000000000000000        2.3944619546096126E-004   0.0000000000000000     
   3.9600000000000000        0.0000000000000000        2.2461251665696573E-004   0.0000000000000000     
   4.1580000000000004        0.0000000000000000        2.1102722928790352E-004   0.0000000000000000     
   4.3559999999999999        0.0000000000000000        1.9860236040667058E-004   0.0000000000000000     
   4.5540000000000003        0.0000000000000000        1.8722725612855550E-004   0.0000000000000000     
   4.7520000000000007        0.0000000000000000        1.7679238266600131E-004   0.0000000000000000     
   4.9500000000000002        0.0000000000000000        1.6719782247622580E-004   0.0000000000000000     
   5.1480000000000006        0.0000000000000000        1.5835536843941922E-004   0.0000000000000000     
   5.3460000000000001        0.0000000000000000        1.5018804770232518E-004   0.0000000000000000     
   5.5440000000000005        0.0000000000000000        1.4262880016330465E-004   0.0000000000000000     
   5.7420000000000000        0.0000000000000000        1.3561900939889094E-004   0.0000000000000000     
   5.9400000000000004        0.0000000000000000        1.2910720049431879E-004   0.0000000000000000     
   6.1379999999999999        0.0000000000000000        1.2304791827975171E-004   0.0000000000000000     
   6.3360000000000003        0.0000000000000000        1.1740080792449236E-004   0.0000000000000000     
   6.5340000000000007        0.0000000000000000        1.1212991296795404E-004   0.0000000000000000     
   6.7320000000000002        0.0000000000000000        1.0720304325858829E-004   0.0000000000000000     
   6.9300000000000006        0.0000000000000000        1.0259130538067586E-004   0.0000000000000000     
   7.1280000000000001        0.0000000000000000        9.8268693966921053E-005   0.0000000000000000     
   7.3260000000000005        0.0000000000000000        9.4211752741674395E-005   0.0000000000000000     
   7.5240000000000000        0.0000000000000000        9.0399286910222278E-005   0.0000000000000000     
   7.7220000000000004        0.0000000000000000        8.6812104449930633E-005   0.0000000000000000     
   7.9199999999999999        0.0000000000000000        8.3432812195011180E-005   0.0000000000000000     
   8.1180000000000003        0.0000000000000000        8.0245614567713859E-005   0.0000000000000000     
   8.3160000000000007        0.0000000000000000        7.7236150785314373E-005   0.0000000000000000     
   8.5140000000000011        0.0000000000000000        7.4391350563280065E-005   0.0000000000000000     
   8.7119999999999997        0.0000000000000000        7.1699300085488867E-005   0.0000000000000000     
   8.9100000000000001        0.0000000000000000        6.9149131079368617E-005   0.0000000000000000     
   9.1080000000000005        0.0000000000000000        6.6730901913951733E-005   0.0000000000000000     
   9.3060000000000009        0.0000000000000000        6.4435524725941479E-005   0.0000000000000000     
   9.5040000000000013        0.0000000000000000        6.2254669761309229E-005   0.0000000000000000     
   9.7020000000000000        0.0000000000000000        6.0180700483845993E-005   0.0000000000000000     
   9.9000000000000004        0.0000000000000000        5.8206601069387654E-005   0.0000000000000000     
   10.098000000000001        0.0000000000000000        5.6325917548037983E-005   0.0000000000000000     
   10.296000000000001        0.0000000000000000        5.4532712063303563E-005   0.0000000000000000     
   10.494000000000000        0.0000000000000000        5.2821509529954851E-005   0.0000000000000000     
   10.692000000000000        0.0000000000000000        5.1187256320523966E-005   0.0000000000000000     
   10.890000000000001        0.0000000000000000        4.9625285309076196E-005   0.0000000000000000     
   11.088000000000001        0.0000000000000000        4.8131275533915024E-005   0.0000000000000000     
   11.286000000000001        0.0000000000000000        4.6701228138986407E-005   0.0000000000000000     
   11.484000000000000        0.0000000000000000        4.5331435961300606E-005   0.0000000000000000     
   11.682000000000000        0.0000000000000000        4.4018457545744983E-005   0.0000000000000000     
   11.880000000000001        0.0000000000000000        4.2759096056713461E-005   0.0000000000000000     
   12.078000000000001        0.0000000000000000        4.1550378760287206E-005   0.0000000000000000     
   12.276000000000000        0.0000000000000000        4.0389539212560347E-005   0.0000000000000000     
   12.474000000000000        0.0000000000000000        3.9273996924100002E-005   0.0000000000000000     
   12.672000000000001        0.0000000000000000        3.8201349289640630E-005   0.0000000000000000     
   12.870000000000001        0.0000000000000000        3.7169352484307939E-005   0.0000000000000000     
   13.068000000000001        0.0000000000000000        3.6175909558977084E-005   0.0000000000000000     
   13.266000000000000        0.0000000000000000        3.5219061016177079E-005   0.0000000000000000     
   13.464000000000000        0.0000000000000000        3.4296970288193187E-005   0.0000000000000000     
   13.662000000000001        0.0000000000000000        3.3407922302517149E-005   0.0000000000000000     
   13.860000000000001        0.0000000000000000        3.2550303770192050E-005   0.0000000000000000     
   14.058000000000000        0.0000000000000000        3.1722602128648352E-005   0.0000000000000000     
   14.256000000000000        0.0000000000000000        3.0923395675130818E-005   0.0000000000000000     
   14.454000000000001        0.0000000000000000        3.0151344216246072E-005   0.0000000000000000     
   14.652000000000001        0.0000000000000000        2.9405183182758754E-005   0.0000000000000000     
   14.850000000000001        0.0000000000000000        2.8683718484109830E-005   0.0000000000000000     
   15.048000000000000        0.0000000000000000        2.7985813508748484E-005   0.0000000000000000     
   15.246000000000000        0.0000000000000000        2.7310388827674998E-005   0.0000000000000000     
   15.444000000000001        0.0000000000000000        2.6656411830565720E-005   0.0000000000000000     
   15.642000000000001        0.0000000000000000        2.6022896316769736E-005   0.0000000000000000     
   15.840000000000000        0.0000000000000000        2.5408899861315990E-005   0.0000000000000000     
   16.038000000000000        0.0000000000000000        2.4813529000817056E-005   0.0000000000000000     
   16.236000000000001        0.0000000000000000        2.4235958554067559E-005   0.0000000000000000     
   16.434000000000001        0.0000000000000000        2.3675457555107361E-005   0.0000000000000000     
   16.632000000000001        0.0000000000000000        2.3131447776032171E-005   0.0000000000000000     
   16.830000000000002        0.0000000000000000        2.2603602265212982E-005   0.0000000000000000     
   17.028000000000002        0.0000000000000000        2.2091372406897928E-005   0.0000000000000000     
   17.225999999999999        0.0000000000000000        2.1597716591969831E-005   0.0000000000000000     
   17.423999999999999        0.0000000000000000        2.1122771487029604E-005   0.0000000000000000     
   17.622000000000000        0.0000000000000000        2.0670278173245571E-005   0.0000000000000000     
   17.820000000000000        0.0000000000000000        2.0243700475105622E-005   0.0000000000000000     
   18.018000000000001        0.0000000000000000        1.9849027798856667E-005   0.0000000000000000     
   18.216000000000001        0.0000000000000000        1.9493033140304020E-005   0.0000000000000000     
   18.414000000000001        0.0000000000000000        1.9179441071634359E-005   0.0000000000000000     
   18.612000000000002        0.0000000000000000        1.8901247307135214E-005   0.0000000000000000     
   18.810000000000002        0.0000000000000000        1.8621963447875228E-005   0.0000000000000000     
   19.008000000000003        0.0000000000000000        1.8225819098112419E-005   0.0000000000000000     
   19.206000000000000        0.0000000000000000        1.7490965451920802E-005   0.0000000000000000     
   19.404000000000000        0.0000000000000000        1.5985978712079947E-005   0.0000000000000000     
   19.602000000000000        0.0000000000000000        1.3281956130392342E-005   0.0000000000000000     
