  -19.602000000000000        0.0000000000000000        2.1117555340924787E-005   0.0000000000000000     
  -19.404000000000000        0.0000000000000000        2.2367586832734456E-005   0.0000000000000000     
  -19.206000000000000        0.0000000000000000        2.4105391848574222E-005   0.0000000000000000     
  -19.008000000000003        0.0000000000000000        2.6691523372806566E-005   0.0000000000000000     
  -18.810000000000002        0.0000000000000000        2.9846704012137631E-005   0.0000000000000000     
  -18.612000000000002        0.0000000000000000        3.3230073732796709E-005   0.0000000000000000     
  -18.414000000000001        0.0000000000000000        3.6605449882633262E-005   0.0000000000000000     
  -18.216000000000001        0.0000000000000000        3.9851096255635883E-005   0.0000000000000000     
  -18.018000000000001        0.0000000000000000        4.2899831144972633E-005   0.0000000000000000     
  -17.820000000000000        0.0000000000000000        4.5742418303066925E-005   0.0000000000000000     
  -17.622000000000000        0.0000000000000000        4.8402223007553621E-005   0.0000000000000000     
  -17.423999999999999        0.0000000000000000        5.0903724685176556E-005   0.0000000000000000     
  -17.225999999999999        0.0000000000000000        5.3277230195692970E-005   0.0000000000000000     
  -17.028000000000002        0.0000000000000000        5.5553245809318526E-005   0.0000000000000000     
  -16.830000000000002        0.0000000000000000        5.7757765060493510E-005   0.0000000000000000     
  -16.632000000000001        0.0000000000000000        5.9914624582461362E-005   0.0000000000000000     
  -16.434000000000001        0.0000000000000000        6.2046210672268566E-005   0.0000000000000000     
  -16.236000000000001        0.0000000000000000        6.4172334533503866E-005   0.0000000000000000     
  -16.038000000000000        0.0000000000000000        6.6310510997289371E-005   0.0000000000000000     
  -15.840000000000000        0.0000000000000000        6.8476290503525816E-005   0.0000000000000000     
  -15.642000000000001        0.0000000000000000        7.0683591967430086E-005   0.0000000000000000     
  -15.444000000000001        0.0000000000000000        7.2945013453083903E-005   0.0000000000000000     
  -15.246000000000000        0.0000000000000000        7.5272115665755735E-005   0.0000000000000000     
  -15.048000000000000        0.0000000000000000        7.7675675883997496E-005   0.0000000000000000     
  -14.850000000000001        0.0000000000000000        8.0165904076652303E-005   0.0000000000000000     
  -14.652000000000001        0.0000000000000000        8.2752634184216504E-005   0.0000000000000000     
  -14.454000000000001        0.0000000000000000        8.5445495907394135E-005   0.0000000000000000     
  -14.256000000000000        0.0000000000000000        8.8254064624492524E-005   0.0000000000000000     
  -14.058000000000000        0.0000000000000000        9.1187990716370588E-005   0.0000000000000000     
  -13.860000000000001        0.0000000000000000        9.4257126088336023E-005   0.0000000000000000     
  -13.662000000000001        0.0000000000000000        9.7471634242231233E-005   0.0000000000000000     
  -13.464000000000000        0.0000000000000000        1.0084210081794489E-004   0.0000000000000000     
  -13.266000000000000        0.0000000000000000        1.0437963377076709E-004   0.0000000000000000     
  -13.068000000000001        0.0000000000000000        1.0809596749475499E-004   0.0000000000000000     
  -12.870000000000001        0.0000000000000000        1.1200356571087442E-004   0.0000000000000000     
  -12.672000000000001        0.0000000000000000        1.1611572947989180E-004   0.0000000000000000     
  -12.474000000000000        0.0000000000000000        1.2044670842709580E-004   0.0000000000000000     
  -12.276000000000000        0.0000000000000000        1.2501181538081830E-004   0.0000000000000000     
  -12.078000000000001        0.0000000000000000        1.2982755590711681E-004   0.0000000000000000     
  -11.880000000000001        0.0000000000000000        1.3491175997735000E-004   0.0000000000000000     
  -11.682000000000000        0.0000000000000000        1.4028373195949768E-004   0.0000000000000000     
  -11.484000000000000        0.0000000000000000        1.4596441066747499E-004   0.0000000000000000     
  -11.286000000000001        0.0000000000000000        1.5197654996463772E-004   0.0000000000000000     
  -11.088000000000001        0.0000000000000000        1.5834490049505652E-004   0.0000000000000000     
  -10.890000000000001        0.0000000000000000        1.6509643797855725E-004   0.0000000000000000     
  -10.692000000000000        0.0000000000000000        1.7226058713848359E-004   0.0000000000000000     
  -10.494000000000000        0.0000000000000000        1.7986948929622152E-004   0.0000000000000000     
  -10.296000000000001        0.0000000000000000        1.8795828139025119E-004   0.0000000000000000     
  -10.098000000000001        0.0000000000000000        1.9656541864165113E-004   0.0000000000000000     
  -9.9000000000000004        0.0000000000000000        2.0573300760547529E-004   0.0000000000000000     
  -9.7020000000000000        0.0000000000000000        2.1550720047069189E-004   0.0000000000000000     
  -9.5040000000000013        0.0000000000000000        2.2593860886986340E-004   0.0000000000000000     
  -9.3060000000000009        0.0000000000000000        2.3708274158497472E-004   0.0000000000000000     
  -9.1080000000000005        0.0000000000000000        2.4900051894425940E-004   0.0000000000000000     
  -8.9100000000000001        0.0000000000000000        2.6175878564624799E-004   0.0000000000000000     
  -8.7119999999999997        0.0000000000000000        2.7543086979601940E-004   0.0000000000000000     
  -8.5140000000000011        0.0000000000000000        2.9009719225505423E-004   0.0000000000000000     
  -8.3160000000000007        0.0000000000000000        3.0584587954699736E-004   0.0000000000000000     
  -8.1180000000000003        0.0000000000000000        3.2277338479068867E-004   0.0000000000000000     
  -7.9199999999999999        0.0000000000000000        3.4098511739039426E-004   0.0000000000000000     
  -7.7220000000000004        0.0000000000000000        3.6059600863779954E-004   0.0000000000000000     
  -7.5240000000000000        0.0000000000000000        3.8173102213565226E-004   0.0000000000000000     
  -7.3260000000000005        0.0000000000000000        4.0452551824208773E-004   0.0000000000000000     
  -7.1280000000000001        0.0000000000000000        4.2912539717828720E-004   0.0000000000000000     
  -6.9300000000000006        0.0000000000000000        4.5568690533548693E-004   0.0000000000000000     
  -6.7320000000000002        0.0000000000000000        4.8437598327187001E-004   0.0000000000000000     
  -6.5340000000000007        0.0000000000000000        5.1536689430220245E-004   0.0000000000000000     
  -6.3360000000000003        0.0000000000000000        5.4883988887370334E-004   0.0000000000000000     
  -6.1379999999999999        0.0000000000000000        5.8497750892524698E-004   0.0000000000000000     
  -5.9400000000000004        0.0000000000000000        6.2395898672457084E-004   0.0000000000000000     
  -5.7420000000000000        0.0000000000000000        6.6595211521742320E-004   0.0000000000000000     
  -5.5440000000000005        0.0000000000000000        7.1110150680404980E-004   0.0000000000000000     
  -5.3460000000000001        0.0000000000000000        7.5951210802358460E-004   0.0000000000000000     
  -5.1480000000000006        0.0000000000000000        8.1122612958325186E-004   0.0000000000000000     
  -4.9500000000000002        0.0000000000000000        8.6619105899332540E-004   0.0000000000000000     
  -4.7520000000000007        0.0000000000000000        9.2421545173071733E-004   0.0000000000000000     
  -4.5540000000000003        0.0000000000000000        9.8490787226310607E-004   0.0000000000000000     
  -4.3559999999999999        0.0000000000000000        1.0475921635624110E-003   0.0000000000000000     
  -4.1580000000000004        0.0000000000000000        1.1111888404416316E-003   0.0000000000000000     
  -3.9600000000000000        0.0000000000000000        1.1740460161580458E-003   0.0000000000000000     
  -3.7620000000000000        0.0000000000000000        1.2336925049293305E-003   0.0000000000000000     
  -3.5640000000000001        0.0000000000000000        1.2864646810366981E-003   0.0000000000000000     
  -3.3660000000000001        0.0000000000000000        1.3269241907653351E-003   0.0000000000000000     
  -3.1680000000000001        0.0000000000000000        1.3469372003069603E-003   0.0000000000000000     
  -2.9700000000000002        0.0000000000000000        1.3343310525152654E-003   0.0000000000000000     
  -2.7720000000000002        0.0000000000000000        1.2722943456009905E-003   0.0000000000000000     
  -2.5740000000000003        0.0000000000000000        1.1501636877080798E-003   0.0000000000000000     
  -2.3760000000000003        0.0000000000000000        9.7198203754516189E-004   0.0000000000000000     
  -2.1779999999999999        0.0000000000000000        7.4073322918932869E-004   0.0000000000000000     
  -1.9800000000000000        0.0000000000000000        4.6106895635634576E-004   0.0000000000000000     
  -1.7820000000000000        0.0000000000000000        1.2735194277575435E-004   0.0000000000000000     
  -1.5840000000000001        0.0000000000000000       -2.7212711835456177E-004   0.0000000000000000     
  -1.3860000000000001        0.0000000000000000       -7.5418464977201742E-004   0.0000000000000000     
  -1.1880000000000002        0.0000000000000000       -1.3311518077004528E-003   0.0000000000000000     
 -0.98999999999999999        0.0000000000000000       -1.9972108587854248E-003   0.0000000000000000     
 -0.79200000000000004        0.0000000000000000       -2.7117663495440474E-003   0.0000000000000000     
 -0.59400000000000008        0.0000000000000000       -3.4068556161855322E-003   0.0000000000000000     
 -0.39600000000000002        0.0000000000000000       -3.9983425620680650E-003   0.0000000000000000     
 -0.19800000000000001        0.0000000000000000       -4.4153621954376807E-003   0.0000000000000000     
   0.0000000000000000        0.0000000000000000       -4.5695893370884949E-003   0.0000000000000000     
  0.19800000000000001        0.0000000000000000       -4.4153621954376807E-003   0.0000000000000000     
  0.39600000000000002        0.0000000000000000       -3.9983425620680650E-003   0.0000000000000000     
  0.59400000000000008        0.0000000000000000       -3.4068556161855322E-003   0.0000000000000000     
  0.79200000000000004        0.0000000000000000       -2.7117663495440474E-003   0.0000000000000000     
  0.98999999999999999        0.0000000000000000       -1.9972108587854248E-003   0.0000000000000000     
   1.1880000000000002        0.0000000000000000       -1.3311518077004528E-003   0.0000000000000000     
   1.3860000000000001        0.0000000000000000       -7.5418464977201742E-004   0.0000000000000000     
   1.5840000000000001        0.0000000000000000       -2.7212711835456177E-004   0.0000000000000000     
   1.7820000000000000        0.0000000000000000        1.2735194277575435E-004   0.0000000000000000     
   1.9800000000000000        0.0000000000000000        4.6106895635634576E-004   0.0000000000000000     
   2.1779999999999999        0.0000000000000000        7.4073322918932869E-004   0.0000000000000000     
   2.3760000000000003        0.0000000000000000        9.7198203754516189E-004   0.0000000000000000     
   2.5740000000000003        0.0000000000000000        1.1501636877080798E-003   0.0000000000000000     
   2.7720000000000002        0.0000000000000000        1.2722943456009905E-003   0.0000000000000000     
   2.9700000000000002        0.0000000000000000        1.3343310525152654E-003   0.0000000000000000     
   3.1680000000000001        0.0000000000000000        1.3469372003069603E-003   0.0000000000000000     
   3.3660000000000001        0.0000000000000000        1.3269241907653351E-003   0.0000000000000000     
   3.5640000000000001        0.0000000000000000        1.2864646810366981E-003   0.0000000000000000     
   3.7620000000000000        0.0000000000000000        1.2336925049293305E-003   0.0000000000000000     
   3.9600000000000000        0.0000000000000000        1.1740460161580458E-003   0.0000000000000000     
   4.1580000000000004        0.0000000000000000        1.1111888404416316E-003   0.0000000000000000     
   4.3559999999999999        0.0000000000000000        1.0475921635624110E-003   0.0000000000000000     
   4.5540000000000003        0.0000000000000000        9.8490787226310607E-004   0.0000000000000000     
   4.7520000000000007        0.0000000000000000        9.2421545173071733E-004   0.0000000000000000     
   4.9500000000000002        0.0000000000000000        8.6619105899332540E-004   0.0000000000000000     
   5.1480000000000006        0.0000000000000000        8.1122612958325186E-004   0.0000000000000000     
   5.3460000000000001        0.0000000000000000        7.5951210802358460E-004   0.0000000000000000     
   5.5440000000000005        0.0000000000000000        7.1110150680404980E-004   0.0000000000000000     
   5.7420000000000000        0.0000000000000000        6.6595211521742320E-004   0.0000000000000000     
   5.9400000000000004        0.0000000000000000        6.2395898672457084E-004   0.0000000000000000     
   6.1379999999999999        0.0000000000000000        5.8497750892524698E-004   0.0000000000000000     
   6.3360000000000003        0.0000000000000000        5.4883988887370334E-004   0.0000000000000000     
   6.5340000000000007        0.0000000000000000        5.1536689430220245E-004   0.0000000000000000     
   6.7320000000000002        0.0000000000000000        4.8437598327187001E-004   0.0000000000000000     
   6.9300000000000006        0.0000000000000000        4.5568690533548693E-004   0.0000000000000000     
   7.1280000000000001        0.0000000000000000        4.2912539717828720E-004   0.0000000000000000     
   7.3260000000000005        0.0000000000000000        4.0452551824208773E-004   0.0000000000000000     
   7.5240000000000000        0.0000000000000000        3.8173102213565226E-004   0.0000000000000000     
   7.7220000000000004        0.0000000000000000        3.6059600863779954E-004   0.0000000000000000     
   7.9199999999999999        0.0000000000000000        3.4098511739039426E-004   0.0000000000000000     
   8.1180000000000003        0.0000000000000000        3.2277338479068867E-004   0.0000000000000000     
   8.3160000000000007        0.0000000000000000        3.0584587954699736E-004   0.0000000000000000     
   8.5140000000000011        0.0000000000000000        2.9009719225505423E-004   0.0000000000000000     
   8.7119999999999997        0.0000000000000000        2.7543086979601940E-004   0.0000000000000000     
   8.9100000000000001        0.0000000000000000        2.6175878564624799E-004   0.0000000000000000     
   9.1080000000000005        0.0000000000000000        2.4900051894425940E-004   0.0000000000000000     
   9.3060000000000009        0.0000000000000000        2.3708274158497472E-004   0.0000000000000000     
   9.5040000000000013        0.0000000000000000        2.2593860886986340E-004   0.0000000000000000     
   9.7020000000000000        0.0000000000000000        2.1550720047069189E-004   0.0000000000000000     
   9.9000000000000004        0.0000000000000000        2.0573300760547529E-004   0.0000000000000000     
   10.098000000000001        0.0000000000000000        1.9656541864165113E-004   0.0000000000000000     
   10.296000000000001        0.0000000000000000        1.8795828139025119E-004   0.0000000000000000     
   10.494000000000000        0.0000000000000000        1.7986948929622152E-004   0.0000000000000000     
   10.692000000000000        0.0000000000000000        1.7226058713848359E-004   0.0000000000000000     
   10.890000000000001        0.0000000000000000        1.6509643797855725E-004   0.0000000000000000     
   11.088000000000001        0.0000000000000000        1.5834490049505652E-004   0.0000000000000000     
   11.286000000000001        0.0000000000000000        1.5197654996463772E-004   0.0000000000000000     
   11.484000000000000        0.0000000000000000        1.4596441066747499E-004   0.0000000000000000     
   11.682000000000000        0.0000000000000000        1.4028373195949768E-004   0.0000000000000000     
   11.880000000000001        0.0000000000000000        1.3491175997735000E-004   0.0000000000000000     
   12.078000000000001        0.0000000000000000        1.2982755590711681E-004   0.0000000000000000     
   12.276000000000000        0.0000000000000000        1.2501181538081830E-004   0.0000000000000000     
   12.474000000000000        0.0000000000000000        1.2044670842709580E-004   0.0000000000000000     
   12.672000000000001        0.0000000000000000        1.1611572947989180E-004   0.0000000000000000     
   12.870000000000001        0.0000000000000000        1.1200356571087442E-004   0.0000000000000000     
   13.068000000000001        0.0000000000000000        1.0809596749475499E-004   0.0000000000000000     
   13.266000000000000        0.0000000000000000        1.0437963377076709E-004   0.0000000000000000     
   13.464000000000000        0.0000000000000000        1.0084210081794489E-004   0.0000000000000000     
   13.662000000000001        0.0000000000000000        9.7471634242231233E-005   0.0000000000000000     
   13.860000000000001        0.0000000000000000        9.4257126088336023E-005   0.0000000000000000     
   14.058000000000000        0.0000000000000000        9.1187990716370588E-005   0.0000000000000000     
   14.256000000000000        0.0000000000000000        8.8254064624492524E-005   0.0000000000000000     
   14.454000000000001        0.0000000000000000        8.5445495907394135E-005   0.0000000000000000     
   14.652000000000001        0.0000000000000000        8.2752634184216504E-005   0.0000000000000000     
   14.850000000000001        0.0000000000000000        8.0165904076652303E-005   0.0000000000000000     
   15.048000000000000        0.0000000000000000        7.7675675883997496E-005   0.0000000000000000     
   15.246000000000000        0.0000000000000000        7.5272115665755735E-005   0.0000000000000000     
   15.444000000000001        0.0000000000000000        7.2945013453083903E-005   0.0000000000000000     
   15.642000000000001        0.0000000000000000        7.0683591967430086E-005   0.0000000000000000     
   15.840000000000000        0.0000000000000000        6.8476290503525816E-005   0.0000000000000000     
   16.038000000000000        0.0000000000000000        6.6310510997289371E-005   0.0000000000000000     
   16.236000000000001        0.0000000000000000        6.4172334533503866E-005   0.0000000000000000     
   16.434000000000001        0.0000000000000000        6.2046210672268566E-005   0.0000000000000000     
   16.632000000000001        0.0000000000000000        5.9914624582461362E-005   0.0000000000000000     
   16.830000000000002        0.0000000000000000        5.7757765060493510E-005   0.0000000000000000     
   17.028000000000002        0.0000000000000000        5.5553245809318526E-005   0.0000000000000000     
   17.225999999999999        0.0000000000000000        5.3277230195692970E-005   0.0000000000000000     
   17.423999999999999        0.0000000000000000        5.0903724685176556E-005   0.0000000000000000     
   17.622000000000000        0.0000000000000000        4.8402223007553621E-005   0.0000000000000000     
   17.820000000000000        0.0000000000000000        4.5742418303066925E-005   0.0000000000000000     
   18.018000000000001        0.0000000000000000        4.2899831144972633E-005   0.0000000000000000     
   18.216000000000001        0.0000000000000000        3.9851096255635883E-005   0.0000000000000000     
   18.414000000000001        0.0000000000000000        3.6605449882633262E-005   0.0000000000000000     
   18.612000000000002        0.0000000000000000        3.3230073732796709E-005   0.0000000000000000     
   18.810000000000002        0.0000000000000000        2.9846704012137631E-005   0.0000000000000000     
   19.008000000000003        0.0000000000000000        2.6691523372806566E-005   0.0000000000000000     
   19.206000000000000        0.0000000000000000        2.4105391848574222E-005   0.0000000000000000     
   19.404000000000000        0.0000000000000000        2.2367586832734456E-005   0.0000000000000000     
   19.602000000000000        0.0000000000000000        2.1117555340924787E-005   0.0000000000000000     
