  -19.602000000000000        0.0000000000000000        1.6108666350849737E-007   0.0000000000000000     
  -19.404000000000000        0.0000000000000000        1.9527785509545647E-007   0.0000000000000000     
  -19.206000000000000        0.0000000000000000        2.1505021201163832E-007   0.0000000000000000     
  -19.008000000000003        0.0000000000000000        2.3105597216229168E-007   0.0000000000000000     
  -18.810000000000002        0.0000000000000000        2.4624176484375795E-007   0.0000000000000000     
  -18.612000000000002        0.0000000000000000        2.6299115084701515E-007   0.0000000000000000     
  -18.414000000000001        0.0000000000000000        2.7644577665113031E-007   0.0000000000000000     
  -18.216000000000001        0.0000000000000000        2.8628108805237493E-007   0.0000000000000000     
  -18.018000000000001        0.0000000000000000        2.9283775265232227E-007   0.0000000000000000     
  -17.820000000000000        0.0000000000000000        2.9662952190687904E-007   0.0000000000000000     
  -17.622000000000000        0.0000000000000000        2.9767856229478629E-007   0.0000000000000000     
  -17.423999999999999        0.0000000000000000        2.9515326003957704E-007   0.0000000000000000     
  -17.225999999999999        0.0000000000000000        2.9175736509668848E-007   0.0000000000000000     
  -17.028000000000002        0.0000000000000000        2.8787258536004157E-007   0.0000000000000000     
  -16.830000000000002        0.0000000000000000        2.8379856699707443E-007   0.0000000000000000     
  -16.632000000000001        0.0000000000000000        2.7976273010832536E-007   0.0000000000000000     
  -16.434000000000001        0.0000000000000000        2.7593277337213795E-007   0.0000000000000000     
  -16.236000000000001        0.0000000000000000        2.7242979894724655E-007   0.0000000000000000     
  -16.038000000000000        0.0000000000000000        2.6933981600775027E-007   0.0000000000000000     
  -15.840000000000000        0.0000000000000000        2.6672371403696782E-007   0.0000000000000000     
  -15.642000000000001        0.0000000000000000        2.6462501875752056E-007   0.0000000000000000     
  -15.444000000000001        0.0000000000000000        2.6307620388786426E-007   0.0000000000000000     
  -15.246000000000000        0.0000000000000000        2.6210329122223643E-007   0.0000000000000000     
  -15.048000000000000        0.0000000000000000        2.6172926159101027E-007   0.0000000000000000     
  -14.850000000000001        0.0000000000000000        2.6197672994464986E-007   0.0000000000000000     
  -14.652000000000001        0.0000000000000000        2.6286975418705281E-007   0.0000000000000000     
  -14.454000000000001        0.0000000000000000        2.6443517513798556E-007   0.0000000000000000     
  -14.256000000000000        0.0000000000000000        2.6670360325884524E-007   0.0000000000000000     
  -14.058000000000000        0.0000000000000000        2.6971022893572882E-007   0.0000000000000000     
  -13.860000000000001        0.0000000000000000        2.7349537381622954E-007   0.0000000000000000     
  -13.662000000000001        0.0000000000000000        2.7810501132506065E-007   0.0000000000000000     
  -13.464000000000000        0.0000000000000000        2.8359122300138776E-007   0.0000000000000000     
  -13.266000000000000        0.0000000000000000        2.9001265455420760E-007   0.0000000000000000     
  -13.068000000000001        0.0000000000000000        2.9743500911540231E-007   0.0000000000000000     
  -12.870000000000001        0.0000000000000000        3.0593148573558901E-007   0.0000000000000000     
  -12.672000000000001        0.0000000000000000        3.1558336907706805E-007   0.0000000000000000     
  -12.474000000000000        0.0000000000000000        3.2648071107406978E-007   0.0000000000000000     
  -12.276000000000000        0.0000000000000000        3.3872287770663444E-007   0.0000000000000000     
  -12.078000000000001        0.0000000000000000        3.5241946238752603E-007   0.0000000000000000     
  -11.880000000000001        0.0000000000000000        3.6769109047028716E-007   0.0000000000000000     
  -11.682000000000000        0.0000000000000000        3.8467044125305641E-007   0.0000000000000000     
  -11.484000000000000        0.0000000000000000        4.0350334439180339E-007   0.0000000000000000     
  -11.286000000000001        0.0000000000000000        4.2435000637879375E-007   0.0000000000000000     
  -11.088000000000001        0.0000000000000000        4.4738641152984123E-007   0.0000000000000000     
  -10.890000000000001        0.0000000000000000        4.7280592564218078E-007   0.0000000000000000     
  -10.692000000000000        0.0000000000000000        5.0082102552869083E-007   0.0000000000000000     
  -10.494000000000000        0.0000000000000000        5.3166537520416977E-007   0.0000000000000000     
  -10.296000000000001        0.0000000000000000        5.6559597712119956E-007   0.0000000000000000     
  -10.098000000000001        0.0000000000000000        6.0289599551056484E-007   0.0000000000000000     
  -9.9000000000000004        0.0000000000000000        6.4387730292336885E-007   0.0000000000000000     
  -9.7020000000000000        0.0000000000000000        6.8888429746222374E-007   0.0000000000000000     
  -9.5040000000000013        0.0000000000000000        7.3829745184638598E-007   0.0000000000000000     
  -9.3060000000000009        0.0000000000000000        7.9253788522130581E-007   0.0000000000000000     
  -9.1080000000000005        0.0000000000000000        8.5207242623788178E-007   0.0000000000000000     
  -8.9100000000000001        0.0000000000000000        9.1741964427539317E-007   0.0000000000000000     
  -8.7119999999999997        0.0000000000000000        9.8915676753091662E-007   0.0000000000000000     
  -8.5140000000000011        0.0000000000000000        1.0679277298342339E-006   0.0000000000000000     
  -8.3160000000000007        0.0000000000000000        1.1544527487697086E-006   0.0000000000000000     
  -8.1180000000000003        0.0000000000000000        1.2495394509099660E-006   0.0000000000000000     
  -7.9199999999999999        0.0000000000000000        1.3540959428970191E-006   0.0000000000000000     
  -7.7220000000000004        0.0000000000000000        1.4691460913146916E-006   0.0000000000000000     
  -7.5240000000000000        0.0000000000000000        1.5958478190750689E-006   0.0000000000000000     
  -7.3260000000000005        0.0000000000000000        1.7355143385128662E-006   0.0000000000000000     
  -7.1280000000000001        0.0000000000000000        1.8896391446058475E-006   0.0000000000000000     
  -6.9300000000000006        0.0000000000000000        2.0599250812183496E-006   0.0000000000000000     
  -6.7320000000000002        0.0000000000000000        2.2483178731985539E-006   0.0000000000000000     
  -6.5340000000000007        0.0000000000000000        2.4570453623514026E-006   0.0000000000000000     
  -6.3360000000000003        0.0000000000000000        2.6886607537655497E-006   0.0000000000000000     
  -6.1379999999999999        0.0000000000000000        2.9460912653816100E-006   0.0000000000000000     
  -5.9400000000000004        0.0000000000000000        3.2326902171786028E-006   0.0000000000000000     
  -5.7420000000000000        0.0000000000000000        3.5522888215087579E-006   0.0000000000000000     
  -5.5440000000000005        0.0000000000000000        3.9092454409641999E-006   0.0000000000000000     
  -5.3460000000000001        0.0000000000000000        4.3084801479105541E-006   0.0000000000000000     
  -5.1480000000000006        0.0000000000000000        4.7554833428086204E-006   0.0000000000000000     
  -4.9500000000000002        0.0000000000000000        5.2562718080695679E-006   0.0000000000000000     
  -4.7520000000000007        0.0000000000000000        5.8172569979737922E-006   0.0000000000000000     
  -4.5540000000000003        0.0000000000000000        6.4449631132375695E-006   0.0000000000000000     
  -4.3559999999999999        0.0000000000000000        7.1455073488253154E-006   0.0000000000000000     
  -4.1580000000000004        0.0000000000000000        7.9237003216599554E-006   0.0000000000000000     
  -3.9600000000000000        0.0000000000000000        8.7815656138375991E-006   0.0000000000000000     
  -3.7620000000000000        0.0000000000000000        9.7160003930958933E-006   0.0000000000000000     
  -3.5640000000000001        0.0000000000000000        1.0715228898263299E-005   0.0000000000000000     
  -3.3660000000000001        0.0000000000000000        1.1753720795610734E-005   0.0000000000000000     
  -3.1680000000000001        0.0000000000000000        1.2785564773899797E-005   0.0000000000000000     
  -2.9700000000000002        0.0000000000000000        1.3737345667069442E-005   0.0000000000000000     
  -2.7720000000000002        0.0000000000000000        1.4504030626171963E-005   0.0000000000000000     
  -2.5740000000000003        0.0000000000000000        1.4954306828879955E-005   0.0000000000000000     
  -2.3760000000000003        0.0000000000000000        1.4943555805481350E-005   0.0000000000000000     
  -2.1779999999999999        0.0000000000000000        1.4285343329238489E-005   0.0000000000000000     
  -1.9800000000000000        0.0000000000000000        1.2748025395868753E-005   0.0000000000000000     
  -1.7820000000000000        0.0000000000000000        1.0260507294548064E-005   0.0000000000000000     
  -1.5840000000000001        0.0000000000000000        6.7613427637672494E-006   0.0000000000000000     
  -1.3860000000000001        0.0000000000000000        2.1328074655578381E-006   0.0000000000000000     
  -1.1880000000000002        0.0000000000000000       -3.6682942711069029E-006   0.0000000000000000     
 -0.98999999999999999        0.0000000000000000       -1.0454933884402061E-005   0.0000000000000000     
 -0.79200000000000004        0.0000000000000000       -1.8265432832383706E-005   0.0000000000000000     
 -0.59400000000000008        0.0000000000000000       -2.7215435220864223E-005   0.0000000000000000     
 -0.39600000000000002        0.0000000000000000       -3.6032336129450997E-005   0.0000000000000000     
 -0.19800000000000001        0.0000000000000000       -4.2637093079342362E-005   0.0000000000000000     
   0.0000000000000000        0.0000000000000000       -4.5132346094000709E-005   0.0000000000000000     
  0.19800000000000001        0.0000000000000000       -4.2637093079342362E-005   0.0000000000000000     
  0.39600000000000002        0.0000000000000000       -3.6032336129450997E-005   0.0000000000000000     
  0.59400000000000008        0.0000000000000000       -2.7215435220864223E-005   0.0000000000000000     
  0.79200000000000004        0.0000000000000000       -1.8265432832383706E-005   0.0000000000000000     
  0.98999999999999999        0.0000000000000000       -1.0454933884402061E-005   0.0000000000000000     
   1.1880000000000002        0.0000000000000000       -3.6682942711069029E-006   0.0000000000000000     
   1.3860000000000001        0.0000000000000000        2.1328074655578381E-006   0.0000000000000000     
   1.5840000000000001        0.0000000000000000        6.7613427637672494E-006   0.0000000000000000     
   1.7820000000000000        0.0000000000000000        1.0260507294548064E-005   0.0000000000000000     
   1.9800000000000000        0.0000000000000000        1.2748025395868753E-005   0.0000000000000000     
   2.1779999999999999        0.0000000000000000        1.4285343329238489E-005   0.0000000000000000     
   2.3760000000000003        0.0000000000000000        1.4943555805481350E-005   0.0000000000000000     
   2.5740000000000003        0.0000000000000000        1.4954306828879955E-005   0.0000000000000000     
   2.7720000000000002        0.0000000000000000        1.4504030626171963E-005   0.0000000000000000     
   2.9700000000000002        0.0000000000000000        1.3737345667069442E-005   0.0000000000000000     
   3.1680000000000001        0.0000000000000000        1.2785564773899797E-005   0.0000000000000000     
   3.3660000000000001        0.0000000000000000        1.1753720795610734E-005   0.0000000000000000     
   3.5640000000000001        0.0000000000000000        1.0715228898263299E-005   0.0000000000000000     
   3.7620000000000000        0.0000000000000000        9.7160003930958933E-006   0.0000000000000000     
   3.9600000000000000        0.0000000000000000        8.7815656138375991E-006   0.0000000000000000     
   4.1580000000000004        0.0000000000000000        7.9237003216599554E-006   0.0000000000000000     
   4.3559999999999999        0.0000000000000000        7.1455073488253154E-006   0.0000000000000000     
   4.5540000000000003        0.0000000000000000        6.4449631132375695E-006   0.0000000000000000     
   4.7520000000000007        0.0000000000000000        5.8172569979737922E-006   0.0000000000000000     
   4.9500000000000002        0.0000000000000000        5.2562718080695679E-006   0.0000000000000000     
   5.1480000000000006        0.0000000000000000        4.7554833428086204E-006   0.0000000000000000     
   5.3460000000000001        0.0000000000000000        4.3084801479105541E-006   0.0000000000000000     
   5.5440000000000005        0.0000000000000000        3.9092454409641999E-006   0.0000000000000000     
   5.7420000000000000        0.0000000000000000        3.5522888215087579E-006   0.0000000000000000     
   5.9400000000000004        0.0000000000000000        3.2326902171786028E-006   0.0000000000000000     
   6.1379999999999999        0.0000000000000000        2.9460912653816100E-006   0.0000000000000000     
   6.3360000000000003        0.0000000000000000        2.6886607537655497E-006   0.0000000000000000     
   6.5340000000000007        0.0000000000000000        2.4570453623514026E-006   0.0000000000000000     
   6.7320000000000002        0.0000000000000000        2.2483178731985539E-006   0.0000000000000000     
   6.9300000000000006        0.0000000000000000        2.0599250812183496E-006   0.0000000000000000     
   7.1280000000000001        0.0000000000000000        1.8896391446058475E-006   0.0000000000000000     
   7.3260000000000005        0.0000000000000000        1.7355143385128662E-006   0.0000000000000000     
   7.5240000000000000        0.0000000000000000        1.5958478190750689E-006   0.0000000000000000     
   7.7220000000000004        0.0000000000000000        1.4691460913146916E-006   0.0000000000000000     
   7.9199999999999999        0.0000000000000000        1.3540959428970191E-006   0.0000000000000000     
   8.1180000000000003        0.0000000000000000        1.2495394509099660E-006   0.0000000000000000     
   8.3160000000000007        0.0000000000000000        1.1544527487697086E-006   0.0000000000000000     
   8.5140000000000011        0.0000000000000000        1.0679277298342339E-006   0.0000000000000000     
   8.7119999999999997        0.0000000000000000        9.8915676753091662E-007   0.0000000000000000     
   8.9100000000000001        0.0000000000000000        9.1741964427539317E-007   0.0000000000000000     
   9.1080000000000005        0.0000000000000000        8.5207242623788178E-007   0.0000000000000000     
   9.3060000000000009        0.0000000000000000        7.9253788522130581E-007   0.0000000000000000     
   9.5040000000000013        0.0000000000000000        7.3829745184638598E-007   0.0000000000000000     
   9.7020000000000000        0.0000000000000000        6.8888429746222374E-007   0.0000000000000000     
   9.9000000000000004        0.0000000000000000        6.4387730292336885E-007   0.0000000000000000     
   10.098000000000001        0.0000000000000000        6.0289599551056484E-007   0.0000000000000000     
   10.296000000000001        0.0000000000000000        5.6559597712119956E-007   0.0000000000000000     
   10.494000000000000        0.0000000000000000        5.3166537520416977E-007   0.0000000000000000     
   10.692000000000000        0.0000000000000000        5.0082102552869083E-007   0.0000000000000000     
   10.890000000000001        0.0000000000000000        4.7280592564218078E-007   0.0000000000000000     
   11.088000000000001        0.0000000000000000        4.4738641152984123E-007   0.0000000000000000     
   11.286000000000001        0.0000000000000000        4.2435000637879375E-007   0.0000000000000000     
   11.484000000000000        0.0000000000000000        4.0350334439180339E-007   0.0000000000000000     
   11.682000000000000        0.0000000000000000        3.8467044125305641E-007   0.0000000000000000     
   11.880000000000001        0.0000000000000000        3.6769109047028716E-007   0.0000000000000000     
   12.078000000000001        0.0000000000000000        3.5241946238752603E-007   0.0000000000000000     
   12.276000000000000        0.0000000000000000        3.3872287770663444E-007   0.0000000000000000     
   12.474000000000000        0.0000000000000000        3.2648071107406978E-007   0.0000000000000000     
   12.672000000000001        0.0000000000000000        3.1558336907706805E-007   0.0000000000000000     
   12.870000000000001        0.0000000000000000        3.0593148573558901E-007   0.0000000000000000     
   13.068000000000001        0.0000000000000000        2.9743500911540231E-007   0.0000000000000000     
   13.266000000000000        0.0000000000000000        2.9001265455420760E-007   0.0000000000000000     
   13.464000000000000        0.0000000000000000        2.8359122300138776E-007   0.0000000000000000     
   13.662000000000001        0.0000000000000000        2.7810501132506065E-007   0.0000000000000000     
   13.860000000000001        0.0000000000000000        2.7349537381622954E-007   0.0000000000000000     
   14.058000000000000        0.0000000000000000        2.6971022893572882E-007   0.0000000000000000     
   14.256000000000000        0.0000000000000000        2.6670360325884524E-007   0.0000000000000000     
   14.454000000000001        0.0000000000000000        2.6443517513798556E-007   0.0000000000000000     
   14.652000000000001        0.0000000000000000        2.6286975418705281E-007   0.0000000000000000     
   14.850000000000001        0.0000000000000000        2.6197672994464986E-007   0.0000000000000000     
   15.048000000000000        0.0000000000000000        2.6172926159101027E-007   0.0000000000000000     
   15.246000000000000        0.0000000000000000        2.6210329122223643E-007   0.0000000000000000     
   15.444000000000001        0.0000000000000000        2.6307620388786426E-007   0.0000000000000000     
   15.642000000000001        0.0000000000000000        2.6462501875752056E-007   0.0000000000000000     
   15.840000000000000        0.0000000000000000        2.6672371403696782E-007   0.0000000000000000     
   16.038000000000000        0.0000000000000000        2.6933981600775027E-007   0.0000000000000000     
   16.236000000000001        0.0000000000000000        2.7242979894724655E-007   0.0000000000000000     
   16.434000000000001        0.0000000000000000        2.7593277337213795E-007   0.0000000000000000     
   16.632000000000001        0.0000000000000000        2.7976273010832536E-007   0.0000000000000000     
   16.830000000000002        0.0000000000000000        2.8379856699707443E-007   0.0000000000000000     
   17.028000000000002        0.0000000000000000        2.8787258536004157E-007   0.0000000000000000     
   17.225999999999999        0.0000000000000000        2.9175736509668848E-007   0.0000000000000000     
   17.423999999999999        0.0000000000000000        2.9515326003957704E-007   0.0000000000000000     
   17.622000000000000        0.0000000000000000        2.9767856229478629E-007   0.0000000000000000     
   17.820000000000000        0.0000000000000000        2.9662952190687904E-007   0.0000000000000000     
   18.018000000000001        0.0000000000000000        2.9283775265232227E-007   0.0000000000000000     
   18.216000000000001        0.0000000000000000        2.8628108805237493E-007   0.0000000000000000     
   18.414000000000001        0.0000000000000000        2.7644577665113031E-007   0.0000000000000000     
   18.612000000000002        0.0000000000000000        2.6299115084701515E-007   0.0000000000000000     
   18.810000000000002        0.0000000000000000        2.4624176484375795E-007   0.0000000000000000     
   19.008000000000003        0.0000000000000000        2.3105597216229168E-007   0.0000000000000000     
   19.206000000000000        0.0000000000000000        2.1505021201163832E-007   0.0000000000000000     
   19.404000000000000        0.0000000000000000        1.9527785509545647E-007   0.0000000000000000     
   19.602000000000000        0.0000000000000000        1.6108666350849737E-007   0.0000000000000000     
