  -19.602000000000000        0.0000000000000000        1.8347899635638794E-005   0.0000000000000000     
  -19.404000000000000        0.0000000000000000        2.1973372690317055E-005   0.0000000000000000     
  -19.206000000000000        0.0000000000000000        2.4471113222920734E-005   0.0000000000000000     
  -19.008000000000003        0.0000000000000000        2.6453061644699483E-005   0.0000000000000000     
  -18.810000000000002        0.0000000000000000        2.8206388424775810E-005   0.0000000000000000     
  -18.612000000000002        0.0000000000000000        2.9843112228038297E-005   0.0000000000000000     
  -18.414000000000001        0.0000000000000000        3.1407185295977034E-005   0.0000000000000000     
  -18.216000000000001        0.0000000000000000        3.2906507492863739E-005   0.0000000000000000     
  -18.018000000000001        0.0000000000000000        3.4351083629038865E-005   0.0000000000000000     
  -17.820000000000000        0.0000000000000000        3.5747906592860959E-005   0.0000000000000000     
  -17.622000000000000        0.0000000000000000        3.7108042547634677E-005   0.0000000000000000     
  -17.423999999999999        0.0000000000000000        3.8439080653646978E-005   0.0000000000000000     
  -17.225999999999999        0.0000000000000000        3.9752561996185308E-005   0.0000000000000000     
  -17.028000000000002        0.0000000000000000        4.1051776451693133E-005   0.0000000000000000     
  -16.830000000000002        0.0000000000000000        4.2351682666110620E-005   0.0000000000000000     
  -16.632000000000001        0.0000000000000000        4.3654809626852945E-005   0.0000000000000000     
  -16.434000000000001        0.0000000000000000        4.4968331907589263E-005   0.0000000000000000     
  -16.236000000000001        0.0000000000000000        4.6298946523931448E-005   0.0000000000000000     
  -16.038000000000000        0.0000000000000000        4.7652908169495190E-005   0.0000000000000000     
  -15.840000000000000        0.0000000000000000        4.9036087366782011E-005   0.0000000000000000     
  -15.642000000000001        0.0000000000000000        5.0454031846329117E-005   0.0000000000000000     
  -15.444000000000001        0.0000000000000000        5.1912034769204125E-005   0.0000000000000000     
  -15.246000000000000        0.0000000000000000        5.3415198638301286E-005   0.0000000000000000     
  -15.048000000000000        0.0000000000000000        5.4968503632851555E-005   0.0000000000000000     
  -14.850000000000001        0.0000000000000000        5.6576861441812071E-005   0.0000000000000000     
  -14.652000000000001        0.0000000000000000        5.8245180714707469E-005   0.0000000000000000     
  -14.454000000000001        0.0000000000000000        5.9978415603874179E-005   0.0000000000000000     
  -14.256000000000000        0.0000000000000000        6.1781618091091855E-005   0.0000000000000000     
  -14.058000000000000        0.0000000000000000        6.3659990426542885E-005   0.0000000000000000     
  -13.860000000000001        0.0000000000000000        6.5618929680288829E-005   0.0000000000000000     
  -13.662000000000001        0.0000000000000000        6.7664082520937018E-005   0.0000000000000000     
  -13.464000000000000        0.0000000000000000        6.9801388158180001E-005   0.0000000000000000     
  -13.266000000000000        0.0000000000000000        7.2037130142901869E-005   0.0000000000000000     
  -13.068000000000001        0.0000000000000000        7.4377984332638927E-005   0.0000000000000000     
  -12.870000000000001        0.0000000000000000        7.6831078297235662E-005   0.0000000000000000     
  -12.672000000000001        0.0000000000000000        7.9404046670079125E-005   0.0000000000000000     
  -12.474000000000000        0.0000000000000000        8.2105090912603144E-005   0.0000000000000000     
  -12.276000000000000        0.0000000000000000        8.4943046914301291E-005   0.0000000000000000     
  -12.078000000000001        0.0000000000000000        8.7927454542537995E-005   0.0000000000000000     
  -11.880000000000001        0.0000000000000000        9.1068640835828402E-005   0.0000000000000000     
  -11.682000000000000        0.0000000000000000        9.4377806388666583E-005   0.0000000000000000     
  -11.484000000000000        0.0000000000000000        9.7867118919566472E-005   0.0000000000000000     
  -11.286000000000001        0.0000000000000000        1.0154982319242976E-004   0.0000000000000000     
  -11.088000000000001        0.0000000000000000        1.0544035006502652E-004   0.0000000000000000     
  -10.890000000000001        0.0000000000000000        1.0955446306248563E-004   0.0000000000000000     
  -10.692000000000000        0.0000000000000000        1.1390938698127128E-004   0.0000000000000000     
  -10.494000000000000        0.0000000000000000        1.1852398735491003E-004   0.0000000000000000     
  -10.296000000000001        0.0000000000000000        1.2341893350039060E-004   0.0000000000000000     
  -10.098000000000001        0.0000000000000000        1.2861691684729537E-004   0.0000000000000000     
  -9.9000000000000004        0.0000000000000000        1.3414286040049558E-004   0.0000000000000000     
  -9.7020000000000000        0.0000000000000000        1.4002418516060371E-004   0.0000000000000000     
  -9.5040000000000013        0.0000000000000000        1.4629108057244327E-004   0.0000000000000000     
  -9.3060000000000009        0.0000000000000000        1.5297681438566758E-004   0.0000000000000000     
  -9.1080000000000005        0.0000000000000000        1.6011808410121755E-004   0.0000000000000000     
  -8.9100000000000001        0.0000000000000000        1.6775539484282758E-004   0.0000000000000000     
  -8.7119999999999997        0.0000000000000000        1.7593350101046743E-004   0.0000000000000000     
  -8.5140000000000011        0.0000000000000000        1.8470186435133015E-004   0.0000000000000000     
  -8.3160000000000007        0.0000000000000000        1.9411518937284921E-004   0.0000000000000000     
  -8.1180000000000003        0.0000000000000000        2.0423398062968662E-004   0.0000000000000000     
  -7.9199999999999999        0.0000000000000000        2.1512520205312137E-004   0.0000000000000000     
  -7.7220000000000004        0.0000000000000000        2.2686295976161806E-004   0.0000000000000000     
  -7.5240000000000000        0.0000000000000000        2.3952925647590019E-004   0.0000000000000000     
  -7.3260000000000005        0.0000000000000000        2.5321480074806847E-004   0.0000000000000000     
  -7.1280000000000001        0.0000000000000000        2.6801991649139350E-004   0.0000000000000000     
  -6.9300000000000006        0.0000000000000000        2.8405543948169303E-004   0.0000000000000000     
  -6.7320000000000002        0.0000000000000000        3.0144375316547604E-004   0.0000000000000000     
  -6.5340000000000007        0.0000000000000000        3.2031976245457160E-004   0.0000000000000000     
  -6.3360000000000003        0.0000000000000000        3.4083199962287768E-004   0.0000000000000000     
  -6.1379999999999999        0.0000000000000000        3.6314360463891079E-004   0.0000000000000000     
  -5.9400000000000004        0.0000000000000000        3.8743335877877900E-004   0.0000000000000000     
  -5.7420000000000000        0.0000000000000000        4.1389649849993471E-004   0.0000000000000000     
  -5.5440000000000005        0.0000000000000000        4.4274545704403579E-004   0.0000000000000000     
  -5.3460000000000001        0.0000000000000000        4.7421008580520124E-004   0.0000000000000000     
  -5.1480000000000006        0.0000000000000000        5.0853751742466159E-004   0.0000000000000000     
  -4.9500000000000002        0.0000000000000000        5.4599092853327088E-004   0.0000000000000000     
  -4.7520000000000007        0.0000000000000000        5.8684691613899900E-004   0.0000000000000000     
  -4.5540000000000003        0.0000000000000000        6.3139018352678373E-004   0.0000000000000000     
  -4.3559999999999999        0.0000000000000000        6.7990350584090859E-004   0.0000000000000000     
  -4.1580000000000004        0.0000000000000000        7.3264901642177164E-004   0.0000000000000000     
  -3.9600000000000000        0.0000000000000000        7.8983253708422710E-004   0.0000000000000000     
  -3.7620000000000000        0.0000000000000000        8.5153480518099722E-004   0.0000000000000000     
  -3.5640000000000001        0.0000000000000000        9.1757771744698912E-004   0.0000000000000000     
  -3.3660000000000001        0.0000000000000000        9.8726894631604540E-004   0.0000000000000000     
  -3.1680000000000001        0.0000000000000000        1.0589539072146934E-003   0.0000000000000000     
  -2.9700000000000002        0.0000000000000000        1.1294256559452476E-003   0.0000000000000000     
  -2.7720000000000002        0.0000000000000000        1.1939751696455553E-003   0.0000000000000000     
  -2.5740000000000003        0.0000000000000000        1.2503493605377370E-003   0.0000000000000000     
  -2.3760000000000003        0.0000000000000000        1.3008941138237281E-003   0.0000000000000000     
  -2.1779999999999999        0.0000000000000000        1.3500288760809546E-003   0.0000000000000000     
  -1.9800000000000000        0.0000000000000000        1.4074771304925734E-003   0.0000000000000000     
  -1.7820000000000000        0.0000000000000000        1.4770142202394742E-003   0.0000000000000000     
  -1.5840000000000001        0.0000000000000000        1.5554414623062717E-003   0.0000000000000000     
  -1.3860000000000001        0.0000000000000000        1.6303727021340743E-003   0.0000000000000000     
  -1.1880000000000002        0.0000000000000000        1.6888245188353287E-003   0.0000000000000000     
 -0.98999999999999999        0.0000000000000000        1.7299996402191274E-003   0.0000000000000000     
 -0.79200000000000004        0.0000000000000000        1.7648235316982618E-003   0.0000000000000000     
 -0.59400000000000008        0.0000000000000000        1.7959316233418612E-003   0.0000000000000000     
 -0.39600000000000002        0.0000000000000000        1.8148276382993259E-003   0.0000000000000000     
 -0.19800000000000001        0.0000000000000000        1.8227881814904168E-003   0.0000000000000000     
   0.0000000000000000        0.0000000000000000        1.8253122827450341E-003   0.0000000000000000     
  0.19800000000000001        0.0000000000000000        1.8227881814904168E-003   0.0000000000000000     
  0.39600000000000002        0.0000000000000000        1.8148276382993259E-003   0.0000000000000000     
  0.59400000000000008        0.0000000000000000        1.7959316233418612E-003   0.0000000000000000     
  0.79200000000000004        0.0000000000000000        1.7648235316982618E-003   0.0000000000000000     
  0.98999999999999999        0.0000000000000000        1.7299996402191274E-003   0.0000000000000000     
   1.1880000000000002        0.0000000000000000        1.6888245188353287E-003   0.0000000000000000     
   1.3860000000000001        0.0000000000000000        1.6303727021340743E-003   0.0000000000000000     
   1.5840000000000001        0.0000000000000000        1.5554414623062717E-003   0.0000000000000000     
   1.7820000000000000        0.0000000000000000        1.4770142202394742E-003   0.0000000000000000     
   1.9800000000000000        0.0000000000000000        1.4074771304925734E-003   0.0000000000000000     
   2.1779999999999999        0.0000000000000000        1.3500288760809546E-003   0.0000000000000000     
   2.3760000000000003        0.0000000000000000        1.3008941138237281E-003   0.0000000000000000     
   2.5740000000000003        0.0000000000000000        1.2503493605377370E-003   0.0000000000000000     
   2.7720000000000002        0.0000000000000000        1.1939751696455553E-003   0.0000000000000000     
   2.9700000000000002        0.0000000000000000        1.1294256559452476E-003   0.0000000000000000     
   3.1680000000000001        0.0000000000000000        1.0589539072146934E-003   0.0000000000000000     
   3.3660000000000001        0.0000000000000000        9.8726894631604540E-004   0.0000000000000000     
   3.5640000000000001        0.0000000000000000        9.1757771744698912E-004   0.0000000000000000     
   3.7620000000000000        0.0000000000000000        8.5153480518099722E-004   0.0000000000000000     
   3.9600000000000000        0.0000000000000000        7.8983253708422710E-004   0.0000000000000000     
   4.1580000000000004        0.0000000000000000        7.3264901642177164E-004   0.0000000000000000     
   4.3559999999999999        0.0000000000000000        6.7990350584090859E-004   0.0000000000000000     
   4.5540000000000003        0.0000000000000000        6.3139018352678373E-004   0.0000000000000000     
   4.7520000000000007        0.0000000000000000        5.8684691613899900E-004   0.0000000000000000     
   4.9500000000000002        0.0000000000000000        5.4599092853327088E-004   0.0000000000000000     
   5.1480000000000006        0.0000000000000000        5.0853751742466159E-004   0.0000000000000000     
   5.3460000000000001        0.0000000000000000        4.7421008580520124E-004   0.0000000000000000     
   5.5440000000000005        0.0000000000000000        4.4274545704403579E-004   0.0000000000000000     
   5.7420000000000000        0.0000000000000000        4.1389649849993471E-004   0.0000000000000000     
   5.9400000000000004        0.0000000000000000        3.8743335877877900E-004   0.0000000000000000     
   6.1379999999999999        0.0000000000000000        3.6314360463891079E-004   0.0000000000000000     
   6.3360000000000003        0.0000000000000000        3.4083199962287768E-004   0.0000000000000000     
   6.5340000000000007        0.0000000000000000        3.2031976245457160E-004   0.0000000000000000     
   6.7320000000000002        0.0000000000000000        3.0144375316547604E-004   0.0000000000000000     
   6.9300000000000006        0.0000000000000000        2.8405543948169303E-004   0.0000000000000000     
   7.1280000000000001        0.0000000000000000        2.6801991649139350E-004   0.0000000000000000     
   7.3260000000000005        0.0000000000000000        2.5321480074806847E-004   0.0000000000000000     
   7.5240000000000000        0.0000000000000000        2.3952925647590019E-004   0.0000000000000000     
   7.7220000000000004        0.0000000000000000        2.2686295976161806E-004   0.0000000000000000     
   7.9199999999999999        0.0000000000000000        2.1512520205312137E-004   0.0000000000000000     
   8.1180000000000003        0.0000000000000000        2.0423398062968662E-004   0.0000000000000000     
   8.3160000000000007        0.0000000000000000        1.9411518937284921E-004   0.0000000000000000     
   8.5140000000000011        0.0000000000000000        1.8470186435133015E-004   0.0000000000000000     
   8.7119999999999997        0.0000000000000000        1.7593350101046743E-004   0.0000000000000000     
   8.9100000000000001        0.0000000000000000        1.6775539484282758E-004   0.0000000000000000     
   9.1080000000000005        0.0000000000000000        1.6011808410121755E-004   0.0000000000000000     
   9.3060000000000009        0.0000000000000000        1.5297681438566758E-004   0.0000000000000000     
   9.5040000000000013        0.0000000000000000        1.4629108057244327E-004   0.0000000000000000     
   9.7020000000000000        0.0000000000000000        1.4002418516060371E-004   0.0000000000000000     
   9.9000000000000004        0.0000000000000000        1.3414286040049558E-004   0.0000000000000000     
   10.098000000000001        0.0000000000000000        1.2861691684729537E-004   0.0000000000000000     
   10.296000000000001        0.0000000000000000        1.2341893350039060E-004   0.0000000000000000     
   10.494000000000000        0.0000000000000000        1.1852398735491003E-004   0.0000000000000000     
   10.692000000000000        0.0000000000000000        1.1390938698127128E-004   0.0000000000000000     
   10.890000000000001        0.0000000000000000        1.0955446306248563E-004   0.0000000000000000     
   11.088000000000001        0.0000000000000000        1.0544035006502652E-004   0.0000000000000000     
   11.286000000000001        0.0000000000000000        1.0154982319242976E-004   0.0000000000000000     
   11.484000000000000        0.0000000000000000        9.7867118919566472E-005   0.0000000000000000     
   11.682000000000000        0.0000000000000000        9.4377806388666583E-005   0.0000000000000000     
   11.880000000000001        0.0000000000000000        9.1068640835828402E-005   0.0000000000000000     
   12.078000000000001        0.0000000000000000        8.7927454542537995E-005   0.0000000000000000     
   12.276000000000000        0.0000000000000000        8.4943046914301291E-005   0.0000000000000000     
   12.474000000000000        0.0000000000000000        8.2105090912603144E-005   0.0000000000000000     
   12.672000000000001        0.0000000000000000        7.9404046670079125E-005   0.0000000000000000     
   12.870000000000001        0.0000000000000000        7.6831078297235662E-005   0.0000000000000000     
   13.068000000000001        0.0000000000000000        7.4377984332638927E-005   0.0000000000000000     
   13.266000000000000        0.0000000000000000        7.2037130142901869E-005   0.0000000000000000     
   13.464000000000000        0.0000000000000000        6.9801388158180001E-005   0.0000000000000000     
   13.662000000000001        0.0000000000000000        6.7664082520937018E-005   0.0000000000000000     
   13.860000000000001        0.0000000000000000        6.5618929680288829E-005   0.0000000000000000     
   14.058000000000000        0.0000000000000000        6.3659990426542885E-005   0.0000000000000000     
   14.256000000000000        0.0000000000000000        6.1781618091091855E-005   0.0000000000000000     
   14.454000000000001        0.0000000000000000        5.9978415603874179E-005   0.0000000000000000     
   14.652000000000001        0.0000000000000000        5.8245180714707469E-005   0.0000000000000000     
   14.850000000000001        0.0000000000000000        5.6576861441812071E-005   0.0000000000000000     
   15.048000000000000        0.0000000000000000        5.4968503632851555E-005   0.0000000000000000     
   15.246000000000000        0.0000000000000000        5.3415198638301286E-005   0.0000000000000000     
   15.444000000000001        0.0000000000000000        5.1912034769204125E-005   0.0000000000000000     
   15.642000000000001        0.0000000000000000        5.0454031846329117E-005   0.0000000000000000     
   15.840000000000000        0.0000000000000000        4.9036087366782011E-005   0.0000000000000000     
   16.038000000000000        0.0000000000000000        4.7652908169495190E-005   0.0000000000000000     
   16.236000000000001        0.0000000000000000        4.6298946523931448E-005   0.0000000000000000     
   16.434000000000001        0.0000000000000000        4.4968331907589263E-005   0.0000000000000000     
   16.632000000000001        0.0000000000000000        4.3654809626852945E-005   0.0000000000000000     
   16.830000000000002        0.0000000000000000        4.2351682666110620E-005   0.0000000000000000     
   17.028000000000002        0.0000000000000000        4.1051776451693133E-005   0.0000000000000000     
   17.225999999999999        0.0000000000000000        3.9752561996185308E-005   0.0000000000000000     
   17.423999999999999        0.0000000000000000        3.8439080653646978E-005   0.0000000000000000     
   17.622000000000000        0.0000000000000000        3.7108042547634677E-005   0.0000000000000000     
   17.820000000000000        0.0000000000000000        3.5747906592860959E-005   0.0000000000000000     
   18.018000000000001        0.0000000000000000        3.4351083629038865E-005   0.0000000000000000     
   18.216000000000001        0.0000000000000000        3.2906507492863739E-005   0.0000000000000000     
   18.414000000000001        0.0000000000000000        3.1407185295977034E-005   0.0000000000000000     
   18.612000000000002        0.0000000000000000        2.9843112228038297E-005   0.0000000000000000     
   18.810000000000002        0.0000000000000000        2.8206388424775810E-005   0.0000000000000000     
   19.008000000000003        0.0000000000000000        2.6453061644699483E-005   0.0000000000000000     
   19.206000000000000        0.0000000000000000        2.4471113222920734E-005   0.0000000000000000     
   19.404000000000000        0.0000000000000000        2.1973372690317055E-005   0.0000000000000000     
   19.602000000000000        0.0000000000000000        1.8347899635638794E-005   0.0000000000000000     
