  -19.602000000000000        0.0000000000000000       -5.6705724872518670E-007   0.0000000000000000     
  -19.404000000000000        0.0000000000000000       -3.0174354277166398E-006   0.0000000000000000     
  -19.206000000000000        0.0000000000000000       -4.8181579544195283E-006   0.0000000000000000     
  -19.008000000000003        0.0000000000000000       -6.2059112056924300E-006   0.0000000000000000     
  -18.810000000000002        0.0000000000000000       -7.2327350602317176E-006   0.0000000000000000     
  -18.612000000000002        0.0000000000000000       -7.9422833339135155E-006   0.0000000000000000     
  -18.414000000000001        0.0000000000000000       -8.4058331103933605E-006   0.0000000000000000     
  -18.216000000000001        0.0000000000000000       -8.6979960883801405E-006   0.0000000000000000     
  -18.018000000000001        0.0000000000000000       -8.8772639557810553E-006   0.0000000000000000     
  -17.820000000000000        0.0000000000000000       -8.9848539121865800E-006   0.0000000000000000     
  -17.622000000000000        0.0000000000000000       -9.0494007534614328E-006   0.0000000000000000     
  -17.423999999999999        0.0000000000000000       -9.0877270112248111E-006   0.0000000000000000     
  -17.225999999999999        0.0000000000000000       -9.1150260767272795E-006   0.0000000000000000     
  -17.028000000000002        0.0000000000000000       -9.1392533764744987E-006   0.0000000000000000     
  -16.830000000000002        0.0000000000000000       -9.1657891943720651E-006   0.0000000000000000     
  -16.632000000000001        0.0000000000000000       -9.1937946030168737E-006   0.0000000000000000     
  -16.434000000000001        0.0000000000000000       -9.2301089616811167E-006   0.0000000000000000     
  -16.236000000000001        0.0000000000000000       -9.2749428922127798E-006   0.0000000000000000     
  -16.038000000000000        0.0000000000000000       -9.3309765676141831E-006   0.0000000000000000     
  -15.840000000000000        0.0000000000000000       -9.3991951033552628E-006   0.0000000000000000     
  -15.642000000000001        0.0000000000000000       -9.4804791677132225E-006   0.0000000000000000     
  -15.444000000000001        0.0000000000000000       -9.5756746242423767E-006   0.0000000000000000     
  -15.246000000000000        0.0000000000000000       -9.6856414123447390E-006   0.0000000000000000     
  -15.048000000000000        0.0000000000000000       -9.8112760189945848E-006   0.0000000000000000     
  -14.850000000000001        0.0000000000000000       -9.9535356003724379E-006   0.0000000000000000     
  -14.652000000000001        0.0000000000000000       -1.0113449433115169E-005   0.0000000000000000     
  -14.454000000000001        0.0000000000000000       -1.0292134649524607E-005   0.0000000000000000     
  -14.256000000000000        0.0000000000000000       -1.0490800578966597E-005   0.0000000000000000     
  -14.058000000000000        0.0000000000000000       -1.0710764948285772E-005   0.0000000000000000     
  -13.860000000000001        0.0000000000000000       -1.0953456232759103E-005   0.0000000000000000     
  -13.662000000000001        0.0000000000000000       -1.1220432106591732E-005   0.0000000000000000     
  -13.464000000000000        0.0000000000000000       -1.1513383013510644E-005   0.0000000000000000     
  -13.266000000000000        0.0000000000000000       -1.1834149488309979E-005   0.0000000000000000     
  -13.068000000000001        0.0000000000000000       -1.2184734154995423E-005   0.0000000000000000     
  -12.870000000000001        0.0000000000000000       -1.2567314801389453E-005   0.0000000000000000     
  -12.672000000000001        0.0000000000000000       -1.2984263589912074E-005   0.0000000000000000     
  -12.474000000000000        0.0000000000000000       -1.3438164116143158E-005   0.0000000000000000     
  -12.276000000000000        0.0000000000000000       -1.3931832401411995E-005   0.0000000000000000     
  -12.078000000000001        0.0000000000000000       -1.4468337886146292E-005   0.0000000000000000     
  -11.880000000000001        0.0000000000000000       -1.5051031161706218E-005   0.0000000000000000     
  -11.682000000000000        0.0000000000000000       -1.5683574474524214E-005   0.0000000000000000     
  -11.484000000000000        0.0000000000000000       -1.6369967046928926E-005   0.0000000000000000     
  -11.286000000000001        0.0000000000000000       -1.7114588282189437E-005   0.0000000000000000     
  -11.088000000000001        0.0000000000000000       -1.7922235959802850E-005   0.0000000000000000     
  -10.890000000000001        0.0000000000000000       -1.8798169202675212E-005   0.0000000000000000     
  -10.692000000000000        0.0000000000000000       -1.9748169773278695E-005   0.0000000000000000     
  -10.494000000000000        0.0000000000000000       -2.0778590615205133E-005   0.0000000000000000     
  -10.296000000000001        0.0000000000000000       -2.1896435204205303E-005   0.0000000000000000     
  -10.098000000000001        0.0000000000000000       -2.3109425915884818E-005   0.0000000000000000     
  -9.9000000000000004        0.0000000000000000       -2.4426105289309185E-005   0.0000000000000000     
  -9.7020000000000000        0.0000000000000000       -2.5855931483773987E-005   0.0000000000000000     
  -9.5040000000000013        0.0000000000000000       -2.7409406649824689E-005   0.0000000000000000     
  -9.3060000000000009        0.0000000000000000       -2.9098212810635845E-005   0.0000000000000000     
  -9.1080000000000005        0.0000000000000000       -3.0935379863824655E-005   0.0000000000000000     
  -8.9100000000000001        0.0000000000000000       -3.2935479084370640E-005   0.0000000000000000     
  -8.7119999999999997        0.0000000000000000       -3.5114850388708957E-005   0.0000000000000000     
  -8.5140000000000011        0.0000000000000000       -3.7491874505029288E-005   0.0000000000000000     
  -8.3160000000000007        0.0000000000000000       -4.0087287578545061E-005   0.0000000000000000     
  -8.1180000000000003        0.0000000000000000       -4.2924558777231690E-005   0.0000000000000000     
  -7.9199999999999999        0.0000000000000000       -4.6030345532927986E-005   0.0000000000000000     
  -7.7220000000000004        0.0000000000000000       -4.9435022074938804E-005   0.0000000000000000     
  -7.5240000000000000        0.0000000000000000       -5.3173324718737265E-005   0.0000000000000000     
  -7.3260000000000005        0.0000000000000000       -5.7285110854674484E-005   0.0000000000000000     
  -7.1280000000000001        0.0000000000000000       -6.1816266090644641E-005   0.0000000000000000     
  -6.9300000000000006        0.0000000000000000       -6.6819792374290637E-005   0.0000000000000000     
  -6.7320000000000002        0.0000000000000000       -7.2357084864351696E-005   0.0000000000000000     
  -6.5340000000000007        0.0000000000000000       -7.8499450642826056E-005   0.0000000000000000     
  -6.3360000000000003        0.0000000000000000       -8.5329887745449508E-005   0.0000000000000000     
  -6.1379999999999999        0.0000000000000000       -9.2945132593790885E-005   0.0000000000000000     
  -5.9400000000000004        0.0000000000000000       -1.0145803752894949E-004   0.0000000000000000     
  -5.7420000000000000        0.0000000000000000       -1.1100012753215441E-004   0.0000000000000000     
  -5.5440000000000005        0.0000000000000000       -1.2172443021001425E-004   0.0000000000000000     
  -5.3460000000000001        0.0000000000000000       -1.3380816391782448E-004   0.0000000000000000     
  -5.1480000000000006        0.0000000000000000       -1.4745505504431367E-004   0.0000000000000000     
  -4.9500000000000002        0.0000000000000000       -1.6289636871540418E-004   0.0000000000000000     
  -4.7520000000000007        0.0000000000000000       -1.8038926911179563E-004   0.0000000000000000     
  -4.5540000000000003        0.0000000000000000       -2.0020978098185213E-004   0.0000000000000000     
  -4.3559999999999999        0.0000000000000000       -2.2263500537183961E-004   0.0000000000000000     
  -4.1580000000000004        0.0000000000000000       -2.4790437531564891E-004   0.0000000000000000     
  -3.9600000000000000        0.0000000000000000       -2.7613802473283426E-004   0.0000000000000000     
  -3.7620000000000000        0.0000000000000000       -3.0716851309069192E-004   0.0000000000000000     
  -3.5640000000000001        0.0000000000000000       -3.4023303984287814E-004   0.0000000000000000     
  -3.3660000000000001        0.0000000000000000       -3.7382604737543805E-004   0.0000000000000000     
  -3.1680000000000001        0.0000000000000000       -4.0815988335746964E-004   0.0000000000000000     
  -2.9700000000000002        0.0000000000000000       -4.4639572240433333E-004   0.0000000000000000     
  -2.7720000000000002        0.0000000000000000       -4.9019744599115270E-004   0.0000000000000000     
  -2.5740000000000003        0.0000000000000000       -5.4093958680209448E-004   0.0000000000000000     
  -2.3760000000000003        0.0000000000000000       -5.9812602272806838E-004   0.0000000000000000     
  -2.1779999999999999        0.0000000000000000       -6.5986237799994536E-004   0.0000000000000000     
  -1.9800000000000000        0.0000000000000000       -7.2353693451818006E-004   0.0000000000000000     
  -1.7820000000000000        0.0000000000000000       -7.8605421566747987E-004   0.0000000000000000     
  -1.5840000000000001        0.0000000000000000       -8.4341063809250012E-004   0.0000000000000000     
  -1.3860000000000001        0.0000000000000000       -8.9259976352579998E-004   0.0000000000000000     
  -1.1880000000000002        0.0000000000000000       -9.2894333205351522E-004   0.0000000000000000     
 -0.98999999999999999        0.0000000000000000       -9.4030856192888759E-004   0.0000000000000000     
 -0.79200000000000004        0.0000000000000000       -9.2819716781309281E-004   0.0000000000000000     
 -0.59400000000000008        0.0000000000000000       -9.0658405817945517E-004   0.0000000000000000     
 -0.39600000000000002        0.0000000000000000       -8.8102239681327730E-004   0.0000000000000000     
 -0.19800000000000001        0.0000000000000000       -8.5901807076830660E-004   0.0000000000000000     
   0.0000000000000000        0.0000000000000000       -8.5037865222658334E-004   0.0000000000000000     
  0.19800000000000001        0.0000000000000000       -8.5901807076830660E-004   0.0000000000000000     
  0.39600000000000002        0.0000000000000000       -8.8102239681327730E-004   0.0000000000000000     
  0.59400000000000008        0.0000000000000000       -9.0658405817945517E-004   0.0000000000000000     
  0.79200000000000004        0.0000000000000000       -9.2819716781309281E-004   0.0000000000000000     
  0.98999999999999999        0.0000000000000000       -9.4030856192888759E-004   0.0000000000000000     
   1.1880000000000002        0.0000000000000000       -9.2894333205351522E-004   0.0000000000000000     
   1.3860000000000001        0.0000000000000000       -8.9259976352579998E-004   0.0000000000000000     
   1.5840000000000001        0.0000000000000000       -8.4341063809250012E-004   0.0000000000000000     
   1.7820000000000000        0.0000000000000000       -7.8605421566747987E-004   0.0000000000000000     
   1.9800000000000000        0.0000000000000000       -7.2353693451818006E-004   0.0000000000000000     
   2.1779999999999999        0.0000000000000000       -6.5986237799994536E-004   0.0000000000000000     
   2.3760000000000003        0.0000000000000000       -5.9812602272806838E-004   0.0000000000000000     
   2.5740000000000003        0.0000000000000000       -5.4093958680209448E-004   0.0000000000000000     
   2.7720000000000002        0.0000000000000000       -4.9019744599115270E-004   0.0000000000000000     
   2.9700000000000002        0.0000000000000000       -4.4639572240433333E-004   0.0000000000000000     
   3.1680000000000001        0.0000000000000000       -4.0815988335746964E-004   0.0000000000000000     
   3.3660000000000001        0.0000000000000000       -3.7382604737543805E-004   0.0000000000000000     
   3.5640000000000001        0.0000000000000000       -3.4023303984287814E-004   0.0000000000000000     
   3.7620000000000000        0.0000000000000000       -3.0716851309069192E-004   0.0000000000000000     
   3.9600000000000000        0.0000000000000000       -2.7613802473283426E-004   0.0000000000000000     
   4.1580000000000004        0.0000000000000000       -2.4790437531564891E-004   0.0000000000000000     
   4.3559999999999999        0.0000000000000000       -2.2263500537183961E-004   0.0000000000000000     
   4.5540000000000003        0.0000000000000000       -2.0020978098185213E-004   0.0000000000000000     
   4.7520000000000007        0.0000000000000000       -1.8038926911179563E-004   0.0000000000000000     
   4.9500000000000002        0.0000000000000000       -1.6289636871540418E-004   0.0000000000000000     
   5.1480000000000006        0.0000000000000000       -1.4745505504431367E-004   0.0000000000000000     
   5.3460000000000001        0.0000000000000000       -1.3380816391782448E-004   0.0000000000000000     
   5.5440000000000005        0.0000000000000000       -1.2172443021001425E-004   0.0000000000000000     
   5.7420000000000000        0.0000000000000000       -1.1100012753215441E-004   0.0000000000000000     
   5.9400000000000004        0.0000000000000000       -1.0145803752894949E-004   0.0000000000000000     
   6.1379999999999999        0.0000000000000000       -9.2945132593790885E-005   0.0000000000000000     
   6.3360000000000003        0.0000000000000000       -8.5329887745449508E-005   0.0000000000000000     
   6.5340000000000007        0.0000000000000000       -7.8499450642826056E-005   0.0000000000000000     
   6.7320000000000002        0.0000000000000000       -7.2357084864351696E-005   0.0000000000000000     
   6.9300000000000006        0.0000000000000000       -6.6819792374290637E-005   0.0000000000000000     
   7.1280000000000001        0.0000000000000000       -6.1816266090644641E-005   0.0000000000000000     
   7.3260000000000005        0.0000000000000000       -5.7285110854674484E-005   0.0000000000000000     
   7.5240000000000000        0.0000000000000000       -5.3173324718737265E-005   0.0000000000000000     
   7.7220000000000004        0.0000000000000000       -4.9435022074938804E-005   0.0000000000000000     
   7.9199999999999999        0.0000000000000000       -4.6030345532927986E-005   0.0000000000000000     
   8.1180000000000003        0.0000000000000000       -4.2924558777231690E-005   0.0000000000000000     
   8.3160000000000007        0.0000000000000000       -4.0087287578545061E-005   0.0000000000000000     
   8.5140000000000011        0.0000000000000000       -3.7491874505029288E-005   0.0000000000000000     
   8.7119999999999997        0.0000000000000000       -3.5114850388708957E-005   0.0000000000000000     
   8.9100000000000001        0.0000000000000000       -3.2935479084370640E-005   0.0000000000000000     
   9.1080000000000005        0.0000000000000000       -3.0935379863824655E-005   0.0000000000000000     
   9.3060000000000009        0.0000000000000000       -2.9098212810635845E-005   0.0000000000000000     
   9.5040000000000013        0.0000000000000000       -2.7409406649824689E-005   0.0000000000000000     
   9.7020000000000000        0.0000000000000000       -2.5855931483773987E-005   0.0000000000000000     
   9.9000000000000004        0.0000000000000000       -2.4426105289309185E-005   0.0000000000000000     
   10.098000000000001        0.0000000000000000       -2.3109425915884818E-005   0.0000000000000000     
   10.296000000000001        0.0000000000000000       -2.1896435204205303E-005   0.0000000000000000     
   10.494000000000000        0.0000000000000000       -2.0778590615205133E-005   0.0000000000000000     
   10.692000000000000        0.0000000000000000       -1.9748169773278695E-005   0.0000000000000000     
   10.890000000000001        0.0000000000000000       -1.8798169202675212E-005   0.0000000000000000     
   11.088000000000001        0.0000000000000000       -1.7922235959802850E-005   0.0000000000000000     
   11.286000000000001        0.0000000000000000       -1.7114588282189437E-005   0.0000000000000000     
   11.484000000000000        0.0000000000000000       -1.6369967046928926E-005   0.0000000000000000     
   11.682000000000000        0.0000000000000000       -1.5683574474524214E-005   0.0000000000000000     
   11.880000000000001        0.0000000000000000       -1.5051031161706218E-005   0.0000000000000000     
   12.078000000000001        0.0000000000000000       -1.4468337886146292E-005   0.0000000000000000     
   12.276000000000000        0.0000000000000000       -1.3931832401411995E-005   0.0000000000000000     
   12.474000000000000        0.0000000000000000       -1.3438164116143158E-005   0.0000000000000000     
   12.672000000000001        0.0000000000000000       -1.2984263589912074E-005   0.0000000000000000     
   12.870000000000001        0.0000000000000000       -1.2567314801389453E-005   0.0000000000000000     
   13.068000000000001        0.0000000000000000       -1.2184734154995423E-005   0.0000000000000000     
   13.266000000000000        0.0000000000000000       -1.1834149488309979E-005   0.0000000000000000     
   13.464000000000000        0.0000000000000000       -1.1513383013510644E-005   0.0000000000000000     
   13.662000000000001        0.0000000000000000       -1.1220432106591732E-005   0.0000000000000000     
   13.860000000000001        0.0000000000000000       -1.0953456232759103E-005   0.0000000000000000     
   14.058000000000000        0.0000000000000000       -1.0710764948285772E-005   0.0000000000000000     
   14.256000000000000        0.0000000000000000       -1.0490800578966597E-005   0.0000000000000000     
   14.454000000000001        0.0000000000000000       -1.0292134649524607E-005   0.0000000000000000     
   14.652000000000001        0.0000000000000000       -1.0113449433115169E-005   0.0000000000000000     
   14.850000000000001        0.0000000000000000       -9.9535356003724379E-006   0.0000000000000000     
   15.048000000000000        0.0000000000000000       -9.8112760189945848E-006   0.0000000000000000     
   15.246000000000000        0.0000000000000000       -9.6856414123447390E-006   0.0000000000000000     
   15.444000000000001        0.0000000000000000       -9.5756746242423767E-006   0.0000000000000000     
   15.642000000000001        0.0000000000000000       -9.4804791677132225E-006   0.0000000000000000     
   15.840000000000000        0.0000000000000000       -9.3991951033552628E-006   0.0000000000000000     
   16.038000000000000        0.0000000000000000       -9.3309765676141831E-006   0.0000000000000000     
   16.236000000000001        0.0000000000000000       -9.2749428922127798E-006   0.0000000000000000     
   16.434000000000001        0.0000000000000000       -9.2301089616811167E-006   0.0000000000000000     
   16.632000000000001        0.0000000000000000       -9.1937946030168737E-006   0.0000000000000000     
   16.830000000000002        0.0000000000000000       -9.1657891943720651E-006   0.0000000000000000     
   17.028000000000002        0.0000000000000000       -9.1392533764744987E-006   0.0000000000000000     
   17.225999999999999        0.0000000000000000       -9.1150260767272795E-006   0.0000000000000000     
   17.423999999999999        0.0000000000000000       -9.0877270112248111E-006   0.0000000000000000     
   17.622000000000000        0.0000000000000000       -9.0494007534614328E-006   0.0000000000000000     
   17.820000000000000        0.0000000000000000       -8.9848539121865800E-006   0.0000000000000000     
   18.018000000000001        0.0000000000000000       -8.8772639557810553E-006   0.0000000000000000     
   18.216000000000001        0.0000000000000000       -8.6979960883801405E-006   0.0000000000000000     
   18.414000000000001        0.0000000000000000       -8.4058331103933605E-006   0.0000000000000000     
   18.612000000000002        0.0000000000000000       -7.9422833339135155E-006   0.0000000000000000     
   18.810000000000002        0.0000000000000000       -7.2327350602317176E-006   0.0000000000000000     
   19.008000000000003        0.0000000000000000       -6.2059112056924300E-006   0.0000000000000000     
   19.206000000000000        0.0000000000000000       -4.8181579544195283E-006   0.0000000000000000     
   19.404000000000000        0.0000000000000000       -3.0174354277166398E-006   0.0000000000000000     
   19.602000000000000        0.0000000000000000       -5.6705724872518670E-007   0.0000000000000000     
