  -19.602000000000000        0.0000000000000000        2.1290925944318357E-006   0.0000000000000000     
  -19.404000000000000        0.0000000000000000        7.6770867087319400E-006   0.0000000000000000     
  -19.206000000000000        0.0000000000000000        1.0879443766949156E-005   0.0000000000000000     
  -19.008000000000003        0.0000000000000000        1.2734064566468204E-005   0.0000000000000000     
  -18.810000000000002        0.0000000000000000        1.3895468914637313E-005   0.0000000000000000     
  -18.612000000000002        0.0000000000000000        1.4671897397904972E-005   0.0000000000000000     
  -18.414000000000001        0.0000000000000000        1.5240666894230431E-005   0.0000000000000000     
  -18.216000000000001        0.0000000000000000        1.5680835362056661E-005   0.0000000000000000     
  -18.018000000000001        0.0000000000000000        1.6046442927140496E-005   0.0000000000000000     
  -17.820000000000000        0.0000000000000000        1.6368497901134577E-005   0.0000000000000000     
  -17.622000000000000        0.0000000000000000        1.6667904164510479E-005   0.0000000000000000     
  -17.423999999999999        0.0000000000000000        1.6962055117094155E-005   0.0000000000000000     
  -17.225999999999999        0.0000000000000000        1.7260076224837020E-005   0.0000000000000000     
  -17.028000000000002        0.0000000000000000        1.7571365847030850E-005   0.0000000000000000     
  -16.830000000000002        0.0000000000000000        1.7899123527255247E-005   0.0000000000000000     
  -16.632000000000001        0.0000000000000000        1.8253301889047729E-005   0.0000000000000000     
  -16.434000000000001        0.0000000000000000        1.8638687764567689E-005   0.0000000000000000     
  -16.236000000000001        0.0000000000000000        1.9051999954487598E-005   0.0000000000000000     
  -16.038000000000000        0.0000000000000000        1.9504933478499663E-005   0.0000000000000000     
  -15.840000000000000        0.0000000000000000        2.0000493443475941E-005   0.0000000000000000     
  -15.642000000000001        0.0000000000000000        2.0541468176183309E-005   0.0000000000000000     
  -15.444000000000001        0.0000000000000000        2.1130535551103989E-005   0.0000000000000000     
  -15.246000000000000        0.0000000000000000        2.1770348415090334E-005   0.0000000000000000     
  -15.048000000000000        0.0000000000000000        2.2463601178737151E-005   0.0000000000000000     
  -14.850000000000001        0.0000000000000000        2.3213077683839162E-005   0.0000000000000000     
  -14.652000000000001        0.0000000000000000        2.4021717952063634E-005   0.0000000000000000     
  -14.454000000000001        0.0000000000000000        2.4892640753834348E-005   0.0000000000000000     
  -14.256000000000000        0.0000000000000000        2.5829193309609327E-005   0.0000000000000000     
  -14.058000000000000        0.0000000000000000        2.6834980315954529E-005   0.0000000000000000     
  -13.860000000000001        0.0000000000000000        2.7913901896329536E-005   0.0000000000000000     
  -13.662000000000001        0.0000000000000000        2.9070185646697445E-005   0.0000000000000000     
  -13.464000000000000        0.0000000000000000        3.0308425015679689E-005   0.0000000000000000     
  -13.266000000000000        0.0000000000000000        3.1633609034093001E-005   0.0000000000000000     
  -13.068000000000001        0.0000000000000000        3.3051162714354393E-005   0.0000000000000000     
  -12.870000000000001        0.0000000000000000        3.4566998440655817E-005   0.0000000000000000     
  -12.672000000000001        0.0000000000000000        3.6187547287706986E-005   0.0000000000000000     
  -12.474000000000000        0.0000000000000000        3.7919826706233906E-005   0.0000000000000000     
  -12.276000000000000        0.0000000000000000        3.9771483056627463E-005   0.0000000000000000     
  -12.078000000000001        0.0000000000000000        4.1750860662662224E-005   0.0000000000000000     
  -11.880000000000001        0.0000000000000000        4.3867070915623355E-005   0.0000000000000000     
  -11.682000000000000        0.0000000000000000        4.6130079703584174E-005   0.0000000000000000     
  -11.484000000000000        0.0000000000000000        4.8550786857298273E-005   0.0000000000000000     
  -11.286000000000001        0.0000000000000000        5.1141132620242971E-005   0.0000000000000000     
  -11.088000000000001        0.0000000000000000        5.3914210658665756E-005   0.0000000000000000     
  -10.890000000000001        0.0000000000000000        5.6884396257976098E-005   0.0000000000000000     
  -10.692000000000000        0.0000000000000000        6.0067503246137653E-005   0.0000000000000000     
  -10.494000000000000        0.0000000000000000        6.3480939256518206E-005   0.0000000000000000     
  -10.296000000000001        0.0000000000000000        6.7143905942402535E-005   0.0000000000000000     
  -10.098000000000001        0.0000000000000000        7.1077616048744499E-005   0.0000000000000000     
  -9.9000000000000004        0.0000000000000000        7.5305539978743426E-005   0.0000000000000000     
  -9.7020000000000000        0.0000000000000000        7.9853711616736630E-005   0.0000000000000000     
  -9.5040000000000013        0.0000000000000000        8.4751037210909622E-005   0.0000000000000000     
  -9.3060000000000009        0.0000000000000000        9.0029696385165802E-005   0.0000000000000000     
  -9.1080000000000005        0.0000000000000000        9.5725573603349195E-005   0.0000000000000000     
  -8.9100000000000001        0.0000000000000000        1.0187877780671476E-004   0.0000000000000000     
  -8.7119999999999997        0.0000000000000000        1.0853423460488108E-004   0.0000000000000000     
  -8.5140000000000011        0.0000000000000000        1.1574237499427525E-004   0.0000000000000000     
  -8.3160000000000007        0.0000000000000000        1.2355993220108794E-004   0.0000000000000000     
  -8.1180000000000003        0.0000000000000000        1.3205088873636500E-004   0.0000000000000000     
  -7.9199999999999999        0.0000000000000000        1.4128754827779814E-004   0.0000000000000000     
  -7.7220000000000004        0.0000000000000000        1.5135181461005555E-004   0.0000000000000000     
  -7.5240000000000000        0.0000000000000000        1.6233668912390419E-004   0.0000000000000000     
  -7.3260000000000005        0.0000000000000000        1.7434796924928553E-004   0.0000000000000000     
  -7.1280000000000001        0.0000000000000000        1.8750628722239107E-004   0.0000000000000000     
  -6.9300000000000006        0.0000000000000000        2.0194947107582075E-004   0.0000000000000000     
  -6.7320000000000002        0.0000000000000000        2.1783525744498993E-004   0.0000000000000000     
  -6.5340000000000007        0.0000000000000000        2.3534448836446656E-004   0.0000000000000000     
  -6.3360000000000003        0.0000000000000000        2.5468477229785769E-004   0.0000000000000000     
  -6.1379999999999999        0.0000000000000000        2.7609465099514289E-004   0.0000000000000000     
  -5.9400000000000004        0.0000000000000000        2.9984834620537331E-004   0.0000000000000000     
  -5.7420000000000000        0.0000000000000000        3.2626099833298256E-004   0.0000000000000000     
  -5.5440000000000005        0.0000000000000000        3.5569420234716006E-004   0.0000000000000000     
  -5.3460000000000001        0.0000000000000000        3.8856148757258804E-004   0.0000000000000000     
  -5.1480000000000006        0.0000000000000000        4.2533287786150484E-004   0.0000000000000000     
  -4.9500000000000002        0.0000000000000000        4.6653646597735716E-004   0.0000000000000000     
  -4.7520000000000007        0.0000000000000000        5.1275353021174388E-004   0.0000000000000000     
  -4.5540000000000003        0.0000000000000000        5.6459851470596625E-004   0.0000000000000000     
  -4.3559999999999999        0.0000000000000000        6.2266744410648122E-004   0.0000000000000000     
  -4.1580000000000004        0.0000000000000000        6.8741804228587605E-004   0.0000000000000000     
  -3.9600000000000000        0.0000000000000000        7.5890721622396903E-004   0.0000000000000000     
  -3.7620000000000000        0.0000000000000000        8.3625125344518952E-004   0.0000000000000000     
  -3.5640000000000001        0.0000000000000000        9.1671125971852496E-004   0.0000000000000000     
  -3.3660000000000001        0.0000000000000000        9.9538749748713648E-004   0.0000000000000000     
  -3.1680000000000001        0.0000000000000000        1.0719229089461932E-003   0.0000000000000000     
  -2.9700000000000002        0.0000000000000000        1.1553322943597037E-003   0.0000000000000000     
  -2.7720000000000002        0.0000000000000000        1.2495847729565165E-003   0.0000000000000000     
  -2.5740000000000003        0.0000000000000000        1.3564666872544142E-003   0.0000000000000000     
  -2.3760000000000003        0.0000000000000000        1.4825450470953357E-003   0.0000000000000000     
  -2.1779999999999999        0.0000000000000000        1.6299908507501726E-003   0.0000000000000000     
  -1.9800000000000000        0.0000000000000000        1.7948755584433910E-003   0.0000000000000000     
  -1.7820000000000000        0.0000000000000000        1.9682845411492641E-003   0.0000000000000000     
  -1.5840000000000001        0.0000000000000000        2.1433876448371230E-003   0.0000000000000000     
  -1.3860000000000001        0.0000000000000000        2.3141879861172461E-003   0.0000000000000000     
  -1.1880000000000002        0.0000000000000000        2.4802058298049098E-003   0.0000000000000000     
 -0.98999999999999999        0.0000000000000000        2.6420871471570036E-003   0.0000000000000000     
 -0.79200000000000004        0.0000000000000000        2.7895150236283157E-003   0.0000000000000000     
 -0.59400000000000008        0.0000000000000000        2.9167319468466311E-003   0.0000000000000000     
 -0.39600000000000002        0.0000000000000000        3.0073376535934720E-003   0.0000000000000000     
 -0.19800000000000001        0.0000000000000000        3.0589356930260927E-003   0.0000000000000000     
   0.0000000000000000        0.0000000000000000        3.0758622952164771E-003   0.0000000000000000     
  0.19800000000000001        0.0000000000000000        3.0589356930260927E-003   0.0000000000000000     
  0.39600000000000002        0.0000000000000000        3.0073376535934720E-003   0.0000000000000000     
  0.59400000000000008        0.0000000000000000        2.9167319468466311E-003   0.0000000000000000     
  0.79200000000000004        0.0000000000000000        2.7895150236283157E-003   0.0000000000000000     
  0.98999999999999999        0.0000000000000000        2.6420871471570036E-003   0.0000000000000000     
   1.1880000000000002        0.0000000000000000        2.4802058298049098E-003   0.0000000000000000     
   1.3860000000000001        0.0000000000000000        2.3141879861172461E-003   0.0000000000000000     
   1.5840000000000001        0.0000000000000000        2.1433876448371230E-003   0.0000000000000000     
   1.7820000000000000        0.0000000000000000        1.9682845411492641E-003   0.0000000000000000     
   1.9800000000000000        0.0000000000000000        1.7948755584433910E-003   0.0000000000000000     
   2.1779999999999999        0.0000000000000000        1.6299908507501726E-003   0.0000000000000000     
   2.3760000000000003        0.0000000000000000        1.4825450470953357E-003   0.0000000000000000     
   2.5740000000000003        0.0000000000000000        1.3564666872544142E-003   0.0000000000000000     
   2.7720000000000002        0.0000000000000000        1.2495847729565165E-003   0.0000000000000000     
   2.9700000000000002        0.0000000000000000        1.1553322943597037E-003   0.0000000000000000     
   3.1680000000000001        0.0000000000000000        1.0719229089461932E-003   0.0000000000000000     
   3.3660000000000001        0.0000000000000000        9.9538749748713648E-004   0.0000000000000000     
   3.5640000000000001        0.0000000000000000        9.1671125971852496E-004   0.0000000000000000     
   3.7620000000000000        0.0000000000000000        8.3625125344518952E-004   0.0000000000000000     
   3.9600000000000000        0.0000000000000000        7.5890721622396903E-004   0.0000000000000000     
   4.1580000000000004        0.0000000000000000        6.8741804228587605E-004   0.0000000000000000     
   4.3559999999999999        0.0000000000000000        6.2266744410648122E-004   0.0000000000000000     
   4.5540000000000003        0.0000000000000000        5.6459851470596625E-004   0.0000000000000000     
   4.7520000000000007        0.0000000000000000        5.1275353021174388E-004   0.0000000000000000     
   4.9500000000000002        0.0000000000000000        4.6653646597735716E-004   0.0000000000000000     
   5.1480000000000006        0.0000000000000000        4.2533287786150484E-004   0.0000000000000000     
   5.3460000000000001        0.0000000000000000        3.8856148757258804E-004   0.0000000000000000     
   5.5440000000000005        0.0000000000000000        3.5569420234716006E-004   0.0000000000000000     
   5.7420000000000000        0.0000000000000000        3.2626099833298256E-004   0.0000000000000000     
   5.9400000000000004        0.0000000000000000        2.9984834620537331E-004   0.0000000000000000     
   6.1379999999999999        0.0000000000000000        2.7609465099514289E-004   0.0000000000000000     
   6.3360000000000003        0.0000000000000000        2.5468477229785769E-004   0.0000000000000000     
   6.5340000000000007        0.0000000000000000        2.3534448836446656E-004   0.0000000000000000     
   6.7320000000000002        0.0000000000000000        2.1783525744498993E-004   0.0000000000000000     
   6.9300000000000006        0.0000000000000000        2.0194947107582075E-004   0.0000000000000000     
   7.1280000000000001        0.0000000000000000        1.8750628722239107E-004   0.0000000000000000     
   7.3260000000000005        0.0000000000000000        1.7434796924928553E-004   0.0000000000000000     
   7.5240000000000000        0.0000000000000000        1.6233668912390419E-004   0.0000000000000000     
   7.7220000000000004        0.0000000000000000        1.5135181461005555E-004   0.0000000000000000     
   7.9199999999999999        0.0000000000000000        1.4128754827779814E-004   0.0000000000000000     
   8.1180000000000003        0.0000000000000000        1.3205088873636500E-004   0.0000000000000000     
   8.3160000000000007        0.0000000000000000        1.2355993220108794E-004   0.0000000000000000     
   8.5140000000000011        0.0000000000000000        1.1574237499427525E-004   0.0000000000000000     
   8.7119999999999997        0.0000000000000000        1.0853423460488108E-004   0.0000000000000000     
   8.9100000000000001        0.0000000000000000        1.0187877780671476E-004   0.0000000000000000     
   9.1080000000000005        0.0000000000000000        9.5725573603349195E-005   0.0000000000000000     
   9.3060000000000009        0.0000000000000000        9.0029696385165802E-005   0.0000000000000000     
   9.5040000000000013        0.0000000000000000        8.4751037210909622E-005   0.0000000000000000     
   9.7020000000000000        0.0000000000000000        7.9853711616736630E-005   0.0000000000000000     
   9.9000000000000004        0.0000000000000000        7.5305539978743426E-005   0.0000000000000000     
   10.098000000000001        0.0000000000000000        7.1077616048744499E-005   0.0000000000000000     
   10.296000000000001        0.0000000000000000        6.7143905942402535E-005   0.0000000000000000     
   10.494000000000000        0.0000000000000000        6.3480939256518206E-005   0.0000000000000000     
   10.692000000000000        0.0000000000000000        6.0067503246137653E-005   0.0000000000000000     
   10.890000000000001        0.0000000000000000        5.6884396257976098E-005   0.0000000000000000     
   11.088000000000001        0.0000000000000000        5.3914210658665756E-005   0.0000000000000000     
   11.286000000000001        0.0000000000000000        5.1141132620242971E-005   0.0000000000000000     
   11.484000000000000        0.0000000000000000        4.8550786857298273E-005   0.0000000000000000     
   11.682000000000000        0.0000000000000000        4.6130079703584174E-005   0.0000000000000000     
   11.880000000000001        0.0000000000000000        4.3867070915623355E-005   0.0000000000000000     
   12.078000000000001        0.0000000000000000        4.1750860662662224E-005   0.0000000000000000     
   12.276000000000000        0.0000000000000000        3.9771483056627463E-005   0.0000000000000000     
   12.474000000000000        0.0000000000000000        3.7919826706233906E-005   0.0000000000000000     
   12.672000000000001        0.0000000000000000        3.6187547287706986E-005   0.0000000000000000     
   12.870000000000001        0.0000000000000000        3.4566998440655817E-005   0.0000000000000000     
   13.068000000000001        0.0000000000000000        3.3051162714354393E-005   0.0000000000000000     
   13.266000000000000        0.0000000000000000        3.1633609034093001E-005   0.0000000000000000     
   13.464000000000000        0.0000000000000000        3.0308425015679689E-005   0.0000000000000000     
   13.662000000000001        0.0000000000000000        2.9070185646697445E-005   0.0000000000000000     
   13.860000000000001        0.0000000000000000        2.7913901896329536E-005   0.0000000000000000     
   14.058000000000000        0.0000000000000000        2.6834980315954529E-005   0.0000000000000000     
   14.256000000000000        0.0000000000000000        2.5829193309609327E-005   0.0000000000000000     
   14.454000000000001        0.0000000000000000        2.4892640753834348E-005   0.0000000000000000     
   14.652000000000001        0.0000000000000000        2.4021717952063634E-005   0.0000000000000000     
   14.850000000000001        0.0000000000000000        2.3213077683839162E-005   0.0000000000000000     
   15.048000000000000        0.0000000000000000        2.2463601178737151E-005   0.0000000000000000     
   15.246000000000000        0.0000000000000000        2.1770348415090334E-005   0.0000000000000000     
   15.444000000000001        0.0000000000000000        2.1130535551103989E-005   0.0000000000000000     
   15.642000000000001        0.0000000000000000        2.0541468176183309E-005   0.0000000000000000     
   15.840000000000000        0.0000000000000000        2.0000493443475941E-005   0.0000000000000000     
   16.038000000000000        0.0000000000000000        1.9504933478499663E-005   0.0000000000000000     
   16.236000000000001        0.0000000000000000        1.9051999954487598E-005   0.0000000000000000     
   16.434000000000001        0.0000000000000000        1.8638687764567689E-005   0.0000000000000000     
   16.632000000000001        0.0000000000000000        1.8253301889047729E-005   0.0000000000000000     
   16.830000000000002        0.0000000000000000        1.7899123527255247E-005   0.0000000000000000     
   17.028000000000002        0.0000000000000000        1.7571365847030850E-005   0.0000000000000000     
   17.225999999999999        0.0000000000000000        1.7260076224837020E-005   0.0000000000000000     
   17.423999999999999        0.0000000000000000        1.6962055117094155E-005   0.0000000000000000     
   17.622000000000000        0.0000000000000000        1.6667904164510479E-005   0.0000000000000000     
   17.820000000000000        0.0000000000000000        1.6368497901134577E-005   0.0000000000000000     
   18.018000000000001        0.0000000000000000        1.6046442927140496E-005   0.0000000000000000     
   18.216000000000001        0.0000000000000000        1.5680835362056661E-005   0.0000000000000000     
   18.414000000000001        0.0000000000000000        1.5240666894230431E-005   0.0000000000000000     
   18.612000000000002        0.0000000000000000        1.4671897397904972E-005   0.0000000000000000     
   18.810000000000002        0.0000000000000000        1.3895468914637313E-005   0.0000000000000000     
   19.008000000000003        0.0000000000000000        1.2734064566468204E-005   0.0000000000000000     
   19.206000000000000        0.0000000000000000        1.0879443766949156E-005   0.0000000000000000     
   19.404000000000000        0.0000000000000000        7.6770867087319400E-006   0.0000000000000000     
   19.602000000000000        0.0000000000000000        2.1290925944318357E-006   0.0000000000000000     
