  -19.602000000000000        0.0000000000000000      -0.12035443059857892        0.0000000000000000     
  -19.404000000000000        0.0000000000000000      -0.12264616870242344        0.0000000000000000     
  -19.206000000000000        0.0000000000000000      -0.12605207718085246        0.0000000000000000     
  -19.008000000000003        0.0000000000000000      -0.12999129422080491        0.0000000000000000     
  -18.810000000000002        0.0000000000000000      -0.13417607819418309        0.0000000000000000     
  -18.612000000000002        0.0000000000000000      -0.13847438732771233        0.0000000000000000     
  -18.414000000000001        0.0000000000000000      -0.14282709793481663        0.0000000000000000     
  -18.216000000000001        0.0000000000000000      -0.14720255640796878        0.0000000000000000     
  -18.018000000000001        0.0000000000000000      -0.15158818647076203        0.0000000000000000     
  -17.820000000000000        0.0000000000000000      -0.15597268026109892        0.0000000000000000     
  -17.622000000000000        0.0000000000000000      -0.16034065761762881        0.0000000000000000     
  -17.423999999999999        0.0000000000000000      -0.16470931128678098        0.0000000000000000     
  -17.225999999999999        0.0000000000000000      -0.16907850201817873        0.0000000000000000     
  -17.028000000000002        0.0000000000000000      -0.17344577217982726        0.0000000000000000     
  -16.830000000000002        0.0000000000000000      -0.17781901028640112        0.0000000000000000     
  -16.632000000000001        0.0000000000000000      -0.18220064476890527        0.0000000000000000     
  -16.434000000000001        0.0000000000000000      -0.18659471958098561        0.0000000000000000     
  -16.236000000000001        0.0000000000000000      -0.19100452133829313        0.0000000000000000     
  -16.038000000000000        0.0000000000000000      -0.19543369538621441        0.0000000000000000     
  -15.840000000000000        0.0000000000000000      -0.19988517114445387        0.0000000000000000     
  -15.642000000000001        0.0000000000000000      -0.20436224065591702        0.0000000000000000     
  -15.444000000000001        0.0000000000000000      -0.20886815289942334        0.0000000000000000     
  -15.246000000000000        0.0000000000000000      -0.21340637187926309        0.0000000000000000     
  -15.048000000000000        0.0000000000000000      -0.21797871950123476        0.0000000000000000     
  -14.850000000000001        0.0000000000000000      -0.22258925971723822        0.0000000000000000     
  -14.652000000000001        0.0000000000000000      -0.22724099792854324        0.0000000000000000     
  -14.454000000000001        0.0000000000000000      -0.23193688868540296        0.0000000000000000     
  -14.256000000000000        0.0000000000000000      -0.23667982966988041        0.0000000000000000     
  -14.058000000000000        0.0000000000000000      -0.24147267308128453        0.0000000000000000     
  -13.860000000000001        0.0000000000000000      -0.24631822268657547        0.0000000000000000     
  -13.662000000000001        0.0000000000000000      -0.25121923252254297        0.0000000000000000     
  -13.464000000000000        0.0000000000000000      -0.25617841462374469        0.0000000000000000     
  -13.266000000000000        0.0000000000000000      -0.26119842651622399        0.0000000000000000     
  -13.068000000000001        0.0000000000000000      -0.26628188289790594        0.0000000000000000     
  -12.870000000000001        0.0000000000000000      -0.27143135115521266        0.0000000000000000     
  -12.672000000000001        0.0000000000000000      -0.27664933714601608        0.0000000000000000     
  -12.474000000000000        0.0000000000000000      -0.28193867401524186        0.0000000000000000     
  -12.276000000000000        0.0000000000000000      -0.28730135999547390        0.0000000000000000     
  -12.078000000000001        0.0000000000000000      -0.29273972149122834        0.0000000000000000     
  -11.880000000000001        0.0000000000000000      -0.29825600408811997        0.0000000000000000     
  -11.682000000000000        0.0000000000000000      -0.30385236382206171        0.0000000000000000     
  -11.484000000000000        0.0000000000000000      -0.30953086346277436        0.0000000000000000     
  -11.286000000000001        0.0000000000000000      -0.31529344891702776        0.0000000000000000     
  -11.088000000000001        0.0000000000000000      -0.32114193976044042        0.0000000000000000     
  -10.890000000000001        0.0000000000000000      -0.32707800997662517        0.0000000000000000     
  -10.692000000000000        0.0000000000000000      -0.33310315878569485        0.0000000000000000     
  -10.494000000000000        0.0000000000000000      -0.33921869601427185        0.0000000000000000     
  -10.296000000000001        0.0000000000000000      -0.34542570903052822        0.0000000000000000     
  -10.098000000000001        0.0000000000000000      -0.35172502605122558        0.0000000000000000     
  -9.9000000000000004        0.0000000000000000      -0.35811719227949140        0.0000000000000000     
  -9.7020000000000000        0.0000000000000000      -0.36460241097191265        0.0000000000000000     
  -9.5040000000000013        0.0000000000000000      -0.37118050715851780        0.0000000000000000     
  -9.3060000000000009        0.0000000000000000      -0.37785086859188644        0.0000000000000000     
  -9.1080000000000005        0.0000000000000000      -0.38461238713869794        0.0000000000000000     
  -8.9100000000000001        0.0000000000000000      -0.39146340149859787        0.0000000000000000     
  -8.7119999999999997        0.0000000000000000      -0.39840161305225424        0.0000000000000000     
  -8.5140000000000011        0.0000000000000000      -0.40542402722341064        0.0000000000000000     
  -8.3160000000000007        0.0000000000000000      -0.41252688737846349        0.0000000000000000     
  -8.1180000000000003        0.0000000000000000      -0.41970564008023403        0.0000000000000000     
  -7.9199999999999999        0.0000000000000000      -0.42695499475827320        0.0000000000000000     
  -7.7220000000000004        0.0000000000000000      -0.43426914672773542        0.0000000000000000     
  -7.5240000000000000        0.0000000000000000      -0.44164265383848816        0.0000000000000000     
  -7.3260000000000005        0.0000000000000000      -0.44907284788695434        0.0000000000000000     
  -7.1280000000000001        0.0000000000000000      -0.45656345760356948        0.0000000000000000     
  -6.9300000000000006        0.0000000000000000      -0.46409932092003225        0.0000000000000000     
  -6.7320000000000002        0.0000000000000000      -0.47162272166697289        0.0000000000000000     
  -6.5340000000000007        0.0000000000000000      -0.47910760312274697        0.0000000000000000     
  -6.3360000000000003        0.0000000000000000      -0.48654294919918795        0.0000000000000000     
  -6.1379999999999999        0.0000000000000000      -0.49390828460465652        0.0000000000000000     
  -5.9400000000000004        0.0000000000000000      -0.50117558491323200        0.0000000000000000     
  -5.7420000000000000        0.0000000000000000      -0.50831066139953363        0.0000000000000000     
  -5.5440000000000005        0.0000000000000000      -0.51527335783569428        0.0000000000000000     
  -5.3460000000000001        0.0000000000000000      -0.52201734788368515        0.0000000000000000     
  -5.1480000000000006        0.0000000000000000      -0.52849015532953603        0.0000000000000000     
  -4.9500000000000002        0.0000000000000000      -0.53463450721001249        0.0000000000000000     
  -4.7520000000000007        0.0000000000000000      -0.54039368249008313        0.0000000000000000     
  -4.5540000000000003        0.0000000000000000      -0.54571854150807142        0.0000000000000000     
  -4.3559999999999999        0.0000000000000000      -0.55049262664603915        0.0000000000000000     
  -4.1580000000000004        0.0000000000000000      -0.55448591212080267        0.0000000000000000     
  -3.9600000000000000        0.0000000000000000      -0.55757866897767461        0.0000000000000000     
  -3.7620000000000000        0.0000000000000000      -0.55962673785848194        0.0000000000000000     
  -3.5640000000000001        0.0000000000000000      -0.56038036021943027        0.0000000000000000     
  -3.3660000000000001        0.0000000000000000      -0.55962431736188734        0.0000000000000000     
  -3.1680000000000001        0.0000000000000000      -0.55730196075186578        0.0000000000000000     
  -2.9700000000000002        0.0000000000000000      -0.55319153625849038        0.0000000000000000     
  -2.7720000000000002        0.0000000000000000      -0.54699272137588872        0.0000000000000000     
  -2.5740000000000003        0.0000000000000000      -0.53842374576867857        0.0000000000000000     
  -2.3760000000000003        0.0000000000000000      -0.52708771570331214        0.0000000000000000     
  -2.1779999999999999        0.0000000000000000      -0.51237391195927973        0.0000000000000000     
  -1.9800000000000000        0.0000000000000000      -0.49396813280023616        0.0000000000000000     
  -1.7820000000000000        0.0000000000000000      -0.47184698214240295        0.0000000000000000     
  -1.5840000000000001        0.0000000000000000      -0.44501865366025689        0.0000000000000000     
  -1.3860000000000001        0.0000000000000000      -0.41287609526143360        0.0000000000000000     
  -1.1880000000000002        0.0000000000000000      -0.37664954025315800        0.0000000000000000     
 -0.98999999999999999        0.0000000000000000      -0.33704275908126502        0.0000000000000000     
 -0.79200000000000004        0.0000000000000000      -0.29551393561915118        0.0000000000000000     
 -0.59400000000000008        0.0000000000000000      -0.25510186658325534        0.0000000000000000     
 -0.39600000000000002        0.0000000000000000      -0.21987097961342605        0.0000000000000000     
 -0.19800000000000001        0.0000000000000000      -0.19531892061542164        0.0000000000000000     
   0.0000000000000000        0.0000000000000000      -0.18657783111476955        0.0000000000000000     
  0.19800000000000001        0.0000000000000000      -0.19531892061542164        0.0000000000000000     
  0.39600000000000002        0.0000000000000000      -0.21987097961342605        0.0000000000000000     
  0.59400000000000008        0.0000000000000000      -0.25510186658325534        0.0000000000000000     
  0.79200000000000004        0.0000000000000000      -0.29551393561915118        0.0000000000000000     
  0.98999999999999999        0.0000000000000000      -0.33704275908126502        0.0000000000000000     
   1.1880000000000002        0.0000000000000000      -0.37664954025315800        0.0000000000000000     
   1.3860000000000001        0.0000000000000000      -0.41287609526143360        0.0000000000000000     
   1.5840000000000001        0.0000000000000000      -0.44501865366025689        0.0000000000000000     
   1.7820000000000000        0.0000000000000000      -0.47184698214240295        0.0000000000000000     
   1.9800000000000000        0.0000000000000000      -0.49396813280023616        0.0000000000000000     
   2.1779999999999999        0.0000000000000000      -0.51237391195927973        0.0000000000000000     
   2.3760000000000003        0.0000000000000000      -0.52708771570331214        0.0000000000000000     
   2.5740000000000003        0.0000000000000000      -0.53842374576867857        0.0000000000000000     
   2.7720000000000002        0.0000000000000000      -0.54699272137588872        0.0000000000000000     
   2.9700000000000002        0.0000000000000000      -0.55319153625849038        0.0000000000000000     
   3.1680000000000001        0.0000000000000000      -0.55730196075186578        0.0000000000000000     
   3.3660000000000001        0.0000000000000000      -0.55962431736188734        0.0000000000000000     
   3.5640000000000001        0.0000000000000000      -0.56038036021943027        0.0000000000000000     
   3.7620000000000000        0.0000000000000000      -0.55962673785848194        0.0000000000000000     
   3.9600000000000000        0.0000000000000000      -0.55757866897767461        0.0000000000000000     
   4.1580000000000004        0.0000000000000000      -0.55448591212080267        0.0000000000000000     
   4.3559999999999999        0.0000000000000000      -0.55049262664603915        0.0000000000000000     
   4.5540000000000003        0.0000000000000000      -0.54571854150807142        0.0000000000000000     
   4.7520000000000007        0.0000000000000000      -0.54039368249008313        0.0000000000000000     
   4.9500000000000002        0.0000000000000000      -0.53463450721001249        0.0000000000000000     
   5.1480000000000006        0.0000000000000000      -0.52849015532953603        0.0000000000000000     
   5.3460000000000001        0.0000000000000000      -0.52201734788368515        0.0000000000000000     
   5.5440000000000005        0.0000000000000000      -0.51527335783569428        0.0000000000000000     
   5.7420000000000000        0.0000000000000000      -0.50831066139953363        0.0000000000000000     
   5.9400000000000004        0.0000000000000000      -0.50117558491323200        0.0000000000000000     
   6.1379999999999999        0.0000000000000000      -0.49390828460465652        0.0000000000000000     
   6.3360000000000003        0.0000000000000000      -0.48654294919918795        0.0000000000000000     
   6.5340000000000007        0.0000000000000000      -0.47910760312274697        0.0000000000000000     
   6.7320000000000002        0.0000000000000000      -0.47162272166697289        0.0000000000000000     
   6.9300000000000006        0.0000000000000000      -0.46409932092003225        0.0000000000000000     
   7.1280000000000001        0.0000000000000000      -0.45656345760356948        0.0000000000000000     
   7.3260000000000005        0.0000000000000000      -0.44907284788695434        0.0000000000000000     
   7.5240000000000000        0.0000000000000000      -0.44164265383848816        0.0000000000000000     
   7.7220000000000004        0.0000000000000000      -0.43426914672773542        0.0000000000000000     
   7.9199999999999999        0.0000000000000000      -0.42695499475827320        0.0000000000000000     
   8.1180000000000003        0.0000000000000000      -0.41970564008023403        0.0000000000000000     
   8.3160000000000007        0.0000000000000000      -0.41252688737846349        0.0000000000000000     
   8.5140000000000011        0.0000000000000000      -0.40542402722341064        0.0000000000000000     
   8.7119999999999997        0.0000000000000000      -0.39840161305225424        0.0000000000000000     
   8.9100000000000001        0.0000000000000000      -0.39146340149859787        0.0000000000000000     
   9.1080000000000005        0.0000000000000000      -0.38461238713869794        0.0000000000000000     
   9.3060000000000009        0.0000000000000000      -0.37785086859188644        0.0000000000000000     
   9.5040000000000013        0.0000000000000000      -0.37118050715851780        0.0000000000000000     
   9.7020000000000000        0.0000000000000000      -0.36460241097191265        0.0000000000000000     
   9.9000000000000004        0.0000000000000000      -0.35811719227949140        0.0000000000000000     
   10.098000000000001        0.0000000000000000      -0.35172502605122558        0.0000000000000000     
   10.296000000000001        0.0000000000000000      -0.34542570903052822        0.0000000000000000     
   10.494000000000000        0.0000000000000000      -0.33921869601427185        0.0000000000000000     
   10.692000000000000        0.0000000000000000      -0.33310315878569485        0.0000000000000000     
   10.890000000000001        0.0000000000000000      -0.32707800997662517        0.0000000000000000     
   11.088000000000001        0.0000000000000000      -0.32114193976044042        0.0000000000000000     
   11.286000000000001        0.0000000000000000      -0.31529344891702776        0.0000000000000000     
   11.484000000000000        0.0000000000000000      -0.30953086346277436        0.0000000000000000     
   11.682000000000000        0.0000000000000000      -0.30385236382206171        0.0000000000000000     
   11.880000000000001        0.0000000000000000      -0.29825600408811997        0.0000000000000000     
   12.078000000000001        0.0000000000000000      -0.29273972149122834        0.0000000000000000     
   12.276000000000000        0.0000000000000000      -0.28730135999547390        0.0000000000000000     
   12.474000000000000        0.0000000000000000      -0.28193867401524186        0.0000000000000000     
   12.672000000000001        0.0000000000000000      -0.27664933714601608        0.0000000000000000     
   12.870000000000001        0.0000000000000000      -0.27143135115521266        0.0000000000000000     
   13.068000000000001        0.0000000000000000      -0.26628188289790594        0.0000000000000000     
   13.266000000000000        0.0000000000000000      -0.26119842651622399        0.0000000000000000     
   13.464000000000000        0.0000000000000000      -0.25617841462374469        0.0000000000000000     
   13.662000000000001        0.0000000000000000      -0.25121923252254297        0.0000000000000000     
   13.860000000000001        0.0000000000000000      -0.24631822268657547        0.0000000000000000     
   14.058000000000000        0.0000000000000000      -0.24147267308128453        0.0000000000000000     
   14.256000000000000        0.0000000000000000      -0.23667982966988041        0.0000000000000000     
   14.454000000000001        0.0000000000000000      -0.23193688868540296        0.0000000000000000     
   14.652000000000001        0.0000000000000000      -0.22724099792854324        0.0000000000000000     
   14.850000000000001        0.0000000000000000      -0.22258925971723822        0.0000000000000000     
   15.048000000000000        0.0000000000000000      -0.21797871950123476        0.0000000000000000     
   15.246000000000000        0.0000000000000000      -0.21340637187926309        0.0000000000000000     
   15.444000000000001        0.0000000000000000      -0.20886815289942334        0.0000000000000000     
   15.642000000000001        0.0000000000000000      -0.20436224065591702        0.0000000000000000     
   15.840000000000000        0.0000000000000000      -0.19988517114445387        0.0000000000000000     
   16.038000000000000        0.0000000000000000      -0.19543369538621441        0.0000000000000000     
   16.236000000000001        0.0000000000000000      -0.19100452133829313        0.0000000000000000     
   16.434000000000001        0.0000000000000000      -0.18659471958098561        0.0000000000000000     
   16.632000000000001        0.0000000000000000      -0.18220064476890527        0.0000000000000000     
   16.830000000000002        0.0000000000000000      -0.17781901028640112        0.0000000000000000     
   17.028000000000002        0.0000000000000000      -0.17344577217982726        0.0000000000000000     
   17.225999999999999        0.0000000000000000      -0.16907850201817873        0.0000000000000000     
   17.423999999999999        0.0000000000000000      -0.16470931128678098        0.0000000000000000     
   17.622000000000000        0.0000000000000000      -0.16034065761762881        0.0000000000000000     
   17.820000000000000        0.0000000000000000      -0.15597268026109892        0.0000000000000000     
   18.018000000000001        0.0000000000000000      -0.15158818647076203        0.0000000000000000     
   18.216000000000001        0.0000000000000000      -0.14720255640796878        0.0000000000000000     
   18.414000000000001        0.0000000000000000      -0.14282709793481663        0.0000000000000000     
   18.612000000000002        0.0000000000000000      -0.13847438732771233        0.0000000000000000     
   18.810000000000002        0.0000000000000000      -0.13417607819418309        0.0000000000000000     
   19.008000000000003        0.0000000000000000      -0.12999129422080491        0.0000000000000000     
   19.206000000000000        0.0000000000000000      -0.12605207718085246        0.0000000000000000     
   19.404000000000000        0.0000000000000000      -0.12264616870242344        0.0000000000000000     
   19.602000000000000        0.0000000000000000      -0.12035443059857892        0.0000000000000000     
