  -19.602000000000000        0.0000000000000000       -1.4706915115563503E-005   0.0000000000000000     
  -19.404000000000000        0.0000000000000000       -1.7708966543019608E-005   0.0000000000000000     
  -19.206000000000000        0.0000000000000000       -1.9372433005925241E-005   0.0000000000000000     
  -19.008000000000003        0.0000000000000000       -2.0184578085457479E-005   0.0000000000000000     
  -18.810000000000002        0.0000000000000000       -2.0608071449765382E-005   0.0000000000000000     
  -18.612000000000002        0.0000000000000000       -2.0916428379272031E-005   0.0000000000000000     
  -18.414000000000001        0.0000000000000000       -2.1224011510884387E-005   0.0000000000000000     
  -18.216000000000001        0.0000000000000000       -2.1571099584754130E-005   0.0000000000000000     
  -18.018000000000001        0.0000000000000000       -2.1965360128180363E-005   0.0000000000000000     
  -17.820000000000000        0.0000000000000000       -2.2402593933858546E-005   0.0000000000000000     
  -17.622000000000000        0.0000000000000000       -2.2875282546311357E-005   0.0000000000000000     
  -17.423999999999999        0.0000000000000000       -2.3376767706609575E-005   0.0000000000000000     
  -17.225999999999999        0.0000000000000000       -2.3903152382700762E-005   0.0000000000000000     
  -17.028000000000002        0.0000000000000000       -2.4450172319094034E-005   0.0000000000000000     
  -16.830000000000002        0.0000000000000000       -2.5015698126650534E-005   0.0000000000000000     
  -16.632000000000001        0.0000000000000000       -2.5600717927000803E-005   0.0000000000000000     
  -16.434000000000001        0.0000000000000000       -2.6203756191085179E-005   0.0000000000000000     
  -16.236000000000001        0.0000000000000000       -2.6825174946508616E-005   0.0000000000000000     
  -16.038000000000000        0.0000000000000000       -2.7465610859892816E-005   0.0000000000000000     
  -15.840000000000000        0.0000000000000000       -2.8125873594239760E-005   0.0000000000000000     
  -15.642000000000001        0.0000000000000000       -2.8806879381020112E-005   0.0000000000000000     
  -15.444000000000001        0.0000000000000000       -2.9509617155820472E-005   0.0000000000000000     
  -15.246000000000000        0.0000000000000000       -3.0235133918822112E-005   0.0000000000000000     
  -15.048000000000000        0.0000000000000000       -3.0984524683149684E-005   0.0000000000000000     
  -14.850000000000001        0.0000000000000000       -3.1758935422564606E-005   0.0000000000000000     
  -14.652000000000001        0.0000000000000000       -3.2559568219309568E-005   0.0000000000000000     
  -14.454000000000001        0.0000000000000000       -3.3387685687786428E-005   0.0000000000000000     
  -14.256000000000000        0.0000000000000000       -3.4244617515290658E-005   0.0000000000000000     
  -14.058000000000000        0.0000000000000000       -3.5131772011630370E-005   0.0000000000000000     
  -13.860000000000001        0.0000000000000000       -3.6050640277388131E-005   0.0000000000000000     
  -13.662000000000001        0.0000000000000000       -3.7002807549235214E-005   0.0000000000000000     
  -13.464000000000000        0.0000000000000000       -3.7989958584879942E-005   0.0000000000000000     
  -13.266000000000000        0.0000000000000000       -3.9013889724700416E-005   0.0000000000000000     
  -13.068000000000001        0.0000000000000000       -4.0076516064398267E-005   0.0000000000000000     
  -12.870000000000001        0.0000000000000000       -4.1179883160873758E-005   0.0000000000000000     
  -12.672000000000001        0.0000000000000000       -4.2326177368146985E-005   0.0000000000000000     
  -12.474000000000000        0.0000000000000000       -4.3517737372427044E-005   0.0000000000000000     
  -12.276000000000000        0.0000000000000000       -4.4757066869813044E-005   0.0000000000000000     
  -12.078000000000001        0.0000000000000000       -4.6046848390674383E-005   0.0000000000000000     
  -11.880000000000001        0.0000000000000000       -4.7389958242056718E-005   0.0000000000000000     
  -11.682000000000000        0.0000000000000000       -4.8789485091455513E-005   0.0000000000000000     
  -11.484000000000000        0.0000000000000000       -5.0248748933995052E-005   0.0000000000000000     
  -11.286000000000001        0.0000000000000000       -5.1771317675039177E-005   0.0000000000000000     
  -11.088000000000001        0.0000000000000000       -5.3361033036689588E-005   0.0000000000000000     
  -10.890000000000001        0.0000000000000000       -5.5022036809018598E-005   0.0000000000000000     
  -10.692000000000000        0.0000000000000000       -5.6758795617789161E-005   0.0000000000000000     
  -10.494000000000000        0.0000000000000000       -5.8576134139542935E-005   0.0000000000000000     
  -10.296000000000001        0.0000000000000000       -6.0479270594487438E-005   0.0000000000000000     
  -10.098000000000001        0.0000000000000000       -6.2473845462733538E-005   0.0000000000000000     
  -9.9000000000000004        0.0000000000000000       -6.4565982631028631E-005   0.0000000000000000     
  -9.7020000000000000        0.0000000000000000       -6.6762317021805301E-005   0.0000000000000000     
  -9.5040000000000013        0.0000000000000000       -6.9070063456969593E-005   0.0000000000000000     
  -9.3060000000000009        0.0000000000000000       -7.1497063271006391E-005   0.0000000000000000     
  -9.1080000000000005        0.0000000000000000       -7.4051857805113413E-005   0.0000000000000000     
  -8.9100000000000001        0.0000000000000000       -7.6743760246868355E-005   0.0000000000000000     
  -8.7119999999999997        0.0000000000000000       -7.9582936138292100E-005   0.0000000000000000     
  -8.5140000000000011        0.0000000000000000       -8.2580502438599581E-005   0.0000000000000000     
  -8.3160000000000007        0.0000000000000000       -8.5748622656917542E-005   0.0000000000000000     
  -8.1180000000000003        0.0000000000000000       -8.9100625898253050E-005   0.0000000000000000     
  -7.9199999999999999        0.0000000000000000       -9.2651141012093581E-005   0.0000000000000000     
  -7.7220000000000004        0.0000000000000000       -9.6416233695282858E-005   0.0000000000000000     
  -7.5240000000000000        0.0000000000000000       -1.0041359166263644E-004   0.0000000000000000     
  -7.3260000000000005        0.0000000000000000       -1.0466268542362938E-004   0.0000000000000000     
  -7.1280000000000001        0.0000000000000000       -1.0918500296818457E-004   0.0000000000000000     
  -6.9300000000000006        0.0000000000000000       -1.1400428130195376E-004   0.0000000000000000     
  -6.7320000000000002        0.0000000000000000       -1.1914678363334925E-004   0.0000000000000000     
  -6.5340000000000007        0.0000000000000000       -1.2464163506999655E-004   0.0000000000000000     
  -6.3360000000000003        0.0000000000000000       -1.3052118876889072E-004   0.0000000000000000     
  -6.1379999999999999        0.0000000000000000       -1.3682147877411074E-004   0.0000000000000000     
  -5.9400000000000004        0.0000000000000000       -1.4358276582870417E-004   0.0000000000000000     
  -5.7420000000000000        0.0000000000000000       -1.5085018870696261E-004   0.0000000000000000     
  -5.5440000000000005        0.0000000000000000       -1.5867457948019289E-004   0.0000000000000000     
  -5.3460000000000001        0.0000000000000000       -1.6711348039740177E-004   0.0000000000000000     
  -5.1480000000000006        0.0000000000000000       -1.7623236490535047E-004   0.0000000000000000     
  -4.9500000000000002        0.0000000000000000       -1.8610615841102267E-004   0.0000000000000000     
  -4.7520000000000007        0.0000000000000000       -1.9682093572094021E-004   0.0000000000000000     
  -4.5540000000000003        0.0000000000000000       -2.0847565079703279E-004   0.0000000000000000     
  -4.3559999999999999        0.0000000000000000       -2.2118321770693870E-004   0.0000000000000000     
  -4.1580000000000004        0.0000000000000000       -2.3506942515632645E-004   0.0000000000000000     
  -3.9600000000000000        0.0000000000000000       -2.5026618150783097E-004   0.0000000000000000     
  -3.7620000000000000        0.0000000000000000       -2.6689098306910723E-004   0.0000000000000000     
  -3.5640000000000001        0.0000000000000000       -2.8499494123273737E-004   0.0000000000000000     
  -3.3660000000000001        0.0000000000000000       -3.0444532227518975E-004   0.0000000000000000     
  -3.1680000000000001        0.0000000000000000       -3.2472583953734643E-004   0.0000000000000000     
  -2.9700000000000002        0.0000000000000000       -3.4494214974190154E-004   0.0000000000000000     
  -2.7720000000000002        0.0000000000000000       -3.6510759396218921E-004   0.0000000000000000     
  -2.5740000000000003        0.0000000000000000       -3.8721871197843914E-004   0.0000000000000000     
  -2.3760000000000003        0.0000000000000000       -4.1330285051200939E-004   0.0000000000000000     
  -2.1779999999999999        0.0000000000000000       -4.4437028325707635E-004   0.0000000000000000     
  -1.9800000000000000        0.0000000000000000       -4.8089373142444795E-004   0.0000000000000000     
  -1.7820000000000000        0.0000000000000000       -5.2403798078510839E-004   0.0000000000000000     
  -1.5840000000000001        0.0000000000000000       -5.7430147948612956E-004   0.0000000000000000     
  -1.3860000000000001        0.0000000000000000       -6.3096699302995704E-004   0.0000000000000000     
  -1.1880000000000002        0.0000000000000000       -6.9343761129035751E-004   0.0000000000000000     
 -0.98999999999999999        0.0000000000000000       -7.6018794565565627E-004   0.0000000000000000     
 -0.79200000000000004        0.0000000000000000       -8.2700387666470295E-004   0.0000000000000000     
 -0.59400000000000008        0.0000000000000000       -8.8768101512750025E-004   0.0000000000000000     
 -0.39600000000000002        0.0000000000000000       -9.3593571110015363E-004   0.0000000000000000     
 -0.19800000000000001        0.0000000000000000       -9.6723549876086691E-004   0.0000000000000000     
   0.0000000000000000        0.0000000000000000       -9.7840058455972239E-004   0.0000000000000000     
  0.19800000000000001        0.0000000000000000       -9.6723549876086691E-004   0.0000000000000000     
  0.39600000000000002        0.0000000000000000       -9.3593571110015363E-004   0.0000000000000000     
  0.59400000000000008        0.0000000000000000       -8.8768101512750025E-004   0.0000000000000000     
  0.79200000000000004        0.0000000000000000       -8.2700387666470295E-004   0.0000000000000000     
  0.98999999999999999        0.0000000000000000       -7.6018794565565627E-004   0.0000000000000000     
   1.1880000000000002        0.0000000000000000       -6.9343761129035751E-004   0.0000000000000000     
   1.3860000000000001        0.0000000000000000       -6.3096699302995704E-004   0.0000000000000000     
   1.5840000000000001        0.0000000000000000       -5.7430147948612956E-004   0.0000000000000000     
   1.7820000000000000        0.0000000000000000       -5.2403798078510839E-004   0.0000000000000000     
   1.9800000000000000        0.0000000000000000       -4.8089373142444795E-004   0.0000000000000000     
   2.1779999999999999        0.0000000000000000       -4.4437028325707635E-004   0.0000000000000000     
   2.3760000000000003        0.0000000000000000       -4.1330285051200939E-004   0.0000000000000000     
   2.5740000000000003        0.0000000000000000       -3.8721871197843914E-004   0.0000000000000000     
   2.7720000000000002        0.0000000000000000       -3.6510759396218921E-004   0.0000000000000000     
   2.9700000000000002        0.0000000000000000       -3.4494214974190154E-004   0.0000000000000000     
   3.1680000000000001        0.0000000000000000       -3.2472583953734643E-004   0.0000000000000000     
   3.3660000000000001        0.0000000000000000       -3.0444532227518975E-004   0.0000000000000000     
   3.5640000000000001        0.0000000000000000       -2.8499494123273737E-004   0.0000000000000000     
   3.7620000000000000        0.0000000000000000       -2.6689098306910723E-004   0.0000000000000000     
   3.9600000000000000        0.0000000000000000       -2.5026618150783097E-004   0.0000000000000000     
   4.1580000000000004        0.0000000000000000       -2.3506942515632645E-004   0.0000000000000000     
   4.3559999999999999        0.0000000000000000       -2.2118321770693870E-004   0.0000000000000000     
   4.5540000000000003        0.0000000000000000       -2.0847565079703279E-004   0.0000000000000000     
   4.7520000000000007        0.0000000000000000       -1.9682093572094021E-004   0.0000000000000000     
   4.9500000000000002        0.0000000000000000       -1.8610615841102267E-004   0.0000000000000000     
   5.1480000000000006        0.0000000000000000       -1.7623236490535047E-004   0.0000000000000000     
   5.3460000000000001        0.0000000000000000       -1.6711348039740177E-004   0.0000000000000000     
   5.5440000000000005        0.0000000000000000       -1.5867457948019289E-004   0.0000000000000000     
   5.7420000000000000        0.0000000000000000       -1.5085018870696261E-004   0.0000000000000000     
   5.9400000000000004        0.0000000000000000       -1.4358276582870417E-004   0.0000000000000000     
   6.1379999999999999        0.0000000000000000       -1.3682147877411074E-004   0.0000000000000000     
   6.3360000000000003        0.0000000000000000       -1.3052118876889072E-004   0.0000000000000000     
   6.5340000000000007        0.0000000000000000       -1.2464163506999655E-004   0.0000000000000000     
   6.7320000000000002        0.0000000000000000       -1.1914678363334925E-004   0.0000000000000000     
   6.9300000000000006        0.0000000000000000       -1.1400428130195376E-004   0.0000000000000000     
   7.1280000000000001        0.0000000000000000       -1.0918500296818457E-004   0.0000000000000000     
   7.3260000000000005        0.0000000000000000       -1.0466268542362938E-004   0.0000000000000000     
   7.5240000000000000        0.0000000000000000       -1.0041359166263644E-004   0.0000000000000000     
   7.7220000000000004        0.0000000000000000       -9.6416233695282858E-005   0.0000000000000000     
   7.9199999999999999        0.0000000000000000       -9.2651141012093581E-005   0.0000000000000000     
   8.1180000000000003        0.0000000000000000       -8.9100625898253050E-005   0.0000000000000000     
   8.3160000000000007        0.0000000000000000       -8.5748622656917542E-005   0.0000000000000000     
   8.5140000000000011        0.0000000000000000       -8.2580502438599581E-005   0.0000000000000000     
   8.7119999999999997        0.0000000000000000       -7.9582936138292100E-005   0.0000000000000000     
   8.9100000000000001        0.0000000000000000       -7.6743760246868355E-005   0.0000000000000000     
   9.1080000000000005        0.0000000000000000       -7.4051857805113413E-005   0.0000000000000000     
   9.3060000000000009        0.0000000000000000       -7.1497063271006391E-005   0.0000000000000000     
   9.5040000000000013        0.0000000000000000       -6.9070063456969593E-005   0.0000000000000000     
   9.7020000000000000        0.0000000000000000       -6.6762317021805301E-005   0.0000000000000000     
   9.9000000000000004        0.0000000000000000       -6.4565982631028631E-005   0.0000000000000000     
   10.098000000000001        0.0000000000000000       -6.2473845462733538E-005   0.0000000000000000     
   10.296000000000001        0.0000000000000000       -6.0479270594487438E-005   0.0000000000000000     
   10.494000000000000        0.0000000000000000       -5.8576134139542935E-005   0.0000000000000000     
   10.692000000000000        0.0000000000000000       -5.6758795617789161E-005   0.0000000000000000     
   10.890000000000001        0.0000000000000000       -5.5022036809018598E-005   0.0000000000000000     
   11.088000000000001        0.0000000000000000       -5.3361033036689588E-005   0.0000000000000000     
   11.286000000000001        0.0000000000000000       -5.1771317675039177E-005   0.0000000000000000     
   11.484000000000000        0.0000000000000000       -5.0248748933995052E-005   0.0000000000000000     
   11.682000000000000        0.0000000000000000       -4.8789485091455513E-005   0.0000000000000000     
   11.880000000000001        0.0000000000000000       -4.7389958242056718E-005   0.0000000000000000     
   12.078000000000001        0.0000000000000000       -4.6046848390674383E-005   0.0000000000000000     
   12.276000000000000        0.0000000000000000       -4.4757066869813044E-005   0.0000000000000000     
   12.474000000000000        0.0000000000000000       -4.3517737372427044E-005   0.0000000000000000     
   12.672000000000001        0.0000000000000000       -4.2326177368146985E-005   0.0000000000000000     
   12.870000000000001        0.0000000000000000       -4.1179883160873758E-005   0.0000000000000000     
   13.068000000000001        0.0000000000000000       -4.0076516064398267E-005   0.0000000000000000     
   13.266000000000000        0.0000000000000000       -3.9013889724700416E-005   0.0000000000000000     
   13.464000000000000        0.0000000000000000       -3.7989958584879942E-005   0.0000000000000000     
   13.662000000000001        0.0000000000000000       -3.7002807549235214E-005   0.0000000000000000     
   13.860000000000001        0.0000000000000000       -3.6050640277388131E-005   0.0000000000000000     
   14.058000000000000        0.0000000000000000       -3.5131772011630370E-005   0.0000000000000000     
   14.256000000000000        0.0000000000000000       -3.4244617515290658E-005   0.0000000000000000     
   14.454000000000001        0.0000000000000000       -3.3387685687786428E-005   0.0000000000000000     
   14.652000000000001        0.0000000000000000       -3.2559568219309568E-005   0.0000000000000000     
   14.850000000000001        0.0000000000000000       -3.1758935422564606E-005   0.0000000000000000     
   15.048000000000000        0.0000000000000000       -3.0984524683149684E-005   0.0000000000000000     
   15.246000000000000        0.0000000000000000       -3.0235133918822112E-005   0.0000000000000000     
   15.444000000000001        0.0000000000000000       -2.9509617155820472E-005   0.0000000000000000     
   15.642000000000001        0.0000000000000000       -2.8806879381020112E-005   0.0000000000000000     
   15.840000000000000        0.0000000000000000       -2.8125873594239760E-005   0.0000000000000000     
   16.038000000000000        0.0000000000000000       -2.7465610859892816E-005   0.0000000000000000     
   16.236000000000001        0.0000000000000000       -2.6825174946508616E-005   0.0000000000000000     
   16.434000000000001        0.0000000000000000       -2.6203756191085179E-005   0.0000000000000000     
   16.632000000000001        0.0000000000000000       -2.5600717927000803E-005   0.0000000000000000     
   16.830000000000002        0.0000000000000000       -2.5015698126650534E-005   0.0000000000000000     
   17.028000000000002        0.0000000000000000       -2.4450172319094034E-005   0.0000000000000000     
   17.225999999999999        0.0000000000000000       -2.3903152382700762E-005   0.0000000000000000     
   17.423999999999999        0.0000000000000000       -2.3376767706609575E-005   0.0000000000000000     
   17.622000000000000        0.0000000000000000       -2.2875282546311357E-005   0.0000000000000000     
   17.820000000000000        0.0000000000000000       -2.2402593933858546E-005   0.0000000000000000     
   18.018000000000001        0.0000000000000000       -2.1965360128180363E-005   0.0000000000000000     
   18.216000000000001        0.0000000000000000       -2.1571099584754130E-005   0.0000000000000000     
   18.414000000000001        0.0000000000000000       -2.1224011510884387E-005   0.0000000000000000     
   18.612000000000002        0.0000000000000000       -2.0916428379272031E-005   0.0000000000000000     
   18.810000000000002        0.0000000000000000       -2.0608071449765382E-005   0.0000000000000000     
   19.008000000000003        0.0000000000000000       -2.0184578085457479E-005   0.0000000000000000     
   19.206000000000000        0.0000000000000000       -1.9372433005925241E-005   0.0000000000000000     
   19.404000000000000        0.0000000000000000       -1.7708966543019608E-005   0.0000000000000000     
   19.602000000000000        0.0000000000000000       -1.4706915115563503E-005   0.0000000000000000     
