  -19.602000000000000        0.0000000000000000        1.1841118187186116E-005   0.0000000000000000     
  -19.404000000000000        0.0000000000000000        1.3031623419742929E-005   0.0000000000000000     
  -19.206000000000000        0.0000000000000000        1.4350626447170394E-005   0.0000000000000000     
  -19.008000000000003        0.0000000000000000        1.5997253632919893E-005   0.0000000000000000     
  -18.810000000000002        0.0000000000000000        1.7819083809757779E-005   0.0000000000000000     
  -18.612000000000002        0.0000000000000000        1.9644623489259015E-005   0.0000000000000000     
  -18.414000000000001        0.0000000000000000        2.1391835485978777E-005   0.0000000000000000     
  -18.216000000000001        0.0000000000000000        2.3033700981263982E-005   0.0000000000000000     
  -18.018000000000001        0.0000000000000000        2.4578981955788896E-005   0.0000000000000000     
  -17.820000000000000        0.0000000000000000        2.6029214798537637E-005   0.0000000000000000     
  -17.622000000000000        0.0000000000000000        2.7402546922494770E-005   0.0000000000000000     
  -17.423999999999999        0.0000000000000000        2.8715763330999336E-005   0.0000000000000000     
  -17.225999999999999        0.0000000000000000        2.9984619510402470E-005   0.0000000000000000     
  -17.028000000000002        0.0000000000000000        3.1220113048599273E-005   0.0000000000000000     
  -16.830000000000002        0.0000000000000000        3.2433444904000772E-005   0.0000000000000000     
  -16.632000000000001        0.0000000000000000        3.3640788622008113E-005   0.0000000000000000     
  -16.434000000000001        0.0000000000000000        3.4851877099696389E-005   0.0000000000000000     
  -16.236000000000001        0.0000000000000000        3.6075338599971591E-005   0.0000000000000000     
  -16.038000000000000        0.0000000000000000        3.7318892605823542E-005   0.0000000000000000     
  -15.840000000000000        0.0000000000000000        3.8589520607806816E-005   0.0000000000000000     
  -15.642000000000001        0.0000000000000000        3.9893620742752588E-005   0.0000000000000000     
  -15.444000000000001        0.0000000000000000        4.1237136870558424E-005   0.0000000000000000     
  -15.246000000000000        0.0000000000000000        4.2625677527891761E-005   0.0000000000000000     
  -15.048000000000000        0.0000000000000000        4.4064611984062802E-005   0.0000000000000000     
  -14.850000000000001        0.0000000000000000        4.5559159530114008E-005   0.0000000000000000     
  -14.652000000000001        0.0000000000000000        4.7114467403129692E-005   0.0000000000000000     
  -14.454000000000001        0.0000000000000000        4.8735681127668421E-005   0.0000000000000000     
  -14.256000000000000        0.0000000000000000        5.0428006511782913E-005   0.0000000000000000     
  -14.058000000000000        0.0000000000000000        5.2196770884442787E-005   0.0000000000000000     
  -13.860000000000001        0.0000000000000000        5.4047477515099483E-005   0.0000000000000000     
  -13.662000000000001        0.0000000000000000        5.5985861726596303E-005   0.0000000000000000     
  -13.464000000000000        0.0000000000000000        5.8017941091585516E-005   0.0000000000000000     
  -13.266000000000000        0.0000000000000000        6.0150069613683326E-005   0.0000000000000000     
  -13.068000000000001        0.0000000000000000        6.2388994313001590E-005   0.0000000000000000     
  -12.870000000000001        0.0000000000000000        6.4741905619811112E-005   0.0000000000000000     
  -12.672000000000001        0.0000000000000000        6.7216501775467356E-005   0.0000000000000000     
  -12.474000000000000        0.0000000000000000        6.9821047339806291E-005   0.0000000000000000     
  -12.276000000000000        0.0000000000000000        7.2564440924280125E-005   0.0000000000000000     
  -12.078000000000001        0.0000000000000000        7.5456285571884964E-005   0.0000000000000000     
  -11.880000000000001        0.0000000000000000        7.8506970375552776E-005   0.0000000000000000     
  -11.682000000000000        0.0000000000000000        8.1727750319235209E-005   0.0000000000000000     
  -11.484000000000000        0.0000000000000000        8.5130843643571729E-005   0.0000000000000000     
  -11.286000000000001        0.0000000000000000        8.8729534225493335E-005   0.0000000000000000     
  -11.088000000000001        0.0000000000000000        9.2538279681471830E-005   0.0000000000000000     
  -10.890000000000001        0.0000000000000000        9.6572841052065594E-005   0.0000000000000000     
  -10.692000000000000        0.0000000000000000        1.0085041788578081E-004   0.0000000000000000     
  -10.494000000000000        0.0000000000000000        1.0538980021267409E-004   0.0000000000000000     
  -10.296000000000001        0.0000000000000000        1.1021153096567348E-004   0.0000000000000000     
  -10.098000000000001        0.0000000000000000        1.1533809999759340E-004   0.0000000000000000     
  -9.9000000000000004        0.0000000000000000        1.2079413311404708E-004   0.0000000000000000     
  -9.7020000000000000        0.0000000000000000        1.2660663136730200E-004   0.0000000000000000     
  -9.5040000000000013        0.0000000000000000        1.3280520037073430E-004   0.0000000000000000     
  -9.3060000000000009        0.0000000000000000        1.3942233047889885E-004   0.0000000000000000     
  -9.1080000000000005        0.0000000000000000        1.4649367515920801E-004   0.0000000000000000     
  -8.9100000000000001        0.0000000000000000        1.5405838390474214E-004   0.0000000000000000     
  -8.7119999999999997        0.0000000000000000        1.6215942961848287E-004   0.0000000000000000     
  -8.5140000000000011        0.0000000000000000        1.7084397983482954E-004   0.0000000000000000     
  -8.3160000000000007        0.0000000000000000        1.8016378201398179E-004   0.0000000000000000     
  -8.1180000000000003        0.0000000000000000        1.9017556654464844E-004   0.0000000000000000     
  -7.9199999999999999        0.0000000000000000        2.0094145092504600E-004   0.0000000000000000     
  -7.7220000000000004        0.0000000000000000        2.1252936685764947E-004   0.0000000000000000     
  -7.5240000000000000        0.0000000000000000        2.2501342817117108E-004   0.0000000000000000     
  -7.3260000000000005        0.0000000000000000        2.3847429521464661E-004   0.0000000000000000     
  -7.1280000000000001        0.0000000000000000        2.5299942237675852E-004   0.0000000000000000     
  -6.9300000000000006        0.0000000000000000        2.6868320014046564E-004   0.0000000000000000     
  -6.7320000000000002        0.0000000000000000        2.8562687234793920E-004   0.0000000000000000     
  -6.5340000000000007        0.0000000000000000        3.0393816723895832E-004   0.0000000000000000     
  -6.3360000000000003        0.0000000000000000        3.2373044396371930E-004   0.0000000000000000     
  -6.1379999999999999        0.0000000000000000        3.4512122133899964E-004   0.0000000000000000     
  -5.9400000000000004        0.0000000000000000        3.6822976466367269E-004   0.0000000000000000     
  -5.7420000000000000        0.0000000000000000        3.9317332941881609E-004   0.0000000000000000     
  -5.5440000000000005        0.0000000000000000        4.2006160381106365E-004   0.0000000000000000     
  -5.3460000000000001        0.0000000000000000        4.4898842152375757E-004   0.0000000000000000     
  -5.1480000000000006        0.0000000000000000        4.8001989048353336E-004   0.0000000000000000     
  -4.9500000000000002        0.0000000000000000        5.1317724617880073E-004   0.0000000000000000     
  -4.7520000000000007        0.0000000000000000        5.4841246174054334E-004   0.0000000000000000     
  -4.5540000000000003        0.0000000000000000        5.8557359995064194E-004   0.0000000000000000     
  -4.3559999999999999        0.0000000000000000        6.2435583041853965E-004   0.0000000000000000     
  -4.1580000000000004        0.0000000000000000        6.6423232855504976E-004   0.0000000000000000     
  -3.9600000000000000        0.0000000000000000        7.0435683562973886E-004   0.0000000000000000     
  -3.7620000000000000        0.0000000000000000        7.4342577481524704E-004   0.0000000000000000     
  -3.5640000000000001        0.0000000000000000        7.7947878720470334E-004   0.0000000000000000     
  -3.3660000000000001        0.0000000000000000        8.0958962190861466E-004   0.0000000000000000     
  -3.1680000000000001        0.0000000000000000        8.2931383042515836E-004   0.0000000000000000     
  -2.9700000000000002        0.0000000000000000        8.3158058395040892E-004   0.0000000000000000     
  -2.7720000000000002        0.0000000000000000        8.0555178767336018E-004   0.0000000000000000     
  -2.5740000000000003        0.0000000000000000        7.4592227621024152E-004   0.0000000000000000     
  -2.3760000000000003        0.0000000000000000        6.6361132935837232E-004   0.0000000000000000     
  -2.1779999999999999        0.0000000000000000        5.6416054885364772E-004   0.0000000000000000     
  -1.9800000000000000        0.0000000000000000        4.4421585804785556E-004   0.0000000000000000     
  -1.7820000000000000        0.0000000000000000        3.0184995324756609E-004   0.0000000000000000     
  -1.5840000000000001        0.0000000000000000        1.3722648020159751E-004   0.0000000000000000     
  -1.3860000000000001        0.0000000000000000       -5.9076323494240267E-005   0.0000000000000000     
  -1.1880000000000002        0.0000000000000000       -3.0041683503898237E-004   0.0000000000000000     
 -0.98999999999999999        0.0000000000000000       -5.9482909088514181E-004   0.0000000000000000     
 -0.79200000000000004        0.0000000000000000       -9.4233471955788221E-004   0.0000000000000000     
 -0.59400000000000008        0.0000000000000000       -1.3060704600375657E-003   0.0000000000000000     
 -0.39600000000000002        0.0000000000000000       -1.6359533717432775E-003   0.0000000000000000     
 -0.19800000000000001        0.0000000000000000       -1.8761451577066800E-003   0.0000000000000000     
   0.0000000000000000        0.0000000000000000       -1.9651667463310330E-003   0.0000000000000000     
  0.19800000000000001        0.0000000000000000       -1.8761451577066800E-003   0.0000000000000000     
  0.39600000000000002        0.0000000000000000       -1.6359533717432775E-003   0.0000000000000000     
  0.59400000000000008        0.0000000000000000       -1.3060704600375657E-003   0.0000000000000000     
  0.79200000000000004        0.0000000000000000       -9.4233471955788221E-004   0.0000000000000000     
  0.98999999999999999        0.0000000000000000       -5.9482909088514181E-004   0.0000000000000000     
   1.1880000000000002        0.0000000000000000       -3.0041683503898237E-004   0.0000000000000000     
   1.3860000000000001        0.0000000000000000       -5.9076323494240267E-005   0.0000000000000000     
   1.5840000000000001        0.0000000000000000        1.3722648020159751E-004   0.0000000000000000     
   1.7820000000000000        0.0000000000000000        3.0184995324756609E-004   0.0000000000000000     
   1.9800000000000000        0.0000000000000000        4.4421585804785556E-004   0.0000000000000000     
   2.1779999999999999        0.0000000000000000        5.6416054885364772E-004   0.0000000000000000     
   2.3760000000000003        0.0000000000000000        6.6361132935837232E-004   0.0000000000000000     
   2.5740000000000003        0.0000000000000000        7.4592227621024152E-004   0.0000000000000000     
   2.7720000000000002        0.0000000000000000        8.0555178767336018E-004   0.0000000000000000     
   2.9700000000000002        0.0000000000000000        8.3158058395040892E-004   0.0000000000000000     
   3.1680000000000001        0.0000000000000000        8.2931383042515836E-004   0.0000000000000000     
   3.3660000000000001        0.0000000000000000        8.0958962190861466E-004   0.0000000000000000     
   3.5640000000000001        0.0000000000000000        7.7947878720470334E-004   0.0000000000000000     
   3.7620000000000000        0.0000000000000000        7.4342577481524704E-004   0.0000000000000000     
   3.9600000000000000        0.0000000000000000        7.0435683562973886E-004   0.0000000000000000     
   4.1580000000000004        0.0000000000000000        6.6423232855504976E-004   0.0000000000000000     
   4.3559999999999999        0.0000000000000000        6.2435583041853965E-004   0.0000000000000000     
   4.5540000000000003        0.0000000000000000        5.8557359995064194E-004   0.0000000000000000     
   4.7520000000000007        0.0000000000000000        5.4841246174054334E-004   0.0000000000000000     
   4.9500000000000002        0.0000000000000000        5.1317724617880073E-004   0.0000000000000000     
   5.1480000000000006        0.0000000000000000        4.8001989048353336E-004   0.0000000000000000     
   5.3460000000000001        0.0000000000000000        4.4898842152375757E-004   0.0000000000000000     
   5.5440000000000005        0.0000000000000000        4.2006160381106365E-004   0.0000000000000000     
   5.7420000000000000        0.0000000000000000        3.9317332941881609E-004   0.0000000000000000     
   5.9400000000000004        0.0000000000000000        3.6822976466367269E-004   0.0000000000000000     
   6.1379999999999999        0.0000000000000000        3.4512122133899964E-004   0.0000000000000000     
   6.3360000000000003        0.0000000000000000        3.2373044396371930E-004   0.0000000000000000     
   6.5340000000000007        0.0000000000000000        3.0393816723895832E-004   0.0000000000000000     
   6.7320000000000002        0.0000000000000000        2.8562687234793920E-004   0.0000000000000000     
   6.9300000000000006        0.0000000000000000        2.6868320014046564E-004   0.0000000000000000     
   7.1280000000000001        0.0000000000000000        2.5299942237675852E-004   0.0000000000000000     
   7.3260000000000005        0.0000000000000000        2.3847429521464661E-004   0.0000000000000000     
   7.5240000000000000        0.0000000000000000        2.2501342817117108E-004   0.0000000000000000     
   7.7220000000000004        0.0000000000000000        2.1252936685764947E-004   0.0000000000000000     
   7.9199999999999999        0.0000000000000000        2.0094145092504600E-004   0.0000000000000000     
   8.1180000000000003        0.0000000000000000        1.9017556654464844E-004   0.0000000000000000     
   8.3160000000000007        0.0000000000000000        1.8016378201398179E-004   0.0000000000000000     
   8.5140000000000011        0.0000000000000000        1.7084397983482954E-004   0.0000000000000000     
   8.7119999999999997        0.0000000000000000        1.6215942961848287E-004   0.0000000000000000     
   8.9100000000000001        0.0000000000000000        1.5405838390474214E-004   0.0000000000000000     
   9.1080000000000005        0.0000000000000000        1.4649367515920801E-004   0.0000000000000000     
   9.3060000000000009        0.0000000000000000        1.3942233047889885E-004   0.0000000000000000     
   9.5040000000000013        0.0000000000000000        1.3280520037073430E-004   0.0000000000000000     
   9.7020000000000000        0.0000000000000000        1.2660663136730200E-004   0.0000000000000000     
   9.9000000000000004        0.0000000000000000        1.2079413311404708E-004   0.0000000000000000     
   10.098000000000001        0.0000000000000000        1.1533809999759340E-004   0.0000000000000000     
   10.296000000000001        0.0000000000000000        1.1021153096567348E-004   0.0000000000000000     
   10.494000000000000        0.0000000000000000        1.0538980021267409E-004   0.0000000000000000     
   10.692000000000000        0.0000000000000000        1.0085041788578081E-004   0.0000000000000000     
   10.890000000000001        0.0000000000000000        9.6572841052065594E-005   0.0000000000000000     
   11.088000000000001        0.0000000000000000        9.2538279681471830E-005   0.0000000000000000     
   11.286000000000001        0.0000000000000000        8.8729534225493335E-005   0.0000000000000000     
   11.484000000000000        0.0000000000000000        8.5130843643571729E-005   0.0000000000000000     
   11.682000000000000        0.0000000000000000        8.1727750319235209E-005   0.0000000000000000     
   11.880000000000001        0.0000000000000000        7.8506970375552776E-005   0.0000000000000000     
   12.078000000000001        0.0000000000000000        7.5456285571884964E-005   0.0000000000000000     
   12.276000000000000        0.0000000000000000        7.2564440924280125E-005   0.0000000000000000     
   12.474000000000000        0.0000000000000000        6.9821047339806291E-005   0.0000000000000000     
   12.672000000000001        0.0000000000000000        6.7216501775467356E-005   0.0000000000000000     
   12.870000000000001        0.0000000000000000        6.4741905619811112E-005   0.0000000000000000     
   13.068000000000001        0.0000000000000000        6.2388994313001590E-005   0.0000000000000000     
   13.266000000000000        0.0000000000000000        6.0150069613683326E-005   0.0000000000000000     
   13.464000000000000        0.0000000000000000        5.8017941091585516E-005   0.0000000000000000     
   13.662000000000001        0.0000000000000000        5.5985861726596303E-005   0.0000000000000000     
   13.860000000000001        0.0000000000000000        5.4047477515099483E-005   0.0000000000000000     
   14.058000000000000        0.0000000000000000        5.2196770884442787E-005   0.0000000000000000     
   14.256000000000000        0.0000000000000000        5.0428006511782913E-005   0.0000000000000000     
   14.454000000000001        0.0000000000000000        4.8735681127668421E-005   0.0000000000000000     
   14.652000000000001        0.0000000000000000        4.7114467403129692E-005   0.0000000000000000     
   14.850000000000001        0.0000000000000000        4.5559159530114008E-005   0.0000000000000000     
   15.048000000000000        0.0000000000000000        4.4064611984062802E-005   0.0000000000000000     
   15.246000000000000        0.0000000000000000        4.2625677527891761E-005   0.0000000000000000     
   15.444000000000001        0.0000000000000000        4.1237136870558424E-005   0.0000000000000000     
   15.642000000000001        0.0000000000000000        3.9893620742752588E-005   0.0000000000000000     
   15.840000000000000        0.0000000000000000        3.8589520607806816E-005   0.0000000000000000     
   16.038000000000000        0.0000000000000000        3.7318892605823542E-005   0.0000000000000000     
   16.236000000000001        0.0000000000000000        3.6075338599971591E-005   0.0000000000000000     
   16.434000000000001        0.0000000000000000        3.4851877099696389E-005   0.0000000000000000     
   16.632000000000001        0.0000000000000000        3.3640788622008113E-005   0.0000000000000000     
   16.830000000000002        0.0000000000000000        3.2433444904000772E-005   0.0000000000000000     
   17.028000000000002        0.0000000000000000        3.1220113048599273E-005   0.0000000000000000     
   17.225999999999999        0.0000000000000000        2.9984619510402470E-005   0.0000000000000000     
   17.423999999999999        0.0000000000000000        2.8715763330999336E-005   0.0000000000000000     
   17.622000000000000        0.0000000000000000        2.7402546922494770E-005   0.0000000000000000     
   17.820000000000000        0.0000000000000000        2.6029214798537637E-005   0.0000000000000000     
   18.018000000000001        0.0000000000000000        2.4578981955788896E-005   0.0000000000000000     
   18.216000000000001        0.0000000000000000        2.3033700981263982E-005   0.0000000000000000     
   18.414000000000001        0.0000000000000000        2.1391835485978777E-005   0.0000000000000000     
   18.612000000000002        0.0000000000000000        1.9644623489259015E-005   0.0000000000000000     
   18.810000000000002        0.0000000000000000        1.7819083809757779E-005   0.0000000000000000     
   19.008000000000003        0.0000000000000000        1.5997253632919893E-005   0.0000000000000000     
   19.206000000000000        0.0000000000000000        1.4350626447170394E-005   0.0000000000000000     
   19.404000000000000        0.0000000000000000        1.3031623419742929E-005   0.0000000000000000     
   19.602000000000000        0.0000000000000000        1.1841118187186116E-005   0.0000000000000000     
