  -19.602000000000000        0.0000000000000000       -1.0174957038972693E-005   0.0000000000000000     
  -19.404000000000000        0.0000000000000000       -1.2282217230250395E-005   0.0000000000000000     
  -19.206000000000000        0.0000000000000000       -1.4051283432984912E-005   0.0000000000000000     
  -19.008000000000003        0.0000000000000000       -1.5859071402316289E-005   0.0000000000000000     
  -18.810000000000002        0.0000000000000000       -1.7683687581662423E-005   0.0000000000000000     
  -18.612000000000002        0.0000000000000000       -1.9436633675423194E-005   0.0000000000000000     
  -18.414000000000001        0.0000000000000000       -2.1085194127407507E-005   0.0000000000000000     
  -18.216000000000001        0.0000000000000000       -2.2610850014392720E-005   0.0000000000000000     
  -18.018000000000001        0.0000000000000000       -2.4023201342989184E-005   0.0000000000000000     
  -17.820000000000000        0.0000000000000000       -2.5336777332167201E-005   0.0000000000000000     
  -17.622000000000000        0.0000000000000000       -2.6572833561177689E-005   0.0000000000000000     
  -17.423999999999999        0.0000000000000000       -2.7749153559864001E-005   0.0000000000000000     
  -17.225999999999999        0.0000000000000000       -2.8881638842683791E-005   0.0000000000000000     
  -17.028000000000002        0.0000000000000000       -2.9987157096914561E-005   0.0000000000000000     
  -16.830000000000002        0.0000000000000000       -3.1075846253756432E-005   0.0000000000000000     
  -16.632000000000001        0.0000000000000000       -3.2159245835563970E-005   0.0000000000000000     
  -16.434000000000001        0.0000000000000000       -3.3246930505591802E-005   0.0000000000000000     
  -16.236000000000001        0.0000000000000000       -3.4347519921022747E-005   0.0000000000000000     
  -16.038000000000000        0.0000000000000000       -3.5468683368939276E-005   0.0000000000000000     
  -15.840000000000000        0.0000000000000000       -3.6617326021444899E-005   0.0000000000000000     
  -15.642000000000001        0.0000000000000000       -3.7799755664053997E-005   0.0000000000000000     
  -15.444000000000001        0.0000000000000000       -3.9021821407014121E-005   0.0000000000000000     
  -15.246000000000000        0.0000000000000000       -4.0289042445525989E-005   0.0000000000000000     
  -15.048000000000000        0.0000000000000000       -4.1606707899825741E-005   0.0000000000000000     
  -14.850000000000001        0.0000000000000000       -4.2979973639443906E-005   0.0000000000000000     
  -14.652000000000001        0.0000000000000000       -4.4413945312124467E-005   0.0000000000000000     
  -14.454000000000001        0.0000000000000000       -4.5913747544717384E-005   0.0000000000000000     
  -14.256000000000000        0.0000000000000000       -4.7484594924023275E-005   0.0000000000000000     
  -14.058000000000000        0.0000000000000000       -4.9131849107361037E-005   0.0000000000000000     
  -13.860000000000001        0.0000000000000000       -5.0861085275599170E-005   0.0000000000000000     
  -13.662000000000001        0.0000000000000000       -5.2678140975301399E-005   0.0000000000000000     
  -13.464000000000000        0.0000000000000000       -5.4589177895758185E-005   0.0000000000000000     
  -13.266000000000000        0.0000000000000000       -5.6600735832872648E-005   0.0000000000000000     
  -13.068000000000001        0.0000000000000000       -5.8719791642184306E-005   0.0000000000000000     
  -12.870000000000001        0.0000000000000000       -6.0953821893344911E-005   0.0000000000000000     
  -12.672000000000001        0.0000000000000000       -6.3310866608425159E-005   0.0000000000000000     
  -12.474000000000000        0.0000000000000000       -6.5799598668827861E-005   0.0000000000000000     
  -12.276000000000000        0.0000000000000000       -6.8429400525358246E-005   0.0000000000000000     
  -12.078000000000001        0.0000000000000000       -7.1210444886822468E-005   0.0000000000000000     
  -11.880000000000001        0.0000000000000000       -7.4153787631356572E-005   0.0000000000000000     
  -11.682000000000000        0.0000000000000000       -7.7271467219671236E-005   0.0000000000000000     
  -11.484000000000000        0.0000000000000000       -8.0576613125385785E-005   0.0000000000000000     
  -11.286000000000001        0.0000000000000000       -8.4083578469303316E-005   0.0000000000000000     
  -11.088000000000001        0.0000000000000000       -8.7808065264845974E-005   0.0000000000000000     
  -10.890000000000001        0.0000000000000000       -9.1767288784689566E-005   0.0000000000000000     
  -10.692000000000000        0.0000000000000000       -9.5980149026841078E-005   0.0000000000000000     
  -10.494000000000000        0.0000000000000000       -1.0046742335510703E-004   0.0000000000000000     
  -10.296000000000001        0.0000000000000000       -1.0525198229753446E-004   0.0000000000000000     
  -10.098000000000001        0.0000000000000000       -1.1035904203402786E-004   0.0000000000000000     
  -9.9000000000000004        0.0000000000000000       -1.1581642855192667E-004   0.0000000000000000     
  -9.7020000000000000        0.0000000000000000       -1.2165490463659343E-004   0.0000000000000000     
  -9.5040000000000013        0.0000000000000000       -1.2790849639072023E-004   0.0000000000000000     
  -9.3060000000000009        0.0000000000000000       -1.3461491189888431E-004   0.0000000000000000     
  -9.1080000000000005        0.0000000000000000       -1.4181595089588647E-004   0.0000000000000000     
  -8.9100000000000001        0.0000000000000000       -1.4955803567943686E-004   0.0000000000000000     
  -8.7119999999999997        0.0000000000000000       -1.5789274164005403E-004   0.0000000000000000     
  -8.5140000000000011        0.0000000000000000       -1.6687743453161361E-004   0.0000000000000000     
  -8.3160000000000007        0.0000000000000000       -1.7657596722994427E-004   0.0000000000000000     
  -8.1180000000000003        0.0000000000000000       -1.8705946496042484E-004   0.0000000000000000     
  -7.9199999999999999        0.0000000000000000       -1.9840719856262568E-004   0.0000000000000000     
  -7.7220000000000004        0.0000000000000000       -2.1070754986593772E-004   0.0000000000000000     
  -7.5240000000000000        0.0000000000000000       -2.2405908804952790E-004   0.0000000000000000     
  -7.3260000000000005        0.0000000000000000       -2.3857174397851438E-004   0.0000000000000000     
  -7.1280000000000001        0.0000000000000000       -2.5436809759907719E-004   0.0000000000000000     
  -6.9300000000000006        0.0000000000000000       -2.7158476054285570E-004   0.0000000000000000     
  -6.7320000000000002        0.0000000000000000       -2.9037386497950319E-004   0.0000000000000000     
  -6.5340000000000007        0.0000000000000000       -3.1090456067203796E-004   0.0000000000000000     
  -6.3360000000000003        0.0000000000000000       -3.3336460139813306E-004   0.0000000000000000     
  -6.1379999999999999        0.0000000000000000       -3.5796181110394216E-004   0.0000000000000000     
  -5.9400000000000004        0.0000000000000000       -3.8492535854769993E-004   0.0000000000000000     
  -5.7420000000000000        0.0000000000000000       -4.1450670166776879E-004   0.0000000000000000     
  -5.5440000000000005        0.0000000000000000       -4.4697980743372943E-004   0.0000000000000000     
  -5.3460000000000001        0.0000000000000000       -4.8264022776093452E-004   0.0000000000000000     
  -5.1480000000000006        0.0000000000000000       -5.2180229394793492E-004   0.0000000000000000     
  -4.9500000000000002        0.0000000000000000       -5.6479325347648932E-004   0.0000000000000000     
  -4.7520000000000007        0.0000000000000000       -6.1194245341588988E-004   0.0000000000000000     
  -4.5540000000000003        0.0000000000000000       -6.6356243130066502E-004   0.0000000000000000     
  -4.3559999999999999        0.0000000000000000       -7.1991650563936341E-004   0.0000000000000000     
  -4.1580000000000004        0.0000000000000000       -7.8116370486360116E-004   0.0000000000000000     
  -3.9600000000000000        0.0000000000000000       -8.4726360392445559E-004   0.0000000000000000     
  -3.7620000000000000        0.0000000000000000       -9.1780903708296908E-004   0.0000000000000000     
  -3.5640000000000001        0.0000000000000000       -9.9172472359136958E-004   0.0000000000000000     
  -3.3660000000000001        0.0000000000000000       -1.0667249321418370E-003   0.0000000000000000     
  -3.1680000000000001        0.0000000000000000       -1.1384683926309337E-003   0.0000000000000000     
  -2.9700000000000002        0.0000000000000000       -1.2003745069197038E-003   0.0000000000000000     
  -2.7720000000000002        0.0000000000000000       -1.2504054080995899E-003   0.0000000000000000     
  -2.5740000000000003        0.0000000000000000       -1.2931006124384328E-003   0.0000000000000000     
  -2.3760000000000003        0.0000000000000000       -1.3304856764010118E-003   0.0000000000000000     
  -2.1779999999999999        0.0000000000000000       -1.3695473702956078E-003   0.0000000000000000     
  -1.9800000000000000        0.0000000000000000       -1.4084990908942786E-003   0.0000000000000000     
  -1.7820000000000000        0.0000000000000000       -1.4418144028055862E-003   0.0000000000000000     
  -1.5840000000000001        0.0000000000000000       -1.4643310503446676E-003   0.0000000000000000     
  -1.3860000000000001        0.0000000000000000       -1.4686774427847622E-003   0.0000000000000000     
  -1.1880000000000002        0.0000000000000000       -1.4535576262912514E-003   0.0000000000000000     
 -0.98999999999999999        0.0000000000000000       -1.4235597435020223E-003   0.0000000000000000     
 -0.79200000000000004        0.0000000000000000       -1.3846647090587129E-003   0.0000000000000000     
 -0.59400000000000008        0.0000000000000000       -1.3367392268344351E-003   0.0000000000000000     
 -0.39600000000000002        0.0000000000000000       -1.2867116599469006E-003   0.0000000000000000     
 -0.19800000000000001        0.0000000000000000       -1.2479770282850500E-003   0.0000000000000000     
   0.0000000000000000        0.0000000000000000       -1.2320123047262837E-003   0.0000000000000000     
  0.19800000000000001        0.0000000000000000       -1.2479770282850500E-003   0.0000000000000000     
  0.39600000000000002        0.0000000000000000       -1.2867116599469006E-003   0.0000000000000000     
  0.59400000000000008        0.0000000000000000       -1.3367392268344351E-003   0.0000000000000000     
  0.79200000000000004        0.0000000000000000       -1.3846647090587129E-003   0.0000000000000000     
  0.98999999999999999        0.0000000000000000       -1.4235597435020223E-003   0.0000000000000000     
   1.1880000000000002        0.0000000000000000       -1.4535576262912514E-003   0.0000000000000000     
   1.3860000000000001        0.0000000000000000       -1.4686774427847622E-003   0.0000000000000000     
   1.5840000000000001        0.0000000000000000       -1.4643310503446676E-003   0.0000000000000000     
   1.7820000000000000        0.0000000000000000       -1.4418144028055862E-003   0.0000000000000000     
   1.9800000000000000        0.0000000000000000       -1.4084990908942786E-003   0.0000000000000000     
   2.1779999999999999        0.0000000000000000       -1.3695473702956078E-003   0.0000000000000000     
   2.3760000000000003        0.0000000000000000       -1.3304856764010118E-003   0.0000000000000000     
   2.5740000000000003        0.0000000000000000       -1.2931006124384328E-003   0.0000000000000000     
   2.7720000000000002        0.0000000000000000       -1.2504054080995899E-003   0.0000000000000000     
   2.9700000000000002        0.0000000000000000       -1.2003745069197038E-003   0.0000000000000000     
   3.1680000000000001        0.0000000000000000       -1.1384683926309337E-003   0.0000000000000000     
   3.3660000000000001        0.0000000000000000       -1.0667249321418370E-003   0.0000000000000000     
   3.5640000000000001        0.0000000000000000       -9.9172472359136958E-004   0.0000000000000000     
   3.7620000000000000        0.0000000000000000       -9.1780903708296908E-004   0.0000000000000000     
   3.9600000000000000        0.0000000000000000       -8.4726360392445559E-004   0.0000000000000000     
   4.1580000000000004        0.0000000000000000       -7.8116370486360116E-004   0.0000000000000000     
   4.3559999999999999        0.0000000000000000       -7.1991650563936341E-004   0.0000000000000000     
   4.5540000000000003        0.0000000000000000       -6.6356243130066502E-004   0.0000000000000000     
   4.7520000000000007        0.0000000000000000       -6.1194245341588988E-004   0.0000000000000000     
   4.9500000000000002        0.0000000000000000       -5.6479325347648932E-004   0.0000000000000000     
   5.1480000000000006        0.0000000000000000       -5.2180229394793492E-004   0.0000000000000000     
   5.3460000000000001        0.0000000000000000       -4.8264022776093452E-004   0.0000000000000000     
   5.5440000000000005        0.0000000000000000       -4.4697980743372943E-004   0.0000000000000000     
   5.7420000000000000        0.0000000000000000       -4.1450670166776879E-004   0.0000000000000000     
   5.9400000000000004        0.0000000000000000       -3.8492535854769993E-004   0.0000000000000000     
   6.1379999999999999        0.0000000000000000       -3.5796181110394216E-004   0.0000000000000000     
   6.3360000000000003        0.0000000000000000       -3.3336460139813306E-004   0.0000000000000000     
   6.5340000000000007        0.0000000000000000       -3.1090456067203796E-004   0.0000000000000000     
   6.7320000000000002        0.0000000000000000       -2.9037386497950319E-004   0.0000000000000000     
   6.9300000000000006        0.0000000000000000       -2.7158476054285570E-004   0.0000000000000000     
   7.1280000000000001        0.0000000000000000       -2.5436809759907719E-004   0.0000000000000000     
   7.3260000000000005        0.0000000000000000       -2.3857174397851438E-004   0.0000000000000000     
   7.5240000000000000        0.0000000000000000       -2.2405908804952790E-004   0.0000000000000000     
   7.7220000000000004        0.0000000000000000       -2.1070754986593772E-004   0.0000000000000000     
   7.9199999999999999        0.0000000000000000       -1.9840719856262568E-004   0.0000000000000000     
   8.1180000000000003        0.0000000000000000       -1.8705946496042484E-004   0.0000000000000000     
   8.3160000000000007        0.0000000000000000       -1.7657596722994427E-004   0.0000000000000000     
   8.5140000000000011        0.0000000000000000       -1.6687743453161361E-004   0.0000000000000000     
   8.7119999999999997        0.0000000000000000       -1.5789274164005403E-004   0.0000000000000000     
   8.9100000000000001        0.0000000000000000       -1.4955803567943686E-004   0.0000000000000000     
   9.1080000000000005        0.0000000000000000       -1.4181595089588647E-004   0.0000000000000000     
   9.3060000000000009        0.0000000000000000       -1.3461491189888431E-004   0.0000000000000000     
   9.5040000000000013        0.0000000000000000       -1.2790849639072023E-004   0.0000000000000000     
   9.7020000000000000        0.0000000000000000       -1.2165490463659343E-004   0.0000000000000000     
   9.9000000000000004        0.0000000000000000       -1.1581642855192667E-004   0.0000000000000000     
   10.098000000000001        0.0000000000000000       -1.1035904203402786E-004   0.0000000000000000     
   10.296000000000001        0.0000000000000000       -1.0525198229753446E-004   0.0000000000000000     
   10.494000000000000        0.0000000000000000       -1.0046742335510703E-004   0.0000000000000000     
   10.692000000000000        0.0000000000000000       -9.5980149026841078E-005   0.0000000000000000     
   10.890000000000001        0.0000000000000000       -9.1767288784689566E-005   0.0000000000000000     
   11.088000000000001        0.0000000000000000       -8.7808065264845974E-005   0.0000000000000000     
   11.286000000000001        0.0000000000000000       -8.4083578469303316E-005   0.0000000000000000     
   11.484000000000000        0.0000000000000000       -8.0576613125385785E-005   0.0000000000000000     
   11.682000000000000        0.0000000000000000       -7.7271467219671236E-005   0.0000000000000000     
   11.880000000000001        0.0000000000000000       -7.4153787631356572E-005   0.0000000000000000     
   12.078000000000001        0.0000000000000000       -7.1210444886822468E-005   0.0000000000000000     
   12.276000000000000        0.0000000000000000       -6.8429400525358246E-005   0.0000000000000000     
   12.474000000000000        0.0000000000000000       -6.5799598668827861E-005   0.0000000000000000     
   12.672000000000001        0.0000000000000000       -6.3310866608425159E-005   0.0000000000000000     
   12.870000000000001        0.0000000000000000       -6.0953821893344911E-005   0.0000000000000000     
   13.068000000000001        0.0000000000000000       -5.8719791642184306E-005   0.0000000000000000     
   13.266000000000000        0.0000000000000000       -5.6600735832872648E-005   0.0000000000000000     
   13.464000000000000        0.0000000000000000       -5.4589177895758185E-005   0.0000000000000000     
   13.662000000000001        0.0000000000000000       -5.2678140975301399E-005   0.0000000000000000     
   13.860000000000001        0.0000000000000000       -5.0861085275599170E-005   0.0000000000000000     
   14.058000000000000        0.0000000000000000       -4.9131849107361037E-005   0.0000000000000000     
   14.256000000000000        0.0000000000000000       -4.7484594924023275E-005   0.0000000000000000     
   14.454000000000001        0.0000000000000000       -4.5913747544717384E-005   0.0000000000000000     
   14.652000000000001        0.0000000000000000       -4.4413945312124467E-005   0.0000000000000000     
   14.850000000000001        0.0000000000000000       -4.2979973639443906E-005   0.0000000000000000     
   15.048000000000000        0.0000000000000000       -4.1606707899825741E-005   0.0000000000000000     
   15.246000000000000        0.0000000000000000       -4.0289042445525989E-005   0.0000000000000000     
   15.444000000000001        0.0000000000000000       -3.9021821407014121E-005   0.0000000000000000     
   15.642000000000001        0.0000000000000000       -3.7799755664053997E-005   0.0000000000000000     
   15.840000000000000        0.0000000000000000       -3.6617326021444899E-005   0.0000000000000000     
   16.038000000000000        0.0000000000000000       -3.5468683368939276E-005   0.0000000000000000     
   16.236000000000001        0.0000000000000000       -3.4347519921022747E-005   0.0000000000000000     
   16.434000000000001        0.0000000000000000       -3.3246930505591802E-005   0.0000000000000000     
   16.632000000000001        0.0000000000000000       -3.2159245835563970E-005   0.0000000000000000     
   16.830000000000002        0.0000000000000000       -3.1075846253756432E-005   0.0000000000000000     
   17.028000000000002        0.0000000000000000       -2.9987157096914561E-005   0.0000000000000000     
   17.225999999999999        0.0000000000000000       -2.8881638842683791E-005   0.0000000000000000     
   17.423999999999999        0.0000000000000000       -2.7749153559864001E-005   0.0000000000000000     
   17.622000000000000        0.0000000000000000       -2.6572833561177689E-005   0.0000000000000000     
   17.820000000000000        0.0000000000000000       -2.5336777332167201E-005   0.0000000000000000     
   18.018000000000001        0.0000000000000000       -2.4023201342989184E-005   0.0000000000000000     
   18.216000000000001        0.0000000000000000       -2.2610850014392720E-005   0.0000000000000000     
   18.414000000000001        0.0000000000000000       -2.1085194127407507E-005   0.0000000000000000     
   18.612000000000002        0.0000000000000000       -1.9436633675423194E-005   0.0000000000000000     
   18.810000000000002        0.0000000000000000       -1.7683687581662423E-005   0.0000000000000000     
   19.008000000000003        0.0000000000000000       -1.5859071402316289E-005   0.0000000000000000     
   19.206000000000000        0.0000000000000000       -1.4051283432984912E-005   0.0000000000000000     
   19.404000000000000        0.0000000000000000       -1.2282217230250395E-005   0.0000000000000000     
   19.602000000000000        0.0000000000000000       -1.0174957038972693E-005   0.0000000000000000     
