  -19.602000000000000        0.0000000000000000        3.4666075446097493E-005   0.0000000000000000     
  -19.404000000000000        0.0000000000000000        3.6784978212597973E-005   0.0000000000000000     
  -19.206000000000000        0.0000000000000000        3.7303558127768162E-005   0.0000000000000000     
  -19.008000000000003        0.0000000000000000        3.7199802035715904E-005   0.0000000000000000     
  -18.810000000000002        0.0000000000000000        3.7136230235601361E-005   0.0000000000000000     
  -18.612000000000002        0.0000000000000000        3.7356447648658524E-005   0.0000000000000000     
  -18.414000000000001        0.0000000000000000        3.7902896425577835E-005   0.0000000000000000     
  -18.216000000000001        0.0000000000000000        3.8714785033113828E-005   0.0000000000000000     
  -18.018000000000001        0.0000000000000000        3.9720743499516944E-005   0.0000000000000000     
  -17.820000000000000        0.0000000000000000        4.0857490649067984E-005   0.0000000000000000     
  -17.622000000000000        0.0000000000000000        4.2080795980722446E-005   0.0000000000000000     
  -17.423999999999999        0.0000000000000000        4.3353745385896394E-005   0.0000000000000000     
  -17.225999999999999        0.0000000000000000        4.4659397841604062E-005   0.0000000000000000     
  -17.028000000000002        0.0000000000000000        4.5982757142007505E-005   0.0000000000000000     
  -16.830000000000002        0.0000000000000000        4.7314245878184981E-005   0.0000000000000000     
  -16.632000000000001        0.0000000000000000        4.8648040292414878E-005   0.0000000000000000     
  -16.434000000000001        0.0000000000000000        4.9982413658265590E-005   0.0000000000000000     
  -16.236000000000001        0.0000000000000000        5.1333885770498166E-005   0.0000000000000000     
  -16.038000000000000        0.0000000000000000        5.2680327862013950E-005   0.0000000000000000     
  -15.840000000000000        0.0000000000000000        5.4021968630837103E-005   0.0000000000000000     
  -15.642000000000001        0.0000000000000000        5.5359420038703651E-005   0.0000000000000000     
  -15.444000000000001        0.0000000000000000        5.6693504317606577E-005   0.0000000000000000     
  -15.246000000000000        0.0000000000000000        5.8025140191475664E-005   0.0000000000000000     
  -15.048000000000000        0.0000000000000000        5.9355271372264195E-005   0.0000000000000000     
  -14.850000000000001        0.0000000000000000        6.0684813202957593E-005   0.0000000000000000     
  -14.652000000000001        0.0000000000000000        6.2014626690192192E-005   0.0000000000000000     
  -14.454000000000001        0.0000000000000000        6.3345494056318789E-005   0.0000000000000000     
  -14.256000000000000        0.0000000000000000        6.4678101010147857E-005   0.0000000000000000     
  -14.058000000000000        0.0000000000000000        6.6013027306229509E-005   0.0000000000000000     
  -13.860000000000001        0.0000000000000000        6.7350734835935926E-005   0.0000000000000000     
  -13.662000000000001        0.0000000000000000        6.8691557285696143E-005   0.0000000000000000     
  -13.464000000000000        0.0000000000000000        7.0035694146306505E-005   0.0000000000000000     
  -13.266000000000000        0.0000000000000000        7.1383190587490076E-005   0.0000000000000000     
  -13.068000000000001        0.0000000000000000        7.2733930802900112E-005   0.0000000000000000     
  -12.870000000000001        0.0000000000000000        7.4087622938093209E-005   0.0000000000000000     
  -12.672000000000001        0.0000000000000000        7.5443778619658144E-005   0.0000000000000000     
  -12.474000000000000        0.0000000000000000        7.6801694552652776E-005   0.0000000000000000     
  -12.276000000000000        0.0000000000000000        7.8160428958635130E-005   0.0000000000000000     
  -12.078000000000001        0.0000000000000000        7.9518770526964099E-005   0.0000000000000000     
  -11.880000000000001        0.0000000000000000        8.0875208681211838E-005   0.0000000000000000     
  -11.682000000000000        0.0000000000000000        8.2227900846293148E-005   0.0000000000000000     
  -11.484000000000000        0.0000000000000000        8.3574619804389043E-005   0.0000000000000000     
  -11.286000000000001        0.0000000000000000        8.4912708057598260E-005   0.0000000000000000     
  -11.088000000000001        0.0000000000000000        8.6239014464934810E-005   0.0000000000000000     
  -10.890000000000001        0.0000000000000000        8.7549826933090103E-005   0.0000000000000000     
  -10.692000000000000        0.0000000000000000        8.8840795810498036E-005   0.0000000000000000     
  -10.494000000000000        0.0000000000000000        9.0106831371628395E-005   0.0000000000000000     
  -10.296000000000001        0.0000000000000000        9.1341994548392648E-005   0.0000000000000000     
  -10.098000000000001        0.0000000000000000        9.2539367675631941E-005   0.0000000000000000     
  -9.9000000000000004        0.0000000000000000        9.3690896311122469E-005   0.0000000000000000     
  -9.7020000000000000        0.0000000000000000        9.4787220316176583E-005   0.0000000000000000     
  -9.5040000000000013        0.0000000000000000        9.5817440025667373E-005   0.0000000000000000     
  -9.3060000000000009        0.0000000000000000        9.6768883967427555E-005   0.0000000000000000     
  -9.1080000000000005        0.0000000000000000        9.7626790043739485E-005   0.0000000000000000     
  -8.9100000000000001        0.0000000000000000        9.8373967566517211E-005   0.0000000000000000     
  -8.7119999999999997        0.0000000000000000        9.8990367693964522E-005   0.0000000000000000     
  -8.5140000000000011        0.0000000000000000        9.9452585185049326E-005   0.0000000000000000     
  -8.3160000000000007        0.0000000000000000        9.9733251946654514E-005   0.0000000000000000     
  -8.1180000000000003        0.0000000000000000        9.9800340778669565E-005   0.0000000000000000     
  -7.9199999999999999        0.0000000000000000        9.9616316054835843E-005   0.0000000000000000     
  -7.7220000000000004        0.0000000000000000        9.9137125740444894E-005   0.0000000000000000     
  -7.5240000000000000        0.0000000000000000        9.8311016592765994E-005   0.0000000000000000     
  -7.3260000000000005        0.0000000000000000        9.7077103369865055E-005   0.0000000000000000     
  -7.1280000000000001        0.0000000000000000        9.5363712567518732E-005   0.0000000000000000     
  -6.9300000000000006        0.0000000000000000        9.3086404332709712E-005   0.0000000000000000     
  -6.7320000000000002        0.0000000000000000        9.0145692428903357E-005   0.0000000000000000     
  -6.5340000000000007        0.0000000000000000        8.6424395577569627E-005   0.0000000000000000     
  -6.3360000000000003        0.0000000000000000        8.1784627902794837E-005   0.0000000000000000     
  -6.1379999999999999        0.0000000000000000        7.6064464189532809E-005   0.0000000000000000     
  -5.9400000000000004        0.0000000000000000        6.9074357108718759E-005   0.0000000000000000     
  -5.7420000000000000        0.0000000000000000        6.0593555425341320E-005   0.0000000000000000     
  -5.5440000000000005        0.0000000000000000        5.0366943423937664E-005   0.0000000000000000     
  -5.3460000000000001        0.0000000000000000        3.8103093290194530E-005   0.0000000000000000     
  -5.1480000000000006        0.0000000000000000        2.3475144408529830E-005   0.0000000000000000     
  -4.9500000000000002        0.0000000000000000        6.1272931550569126E-006   0.0000000000000000     
  -4.7520000000000007        0.0000000000000000       -1.4307738155225073E-005   0.0000000000000000     
  -4.5540000000000003        0.0000000000000000       -3.8170111957711923E-005   0.0000000000000000     
  -4.3559999999999999        0.0000000000000000       -6.5693800827070032E-005   0.0000000000000000     
  -4.1580000000000004        0.0000000000000000       -9.6849799612588904E-005   0.0000000000000000     
  -3.9600000000000000        0.0000000000000000       -1.3104114924715447E-004   0.0000000000000000     
  -3.7620000000000000        0.0000000000000000       -1.6652403177194340E-004   0.0000000000000000     
  -3.5640000000000001        0.0000000000000000       -1.9941262375571298E-004   0.0000000000000000     
  -3.3660000000000001        0.0000000000000000       -2.2303518604576756E-004   0.0000000000000000     
  -3.1680000000000001        0.0000000000000000       -2.3557668596493268E-004   0.0000000000000000     
  -2.9700000000000002        0.0000000000000000       -2.4828324641558192E-004   0.0000000000000000     
  -2.7720000000000002        0.0000000000000000       -2.6914491363612381E-004   0.0000000000000000     
  -2.5740000000000003        0.0000000000000000       -2.9762303948407070E-004   0.0000000000000000     
  -2.3760000000000003        0.0000000000000000       -3.3111797818972249E-004   0.0000000000000000     
  -2.1779999999999999        0.0000000000000000       -3.6767712395714995E-004   0.0000000000000000     
  -1.9800000000000000        0.0000000000000000       -4.0240581256340506E-004   0.0000000000000000     
  -1.7820000000000000        0.0000000000000000       -4.2494101350424175E-004   0.0000000000000000     
  -1.5840000000000001        0.0000000000000000       -4.2635456940139381E-004   0.0000000000000000     
  -1.3860000000000001        0.0000000000000000       -3.9936009393497381E-004   0.0000000000000000     
  -1.1880000000000002        0.0000000000000000       -3.4309989615970968E-004   0.0000000000000000     
 -0.98999999999999999        0.0000000000000000       -2.6557326299311244E-004   0.0000000000000000     
 -0.79200000000000004        0.0000000000000000       -1.7203085795552365E-004   0.0000000000000000     
 -0.59400000000000008        0.0000000000000000       -6.9973630886717016E-005   0.0000000000000000     
 -0.39600000000000002        0.0000000000000000        2.8064299824691280E-005   0.0000000000000000     
 -0.19800000000000001        0.0000000000000000        1.0390913895414556E-004   0.0000000000000000     
   0.0000000000000000        0.0000000000000000        1.3315542473578645E-004   0.0000000000000000     
  0.19800000000000001        0.0000000000000000        1.0390913895414556E-004   0.0000000000000000     
  0.39600000000000002        0.0000000000000000        2.8064299824691280E-005   0.0000000000000000     
  0.59400000000000008        0.0000000000000000       -6.9973630886717016E-005   0.0000000000000000     
  0.79200000000000004        0.0000000000000000       -1.7203085795552365E-004   0.0000000000000000     
  0.98999999999999999        0.0000000000000000       -2.6557326299311244E-004   0.0000000000000000     
   1.1880000000000002        0.0000000000000000       -3.4309989615970968E-004   0.0000000000000000     
   1.3860000000000001        0.0000000000000000       -3.9936009393497381E-004   0.0000000000000000     
   1.5840000000000001        0.0000000000000000       -4.2635456940139381E-004   0.0000000000000000     
   1.7820000000000000        0.0000000000000000       -4.2494101350424175E-004   0.0000000000000000     
   1.9800000000000000        0.0000000000000000       -4.0240581256340506E-004   0.0000000000000000     
   2.1779999999999999        0.0000000000000000       -3.6767712395714995E-004   0.0000000000000000     
   2.3760000000000003        0.0000000000000000       -3.3111797818972249E-004   0.0000000000000000     
   2.5740000000000003        0.0000000000000000       -2.9762303948407070E-004   0.0000000000000000     
   2.7720000000000002        0.0000000000000000       -2.6914491363612381E-004   0.0000000000000000     
   2.9700000000000002        0.0000000000000000       -2.4828324641558192E-004   0.0000000000000000     
   3.1680000000000001        0.0000000000000000       -2.3557668596493268E-004   0.0000000000000000     
   3.3660000000000001        0.0000000000000000       -2.2303518604576756E-004   0.0000000000000000     
   3.5640000000000001        0.0000000000000000       -1.9941262375571298E-004   0.0000000000000000     
   3.7620000000000000        0.0000000000000000       -1.6652403177194340E-004   0.0000000000000000     
   3.9600000000000000        0.0000000000000000       -1.3104114924715447E-004   0.0000000000000000     
   4.1580000000000004        0.0000000000000000       -9.6849799612588904E-005   0.0000000000000000     
   4.3559999999999999        0.0000000000000000       -6.5693800827070032E-005   0.0000000000000000     
   4.5540000000000003        0.0000000000000000       -3.8170111957711923E-005   0.0000000000000000     
   4.7520000000000007        0.0000000000000000       -1.4307738155225073E-005   0.0000000000000000     
   4.9500000000000002        0.0000000000000000        6.1272931550569126E-006   0.0000000000000000     
   5.1480000000000006        0.0000000000000000        2.3475144408529830E-005   0.0000000000000000     
   5.3460000000000001        0.0000000000000000        3.8103093290194530E-005   0.0000000000000000     
   5.5440000000000005        0.0000000000000000        5.0366943423937664E-005   0.0000000000000000     
   5.7420000000000000        0.0000000000000000        6.0593555425341320E-005   0.0000000000000000     
   5.9400000000000004        0.0000000000000000        6.9074357108718759E-005   0.0000000000000000     
   6.1379999999999999        0.0000000000000000        7.6064464189532809E-005   0.0000000000000000     
   6.3360000000000003        0.0000000000000000        8.1784627902794837E-005   0.0000000000000000     
   6.5340000000000007        0.0000000000000000        8.6424395577569627E-005   0.0000000000000000     
   6.7320000000000002        0.0000000000000000        9.0145692428903357E-005   0.0000000000000000     
   6.9300000000000006        0.0000000000000000        9.3086404332709712E-005   0.0000000000000000     
   7.1280000000000001        0.0000000000000000        9.5363712567518732E-005   0.0000000000000000     
   7.3260000000000005        0.0000000000000000        9.7077103369865055E-005   0.0000000000000000     
   7.5240000000000000        0.0000000000000000        9.8311016592765994E-005   0.0000000000000000     
   7.7220000000000004        0.0000000000000000        9.9137125740444894E-005   0.0000000000000000     
   7.9199999999999999        0.0000000000000000        9.9616316054835843E-005   0.0000000000000000     
   8.1180000000000003        0.0000000000000000        9.9800340778669565E-005   0.0000000000000000     
   8.3160000000000007        0.0000000000000000        9.9733251946654514E-005   0.0000000000000000     
   8.5140000000000011        0.0000000000000000        9.9452585185049326E-005   0.0000000000000000     
   8.7119999999999997        0.0000000000000000        9.8990367693964522E-005   0.0000000000000000     
   8.9100000000000001        0.0000000000000000        9.8373967566517211E-005   0.0000000000000000     
   9.1080000000000005        0.0000000000000000        9.7626790043739485E-005   0.0000000000000000     
   9.3060000000000009        0.0000000000000000        9.6768883967427555E-005   0.0000000000000000     
   9.5040000000000013        0.0000000000000000        9.5817440025667373E-005   0.0000000000000000     
   9.7020000000000000        0.0000000000000000        9.4787220316176583E-005   0.0000000000000000     
   9.9000000000000004        0.0000000000000000        9.3690896311122469E-005   0.0000000000000000     
   10.098000000000001        0.0000000000000000        9.2539367675631941E-005   0.0000000000000000     
   10.296000000000001        0.0000000000000000        9.1341994548392648E-005   0.0000000000000000     
   10.494000000000000        0.0000000000000000        9.0106831371628395E-005   0.0000000000000000     
   10.692000000000000        0.0000000000000000        8.8840795810498036E-005   0.0000000000000000     
   10.890000000000001        0.0000000000000000        8.7549826933090103E-005   0.0000000000000000     
   11.088000000000001        0.0000000000000000        8.6239014464934810E-005   0.0000000000000000     
   11.286000000000001        0.0000000000000000        8.4912708057598260E-005   0.0000000000000000     
   11.484000000000000        0.0000000000000000        8.3574619804389043E-005   0.0000000000000000     
   11.682000000000000        0.0000000000000000        8.2227900846293148E-005   0.0000000000000000     
   11.880000000000001        0.0000000000000000        8.0875208681211838E-005   0.0000000000000000     
   12.078000000000001        0.0000000000000000        7.9518770526964099E-005   0.0000000000000000     
   12.276000000000000        0.0000000000000000        7.8160428958635130E-005   0.0000000000000000     
   12.474000000000000        0.0000000000000000        7.6801694552652776E-005   0.0000000000000000     
   12.672000000000001        0.0000000000000000        7.5443778619658144E-005   0.0000000000000000     
   12.870000000000001        0.0000000000000000        7.4087622938093209E-005   0.0000000000000000     
   13.068000000000001        0.0000000000000000        7.2733930802900112E-005   0.0000000000000000     
   13.266000000000000        0.0000000000000000        7.1383190587490076E-005   0.0000000000000000     
   13.464000000000000        0.0000000000000000        7.0035694146306505E-005   0.0000000000000000     
   13.662000000000001        0.0000000000000000        6.8691557285696143E-005   0.0000000000000000     
   13.860000000000001        0.0000000000000000        6.7350734835935926E-005   0.0000000000000000     
   14.058000000000000        0.0000000000000000        6.6013027306229509E-005   0.0000000000000000     
   14.256000000000000        0.0000000000000000        6.4678101010147857E-005   0.0000000000000000     
   14.454000000000001        0.0000000000000000        6.3345494056318789E-005   0.0000000000000000     
   14.652000000000001        0.0000000000000000        6.2014626690192192E-005   0.0000000000000000     
   14.850000000000001        0.0000000000000000        6.0684813202957593E-005   0.0000000000000000     
   15.048000000000000        0.0000000000000000        5.9355271372264195E-005   0.0000000000000000     
   15.246000000000000        0.0000000000000000        5.8025140191475664E-005   0.0000000000000000     
   15.444000000000001        0.0000000000000000        5.6693504317606577E-005   0.0000000000000000     
   15.642000000000001        0.0000000000000000        5.5359420038703651E-005   0.0000000000000000     
   15.840000000000000        0.0000000000000000        5.4021968630837103E-005   0.0000000000000000     
   16.038000000000000        0.0000000000000000        5.2680327862013950E-005   0.0000000000000000     
   16.236000000000001        0.0000000000000000        5.1333885770498166E-005   0.0000000000000000     
   16.434000000000001        0.0000000000000000        4.9982413658265590E-005   0.0000000000000000     
   16.632000000000001        0.0000000000000000        4.8648040292414878E-005   0.0000000000000000     
   16.830000000000002        0.0000000000000000        4.7314245878184981E-005   0.0000000000000000     
   17.028000000000002        0.0000000000000000        4.5982757142007505E-005   0.0000000000000000     
   17.225999999999999        0.0000000000000000        4.4659397841604062E-005   0.0000000000000000     
   17.423999999999999        0.0000000000000000        4.3353745385896394E-005   0.0000000000000000     
   17.622000000000000        0.0000000000000000        4.2080795980722446E-005   0.0000000000000000     
   17.820000000000000        0.0000000000000000        4.0857490649067984E-005   0.0000000000000000     
   18.018000000000001        0.0000000000000000        3.9720743499516944E-005   0.0000000000000000     
   18.216000000000001        0.0000000000000000        3.8714785033113828E-005   0.0000000000000000     
   18.414000000000001        0.0000000000000000        3.7902896425577835E-005   0.0000000000000000     
   18.612000000000002        0.0000000000000000        3.7356447648658524E-005   0.0000000000000000     
   18.810000000000002        0.0000000000000000        3.7136230235601361E-005   0.0000000000000000     
   19.008000000000003        0.0000000000000000        3.7199802035715904E-005   0.0000000000000000     
   19.206000000000000        0.0000000000000000        3.7303558127768162E-005   0.0000000000000000     
   19.404000000000000        0.0000000000000000        3.6784978212597973E-005   0.0000000000000000     
   19.602000000000000        0.0000000000000000        3.4666075446097493E-005   0.0000000000000000     
