  -19.602000000000000        0.0000000000000000       -1.6776382107259038E-005   0.0000000000000000     
  -19.404000000000000        0.0000000000000000       -1.8748809877854982E-005   0.0000000000000000     
  -19.206000000000000        0.0000000000000000       -2.0849021975447669E-005   0.0000000000000000     
  -19.008000000000003        0.0000000000000000       -2.2158197195178793E-005   0.0000000000000000     
  -18.810000000000002        0.0000000000000000       -2.2892919646483356E-005   0.0000000000000000     
  -18.612000000000002        0.0000000000000000       -2.3366121413618833E-005   0.0000000000000000     
  -18.414000000000001        0.0000000000000000       -2.3778868031672289E-005   0.0000000000000000     
  -18.216000000000001        0.0000000000000000       -2.4214476227068995E-005   0.0000000000000000     
  -18.018000000000001        0.0000000000000000       -2.4693841202433254E-005   0.0000000000000000     
  -17.820000000000000        0.0000000000000000       -2.5225879989305088E-005   0.0000000000000000     
  -17.622000000000000        0.0000000000000000       -2.5802695801120837E-005   0.0000000000000000     
  -17.423999999999999        0.0000000000000000       -2.6415018040660539E-005   0.0000000000000000     
  -17.225999999999999        0.0000000000000000       -2.7054925034603369E-005   0.0000000000000000     
  -17.028000000000002        0.0000000000000000       -2.7716078037006063E-005   0.0000000000000000     
  -16.830000000000002        0.0000000000000000       -2.8402468719894024E-005   0.0000000000000000     
  -16.632000000000001        0.0000000000000000       -2.9110857913507204E-005   0.0000000000000000     
  -16.434000000000001        0.0000000000000000       -2.9831477101852440E-005   0.0000000000000000     
  -16.236000000000001        0.0000000000000000       -3.0564069857940742E-005   0.0000000000000000     
  -16.038000000000000        0.0000000000000000       -3.1308886458970877E-005   0.0000000000000000     
  -15.840000000000000        0.0000000000000000       -3.2066503907356076E-005   0.0000000000000000     
  -15.642000000000001        0.0000000000000000       -3.2837698883761055E-005   0.0000000000000000     
  -15.444000000000001        0.0000000000000000       -3.3623370864752401E-005   0.0000000000000000     
  -15.246000000000000        0.0000000000000000       -3.4424491842854220E-005   0.0000000000000000     
  -15.048000000000000        0.0000000000000000       -3.5242075442603444E-005   0.0000000000000000     
  -14.850000000000001        0.0000000000000000       -3.6077158818832021E-005   0.0000000000000000     
  -14.652000000000001        0.0000000000000000       -3.6930797907488169E-005   0.0000000000000000     
  -14.454000000000001        0.0000000000000000       -3.7804064891461107E-005   0.0000000000000000     
  -14.256000000000000        0.0000000000000000       -3.8698049379996004E-005   0.0000000000000000     
  -14.058000000000000        0.0000000000000000       -3.9613862958926629E-005   0.0000000000000000     
  -13.860000000000001        0.0000000000000000       -4.0552642176962432E-005   0.0000000000000000     
  -13.662000000000001        0.0000000000000000       -4.1515556604854944E-005   0.0000000000000000     
  -13.464000000000000        0.0000000000000000       -4.2503812913166912E-005   0.0000000000000000     
  -13.266000000000000        0.0000000000000000       -4.3518660270328916E-005   0.0000000000000000     
  -13.068000000000001        0.0000000000000000       -4.4561398968559588E-005   0.0000000000000000     
  -12.870000000000001        0.0000000000000000       -4.5633383973980936E-005   0.0000000000000000     
  -12.672000000000001        0.0000000000000000       -4.6736033221003952E-005   0.0000000000000000     
  -12.474000000000000        0.0000000000000000       -4.7870831858537221E-005   0.0000000000000000     
  -12.276000000000000        0.0000000000000000       -4.9039341033418501E-005   0.0000000000000000     
  -12.078000000000001        0.0000000000000000       -5.0243206227121039E-005   0.0000000000000000     
  -11.880000000000001        0.0000000000000000       -5.1484161456926927E-005   0.0000000000000000     
  -11.682000000000000        0.0000000000000000       -5.2764043174868247E-005   0.0000000000000000     
  -11.484000000000000        0.0000000000000000       -5.4084791293428100E-005   0.0000000000000000     
  -11.286000000000001        0.0000000000000000       -5.5448470265767660E-005   0.0000000000000000     
  -11.088000000000001        0.0000000000000000       -5.6857268327129147E-005   0.0000000000000000     
  -10.890000000000001        0.0000000000000000       -5.8313519933198629E-005   0.0000000000000000     
  -10.692000000000000        0.0000000000000000       -5.9819710775713749E-005   0.0000000000000000     
  -10.494000000000000        0.0000000000000000       -6.1378497722474273E-005   0.0000000000000000     
  -10.296000000000001        0.0000000000000000       -6.2992724241325707E-005   0.0000000000000000     
  -10.098000000000001        0.0000000000000000       -6.4665437011433963E-005   0.0000000000000000     
  -9.9000000000000004        0.0000000000000000       -6.6399905319608423E-005   0.0000000000000000     
  -9.7020000000000000        0.0000000000000000       -6.8199648440910791E-005   0.0000000000000000     
  -9.5040000000000013        0.0000000000000000       -7.0068450201199814E-005   0.0000000000000000     
  -9.3060000000000009        0.0000000000000000       -7.2010393539096313E-005   0.0000000000000000     
  -9.1080000000000005        0.0000000000000000       -7.4029881730050713E-005   0.0000000000000000     
  -8.9100000000000001        0.0000000000000000       -7.6131679403922505E-005   0.0000000000000000     
  -8.7119999999999997        0.0000000000000000       -7.8320930742985324E-005   0.0000000000000000     
  -8.5140000000000011        0.0000000000000000       -8.0603208749109972E-005   0.0000000000000000     
  -8.3160000000000007        0.0000000000000000       -8.2984540563041083E-005   0.0000000000000000     
  -8.1180000000000003        0.0000000000000000       -8.5471446531362649E-005   0.0000000000000000     
  -7.9199999999999999        0.0000000000000000       -8.8070983588758254E-005   0.0000000000000000     
  -7.7220000000000004        0.0000000000000000       -9.0790775102316467E-005   0.0000000000000000     
  -7.5240000000000000        0.0000000000000000       -9.3639053286360353E-005   0.0000000000000000     
  -7.3260000000000005        0.0000000000000000       -9.6624696864511735E-005   0.0000000000000000     
  -7.1280000000000001        0.0000000000000000       -9.9757262254312410E-005   0.0000000000000000     
  -6.9300000000000006        0.0000000000000000       -1.0304703314360675E-004   0.0000000000000000     
  -6.7320000000000002        0.0000000000000000       -1.0650507167638340E-004   0.0000000000000000     
  -6.5340000000000007        0.0000000000000000       -1.1014329472385642E-004   0.0000000000000000     
  -6.3360000000000003        0.0000000000000000       -1.1397459622856445E-004   0.0000000000000000     
  -6.1379999999999999        0.0000000000000000       -1.1801305292349505E-004   0.0000000000000000     
  -5.9400000000000004        0.0000000000000000       -1.2227427476390999E-004   0.0000000000000000     
  -5.7420000000000000        0.0000000000000000       -1.2677598909980676E-004   0.0000000000000000     
  -5.5440000000000005        0.0000000000000000       -1.3153898263663981E-004   0.0000000000000000     
  -5.3460000000000001        0.0000000000000000       -1.3658863490040893E-004   0.0000000000000000     
  -5.1480000000000006        0.0000000000000000       -1.4195724504818922E-004   0.0000000000000000     
  -4.9500000000000002        0.0000000000000000       -1.4768745820109027E-004   0.0000000000000000     
  -4.7520000000000007        0.0000000000000000       -1.5383702065106065E-004   0.0000000000000000     
  -4.5540000000000003        0.0000000000000000       -1.6048465590982934E-004   0.0000000000000000     
  -4.3559999999999999        0.0000000000000000       -1.6773575722144475E-004   0.0000000000000000     
  -4.1580000000000004        0.0000000000000000       -1.7572379193116382E-004   0.0000000000000000     
  -3.9600000000000000        0.0000000000000000       -1.8459674125281719E-004   0.0000000000000000     
  -3.7620000000000000        0.0000000000000000       -1.9446501673049536E-004   0.0000000000000000     
  -3.5640000000000001        0.0000000000000000       -2.0526623988262769E-004   0.0000000000000000     
  -3.3660000000000001        0.0000000000000000       -2.1649704532823665E-004   0.0000000000000000     
  -3.1680000000000001        0.0000000000000000       -2.2691358062404177E-004   0.0000000000000000     
  -2.9700000000000002        0.0000000000000000       -2.3504073488711709E-004   0.0000000000000000     
  -2.7720000000000002        0.0000000000000000       -2.4217935971135190E-004   0.0000000000000000     
  -2.5740000000000003        0.0000000000000000       -2.5253445004429855E-004   0.0000000000000000     
  -2.3760000000000003        0.0000000000000000       -2.6829953335387252E-004   0.0000000000000000     
  -2.1779999999999999        0.0000000000000000       -2.8947384786901610E-004   0.0000000000000000     
  -1.9800000000000000        0.0000000000000000       -3.1620313564981894E-004   0.0000000000000000     
  -1.7820000000000000        0.0000000000000000       -3.4935639162928282E-004   0.0000000000000000     
  -1.5840000000000001        0.0000000000000000       -3.9046636379886453E-004   0.0000000000000000     
  -1.3860000000000001        0.0000000000000000       -4.4270009459374112E-004   0.0000000000000000     
  -1.1880000000000002        0.0000000000000000       -5.0850438835960750E-004   0.0000000000000000     
 -0.98999999999999999        0.0000000000000000       -5.8412878553946296E-004   0.0000000000000000     
 -0.79200000000000004        0.0000000000000000       -6.6430284402224746E-004   0.0000000000000000     
 -0.59400000000000008        0.0000000000000000       -7.4604970468429002E-004   0.0000000000000000     
 -0.39600000000000002        0.0000000000000000       -8.2229404325618270E-004   0.0000000000000000     
 -0.19800000000000001        0.0000000000000000       -8.7556593958813518E-004   0.0000000000000000     
   0.0000000000000000        0.0000000000000000       -8.9413620296664145E-004   0.0000000000000000     
  0.19800000000000001        0.0000000000000000       -8.7556593958813518E-004   0.0000000000000000     
  0.39600000000000002        0.0000000000000000       -8.2229404325618270E-004   0.0000000000000000     
  0.59400000000000008        0.0000000000000000       -7.4604970468429002E-004   0.0000000000000000     
  0.79200000000000004        0.0000000000000000       -6.6430284402224746E-004   0.0000000000000000     
  0.98999999999999999        0.0000000000000000       -5.8412878553946296E-004   0.0000000000000000     
   1.1880000000000002        0.0000000000000000       -5.0850438835960750E-004   0.0000000000000000     
   1.3860000000000001        0.0000000000000000       -4.4270009459374112E-004   0.0000000000000000     
   1.5840000000000001        0.0000000000000000       -3.9046636379886453E-004   0.0000000000000000     
   1.7820000000000000        0.0000000000000000       -3.4935639162928282E-004   0.0000000000000000     
   1.9800000000000000        0.0000000000000000       -3.1620313564981894E-004   0.0000000000000000     
   2.1779999999999999        0.0000000000000000       -2.8947384786901610E-004   0.0000000000000000     
   2.3760000000000003        0.0000000000000000       -2.6829953335387252E-004   0.0000000000000000     
   2.5740000000000003        0.0000000000000000       -2.5253445004429855E-004   0.0000000000000000     
   2.7720000000000002        0.0000000000000000       -2.4217935971135190E-004   0.0000000000000000     
   2.9700000000000002        0.0000000000000000       -2.3504073488711709E-004   0.0000000000000000     
   3.1680000000000001        0.0000000000000000       -2.2691358062404177E-004   0.0000000000000000     
   3.3660000000000001        0.0000000000000000       -2.1649704532823665E-004   0.0000000000000000     
   3.5640000000000001        0.0000000000000000       -2.0526623988262769E-004   0.0000000000000000     
   3.7620000000000000        0.0000000000000000       -1.9446501673049536E-004   0.0000000000000000     
   3.9600000000000000        0.0000000000000000       -1.8459674125281719E-004   0.0000000000000000     
   4.1580000000000004        0.0000000000000000       -1.7572379193116382E-004   0.0000000000000000     
   4.3559999999999999        0.0000000000000000       -1.6773575722144475E-004   0.0000000000000000     
   4.5540000000000003        0.0000000000000000       -1.6048465590982934E-004   0.0000000000000000     
   4.7520000000000007        0.0000000000000000       -1.5383702065106065E-004   0.0000000000000000     
   4.9500000000000002        0.0000000000000000       -1.4768745820109027E-004   0.0000000000000000     
   5.1480000000000006        0.0000000000000000       -1.4195724504818922E-004   0.0000000000000000     
   5.3460000000000001        0.0000000000000000       -1.3658863490040893E-004   0.0000000000000000     
   5.5440000000000005        0.0000000000000000       -1.3153898263663981E-004   0.0000000000000000     
   5.7420000000000000        0.0000000000000000       -1.2677598909980676E-004   0.0000000000000000     
   5.9400000000000004        0.0000000000000000       -1.2227427476390999E-004   0.0000000000000000     
   6.1379999999999999        0.0000000000000000       -1.1801305292349505E-004   0.0000000000000000     
   6.3360000000000003        0.0000000000000000       -1.1397459622856445E-004   0.0000000000000000     
   6.5340000000000007        0.0000000000000000       -1.1014329472385642E-004   0.0000000000000000     
   6.7320000000000002        0.0000000000000000       -1.0650507167638340E-004   0.0000000000000000     
   6.9300000000000006        0.0000000000000000       -1.0304703314360675E-004   0.0000000000000000     
   7.1280000000000001        0.0000000000000000       -9.9757262254312410E-005   0.0000000000000000     
   7.3260000000000005        0.0000000000000000       -9.6624696864511735E-005   0.0000000000000000     
   7.5240000000000000        0.0000000000000000       -9.3639053286360353E-005   0.0000000000000000     
   7.7220000000000004        0.0000000000000000       -9.0790775102316467E-005   0.0000000000000000     
   7.9199999999999999        0.0000000000000000       -8.8070983588758254E-005   0.0000000000000000     
   8.1180000000000003        0.0000000000000000       -8.5471446531362649E-005   0.0000000000000000     
   8.3160000000000007        0.0000000000000000       -8.2984540563041083E-005   0.0000000000000000     
   8.5140000000000011        0.0000000000000000       -8.0603208749109972E-005   0.0000000000000000     
   8.7119999999999997        0.0000000000000000       -7.8320930742985324E-005   0.0000000000000000     
   8.9100000000000001        0.0000000000000000       -7.6131679403922505E-005   0.0000000000000000     
   9.1080000000000005        0.0000000000000000       -7.4029881730050713E-005   0.0000000000000000     
   9.3060000000000009        0.0000000000000000       -7.2010393539096313E-005   0.0000000000000000     
   9.5040000000000013        0.0000000000000000       -7.0068450201199814E-005   0.0000000000000000     
   9.7020000000000000        0.0000000000000000       -6.8199648440910791E-005   0.0000000000000000     
   9.9000000000000004        0.0000000000000000       -6.6399905319608423E-005   0.0000000000000000     
   10.098000000000001        0.0000000000000000       -6.4665437011433963E-005   0.0000000000000000     
   10.296000000000001        0.0000000000000000       -6.2992724241325707E-005   0.0000000000000000     
   10.494000000000000        0.0000000000000000       -6.1378497722474273E-005   0.0000000000000000     
   10.692000000000000        0.0000000000000000       -5.9819710775713749E-005   0.0000000000000000     
   10.890000000000001        0.0000000000000000       -5.8313519933198629E-005   0.0000000000000000     
   11.088000000000001        0.0000000000000000       -5.6857268327129147E-005   0.0000000000000000     
   11.286000000000001        0.0000000000000000       -5.5448470265767660E-005   0.0000000000000000     
   11.484000000000000        0.0000000000000000       -5.4084791293428100E-005   0.0000000000000000     
   11.682000000000000        0.0000000000000000       -5.2764043174868247E-005   0.0000000000000000     
   11.880000000000001        0.0000000000000000       -5.1484161456926927E-005   0.0000000000000000     
   12.078000000000001        0.0000000000000000       -5.0243206227121039E-005   0.0000000000000000     
   12.276000000000000        0.0000000000000000       -4.9039341033418501E-005   0.0000000000000000     
   12.474000000000000        0.0000000000000000       -4.7870831858537221E-005   0.0000000000000000     
   12.672000000000001        0.0000000000000000       -4.6736033221003952E-005   0.0000000000000000     
   12.870000000000001        0.0000000000000000       -4.5633383973980936E-005   0.0000000000000000     
   13.068000000000001        0.0000000000000000       -4.4561398968559588E-005   0.0000000000000000     
   13.266000000000000        0.0000000000000000       -4.3518660270328916E-005   0.0000000000000000     
   13.464000000000000        0.0000000000000000       -4.2503812913166912E-005   0.0000000000000000     
   13.662000000000001        0.0000000000000000       -4.1515556604854944E-005   0.0000000000000000     
   13.860000000000001        0.0000000000000000       -4.0552642176962432E-005   0.0000000000000000     
   14.058000000000000        0.0000000000000000       -3.9613862958926629E-005   0.0000000000000000     
   14.256000000000000        0.0000000000000000       -3.8698049379996004E-005   0.0000000000000000     
   14.454000000000001        0.0000000000000000       -3.7804064891461107E-005   0.0000000000000000     
   14.652000000000001        0.0000000000000000       -3.6930797907488169E-005   0.0000000000000000     
   14.850000000000001        0.0000000000000000       -3.6077158818832021E-005   0.0000000000000000     
   15.048000000000000        0.0000000000000000       -3.5242075442603444E-005   0.0000000000000000     
   15.246000000000000        0.0000000000000000       -3.4424491842854220E-005   0.0000000000000000     
   15.444000000000001        0.0000000000000000       -3.3623370864752401E-005   0.0000000000000000     
   15.642000000000001        0.0000000000000000       -3.2837698883761055E-005   0.0000000000000000     
   15.840000000000000        0.0000000000000000       -3.2066503907356076E-005   0.0000000000000000     
   16.038000000000000        0.0000000000000000       -3.1308886458970877E-005   0.0000000000000000     
   16.236000000000001        0.0000000000000000       -3.0564069857940742E-005   0.0000000000000000     
   16.434000000000001        0.0000000000000000       -2.9831477101852440E-005   0.0000000000000000     
   16.632000000000001        0.0000000000000000       -2.9110857913507204E-005   0.0000000000000000     
   16.830000000000002        0.0000000000000000       -2.8402468719894024E-005   0.0000000000000000     
   17.028000000000002        0.0000000000000000       -2.7716078037006063E-005   0.0000000000000000     
   17.225999999999999        0.0000000000000000       -2.7054925034603369E-005   0.0000000000000000     
   17.423999999999999        0.0000000000000000       -2.6415018040660539E-005   0.0000000000000000     
   17.622000000000000        0.0000000000000000       -2.5802695801120837E-005   0.0000000000000000     
   17.820000000000000        0.0000000000000000       -2.5225879989305088E-005   0.0000000000000000     
   18.018000000000001        0.0000000000000000       -2.4693841202433254E-005   0.0000000000000000     
   18.216000000000001        0.0000000000000000       -2.4214476227068995E-005   0.0000000000000000     
   18.414000000000001        0.0000000000000000       -2.3778868031672289E-005   0.0000000000000000     
   18.612000000000002        0.0000000000000000       -2.3366121413618833E-005   0.0000000000000000     
   18.810000000000002        0.0000000000000000       -2.2892919646483356E-005   0.0000000000000000     
   19.008000000000003        0.0000000000000000       -2.2158197195178793E-005   0.0000000000000000     
   19.206000000000000        0.0000000000000000       -2.0849021975447669E-005   0.0000000000000000     
   19.404000000000000        0.0000000000000000       -1.8748809877854982E-005   0.0000000000000000     
   19.602000000000000        0.0000000000000000       -1.6776382107259038E-005   0.0000000000000000     
