  -19.602000000000000        0.0000000000000000        1.1372924244318429E-005   0.0000000000000000     
  -19.404000000000000        0.0000000000000000        1.7184273744305002E-005   0.0000000000000000     
  -19.206000000000000        0.0000000000000000        2.0330053873672996E-005   0.0000000000000000     
  -19.008000000000003        0.0000000000000000        2.1991519336378142E-005   0.0000000000000000     
  -18.810000000000002        0.0000000000000000        2.3016497528672691E-005   0.0000000000000000     
  -18.612000000000002        0.0000000000000000        2.3798666486451987E-005   0.0000000000000000     
  -18.414000000000001        0.0000000000000000        2.4496022615708748E-005   0.0000000000000000     
  -18.216000000000001        0.0000000000000000        2.5165027170141578E-005   0.0000000000000000     
  -18.018000000000001        0.0000000000000000        2.5828052663946447E-005   0.0000000000000000     
  -17.820000000000000        0.0000000000000000        2.6492431352388107E-005   0.0000000000000000     
  -17.622000000000000        0.0000000000000000        2.7163205441445374E-005   0.0000000000000000     
  -17.423999999999999        0.0000000000000000        2.7842783876048346E-005   0.0000000000000000     
  -17.225999999999999        0.0000000000000000        2.8535168920509230E-005   0.0000000000000000     
  -17.028000000000002        0.0000000000000000        2.9244338890741956E-005   0.0000000000000000     
  -16.830000000000002        0.0000000000000000        2.9972097852991274E-005   0.0000000000000000     
  -16.632000000000001        0.0000000000000000        3.0726079849368542E-005   0.0000000000000000     
  -16.434000000000001        0.0000000000000000        3.1510753420719681E-005   0.0000000000000000     
  -16.236000000000001        0.0000000000000000        3.2329209044654269E-005   0.0000000000000000     
  -16.038000000000000        0.0000000000000000        3.3184877993057760E-005   0.0000000000000000     
  -15.840000000000000        0.0000000000000000        3.4080985844401799E-005   0.0000000000000000     
  -15.642000000000001        0.0000000000000000        3.5020607071121224E-005   0.0000000000000000     
  -15.444000000000001        0.0000000000000000        3.6006723094236750E-005   0.0000000000000000     
  -15.246000000000000        0.0000000000000000        3.7042280465404619E-005   0.0000000000000000     
  -15.048000000000000        0.0000000000000000        3.8130243949251109E-005   0.0000000000000000     
  -14.850000000000001        0.0000000000000000        3.9273641673630031E-005   0.0000000000000000     
  -14.652000000000001        0.0000000000000000        4.0475615550566364E-005   0.0000000000000000     
  -14.454000000000001        0.0000000000000000        4.1739447671881351E-005   0.0000000000000000     
  -14.256000000000000        0.0000000000000000        4.3068615133195068E-005   0.0000000000000000     
  -14.058000000000000        0.0000000000000000        4.4466804747920630E-005   0.0000000000000000     
  -13.860000000000001        0.0000000000000000        4.5937961095200743E-005   0.0000000000000000     
  -13.662000000000001        0.0000000000000000        4.7486312390298212E-005   0.0000000000000000     
  -13.464000000000000        0.0000000000000000        4.9116401182238792E-005   0.0000000000000000     
  -13.266000000000000        0.0000000000000000        5.0833125613754728E-005   0.0000000000000000     
  -13.068000000000001        0.0000000000000000        5.2641763799009974E-005   0.0000000000000000     
  -12.870000000000001        0.0000000000000000        5.4548022930557213E-005   0.0000000000000000     
  -12.672000000000001        0.0000000000000000        5.6558077805991321E-005   0.0000000000000000     
  -12.474000000000000        0.0000000000000000        5.8678611911464434E-005   0.0000000000000000     
  -12.276000000000000        0.0000000000000000        6.0916877207625058E-005   0.0000000000000000     
  -12.078000000000001        0.0000000000000000        6.3280732050361346E-005   0.0000000000000000     
  -11.880000000000001        0.0000000000000000        6.5778725506477411E-005   0.0000000000000000     
  -11.682000000000000        0.0000000000000000        6.8420150874060924E-005   0.0000000000000000     
  -11.484000000000000        0.0000000000000000        7.1215133909401649E-005   0.0000000000000000     
  -11.286000000000001        0.0000000000000000        7.4174706170238399E-005   0.0000000000000000     
  -11.088000000000001        0.0000000000000000        7.7310915342248480E-005   0.0000000000000000     
  -10.890000000000001        0.0000000000000000        8.0636930185820762E-005   0.0000000000000000     
  -10.692000000000000        0.0000000000000000        8.4167177634430896E-005   0.0000000000000000     
  -10.494000000000000        0.0000000000000000        8.7917459874693155E-005   0.0000000000000000     
  -10.296000000000001        0.0000000000000000        9.1905148857779844E-005   0.0000000000000000     
  -10.098000000000001        0.0000000000000000        9.6149332340736559E-005   0.0000000000000000     
  -9.9000000000000004        0.0000000000000000        1.0067105820922210E-004   0.0000000000000000     
  -9.7020000000000000        0.0000000000000000        1.0549355187421296E-004   0.0000000000000000     
  -9.5040000000000013        0.0000000000000000        1.1064248436307049E-004   0.0000000000000000     
  -9.3060000000000009        0.0000000000000000        1.1614630894854361E-004   0.0000000000000000     
  -9.1080000000000005        0.0000000000000000        1.2203657951653153E-004   0.0000000000000000     
  -8.9100000000000001        0.0000000000000000        1.2834838904198542E-004   0.0000000000000000     
  -8.7119999999999997        0.0000000000000000        1.3512083564615147E-004   0.0000000000000000     
  -8.5140000000000011        0.0000000000000000        1.4239755556158716E-004   0.0000000000000000     
  -8.3160000000000007        0.0000000000000000        1.5022734016579181E-004   0.0000000000000000     
  -8.1180000000000003        0.0000000000000000        1.5866484871537829E-004   0.0000000000000000     
  -7.9199999999999999        0.0000000000000000        1.6777146386525682E-004   0.0000000000000000     
  -7.7220000000000004        0.0000000000000000        1.7761619970036192E-004   0.0000000000000000     
  -7.5240000000000000        0.0000000000000000        1.8827684899122040E-004   0.0000000000000000     
  -7.3260000000000005        0.0000000000000000        1.9984121122160574E-004   0.0000000000000000     
  -7.1280000000000001        0.0000000000000000        2.1240858881181772E-004   0.0000000000000000     
  -6.9300000000000006        0.0000000000000000        2.2609148050048224E-004   0.0000000000000000     
  -6.7320000000000002        0.0000000000000000        2.4101755532459498E-004   0.0000000000000000     
  -6.5340000000000007        0.0000000000000000        2.5733193399050979E-004   0.0000000000000000     
  -6.3360000000000003        0.0000000000000000        2.7519982293172841E-004   0.0000000000000000     
  -6.1379999999999999        0.0000000000000000        2.9480960686024016E-004   0.0000000000000000     
  -5.9400000000000004        0.0000000000000000        3.1637637378923356E-004   0.0000000000000000     
  -5.7420000000000000        0.0000000000000000        3.4014610454505284E-004   0.0000000000000000     
  -5.5440000000000005        0.0000000000000000        3.6640030665899357E-004   0.0000000000000000     
  -5.3460000000000001        0.0000000000000000        3.9546149951018918E-004   0.0000000000000000     
  -5.1480000000000006        0.0000000000000000        4.2769894985855228E-004   0.0000000000000000     
  -4.9500000000000002        0.0000000000000000        4.6353462966451311E-004   0.0000000000000000     
  -4.7520000000000007        0.0000000000000000        5.0344770291755507E-004   0.0000000000000000     
  -4.5540000000000003        0.0000000000000000        5.4797428302870085E-004   0.0000000000000000     
  -4.3559999999999999        0.0000000000000000        5.9769449665261071E-004   0.0000000000000000     
  -4.1580000000000004        0.0000000000000000        6.5318848219359286E-004   0.0000000000000000     
  -3.9600000000000000        0.0000000000000000        7.1492178960171320E-004   0.0000000000000000     
  -3.7620000000000000        0.0000000000000000        7.8298401225059141E-004   0.0000000000000000     
  -3.5640000000000001        0.0000000000000000        8.5657860432313535E-004   0.0000000000000000     
  -3.3660000000000001        0.0000000000000000        9.3333761720913158E-004   0.0000000000000000     
  -3.1680000000000001        0.0000000000000000        1.0095546135346692E-003   0.0000000000000000     
  -2.9700000000000002        0.0000000000000000        1.0847779347365253E-003   0.0000000000000000     
  -2.7720000000000002        0.0000000000000000        1.1623844361590150E-003   0.0000000000000000     
  -2.5740000000000003        0.0000000000000000        1.2450494643042335E-003   0.0000000000000000     
  -2.3760000000000003        0.0000000000000000        1.3402102047324143E-003   0.0000000000000000     
  -2.1779999999999999        0.0000000000000000        1.4553088842081312E-003   0.0000000000000000     
  -1.9800000000000000        0.0000000000000000        1.5934259361694201E-003   0.0000000000000000     
  -1.7820000000000000        0.0000000000000000        1.7514051070005830E-003   0.0000000000000000     
  -1.5840000000000001        0.0000000000000000        1.9197508607993975E-003   0.0000000000000000     
  -1.3860000000000001        0.0000000000000000        2.0929478298457537E-003   0.0000000000000000     
  -1.1880000000000002        0.0000000000000000        2.2726065888129085E-003   0.0000000000000000     
 -0.98999999999999999        0.0000000000000000        2.4566474829618074E-003   0.0000000000000000     
 -0.79200000000000004        0.0000000000000000        2.6192484499480318E-003   0.0000000000000000     
 -0.59400000000000008        0.0000000000000000        2.7320549479383999E-003   0.0000000000000000     
 -0.39600000000000002        0.0000000000000000        2.7960904726940599E-003   0.0000000000000000     
 -0.19800000000000001        0.0000000000000000        2.8321577681391752E-003   0.0000000000000000     
   0.0000000000000000        0.0000000000000000        2.8443277236098194E-003   0.0000000000000000     
  0.19800000000000001        0.0000000000000000        2.8321577681391752E-003   0.0000000000000000     
  0.39600000000000002        0.0000000000000000        2.7960904726940599E-003   0.0000000000000000     
  0.59400000000000008        0.0000000000000000        2.7320549479383999E-003   0.0000000000000000     
  0.79200000000000004        0.0000000000000000        2.6192484499480318E-003   0.0000000000000000     
  0.98999999999999999        0.0000000000000000        2.4566474829618074E-003   0.0000000000000000     
   1.1880000000000002        0.0000000000000000        2.2726065888129085E-003   0.0000000000000000     
   1.3860000000000001        0.0000000000000000        2.0929478298457537E-003   0.0000000000000000     
   1.5840000000000001        0.0000000000000000        1.9197508607993975E-003   0.0000000000000000     
   1.7820000000000000        0.0000000000000000        1.7514051070005830E-003   0.0000000000000000     
   1.9800000000000000        0.0000000000000000        1.5934259361694201E-003   0.0000000000000000     
   2.1779999999999999        0.0000000000000000        1.4553088842081312E-003   0.0000000000000000     
   2.3760000000000003        0.0000000000000000        1.3402102047324143E-003   0.0000000000000000     
   2.5740000000000003        0.0000000000000000        1.2450494643042335E-003   0.0000000000000000     
   2.7720000000000002        0.0000000000000000        1.1623844361590150E-003   0.0000000000000000     
   2.9700000000000002        0.0000000000000000        1.0847779347365253E-003   0.0000000000000000     
   3.1680000000000001        0.0000000000000000        1.0095546135346692E-003   0.0000000000000000     
   3.3660000000000001        0.0000000000000000        9.3333761720913158E-004   0.0000000000000000     
   3.5640000000000001        0.0000000000000000        8.5657860432313535E-004   0.0000000000000000     
   3.7620000000000000        0.0000000000000000        7.8298401225059141E-004   0.0000000000000000     
   3.9600000000000000        0.0000000000000000        7.1492178960171320E-004   0.0000000000000000     
   4.1580000000000004        0.0000000000000000        6.5318848219359286E-004   0.0000000000000000     
   4.3559999999999999        0.0000000000000000        5.9769449665261071E-004   0.0000000000000000     
   4.5540000000000003        0.0000000000000000        5.4797428302870085E-004   0.0000000000000000     
   4.7520000000000007        0.0000000000000000        5.0344770291755507E-004   0.0000000000000000     
   4.9500000000000002        0.0000000000000000        4.6353462966451311E-004   0.0000000000000000     
   5.1480000000000006        0.0000000000000000        4.2769894985855228E-004   0.0000000000000000     
   5.3460000000000001        0.0000000000000000        3.9546149951018918E-004   0.0000000000000000     
   5.5440000000000005        0.0000000000000000        3.6640030665899357E-004   0.0000000000000000     
   5.7420000000000000        0.0000000000000000        3.4014610454505284E-004   0.0000000000000000     
   5.9400000000000004        0.0000000000000000        3.1637637378923356E-004   0.0000000000000000     
   6.1379999999999999        0.0000000000000000        2.9480960686024016E-004   0.0000000000000000     
   6.3360000000000003        0.0000000000000000        2.7519982293172841E-004   0.0000000000000000     
   6.5340000000000007        0.0000000000000000        2.5733193399050979E-004   0.0000000000000000     
   6.7320000000000002        0.0000000000000000        2.4101755532459498E-004   0.0000000000000000     
   6.9300000000000006        0.0000000000000000        2.2609148050048224E-004   0.0000000000000000     
   7.1280000000000001        0.0000000000000000        2.1240858881181772E-004   0.0000000000000000     
   7.3260000000000005        0.0000000000000000        1.9984121122160574E-004   0.0000000000000000     
   7.5240000000000000        0.0000000000000000        1.8827684899122040E-004   0.0000000000000000     
   7.7220000000000004        0.0000000000000000        1.7761619970036192E-004   0.0000000000000000     
   7.9199999999999999        0.0000000000000000        1.6777146386525682E-004   0.0000000000000000     
   8.1180000000000003        0.0000000000000000        1.5866484871537829E-004   0.0000000000000000     
   8.3160000000000007        0.0000000000000000        1.5022734016579181E-004   0.0000000000000000     
   8.5140000000000011        0.0000000000000000        1.4239755556158716E-004   0.0000000000000000     
   8.7119999999999997        0.0000000000000000        1.3512083564615147E-004   0.0000000000000000     
   8.9100000000000001        0.0000000000000000        1.2834838904198542E-004   0.0000000000000000     
   9.1080000000000005        0.0000000000000000        1.2203657951653153E-004   0.0000000000000000     
   9.3060000000000009        0.0000000000000000        1.1614630894854361E-004   0.0000000000000000     
   9.5040000000000013        0.0000000000000000        1.1064248436307049E-004   0.0000000000000000     
   9.7020000000000000        0.0000000000000000        1.0549355187421296E-004   0.0000000000000000     
   9.9000000000000004        0.0000000000000000        1.0067105820922210E-004   0.0000000000000000     
   10.098000000000001        0.0000000000000000        9.6149332340736559E-005   0.0000000000000000     
   10.296000000000001        0.0000000000000000        9.1905148857779844E-005   0.0000000000000000     
   10.494000000000000        0.0000000000000000        8.7917459874693155E-005   0.0000000000000000     
   10.692000000000000        0.0000000000000000        8.4167177634430896E-005   0.0000000000000000     
   10.890000000000001        0.0000000000000000        8.0636930185820762E-005   0.0000000000000000     
   11.088000000000001        0.0000000000000000        7.7310915342248480E-005   0.0000000000000000     
   11.286000000000001        0.0000000000000000        7.4174706170238399E-005   0.0000000000000000     
   11.484000000000000        0.0000000000000000        7.1215133909401649E-005   0.0000000000000000     
   11.682000000000000        0.0000000000000000        6.8420150874060924E-005   0.0000000000000000     
   11.880000000000001        0.0000000000000000        6.5778725506477411E-005   0.0000000000000000     
   12.078000000000001        0.0000000000000000        6.3280732050361346E-005   0.0000000000000000     
   12.276000000000000        0.0000000000000000        6.0916877207625058E-005   0.0000000000000000     
   12.474000000000000        0.0000000000000000        5.8678611911464434E-005   0.0000000000000000     
   12.672000000000001        0.0000000000000000        5.6558077805991321E-005   0.0000000000000000     
   12.870000000000001        0.0000000000000000        5.4548022930557213E-005   0.0000000000000000     
   13.068000000000001        0.0000000000000000        5.2641763799009974E-005   0.0000000000000000     
   13.266000000000000        0.0000000000000000        5.0833125613754728E-005   0.0000000000000000     
   13.464000000000000        0.0000000000000000        4.9116401182238792E-005   0.0000000000000000     
   13.662000000000001        0.0000000000000000        4.7486312390298212E-005   0.0000000000000000     
   13.860000000000001        0.0000000000000000        4.5937961095200743E-005   0.0000000000000000     
   14.058000000000000        0.0000000000000000        4.4466804747920630E-005   0.0000000000000000     
   14.256000000000000        0.0000000000000000        4.3068615133195068E-005   0.0000000000000000     
   14.454000000000001        0.0000000000000000        4.1739447671881351E-005   0.0000000000000000     
   14.652000000000001        0.0000000000000000        4.0475615550566364E-005   0.0000000000000000     
   14.850000000000001        0.0000000000000000        3.9273641673630031E-005   0.0000000000000000     
   15.048000000000000        0.0000000000000000        3.8130243949251109E-005   0.0000000000000000     
   15.246000000000000        0.0000000000000000        3.7042280465404619E-005   0.0000000000000000     
   15.444000000000001        0.0000000000000000        3.6006723094236750E-005   0.0000000000000000     
   15.642000000000001        0.0000000000000000        3.5020607071121224E-005   0.0000000000000000     
   15.840000000000000        0.0000000000000000        3.4080985844401799E-005   0.0000000000000000     
   16.038000000000000        0.0000000000000000        3.3184877993057760E-005   0.0000000000000000     
   16.236000000000001        0.0000000000000000        3.2329209044654269E-005   0.0000000000000000     
   16.434000000000001        0.0000000000000000        3.1510753420719681E-005   0.0000000000000000     
   16.632000000000001        0.0000000000000000        3.0726079849368542E-005   0.0000000000000000     
   16.830000000000002        0.0000000000000000        2.9972097852991274E-005   0.0000000000000000     
   17.028000000000002        0.0000000000000000        2.9244338890741956E-005   0.0000000000000000     
   17.225999999999999        0.0000000000000000        2.8535168920509230E-005   0.0000000000000000     
   17.423999999999999        0.0000000000000000        2.7842783876048346E-005   0.0000000000000000     
   17.622000000000000        0.0000000000000000        2.7163205441445374E-005   0.0000000000000000     
   17.820000000000000        0.0000000000000000        2.6492431352388107E-005   0.0000000000000000     
   18.018000000000001        0.0000000000000000        2.5828052663946447E-005   0.0000000000000000     
   18.216000000000001        0.0000000000000000        2.5165027170141578E-005   0.0000000000000000     
   18.414000000000001        0.0000000000000000        2.4496022615708748E-005   0.0000000000000000     
   18.612000000000002        0.0000000000000000        2.3798666486451987E-005   0.0000000000000000     
   18.810000000000002        0.0000000000000000        2.3016497528672691E-005   0.0000000000000000     
   19.008000000000003        0.0000000000000000        2.1991519336378142E-005   0.0000000000000000     
   19.206000000000000        0.0000000000000000        2.0330053873672996E-005   0.0000000000000000     
   19.404000000000000        0.0000000000000000        1.7184273744305002E-005   0.0000000000000000     
   19.602000000000000        0.0000000000000000        1.1372924244318429E-005   0.0000000000000000     
