  -19.602000000000000        0.0000000000000000       -4.8976150262248545E-002   0.0000000000000000     
  -19.404000000000000        0.0000000000000000       -5.0789083334129403E-002   0.0000000000000000     
  -19.206000000000000        0.0000000000000000       -5.2818233424543920E-002   0.0000000000000000     
  -19.008000000000003        0.0000000000000000       -5.4891365013503016E-002   0.0000000000000000     
  -18.810000000000002        0.0000000000000000       -5.6941265209316777E-002   0.0000000000000000     
  -18.612000000000002        0.0000000000000000       -5.8950153057334108E-002   0.0000000000000000     
  -18.414000000000001        0.0000000000000000       -6.0917394896075387E-002   0.0000000000000000     
  -18.216000000000001        0.0000000000000000       -6.2849971944813537E-002   0.0000000000000000     
  -18.018000000000001        0.0000000000000000       -6.4754912026421460E-002   0.0000000000000000     
  -17.820000000000000        0.0000000000000000       -6.6638882257807577E-002   0.0000000000000000     
  -17.622000000000000        0.0000000000000000       -6.8501116835639253E-002   0.0000000000000000     
  -17.423999999999999        0.0000000000000000       -7.0354874543094970E-002   0.0000000000000000     
  -17.225999999999999        0.0000000000000000       -7.2200733087838420E-002   0.0000000000000000     
  -17.028000000000002        0.0000000000000000       -7.4047344723160338E-002   0.0000000000000000     
  -16.830000000000002        0.0000000000000000       -7.5898473751611129E-002   0.0000000000000000     
  -16.632000000000001        0.0000000000000000       -7.7757170703263087E-002   0.0000000000000000     
  -16.434000000000001        0.0000000000000000       -7.9626229965364573E-002   0.0000000000000000     
  -16.236000000000001        0.0000000000000000       -8.1507043068317409E-002   0.0000000000000000     
  -16.038000000000000        0.0000000000000000       -8.3403548547244771E-002   0.0000000000000000     
  -15.840000000000000        0.0000000000000000       -8.5318072452711335E-002   0.0000000000000000     
  -15.642000000000001        0.0000000000000000       -8.7252833175066782E-002   0.0000000000000000     
  -15.444000000000001        0.0000000000000000       -8.9209970438963851E-002   0.0000000000000000     
  -15.246000000000000        0.0000000000000000       -9.1191568723142241E-002   0.0000000000000000     
  -15.048000000000000        0.0000000000000000       -9.3199677819105167E-002   0.0000000000000000     
  -14.850000000000001        0.0000000000000000       -9.5236331354575626E-002   0.0000000000000000     
  -14.652000000000001        0.0000000000000000       -9.7303557176070574E-002   0.0000000000000000     
  -14.454000000000001        0.0000000000000000       -9.9403394663023142E-002   0.0000000000000000     
  -14.256000000000000        0.0000000000000000      -0.10153790171832261        0.0000000000000000     
  -14.058000000000000        0.0000000000000000      -0.10370916926557359        0.0000000000000000     
  -13.860000000000001        0.0000000000000000      -0.10591932589470796        0.0000000000000000     
  -13.662000000000001        0.0000000000000000      -0.10817065572779845        0.0000000000000000     
  -13.464000000000000        0.0000000000000000      -0.11046528595371943        0.0000000000000000     
  -13.266000000000000        0.0000000000000000      -0.11280551688781980        0.0000000000000000     
  -13.068000000000001        0.0000000000000000      -0.11519372326372863        0.0000000000000000     
  -12.870000000000001        0.0000000000000000      -0.11763236032426883        0.0000000000000000     
  -12.672000000000001        0.0000000000000000      -0.12012397126918409        0.0000000000000000     
  -12.474000000000000        0.0000000000000000      -0.12267119911251076        0.0000000000000000     
  -12.276000000000000        0.0000000000000000      -0.12527678998612399        0.0000000000000000     
  -12.078000000000001        0.0000000000000000      -0.12794360908229854        0.0000000000000000     
  -11.880000000000001        0.0000000000000000      -0.13067464068320450        0.0000000000000000     
  -11.682000000000000        0.0000000000000000      -0.13347300693507921        0.0000000000000000     
  -11.484000000000000        0.0000000000000000      -0.13634196989819572        0.0000000000000000     
  -11.286000000000001        0.0000000000000000      -0.13928494722395979        0.0000000000000000     
  -11.088000000000001        0.0000000000000000      -0.14230552221302870        0.0000000000000000     
  -10.890000000000001        0.0000000000000000      -0.14540745496478003        0.0000000000000000     
  -10.692000000000000        0.0000000000000000      -0.14859469407245557        0.0000000000000000     
  -10.494000000000000        0.0000000000000000      -0.15187139196105509        0.0000000000000000     
  -10.296000000000001        0.0000000000000000      -0.15524191559436576        0.0000000000000000     
  -10.098000000000001        0.0000000000000000      -0.15871086476245094        0.0000000000000000     
  -9.9000000000000004        0.0000000000000000      -0.16228308677063277        0.0000000000000000     
  -9.7020000000000000        0.0000000000000000      -0.16596368872455527        0.0000000000000000     
  -9.5040000000000013        0.0000000000000000      -0.16975805960790211        0.0000000000000000     
  -9.3060000000000009        0.0000000000000000      -0.17367188702134825        0.0000000000000000     
  -9.1080000000000005        0.0000000000000000      -0.17771117738728492        0.0000000000000000     
  -8.9100000000000001        0.0000000000000000      -0.18188227202511212        0.0000000000000000     
  -8.7119999999999997        0.0000000000000000      -0.18619186945017641        0.0000000000000000     
  -8.5140000000000011        0.0000000000000000      -0.19064704958994513        0.0000000000000000     
  -8.3160000000000007        0.0000000000000000      -0.19525529006577066        0.0000000000000000     
  -8.1180000000000003        0.0000000000000000      -0.20002448950943807        0.0000000000000000     
  -7.9199999999999999        0.0000000000000000      -0.20496299716235059        0.0000000000000000     
  -7.7220000000000004        0.0000000000000000      -0.21007961862723959        0.0000000000000000     
  -7.5240000000000000        0.0000000000000000      -0.21538365800312811        0.0000000000000000     
  -7.3260000000000005        0.0000000000000000      -0.22088492907904386        0.0000000000000000     
  -7.1280000000000001        0.0000000000000000      -0.22659379002125543        0.0000000000000000     
  -6.9300000000000006        0.0000000000000000      -0.23252118605391109        0.0000000000000000     
  -6.7320000000000002        0.0000000000000000      -0.23867874392719057        0.0000000000000000     
  -6.5340000000000007        0.0000000000000000      -0.24507896861104309        0.0000000000000000     
  -6.3360000000000003        0.0000000000000000      -0.25173578085149007        0.0000000000000000     
  -6.1379999999999999        0.0000000000000000      -0.25866594894825001        0.0000000000000000     
  -5.9400000000000004        0.0000000000000000      -0.26589130859038956        0.0000000000000000     
  -5.7420000000000000        0.0000000000000000      -0.27342718689079454        0.0000000000000000     
  -5.5440000000000005        0.0000000000000000      -0.28127043901346860        0.0000000000000000     
  -5.3460000000000001        0.0000000000000000      -0.28943425178622179        0.0000000000000000     
  -5.1480000000000006        0.0000000000000000      -0.29793994669523594        0.0000000000000000     
  -4.9500000000000002        0.0000000000000000      -0.30680565855806641        0.0000000000000000     
  -4.7520000000000007        0.0000000000000000      -0.31604729824193228        0.0000000000000000     
  -4.5540000000000003        0.0000000000000000      -0.32567898129147854        0.0000000000000000     
  -4.3559999999999999        0.0000000000000000      -0.33571246911326758        0.0000000000000000     
  -4.1580000000000004        0.0000000000000000      -0.34615574758072853        0.0000000000000000     
  -3.9600000000000000        0.0000000000000000      -0.35701025877294673        0.0000000000000000     
  -3.7620000000000000        0.0000000000000000      -0.36826544415766960        0.0000000000000000     
  -3.5640000000000001        0.0000000000000000      -0.37988742981978352        0.0000000000000000     
  -3.3660000000000001        0.0000000000000000      -0.39180156501415997        0.0000000000000000     
  -3.1680000000000001        0.0000000000000000      -0.40393961780830351        0.0000000000000000     
  -2.9700000000000002        0.0000000000000000      -0.41634045102532846        0.0000000000000000     
  -2.7720000000000002        0.0000000000000000      -0.42901623071935252        0.0000000000000000     
  -2.5740000000000003        0.0000000000000000      -0.44183341349306782        0.0000000000000000     
  -2.3760000000000003        0.0000000000000000      -0.45462282118487030        0.0000000000000000     
  -2.1779999999999999        0.0000000000000000      -0.46720375526011676        0.0000000000000000     
  -1.9800000000000000        0.0000000000000000      -0.47949464017278304        0.0000000000000000     
  -1.7820000000000000        0.0000000000000000      -0.49143328608074155        0.0000000000000000     
  -1.5840000000000001        0.0000000000000000      -0.50311660595911067        0.0000000000000000     
  -1.3860000000000001        0.0000000000000000      -0.51412223706686255        0.0000000000000000     
  -1.1880000000000002        0.0000000000000000      -0.52383823998768131        0.0000000000000000     
 -0.98999999999999999        0.0000000000000000      -0.53221555676367016        0.0000000000000000     
 -0.79200000000000004        0.0000000000000000      -0.53950865919960345        0.0000000000000000     
 -0.59400000000000008        0.0000000000000000      -0.54554052709744427        0.0000000000000000     
 -0.39600000000000002        0.0000000000000000      -0.54997482130296704        0.0000000000000000     
 -0.19800000000000001        0.0000000000000000      -0.55268001985001236        0.0000000000000000     
   0.0000000000000000        0.0000000000000000      -0.55368381753251905        0.0000000000000000     
  0.19800000000000001        0.0000000000000000      -0.55268001985001236        0.0000000000000000     
  0.39600000000000002        0.0000000000000000      -0.54997482130296704        0.0000000000000000     
  0.59400000000000008        0.0000000000000000      -0.54554052709744427        0.0000000000000000     
  0.79200000000000004        0.0000000000000000      -0.53950865919960345        0.0000000000000000     
  0.98999999999999999        0.0000000000000000      -0.53221555676367016        0.0000000000000000     
   1.1880000000000002        0.0000000000000000      -0.52383823998768131        0.0000000000000000     
   1.3860000000000001        0.0000000000000000      -0.51412223706686255        0.0000000000000000     
   1.5840000000000001        0.0000000000000000      -0.50311660595911067        0.0000000000000000     
   1.7820000000000000        0.0000000000000000      -0.49143328608074155        0.0000000000000000     
   1.9800000000000000        0.0000000000000000      -0.47949464017278304        0.0000000000000000     
   2.1779999999999999        0.0000000000000000      -0.46720375526011676        0.0000000000000000     
   2.3760000000000003        0.0000000000000000      -0.45462282118487030        0.0000000000000000     
   2.5740000000000003        0.0000000000000000      -0.44183341349306782        0.0000000000000000     
   2.7720000000000002        0.0000000000000000      -0.42901623071935252        0.0000000000000000     
   2.9700000000000002        0.0000000000000000      -0.41634045102532846        0.0000000000000000     
   3.1680000000000001        0.0000000000000000      -0.40393961780830351        0.0000000000000000     
   3.3660000000000001        0.0000000000000000      -0.39180156501415997        0.0000000000000000     
   3.5640000000000001        0.0000000000000000      -0.37988742981978352        0.0000000000000000     
   3.7620000000000000        0.0000000000000000      -0.36826544415766960        0.0000000000000000     
   3.9600000000000000        0.0000000000000000      -0.35701025877294673        0.0000000000000000     
   4.1580000000000004        0.0000000000000000      -0.34615574758072853        0.0000000000000000     
   4.3559999999999999        0.0000000000000000      -0.33571246911326758        0.0000000000000000     
   4.5540000000000003        0.0000000000000000      -0.32567898129147854        0.0000000000000000     
   4.7520000000000007        0.0000000000000000      -0.31604729824193228        0.0000000000000000     
   4.9500000000000002        0.0000000000000000      -0.30680565855806641        0.0000000000000000     
   5.1480000000000006        0.0000000000000000      -0.29793994669523594        0.0000000000000000     
   5.3460000000000001        0.0000000000000000      -0.28943425178622179        0.0000000000000000     
   5.5440000000000005        0.0000000000000000      -0.28127043901346860        0.0000000000000000     
   5.7420000000000000        0.0000000000000000      -0.27342718689079454        0.0000000000000000     
   5.9400000000000004        0.0000000000000000      -0.26589130859038956        0.0000000000000000     
   6.1379999999999999        0.0000000000000000      -0.25866594894825001        0.0000000000000000     
   6.3360000000000003        0.0000000000000000      -0.25173578085149007        0.0000000000000000     
   6.5340000000000007        0.0000000000000000      -0.24507896861104309        0.0000000000000000     
   6.7320000000000002        0.0000000000000000      -0.23867874392719057        0.0000000000000000     
   6.9300000000000006        0.0000000000000000      -0.23252118605391109        0.0000000000000000     
   7.1280000000000001        0.0000000000000000      -0.22659379002125543        0.0000000000000000     
   7.3260000000000005        0.0000000000000000      -0.22088492907904386        0.0000000000000000     
   7.5240000000000000        0.0000000000000000      -0.21538365800312811        0.0000000000000000     
   7.7220000000000004        0.0000000000000000      -0.21007961862723959        0.0000000000000000     
   7.9199999999999999        0.0000000000000000      -0.20496299716235059        0.0000000000000000     
   8.1180000000000003        0.0000000000000000      -0.20002448950943807        0.0000000000000000     
   8.3160000000000007        0.0000000000000000      -0.19525529006577066        0.0000000000000000     
   8.5140000000000011        0.0000000000000000      -0.19064704958994513        0.0000000000000000     
   8.7119999999999997        0.0000000000000000      -0.18619186945017641        0.0000000000000000     
   8.9100000000000001        0.0000000000000000      -0.18188227202511212        0.0000000000000000     
   9.1080000000000005        0.0000000000000000      -0.17771117738728492        0.0000000000000000     
   9.3060000000000009        0.0000000000000000      -0.17367188702134825        0.0000000000000000     
   9.5040000000000013        0.0000000000000000      -0.16975805960790211        0.0000000000000000     
   9.7020000000000000        0.0000000000000000      -0.16596368872455527        0.0000000000000000     
   9.9000000000000004        0.0000000000000000      -0.16228308677063277        0.0000000000000000     
   10.098000000000001        0.0000000000000000      -0.15871086476245094        0.0000000000000000     
   10.296000000000001        0.0000000000000000      -0.15524191559436576        0.0000000000000000     
   10.494000000000000        0.0000000000000000      -0.15187139196105509        0.0000000000000000     
   10.692000000000000        0.0000000000000000      -0.14859469407245557        0.0000000000000000     
   10.890000000000001        0.0000000000000000      -0.14540745496478003        0.0000000000000000     
   11.088000000000001        0.0000000000000000      -0.14230552221302870        0.0000000000000000     
   11.286000000000001        0.0000000000000000      -0.13928494722395979        0.0000000000000000     
   11.484000000000000        0.0000000000000000      -0.13634196989819572        0.0000000000000000     
   11.682000000000000        0.0000000000000000      -0.13347300693507921        0.0000000000000000     
   11.880000000000001        0.0000000000000000      -0.13067464068320450        0.0000000000000000     
   12.078000000000001        0.0000000000000000      -0.12794360908229854        0.0000000000000000     
   12.276000000000000        0.0000000000000000      -0.12527678998612399        0.0000000000000000     
   12.474000000000000        0.0000000000000000      -0.12267119911251076        0.0000000000000000     
   12.672000000000001        0.0000000000000000      -0.12012397126918409        0.0000000000000000     
   12.870000000000001        0.0000000000000000      -0.11763236032426883        0.0000000000000000     
   13.068000000000001        0.0000000000000000      -0.11519372326372863        0.0000000000000000     
   13.266000000000000        0.0000000000000000      -0.11280551688781980        0.0000000000000000     
   13.464000000000000        0.0000000000000000      -0.11046528595371943        0.0000000000000000     
   13.662000000000001        0.0000000000000000      -0.10817065572779845        0.0000000000000000     
   13.860000000000001        0.0000000000000000      -0.10591932589470796        0.0000000000000000     
   14.058000000000000        0.0000000000000000      -0.10370916926557359        0.0000000000000000     
   14.256000000000000        0.0000000000000000      -0.10153790171832261        0.0000000000000000     
   14.454000000000001        0.0000000000000000       -9.9403394663023142E-002   0.0000000000000000     
   14.652000000000001        0.0000000000000000       -9.7303557176070574E-002   0.0000000000000000     
   14.850000000000001        0.0000000000000000       -9.5236331354575626E-002   0.0000000000000000     
   15.048000000000000        0.0000000000000000       -9.3199677819105167E-002   0.0000000000000000     
   15.246000000000000        0.0000000000000000       -9.1191568723142241E-002   0.0000000000000000     
   15.444000000000001        0.0000000000000000       -8.9209970438963851E-002   0.0000000000000000     
   15.642000000000001        0.0000000000000000       -8.7252833175066782E-002   0.0000000000000000     
   15.840000000000000        0.0000000000000000       -8.5318072452711335E-002   0.0000000000000000     
   16.038000000000000        0.0000000000000000       -8.3403548547244771E-002   0.0000000000000000     
   16.236000000000001        0.0000000000000000       -8.1507043068317409E-002   0.0000000000000000     
   16.434000000000001        0.0000000000000000       -7.9626229965364573E-002   0.0000000000000000     
   16.632000000000001        0.0000000000000000       -7.7757170703263087E-002   0.0000000000000000     
   16.830000000000002        0.0000000000000000       -7.5898473751611129E-002   0.0000000000000000     
   17.028000000000002        0.0000000000000000       -7.4047344723160338E-002   0.0000000000000000     
   17.225999999999999        0.0000000000000000       -7.2200733087838420E-002   0.0000000000000000     
   17.423999999999999        0.0000000000000000       -7.0354874543094970E-002   0.0000000000000000     
   17.622000000000000        0.0000000000000000       -6.8501116835639253E-002   0.0000000000000000     
   17.820000000000000        0.0000000000000000       -6.6638882257807577E-002   0.0000000000000000     
   18.018000000000001        0.0000000000000000       -6.4754912026421460E-002   0.0000000000000000     
   18.216000000000001        0.0000000000000000       -6.2849971944813537E-002   0.0000000000000000     
   18.414000000000001        0.0000000000000000       -6.0917394896075387E-002   0.0000000000000000     
   18.612000000000002        0.0000000000000000       -5.8950153057334108E-002   0.0000000000000000     
   18.810000000000002        0.0000000000000000       -5.6941265209316777E-002   0.0000000000000000     
   19.008000000000003        0.0000000000000000       -5.4891365013503016E-002   0.0000000000000000     
   19.206000000000000        0.0000000000000000       -5.2818233424543920E-002   0.0000000000000000     
   19.404000000000000        0.0000000000000000       -5.0789083334129403E-002   0.0000000000000000     
   19.602000000000000        0.0000000000000000       -4.8976150262248545E-002   0.0000000000000000     
