  -19.602000000000000        0.0000000000000000        2.0027553562516065E-003   0.0000000000000000     
  -19.404000000000000        0.0000000000000000        2.0994980484893315E-003   0.0000000000000000     
  -19.206000000000000        0.0000000000000000        2.1890846086310596E-003   0.0000000000000000     
  -19.008000000000003        0.0000000000000000        2.2748515871263719E-003   0.0000000000000000     
  -18.810000000000002        0.0000000000000000        2.3554926535447941E-003   0.0000000000000000     
  -18.612000000000002        0.0000000000000000        2.4326388297271047E-003   0.0000000000000000     
  -18.414000000000001        0.0000000000000000        2.5058894334800226E-003   0.0000000000000000     
  -18.216000000000001        0.0000000000000000        2.5748768678479379E-003   0.0000000000000000     
  -18.018000000000001        0.0000000000000000        2.6406445041077370E-003   0.0000000000000000     
  -17.820000000000000        0.0000000000000000        2.7034892789031470E-003   0.0000000000000000     
  -17.622000000000000        0.0000000000000000        2.7636808036460786E-003   0.0000000000000000     
  -17.423999999999999        0.0000000000000000        2.8216044926890364E-003   0.0000000000000000     
  -17.225999999999999        0.0000000000000000        2.8774899360494220E-003   0.0000000000000000     
  -17.028000000000002        0.0000000000000000        2.9316071253603689E-003   0.0000000000000000     
  -16.830000000000002        0.0000000000000000        2.9846476715027024E-003   0.0000000000000000     
  -16.632000000000001        0.0000000000000000        3.0364121601978151E-003   0.0000000000000000     
  -16.434000000000001        0.0000000000000000        3.0870967501089078E-003   0.0000000000000000     
  -16.236000000000001        0.0000000000000000        3.1368779680405229E-003   0.0000000000000000     
  -16.038000000000000        0.0000000000000000        3.1859144279993488E-003   0.0000000000000000     
  -15.840000000000000        0.0000000000000000        3.2343491516958526E-003   0.0000000000000000     
  -15.642000000000001        0.0000000000000000        3.2823113051183017E-003   0.0000000000000000     
  -15.444000000000001        0.0000000000000000        3.3299180784386582E-003   0.0000000000000000     
  -15.246000000000000        0.0000000000000000        3.3772761787841396E-003   0.0000000000000000     
  -15.048000000000000        0.0000000000000000        3.4244833354523854E-003   0.0000000000000000     
  -14.850000000000001        0.0000000000000000        3.4716294184531566E-003   0.0000000000000000     
  -14.652000000000001        0.0000000000000000        3.5187976326334159E-003   0.0000000000000000     
  -14.454000000000001        0.0000000000000000        3.5660653555466314E-003   0.0000000000000000     
  -14.256000000000000        0.0000000000000000        3.6135051329410730E-003   0.0000000000000000     
  -14.058000000000000        0.0000000000000000        3.6611851765039551E-003   0.0000000000000000     
  -13.860000000000001        0.0000000000000000        3.7091701902088889E-003   0.0000000000000000     
  -13.662000000000001        0.0000000000000000        3.7575218445554492E-003   0.0000000000000000     
  -13.464000000000000        0.0000000000000000        3.8062993333052133E-003   0.0000000000000000     
  -13.266000000000000        0.0000000000000000        3.8555596813457343E-003   0.0000000000000000     
  -13.068000000000001        0.0000000000000000        3.9053582917482265E-003   0.0000000000000000     
  -12.870000000000001        0.0000000000000000        3.9557490881776932E-003   0.0000000000000000     
  -12.672000000000001        0.0000000000000000        4.0067850932900637E-003   0.0000000000000000     
  -12.474000000000000        0.0000000000000000        4.0585183877143811E-003   0.0000000000000000     
  -12.276000000000000        0.0000000000000000        4.1110006543452508E-003   0.0000000000000000     
  -12.078000000000001        0.0000000000000000        4.1642830976898479E-003   0.0000000000000000     
  -11.880000000000001        0.0000000000000000        4.2184169183379153E-003   0.0000000000000000     
  -11.682000000000000        0.0000000000000000        4.2734531710125114E-003   0.0000000000000000     
  -11.484000000000000        0.0000000000000000        4.3294434648683666E-003   0.0000000000000000     
  -11.286000000000001        0.0000000000000000        4.3864393993818520E-003   0.0000000000000000     
  -11.088000000000001        0.0000000000000000        4.4444932008182638E-003   0.0000000000000000     
  -10.890000000000001        0.0000000000000000        4.5036576544833116E-003   0.0000000000000000     
  -10.692000000000000        0.0000000000000000        4.5639861879109142E-003   0.0000000000000000     
  -10.494000000000000        0.0000000000000000        4.6255330003688536E-003   0.0000000000000000     
  -10.296000000000001        0.0000000000000000        4.6883529400357955E-003   0.0000000000000000     
  -10.098000000000001        0.0000000000000000        4.7525018441264590E-003   0.0000000000000000     
  -9.9000000000000004        0.0000000000000000        4.8180361932359580E-003   0.0000000000000000     
  -9.7020000000000000        0.0000000000000000        4.8850133498422009E-003   0.0000000000000000     
  -9.5040000000000013        0.0000000000000000        4.9534913488385691E-003   0.0000000000000000     
  -9.3060000000000009        0.0000000000000000        5.0235287862327917E-003   0.0000000000000000     
  -9.1080000000000005        0.0000000000000000        5.0951847758247733E-003   0.0000000000000000     
  -8.9100000000000001        0.0000000000000000        5.1685186899648444E-003   0.0000000000000000     
  -8.7119999999999997        0.0000000000000000        5.2435898344070173E-003   0.0000000000000000     
  -8.5140000000000011        0.0000000000000000        5.3204571674061495E-003   0.0000000000000000     
  -8.3160000000000007        0.0000000000000000        5.3991787326122306E-003   0.0000000000000000     
  -8.1180000000000003        0.0000000000000000        5.4798110785993191E-003   0.0000000000000000     
  -7.9199999999999999        0.0000000000000000        5.5624086942946370E-003   0.0000000000000000     
  -7.7220000000000004        0.0000000000000000        5.6470229192415030E-003   0.0000000000000000     
  -7.5240000000000000        0.0000000000000000        5.7337007626091716E-003   0.0000000000000000     
  -7.3260000000000005        0.0000000000000000        5.8224837593030517E-003   0.0000000000000000     
  -7.1280000000000001        0.0000000000000000        5.9134060803804536E-003   0.0000000000000000     
  -6.9300000000000006        0.0000000000000000        6.0064921501004846E-003   0.0000000000000000     
  -6.7320000000000002        0.0000000000000000        6.1017545745249329E-003   0.0000000000000000     
  -6.5340000000000007        0.0000000000000000        6.1991906372612111E-003   0.0000000000000000     
  -6.3360000000000003        0.0000000000000000        6.2987782345518490E-003   0.0000000000000000     
  -6.1379999999999999        0.0000000000000000        6.4004711990143315E-003   0.0000000000000000     
  -5.9400000000000004        0.0000000000000000        6.5041933437637095E-003   0.0000000000000000     
  -5.7420000000000000        0.0000000000000000        6.6098308734274342E-003   0.0000000000000000     
  -5.5440000000000005        0.0000000000000000        6.7172237994414970E-003   0.0000000000000000     
  -5.3460000000000001        0.0000000000000000        6.8261541824580444E-003   0.0000000000000000     
  -5.1480000000000006        0.0000000000000000        6.9363325201952089E-003   0.0000000000000000     
  -4.9500000000000002        0.0000000000000000        7.0473804840109969E-003   0.0000000000000000     
  -4.7520000000000007        0.0000000000000000        7.1588099005045975E-003   0.0000000000000000     
  -4.5540000000000003        0.0000000000000000        7.2699956629434506E-003   0.0000000000000000     
  -4.3559999999999999        0.0000000000000000        7.3801442586244508E-003   0.0000000000000000     
  -4.1580000000000004        0.0000000000000000        7.4882525204018387E-003   0.0000000000000000     
  -3.9600000000000000        0.0000000000000000        7.5930605481563948E-003   0.0000000000000000     
  -3.7620000000000000        0.0000000000000000        7.6929947196256255E-003   0.0000000000000000     
  -3.5640000000000001        0.0000000000000000        7.7861074009137618E-003   0.0000000000000000     
  -3.3660000000000001        0.0000000000000000        7.8700249571157996E-003   0.0000000000000000     
  -3.1680000000000001        0.0000000000000000        7.9419303529335208E-003   0.0000000000000000     
  -2.9700000000000002        0.0000000000000000        7.9986094779074153E-003   0.0000000000000000     
  -2.7720000000000002        0.0000000000000000        8.0362759049903056E-003   0.0000000000000000     
  -2.5740000000000003        0.0000000000000000        8.0490413428375932E-003   0.0000000000000000     
  -2.3760000000000003        0.0000000000000000        8.0284089055368702E-003   0.0000000000000000     
  -2.1779999999999999        0.0000000000000000        7.9631685100627850E-003   0.0000000000000000     
  -1.9800000000000000        0.0000000000000000        7.8397038267955556E-003   0.0000000000000000     
  -1.7820000000000000        0.0000000000000000        7.6433739391495023E-003   0.0000000000000000     
  -1.5840000000000001        0.0000000000000000        7.3575638152720340E-003   0.0000000000000000     
  -1.3860000000000001        0.0000000000000000        6.9618644492177844E-003   0.0000000000000000     
  -1.1880000000000002        0.0000000000000000        6.4332632863548537E-003   0.0000000000000000     
 -0.98999999999999999        0.0000000000000000        5.7532823550968427E-003   0.0000000000000000     
 -0.79200000000000004        0.0000000000000000        4.9093760380023999E-003   0.0000000000000000     
 -0.59400000000000008        0.0000000000000000        3.8924694469967803E-003   0.0000000000000000     
 -0.39600000000000002        0.0000000000000000        2.7079528255634154E-003   0.0000000000000000     
 -0.19800000000000001        0.0000000000000000        1.3907286542783513E-003   0.0000000000000000     
   0.0000000000000000        0.0000000000000000        0.0000000000000000        0.0000000000000000     
  0.19800000000000001        0.0000000000000000       -1.3907286542783513E-003   0.0000000000000000     
  0.39600000000000002        0.0000000000000000       -2.7079528255634154E-003   0.0000000000000000     
  0.59400000000000008        0.0000000000000000       -3.8924694469967803E-003   0.0000000000000000     
  0.79200000000000004        0.0000000000000000       -4.9093760380023999E-003   0.0000000000000000     
  0.98999999999999999        0.0000000000000000       -5.7532823550968427E-003   0.0000000000000000     
   1.1880000000000002        0.0000000000000000       -6.4332632863548537E-003   0.0000000000000000     
   1.3860000000000001        0.0000000000000000       -6.9618644492177844E-003   0.0000000000000000     
   1.5840000000000001        0.0000000000000000       -7.3575638152720340E-003   0.0000000000000000     
   1.7820000000000000        0.0000000000000000       -7.6433739391495023E-003   0.0000000000000000     
   1.9800000000000000        0.0000000000000000       -7.8397038267955556E-003   0.0000000000000000     
   2.1779999999999999        0.0000000000000000       -7.9631685100627850E-003   0.0000000000000000     
   2.3760000000000003        0.0000000000000000       -8.0284089055368702E-003   0.0000000000000000     
   2.5740000000000003        0.0000000000000000       -8.0490413428375932E-003   0.0000000000000000     
   2.7720000000000002        0.0000000000000000       -8.0362759049903056E-003   0.0000000000000000     
   2.9700000000000002        0.0000000000000000       -7.9986094779074153E-003   0.0000000000000000     
   3.1680000000000001        0.0000000000000000       -7.9419303529335208E-003   0.0000000000000000     
   3.3660000000000001        0.0000000000000000       -7.8700249571157996E-003   0.0000000000000000     
   3.5640000000000001        0.0000000000000000       -7.7861074009137618E-003   0.0000000000000000     
   3.7620000000000000        0.0000000000000000       -7.6929947196256255E-003   0.0000000000000000     
   3.9600000000000000        0.0000000000000000       -7.5930605481563948E-003   0.0000000000000000     
   4.1580000000000004        0.0000000000000000       -7.4882525204018387E-003   0.0000000000000000     
   4.3559999999999999        0.0000000000000000       -7.3801442586244508E-003   0.0000000000000000     
   4.5540000000000003        0.0000000000000000       -7.2699956629434506E-003   0.0000000000000000     
   4.7520000000000007        0.0000000000000000       -7.1588099005045975E-003   0.0000000000000000     
   4.9500000000000002        0.0000000000000000       -7.0473804840109969E-003   0.0000000000000000     
   5.1480000000000006        0.0000000000000000       -6.9363325201952089E-003   0.0000000000000000     
   5.3460000000000001        0.0000000000000000       -6.8261541824580444E-003   0.0000000000000000     
   5.5440000000000005        0.0000000000000000       -6.7172237994414970E-003   0.0000000000000000     
   5.7420000000000000        0.0000000000000000       -6.6098308734274342E-003   0.0000000000000000     
   5.9400000000000004        0.0000000000000000       -6.5041933437637095E-003   0.0000000000000000     
   6.1379999999999999        0.0000000000000000       -6.4004711990143315E-003   0.0000000000000000     
   6.3360000000000003        0.0000000000000000       -6.2987782345518490E-003   0.0000000000000000     
   6.5340000000000007        0.0000000000000000       -6.1991906372612111E-003   0.0000000000000000     
   6.7320000000000002        0.0000000000000000       -6.1017545745249329E-003   0.0000000000000000     
   6.9300000000000006        0.0000000000000000       -6.0064921501004846E-003   0.0000000000000000     
   7.1280000000000001        0.0000000000000000       -5.9134060803804536E-003   0.0000000000000000     
   7.3260000000000005        0.0000000000000000       -5.8224837593030517E-003   0.0000000000000000     
   7.5240000000000000        0.0000000000000000       -5.7337007626091716E-003   0.0000000000000000     
   7.7220000000000004        0.0000000000000000       -5.6470229192415030E-003   0.0000000000000000     
   7.9199999999999999        0.0000000000000000       -5.5624086942946370E-003   0.0000000000000000     
   8.1180000000000003        0.0000000000000000       -5.4798110785993191E-003   0.0000000000000000     
   8.3160000000000007        0.0000000000000000       -5.3991787326122306E-003   0.0000000000000000     
   8.5140000000000011        0.0000000000000000       -5.3204571674061495E-003   0.0000000000000000     
   8.7119999999999997        0.0000000000000000       -5.2435898344070173E-003   0.0000000000000000     
   8.9100000000000001        0.0000000000000000       -5.1685186899648444E-003   0.0000000000000000     
   9.1080000000000005        0.0000000000000000       -5.0951847758247733E-003   0.0000000000000000     
   9.3060000000000009        0.0000000000000000       -5.0235287862327917E-003   0.0000000000000000     
   9.5040000000000013        0.0000000000000000       -4.9534913488385691E-003   0.0000000000000000     
   9.7020000000000000        0.0000000000000000       -4.8850133498422009E-003   0.0000000000000000     
   9.9000000000000004        0.0000000000000000       -4.8180361932359580E-003   0.0000000000000000     
   10.098000000000001        0.0000000000000000       -4.7525018441264590E-003   0.0000000000000000     
   10.296000000000001        0.0000000000000000       -4.6883529400357955E-003   0.0000000000000000     
   10.494000000000000        0.0000000000000000       -4.6255330003688536E-003   0.0000000000000000     
   10.692000000000000        0.0000000000000000       -4.5639861879109142E-003   0.0000000000000000     
   10.890000000000001        0.0000000000000000       -4.5036576544833116E-003   0.0000000000000000     
   11.088000000000001        0.0000000000000000       -4.4444932008182638E-003   0.0000000000000000     
   11.286000000000001        0.0000000000000000       -4.3864393993818520E-003   0.0000000000000000     
   11.484000000000000        0.0000000000000000       -4.3294434648683666E-003   0.0000000000000000     
   11.682000000000000        0.0000000000000000       -4.2734531710125114E-003   0.0000000000000000     
   11.880000000000001        0.0000000000000000       -4.2184169183379153E-003   0.0000000000000000     
   12.078000000000001        0.0000000000000000       -4.1642830976898479E-003   0.0000000000000000     
   12.276000000000000        0.0000000000000000       -4.1110006543452508E-003   0.0000000000000000     
   12.474000000000000        0.0000000000000000       -4.0585183877143811E-003   0.0000000000000000     
   12.672000000000001        0.0000000000000000       -4.0067850932900637E-003   0.0000000000000000     
   12.870000000000001        0.0000000000000000       -3.9557490881776932E-003   0.0000000000000000     
   13.068000000000001        0.0000000000000000       -3.9053582917482265E-003   0.0000000000000000     
   13.266000000000000        0.0000000000000000       -3.8555596813457343E-003   0.0000000000000000     
   13.464000000000000        0.0000000000000000       -3.8062993333052133E-003   0.0000000000000000     
   13.662000000000001        0.0000000000000000       -3.7575218445554492E-003   0.0000000000000000     
   13.860000000000001        0.0000000000000000       -3.7091701902088889E-003   0.0000000000000000     
   14.058000000000000        0.0000000000000000       -3.6611851765039551E-003   0.0000000000000000     
   14.256000000000000        0.0000000000000000       -3.6135051329410730E-003   0.0000000000000000     
   14.454000000000001        0.0000000000000000       -3.5660653555466314E-003   0.0000000000000000     
   14.652000000000001        0.0000000000000000       -3.5187976326334159E-003   0.0000000000000000     
   14.850000000000001        0.0000000000000000       -3.4716294184531566E-003   0.0000000000000000     
   15.048000000000000        0.0000000000000000       -3.4244833354523854E-003   0.0000000000000000     
   15.246000000000000        0.0000000000000000       -3.3772761787841396E-003   0.0000000000000000     
   15.444000000000001        0.0000000000000000       -3.3299180784386582E-003   0.0000000000000000     
   15.642000000000001        0.0000000000000000       -3.2823113051183017E-003   0.0000000000000000     
   15.840000000000000        0.0000000000000000       -3.2343491516958526E-003   0.0000000000000000     
   16.038000000000000        0.0000000000000000       -3.1859144279993488E-003   0.0000000000000000     
   16.236000000000001        0.0000000000000000       -3.1368779680405229E-003   0.0000000000000000     
   16.434000000000001        0.0000000000000000       -3.0870967501089078E-003   0.0000000000000000     
   16.632000000000001        0.0000000000000000       -3.0364121601978151E-003   0.0000000000000000     
   16.830000000000002        0.0000000000000000       -2.9846476715027024E-003   0.0000000000000000     
   17.028000000000002        0.0000000000000000       -2.9316071253603689E-003   0.0000000000000000     
   17.225999999999999        0.0000000000000000       -2.8774899360494220E-003   0.0000000000000000     
   17.423999999999999        0.0000000000000000       -2.8216044926890364E-003   0.0000000000000000     
   17.622000000000000        0.0000000000000000       -2.7636808036460786E-003   0.0000000000000000     
   17.820000000000000        0.0000000000000000       -2.7034892789031470E-003   0.0000000000000000     
   18.018000000000001        0.0000000000000000       -2.6406445041077370E-003   0.0000000000000000     
   18.216000000000001        0.0000000000000000       -2.5748768678479379E-003   0.0000000000000000     
   18.414000000000001        0.0000000000000000       -2.5058894334800226E-003   0.0000000000000000     
   18.612000000000002        0.0000000000000000       -2.4326388297271047E-003   0.0000000000000000     
   18.810000000000002        0.0000000000000000       -2.3554926535447941E-003   0.0000000000000000     
   19.008000000000003        0.0000000000000000       -2.2748515871263719E-003   0.0000000000000000     
   19.206000000000000        0.0000000000000000       -2.1890846086310596E-003   0.0000000000000000     
   19.404000000000000        0.0000000000000000       -2.0994980484893315E-003   0.0000000000000000     
   19.602000000000000        0.0000000000000000       -2.0027553562516065E-003   0.0000000000000000     
