  -19.602000000000000        0.0000000000000000        2.5561630881293196E-003   0.0000000000000000     
  -19.404000000000000        0.0000000000000000        2.6748084280039039E-003   0.0000000000000000     
  -19.206000000000000        0.0000000000000000        2.7860444010747035E-003   0.0000000000000000     
  -19.008000000000003        0.0000000000000000        2.8927128480420185E-003   0.0000000000000000     
  -18.810000000000002        0.0000000000000000        2.9935119375294012E-003   0.0000000000000000     
  -18.612000000000002        0.0000000000000000        3.0902133723079901E-003   0.0000000000000000     
  -18.414000000000001        0.0000000000000000        3.1820217010073179E-003   0.0000000000000000     
  -18.216000000000001        0.0000000000000000        3.2692899901409517E-003   0.0000000000000000     
  -18.018000000000001        0.0000000000000000        3.3517627946483973E-003   0.0000000000000000     
  -17.820000000000000        0.0000000000000000        3.4306668851672817E-003   0.0000000000000000     
  -17.622000000000000        0.0000000000000000        3.5066467555646109E-003   0.0000000000000000     
  -17.423999999999999        0.0000000000000000        3.5792831918951833E-003   0.0000000000000000     
  -17.225999999999999        0.0000000000000000        3.6495561297880943E-003   0.0000000000000000     
  -17.028000000000002        0.0000000000000000        3.7175893545252268E-003   0.0000000000000000     
  -16.830000000000002        0.0000000000000000        3.7838960919380567E-003   0.0000000000000000     
  -16.632000000000001        0.0000000000000000        3.8489600820479520E-003   0.0000000000000000     
  -16.434000000000001        0.0000000000000000        3.9126249327227853E-003   0.0000000000000000     
  -16.236000000000001        0.0000000000000000        3.9751062547434685E-003   0.0000000000000000     
  -16.038000000000000        0.0000000000000000        4.0365978987151659E-003   0.0000000000000000     
  -15.840000000000000        0.0000000000000000        4.0972746650076372E-003   0.0000000000000000     
  -15.642000000000001        0.0000000000000000        4.1572944730901371E-003   0.0000000000000000     
  -15.444000000000001        0.0000000000000000        4.2168004963007485E-003   0.0000000000000000     
  -15.246000000000000        0.0000000000000000        4.2759230638742401E-003   0.0000000000000000     
  -15.048000000000000        0.0000000000000000        4.3347812500363382E-003   0.0000000000000000     
  -14.850000000000001        0.0000000000000000        4.3934845976732655E-003   0.0000000000000000     
  -14.652000000000001        0.0000000000000000        4.4521340875501988E-003   0.0000000000000000     
  -14.454000000000001        0.0000000000000000        4.5108235568820879E-003   0.0000000000000000     
  -14.256000000000000        0.0000000000000000        4.5696403841927252E-003   0.0000000000000000     
  -14.058000000000000        0.0000000000000000        4.6286667862147678E-003   0.0000000000000000     
  -13.860000000000001        0.0000000000000000        4.6879800681444341E-003   0.0000000000000000     
  -13.662000000000001        0.0000000000000000        4.7476537670704186E-003   0.0000000000000000     
  -13.464000000000000        0.0000000000000000        4.8077579437072557E-003   0.0000000000000000     
  -13.266000000000000        0.0000000000000000        4.8683597133224177E-003   0.0000000000000000     
  -13.068000000000001        0.0000000000000000        4.9295238356552975E-003   0.0000000000000000     
  -12.870000000000001        0.0000000000000000        4.9913129656327772E-003   0.0000000000000000     
  -12.672000000000001        0.0000000000000000        5.0537881299131627E-003   0.0000000000000000     
  -12.474000000000000        0.0000000000000000        5.1170089554797866E-003   0.0000000000000000     
  -12.276000000000000        0.0000000000000000        5.1810339558438943E-003   0.0000000000000000     
  -12.078000000000001        0.0000000000000000        5.2459208822307922E-003   0.0000000000000000     
  -11.880000000000001        0.0000000000000000        5.3117267092927453E-003   0.0000000000000000     
  -11.682000000000000        0.0000000000000000        5.3785080715568504E-003   0.0000000000000000     
  -11.484000000000000        0.0000000000000000        5.4463212827817577E-003   0.0000000000000000     
  -11.286000000000001        0.0000000000000000        5.5152225216899744E-003   0.0000000000000000     
  -11.088000000000001        0.0000000000000000        5.5852678494810824E-003   0.0000000000000000     
  -10.890000000000001        0.0000000000000000        5.6565135974269518E-003   0.0000000000000000     
  -10.692000000000000        0.0000000000000000        5.7290159539284480E-003   0.0000000000000000     
  -10.494000000000000        0.0000000000000000        5.8028315065034976E-003   0.0000000000000000     
  -10.296000000000001        0.0000000000000000        5.8780168970531893E-003   0.0000000000000000     
  -10.098000000000001        0.0000000000000000        5.9546289430716824E-003   0.0000000000000000     
  -9.9000000000000004        0.0000000000000000        6.0327246358027114E-003   0.0000000000000000     
  -9.7020000000000000        0.0000000000000000        6.1123608706281762E-003   0.0000000000000000     
  -9.5040000000000013        0.0000000000000000        6.1935946650616431E-003   0.0000000000000000     
  -9.3060000000000009        0.0000000000000000        6.2764823835579240E-003   0.0000000000000000     
  -9.1080000000000005        0.0000000000000000        6.3610800863948564E-003   0.0000000000000000     
  -8.9100000000000001        0.0000000000000000        6.4474428826059062E-003   0.0000000000000000     
  -8.7119999999999997        0.0000000000000000        6.5356244838539424E-003   0.0000000000000000     
  -8.5140000000000011        0.0000000000000000        6.6256768850454090E-003   0.0000000000000000     
  -8.3160000000000007        0.0000000000000000        6.7176494393557853E-003   0.0000000000000000     
  -8.1180000000000003        0.0000000000000000        6.8115883784595375E-003   0.0000000000000000     
  -7.9199999999999999        0.0000000000000000        6.9075355690915042E-003   0.0000000000000000     
  -7.7220000000000004        0.0000000000000000        7.0055275440588762E-003   0.0000000000000000     
  -7.5240000000000000        0.0000000000000000        7.1055937433147720E-003   0.0000000000000000     
  -7.3260000000000005        0.0000000000000000        7.2077551025309826E-003   0.0000000000000000     
  -7.1280000000000001        0.0000000000000000        7.3120215440987757E-003   0.0000000000000000     
  -6.9300000000000006        0.0000000000000000        7.4183896757535443E-003   0.0000000000000000     
  -6.7320000000000002        0.0000000000000000        7.5268394513107167E-003   0.0000000000000000     
  -6.5340000000000007        0.0000000000000000        7.6373304362020600E-003   0.0000000000000000     
  -6.3360000000000003        0.0000000000000000        7.7497967864816010E-003   0.0000000000000000     
  -6.1379999999999999        0.0000000000000000        7.8641418370102543E-003   0.0000000000000000     
  -5.9400000000000004        0.0000000000000000        7.9802313816794094E-003   0.0000000000000000     
  -5.7420000000000000        0.0000000000000000        8.0978844513180208E-003   0.0000000000000000     
  -5.5440000000000005        0.0000000000000000        8.2168636152862226E-003   0.0000000000000000     
  -5.3460000000000001        0.0000000000000000        8.3368618115339296E-003   0.0000000000000000     
  -5.1480000000000006        0.0000000000000000        8.4574870856731800E-003   0.0000000000000000     
  -4.9500000000000002        0.0000000000000000        8.5782428971319050E-003   0.0000000000000000     
  -4.7520000000000007        0.0000000000000000        8.6985049141375306E-003   0.0000000000000000     
  -4.5540000000000003        0.0000000000000000        8.8174912960871463E-003   0.0000000000000000     
  -4.3559999999999999        0.0000000000000000        8.9342272702949803E-003   0.0000000000000000     
  -4.1580000000000004        0.0000000000000000        9.0475003470020642E-003   0.0000000000000000     
  -3.9600000000000000        0.0000000000000000        9.1558079829620036E-003   0.0000000000000000     
  -3.7620000000000000        0.0000000000000000        9.2572996080743097E-003   0.0000000000000000     
  -3.5640000000000001        0.0000000000000000        9.3497241191380226E-003   0.0000000000000000     
  -3.3660000000000001        0.0000000000000000        9.4304291516704511E-003   0.0000000000000000     
  -3.1680000000000001        0.0000000000000000        9.4965206071361153E-003   0.0000000000000000     
  -2.9700000000000002        0.0000000000000000        9.5451962048941387E-003   0.0000000000000000     
  -2.7720000000000002        0.0000000000000000        9.5727734065483433E-003   0.0000000000000000     
  -2.5740000000000003        0.0000000000000000        9.5705336079004010E-003   0.0000000000000000     
  -2.3760000000000003        0.0000000000000000        9.5275039270494698E-003   0.0000000000000000     
  -2.1779999999999999        0.0000000000000000        9.4319737238794041E-003   0.0000000000000000     
  -1.9800000000000000        0.0000000000000000        9.2674451315919223E-003   0.0000000000000000     
  -1.7820000000000000        0.0000000000000000        9.0173554478355580E-003   0.0000000000000000     
  -1.5840000000000001        0.0000000000000000        8.6629966581976015E-003   0.0000000000000000     
  -1.3860000000000001        0.0000000000000000        8.1785592475066976E-003   0.0000000000000000     
  -1.1880000000000002        0.0000000000000000        7.5386521144590705E-003   0.0000000000000000     
 -0.98999999999999999        0.0000000000000000        6.7236401155188405E-003   0.0000000000000000     
 -0.79200000000000004        0.0000000000000000        5.7186679644536569E-003   0.0000000000000000     
 -0.59400000000000008        0.0000000000000000        4.5170375231425525E-003   0.0000000000000000     
 -0.39600000000000002        0.0000000000000000        3.1320059093950482E-003   0.0000000000000000     
 -0.19800000000000001        0.0000000000000000        1.6048861462628838E-003   0.0000000000000000     
   0.0000000000000000        0.0000000000000000        0.0000000000000000        0.0000000000000000     
  0.19800000000000001        0.0000000000000000       -1.6048861462628838E-003   0.0000000000000000     
  0.39600000000000002        0.0000000000000000       -3.1320059093950482E-003   0.0000000000000000     
  0.59400000000000008        0.0000000000000000       -4.5170375231425525E-003   0.0000000000000000     
  0.79200000000000004        0.0000000000000000       -5.7186679644536569E-003   0.0000000000000000     
  0.98999999999999999        0.0000000000000000       -6.7236401155188405E-003   0.0000000000000000     
   1.1880000000000002        0.0000000000000000       -7.5386521144590705E-003   0.0000000000000000     
   1.3860000000000001        0.0000000000000000       -8.1785592475066976E-003   0.0000000000000000     
   1.5840000000000001        0.0000000000000000       -8.6629966581976015E-003   0.0000000000000000     
   1.7820000000000000        0.0000000000000000       -9.0173554478355580E-003   0.0000000000000000     
   1.9800000000000000        0.0000000000000000       -9.2674451315919223E-003   0.0000000000000000     
   2.1779999999999999        0.0000000000000000       -9.4319737238794041E-003   0.0000000000000000     
   2.3760000000000003        0.0000000000000000       -9.5275039270494698E-003   0.0000000000000000     
   2.5740000000000003        0.0000000000000000       -9.5705336079004010E-003   0.0000000000000000     
   2.7720000000000002        0.0000000000000000       -9.5727734065483433E-003   0.0000000000000000     
   2.9700000000000002        0.0000000000000000       -9.5451962048941387E-003   0.0000000000000000     
   3.1680000000000001        0.0000000000000000       -9.4965206071361153E-003   0.0000000000000000     
   3.3660000000000001        0.0000000000000000       -9.4304291516704511E-003   0.0000000000000000     
   3.5640000000000001        0.0000000000000000       -9.3497241191380226E-003   0.0000000000000000     
   3.7620000000000000        0.0000000000000000       -9.2572996080743097E-003   0.0000000000000000     
   3.9600000000000000        0.0000000000000000       -9.1558079829620036E-003   0.0000000000000000     
   4.1580000000000004        0.0000000000000000       -9.0475003470020642E-003   0.0000000000000000     
   4.3559999999999999        0.0000000000000000       -8.9342272702949803E-003   0.0000000000000000     
   4.5540000000000003        0.0000000000000000       -8.8174912960871463E-003   0.0000000000000000     
   4.7520000000000007        0.0000000000000000       -8.6985049141375306E-003   0.0000000000000000     
   4.9500000000000002        0.0000000000000000       -8.5782428971319050E-003   0.0000000000000000     
   5.1480000000000006        0.0000000000000000       -8.4574870856731800E-003   0.0000000000000000     
   5.3460000000000001        0.0000000000000000       -8.3368618115339296E-003   0.0000000000000000     
   5.5440000000000005        0.0000000000000000       -8.2168636152862226E-003   0.0000000000000000     
   5.7420000000000000        0.0000000000000000       -8.0978844513180208E-003   0.0000000000000000     
   5.9400000000000004        0.0000000000000000       -7.9802313816794094E-003   0.0000000000000000     
   6.1379999999999999        0.0000000000000000       -7.8641418370102543E-003   0.0000000000000000     
   6.3360000000000003        0.0000000000000000       -7.7497967864816010E-003   0.0000000000000000     
   6.5340000000000007        0.0000000000000000       -7.6373304362020600E-003   0.0000000000000000     
   6.7320000000000002        0.0000000000000000       -7.5268394513107167E-003   0.0000000000000000     
   6.9300000000000006        0.0000000000000000       -7.4183896757535443E-003   0.0000000000000000     
   7.1280000000000001        0.0000000000000000       -7.3120215440987757E-003   0.0000000000000000     
   7.3260000000000005        0.0000000000000000       -7.2077551025309826E-003   0.0000000000000000     
   7.5240000000000000        0.0000000000000000       -7.1055937433147720E-003   0.0000000000000000     
   7.7220000000000004        0.0000000000000000       -7.0055275440588762E-003   0.0000000000000000     
   7.9199999999999999        0.0000000000000000       -6.9075355690915042E-003   0.0000000000000000     
   8.1180000000000003        0.0000000000000000       -6.8115883784595375E-003   0.0000000000000000     
   8.3160000000000007        0.0000000000000000       -6.7176494393557853E-003   0.0000000000000000     
   8.5140000000000011        0.0000000000000000       -6.6256768850454090E-003   0.0000000000000000     
   8.7119999999999997        0.0000000000000000       -6.5356244838539424E-003   0.0000000000000000     
   8.9100000000000001        0.0000000000000000       -6.4474428826059062E-003   0.0000000000000000     
   9.1080000000000005        0.0000000000000000       -6.3610800863948564E-003   0.0000000000000000     
   9.3060000000000009        0.0000000000000000       -6.2764823835579240E-003   0.0000000000000000     
   9.5040000000000013        0.0000000000000000       -6.1935946650616431E-003   0.0000000000000000     
   9.7020000000000000        0.0000000000000000       -6.1123608706281762E-003   0.0000000000000000     
   9.9000000000000004        0.0000000000000000       -6.0327246358027114E-003   0.0000000000000000     
   10.098000000000001        0.0000000000000000       -5.9546289430716824E-003   0.0000000000000000     
   10.296000000000001        0.0000000000000000       -5.8780168970531893E-003   0.0000000000000000     
   10.494000000000000        0.0000000000000000       -5.8028315065034976E-003   0.0000000000000000     
   10.692000000000000        0.0000000000000000       -5.7290159539284480E-003   0.0000000000000000     
   10.890000000000001        0.0000000000000000       -5.6565135974269518E-003   0.0000000000000000     
   11.088000000000001        0.0000000000000000       -5.5852678494810824E-003   0.0000000000000000     
   11.286000000000001        0.0000000000000000       -5.5152225216899744E-003   0.0000000000000000     
   11.484000000000000        0.0000000000000000       -5.4463212827817577E-003   0.0000000000000000     
   11.682000000000000        0.0000000000000000       -5.3785080715568504E-003   0.0000000000000000     
   11.880000000000001        0.0000000000000000       -5.3117267092927453E-003   0.0000000000000000     
   12.078000000000001        0.0000000000000000       -5.2459208822307922E-003   0.0000000000000000     
   12.276000000000000        0.0000000000000000       -5.1810339558438943E-003   0.0000000000000000     
   12.474000000000000        0.0000000000000000       -5.1170089554797866E-003   0.0000000000000000     
   12.672000000000001        0.0000000000000000       -5.0537881299131627E-003   0.0000000000000000     
   12.870000000000001        0.0000000000000000       -4.9913129656327772E-003   0.0000000000000000     
   13.068000000000001        0.0000000000000000       -4.9295238356552975E-003   0.0000000000000000     
   13.266000000000000        0.0000000000000000       -4.8683597133224177E-003   0.0000000000000000     
   13.464000000000000        0.0000000000000000       -4.8077579437072557E-003   0.0000000000000000     
   13.662000000000001        0.0000000000000000       -4.7476537670704186E-003   0.0000000000000000     
   13.860000000000001        0.0000000000000000       -4.6879800681444341E-003   0.0000000000000000     
   14.058000000000000        0.0000000000000000       -4.6286667862147678E-003   0.0000000000000000     
   14.256000000000000        0.0000000000000000       -4.5696403841927252E-003   0.0000000000000000     
   14.454000000000001        0.0000000000000000       -4.5108235568820879E-003   0.0000000000000000     
   14.652000000000001        0.0000000000000000       -4.4521340875501988E-003   0.0000000000000000     
   14.850000000000001        0.0000000000000000       -4.3934845976732655E-003   0.0000000000000000     
   15.048000000000000        0.0000000000000000       -4.3347812500363382E-003   0.0000000000000000     
   15.246000000000000        0.0000000000000000       -4.2759230638742401E-003   0.0000000000000000     
   15.444000000000001        0.0000000000000000       -4.2168004963007485E-003   0.0000000000000000     
   15.642000000000001        0.0000000000000000       -4.1572944730901371E-003   0.0000000000000000     
   15.840000000000000        0.0000000000000000       -4.0972746650076372E-003   0.0000000000000000     
   16.038000000000000        0.0000000000000000       -4.0365978987151659E-003   0.0000000000000000     
   16.236000000000001        0.0000000000000000       -3.9751062547434685E-003   0.0000000000000000     
   16.434000000000001        0.0000000000000000       -3.9126249327227853E-003   0.0000000000000000     
   16.632000000000001        0.0000000000000000       -3.8489600820479520E-003   0.0000000000000000     
   16.830000000000002        0.0000000000000000       -3.7838960919380567E-003   0.0000000000000000     
   17.028000000000002        0.0000000000000000       -3.7175893545252268E-003   0.0000000000000000     
   17.225999999999999        0.0000000000000000       -3.6495561297880943E-003   0.0000000000000000     
   17.423999999999999        0.0000000000000000       -3.5792831918951833E-003   0.0000000000000000     
   17.622000000000000        0.0000000000000000       -3.5066467555646109E-003   0.0000000000000000     
   17.820000000000000        0.0000000000000000       -3.4306668851672817E-003   0.0000000000000000     
   18.018000000000001        0.0000000000000000       -3.3517627946483973E-003   0.0000000000000000     
   18.216000000000001        0.0000000000000000       -3.2692899901409517E-003   0.0000000000000000     
   18.414000000000001        0.0000000000000000       -3.1820217010073179E-003   0.0000000000000000     
   18.612000000000002        0.0000000000000000       -3.0902133723079901E-003   0.0000000000000000     
   18.810000000000002        0.0000000000000000       -2.9935119375294012E-003   0.0000000000000000     
   19.008000000000003        0.0000000000000000       -2.8927128480420185E-003   0.0000000000000000     
   19.206000000000000        0.0000000000000000       -2.7860444010747035E-003   0.0000000000000000     
   19.404000000000000        0.0000000000000000       -2.6748084280039039E-003   0.0000000000000000     
   19.602000000000000        0.0000000000000000       -2.5561630881293196E-003   0.0000000000000000     
