  -19.602000000000000        0.0000000000000000        9.4090779789678062E-003   0.0000000000000000     
  -19.404000000000000        0.0000000000000000        9.9991221944520214E-003   0.0000000000000000     
  -19.206000000000000        0.0000000000000000        1.0548303849944519E-002   0.0000000000000000     
  -19.008000000000003        0.0000000000000000        1.1060808475961159E-002   0.0000000000000000     
  -18.810000000000002        0.0000000000000000        1.1535468910412676E-002   0.0000000000000000     
  -18.612000000000002        0.0000000000000000        1.1974433018833858E-002   0.0000000000000000     
  -18.414000000000001        0.0000000000000000        1.2380543384854234E-002   0.0000000000000000     
  -18.216000000000001        0.0000000000000000        1.2761089017978065E-002   0.0000000000000000     
  -18.018000000000001        0.0000000000000000        1.3116904513465831E-002   0.0000000000000000     
  -17.820000000000000        0.0000000000000000        1.3453124227531673E-002   0.0000000000000000     
  -17.622000000000000        0.0000000000000000        1.3771895210884776E-002   0.0000000000000000     
  -17.423999999999999        0.0000000000000000        1.4077702754000122E-002   0.0000000000000000     
  -17.225999999999999        0.0000000000000000        1.4371383463393240E-002   0.0000000000000000     
  -17.028000000000002        0.0000000000000000        1.4655770107916516E-002   0.0000000000000000     
  -16.830000000000002        0.0000000000000000        1.4932420532725662E-002   0.0000000000000000     
  -16.632000000000001        0.0000000000000000        1.5202873076936402E-002   0.0000000000000000     
  -16.434000000000001        0.0000000000000000        1.5468394796200921E-002   0.0000000000000000     
  -16.236000000000001        0.0000000000000000        1.5730101070625918E-002   0.0000000000000000     
  -16.038000000000000        0.0000000000000000        1.5989426638492055E-002   0.0000000000000000     
  -15.840000000000000        0.0000000000000000        1.6246697393169581E-002   0.0000000000000000     
  -15.642000000000001        0.0000000000000000        1.6502704952477295E-002   0.0000000000000000     
  -15.444000000000001        0.0000000000000000        1.6758158789858590E-002   0.0000000000000000     
  -15.246000000000000        0.0000000000000000        1.7013698913952678E-002   0.0000000000000000     
  -15.048000000000000        0.0000000000000000        1.7269907792332100E-002   0.0000000000000000     
  -14.850000000000001        0.0000000000000000        1.7527319519212492E-002   0.0000000000000000     
  -14.652000000000001        0.0000000000000000        1.7786428448548233E-002   0.0000000000000000     
  -14.454000000000001        0.0000000000000000        1.8047695847212553E-002   0.0000000000000000     
  -14.256000000000000        0.0000000000000000        1.8311555453140442E-002   0.0000000000000000     
  -14.058000000000000        0.0000000000000000        1.8578418847278476E-002   0.0000000000000000     
  -13.860000000000001        0.0000000000000000        1.8848679332302103E-002   0.0000000000000000     
  -13.662000000000001        0.0000000000000000        1.9122716124727473E-002   0.0000000000000000     
  -13.464000000000000        0.0000000000000000        1.9400897374559245E-002   0.0000000000000000     
  -13.266000000000000        0.0000000000000000        1.9683582786743089E-002   0.0000000000000000     
  -13.068000000000001        0.0000000000000000        1.9971126113573389E-002   0.0000000000000000     
  -12.870000000000001        0.0000000000000000        2.0263877955886699E-002   0.0000000000000000     
  -12.672000000000001        0.0000000000000000        2.0562187148449595E-002   0.0000000000000000     
  -12.474000000000000        0.0000000000000000        2.0866402315870034E-002   0.0000000000000000     
  -12.276000000000000        0.0000000000000000        2.1176874519858772E-002   0.0000000000000000     
  -12.078000000000001        0.0000000000000000        2.1493957721947090E-002   0.0000000000000000     
  -11.880000000000001        0.0000000000000000        2.1818010709019231E-002   0.0000000000000000     
  -11.682000000000000        0.0000000000000000        2.2149398193879996E-002   0.0000000000000000     
  -11.484000000000000        0.0000000000000000        2.2488491192249879E-002   0.0000000000000000     
  -11.286000000000001        0.0000000000000000        2.2835670596383660E-002   0.0000000000000000     
  -11.088000000000001        0.0000000000000000        2.3191324311198053E-002   0.0000000000000000     
  -10.890000000000001        0.0000000000000000        2.3555851533949651E-002   0.0000000000000000     
  -10.692000000000000        0.0000000000000000        2.3929662188281353E-002   0.0000000000000000     
  -10.494000000000000        0.0000000000000000        2.4313177563915798E-002   0.0000000000000000     
  -10.296000000000001        0.0000000000000000        2.4706831175724874E-002   0.0000000000000000     
  -10.098000000000001        0.0000000000000000        2.5111069392362132E-002   0.0000000000000000     
  -9.9000000000000004        0.0000000000000000        2.5526351756109518E-002   0.0000000000000000     
  -9.7020000000000000        0.0000000000000000        2.5953150996703551E-002   0.0000000000000000     
  -9.5040000000000013        0.0000000000000000        2.6391954209329840E-002   0.0000000000000000     
  -9.3060000000000009        0.0000000000000000        2.6843261465548204E-002   0.0000000000000000     
  -9.1080000000000005        0.0000000000000000        2.7307585324766015E-002   0.0000000000000000     
  -8.9100000000000001        0.0000000000000000        2.7785451565184686E-002   0.0000000000000000     
  -8.7119999999999997        0.0000000000000000        2.8277396789097273E-002   0.0000000000000000     
  -8.5140000000000011        0.0000000000000000        2.8783967532479564E-002   0.0000000000000000     
  -8.3160000000000007        0.0000000000000000        2.9305718223317241E-002   0.0000000000000000     
  -8.1180000000000003        0.0000000000000000        2.9843208089140021E-002   0.0000000000000000     
  -7.9199999999999999        0.0000000000000000        3.0396996331668667E-002   0.0000000000000000     
  -7.7220000000000004        0.0000000000000000        3.0967640578277618E-002   0.0000000000000000     
  -7.5240000000000000        0.0000000000000000        3.1555687265393831E-002   0.0000000000000000     
  -7.3260000000000005        0.0000000000000000        3.2161666309869094E-002   0.0000000000000000     
  -7.1280000000000001        0.0000000000000000        3.2786079800048759E-002   0.0000000000000000     
  -6.9300000000000006        0.0000000000000000        3.3429392760774349E-002   0.0000000000000000     
  -6.7320000000000002        0.0000000000000000        3.4092014735928419E-002   0.0000000000000000     
  -6.5340000000000007        0.0000000000000000        3.4774284107650509E-002   0.0000000000000000     
  -6.3360000000000003        0.0000000000000000        3.5476441339824104E-002   0.0000000000000000     
  -6.1379999999999999        0.0000000000000000        3.6198606505850196E-002   0.0000000000000000     
  -5.9400000000000004        0.0000000000000000        3.6940735346135067E-002   0.0000000000000000     
  -5.7420000000000000        0.0000000000000000        3.7702581235828814E-002   0.0000000000000000     
  -5.5440000000000005        0.0000000000000000        3.8483637359860219E-002   0.0000000000000000     
  -5.3460000000000001        0.0000000000000000        3.9283068100749795E-002   0.0000000000000000     
  -5.1480000000000006        0.0000000000000000        4.0099622924263972E-002   0.0000000000000000     
  -4.9500000000000002        0.0000000000000000        4.0931531682621217E-002   0.0000000000000000     
  -4.7520000000000007        0.0000000000000000        4.1776370812569998E-002   0.0000000000000000     
  -4.5540000000000003        0.0000000000000000        4.2630907688951260E-002   0.0000000000000000     
  -4.3559999999999999        0.0000000000000000        4.3490907107766090E-002   0.0000000000000000     
  -4.1580000000000004        0.0000000000000000        4.4350935950633871E-002   0.0000000000000000     
  -3.9600000000000000        0.0000000000000000        4.5204220581094766E-002   0.0000000000000000     
  -3.7620000000000000        0.0000000000000000        4.6042766336387417E-002   0.0000000000000000     
  -3.5640000000000001        0.0000000000000000        4.6858054659602841E-002   0.0000000000000000     
  -3.3660000000000001        0.0000000000000000        4.7640952656347109E-002   0.0000000000000000     
  -3.1680000000000001        0.0000000000000000        4.8375561694228630E-002   0.0000000000000000     
  -2.9700000000000002        0.0000000000000000        4.9037019263321213E-002   0.0000000000000000     
  -2.7720000000000002        0.0000000000000000        4.9594210832824358E-002   0.0000000000000000     
  -2.5740000000000003        0.0000000000000000        5.0009876776184022E-002   0.0000000000000000     
  -2.3760000000000003        0.0000000000000000        5.0234793995978445E-002   0.0000000000000000     
  -2.1779999999999999        0.0000000000000000        5.0203182520649647E-002   0.0000000000000000     
  -1.9800000000000000        0.0000000000000000        4.9839819118649306E-002   0.0000000000000000     
  -1.7820000000000000        0.0000000000000000        4.9044905756140594E-002   0.0000000000000000     
  -1.5840000000000001        0.0000000000000000        4.7681899621302225E-002   0.0000000000000000     
  -1.3860000000000001        0.0000000000000000        4.5601292114842776E-002   0.0000000000000000     
  -1.1880000000000002        0.0000000000000000        4.2645668572245575E-002   0.0000000000000000     
 -0.98999999999999999        0.0000000000000000        3.8628309385285393E-002   0.0000000000000000     
 -0.79200000000000004        0.0000000000000000        3.3363883753754951E-002   0.0000000000000000     
 -0.59400000000000008        0.0000000000000000        2.6739897616621603E-002   0.0000000000000000     
 -0.39600000000000002        0.0000000000000000        1.8782290339443182E-002   0.0000000000000000     
 -0.19800000000000001        0.0000000000000000        9.7141403742107800E-003   0.0000000000000000     
   0.0000000000000000        0.0000000000000000        0.0000000000000000        0.0000000000000000     
  0.19800000000000001        0.0000000000000000       -9.7141403742107800E-003   0.0000000000000000     
  0.39600000000000002        0.0000000000000000       -1.8782290339443182E-002   0.0000000000000000     
  0.59400000000000008        0.0000000000000000       -2.6739897616621603E-002   0.0000000000000000     
  0.79200000000000004        0.0000000000000000       -3.3363883753754951E-002   0.0000000000000000     
  0.98999999999999999        0.0000000000000000       -3.8628309385285393E-002   0.0000000000000000     
   1.1880000000000002        0.0000000000000000       -4.2645668572245575E-002   0.0000000000000000     
   1.3860000000000001        0.0000000000000000       -4.5601292114842776E-002   0.0000000000000000     
   1.5840000000000001        0.0000000000000000       -4.7681899621302225E-002   0.0000000000000000     
   1.7820000000000000        0.0000000000000000       -4.9044905756140594E-002   0.0000000000000000     
   1.9800000000000000        0.0000000000000000       -4.9839819118649306E-002   0.0000000000000000     
   2.1779999999999999        0.0000000000000000       -5.0203182520649647E-002   0.0000000000000000     
   2.3760000000000003        0.0000000000000000       -5.0234793995978445E-002   0.0000000000000000     
   2.5740000000000003        0.0000000000000000       -5.0009876776184022E-002   0.0000000000000000     
   2.7720000000000002        0.0000000000000000       -4.9594210832824358E-002   0.0000000000000000     
   2.9700000000000002        0.0000000000000000       -4.9037019263321213E-002   0.0000000000000000     
   3.1680000000000001        0.0000000000000000       -4.8375561694228630E-002   0.0000000000000000     
   3.3660000000000001        0.0000000000000000       -4.7640952656347109E-002   0.0000000000000000     
   3.5640000000000001        0.0000000000000000       -4.6858054659602841E-002   0.0000000000000000     
   3.7620000000000000        0.0000000000000000       -4.6042766336387417E-002   0.0000000000000000     
   3.9600000000000000        0.0000000000000000       -4.5204220581094766E-002   0.0000000000000000     
   4.1580000000000004        0.0000000000000000       -4.4350935950633871E-002   0.0000000000000000     
   4.3559999999999999        0.0000000000000000       -4.3490907107766090E-002   0.0000000000000000     
   4.5540000000000003        0.0000000000000000       -4.2630907688951260E-002   0.0000000000000000     
   4.7520000000000007        0.0000000000000000       -4.1776370812569998E-002   0.0000000000000000     
   4.9500000000000002        0.0000000000000000       -4.0931531682621217E-002   0.0000000000000000     
   5.1480000000000006        0.0000000000000000       -4.0099622924263972E-002   0.0000000000000000     
   5.3460000000000001        0.0000000000000000       -3.9283068100749795E-002   0.0000000000000000     
   5.5440000000000005        0.0000000000000000       -3.8483637359860219E-002   0.0000000000000000     
   5.7420000000000000        0.0000000000000000       -3.7702581235828814E-002   0.0000000000000000     
   5.9400000000000004        0.0000000000000000       -3.6940735346135067E-002   0.0000000000000000     
   6.1379999999999999        0.0000000000000000       -3.6198606505850196E-002   0.0000000000000000     
   6.3360000000000003        0.0000000000000000       -3.5476441339824104E-002   0.0000000000000000     
   6.5340000000000007        0.0000000000000000       -3.4774284107650509E-002   0.0000000000000000     
   6.7320000000000002        0.0000000000000000       -3.4092014735928419E-002   0.0000000000000000     
   6.9300000000000006        0.0000000000000000       -3.3429392760774349E-002   0.0000000000000000     
   7.1280000000000001        0.0000000000000000       -3.2786079800048759E-002   0.0000000000000000     
   7.3260000000000005        0.0000000000000000       -3.2161666309869094E-002   0.0000000000000000     
   7.5240000000000000        0.0000000000000000       -3.1555687265393831E-002   0.0000000000000000     
   7.7220000000000004        0.0000000000000000       -3.0967640578277618E-002   0.0000000000000000     
   7.9199999999999999        0.0000000000000000       -3.0396996331668667E-002   0.0000000000000000     
   8.1180000000000003        0.0000000000000000       -2.9843208089140021E-002   0.0000000000000000     
   8.3160000000000007        0.0000000000000000       -2.9305718223317241E-002   0.0000000000000000     
   8.5140000000000011        0.0000000000000000       -2.8783967532479564E-002   0.0000000000000000     
   8.7119999999999997        0.0000000000000000       -2.8277396789097273E-002   0.0000000000000000     
   8.9100000000000001        0.0000000000000000       -2.7785451565184686E-002   0.0000000000000000     
   9.1080000000000005        0.0000000000000000       -2.7307585324766015E-002   0.0000000000000000     
   9.3060000000000009        0.0000000000000000       -2.6843261465548204E-002   0.0000000000000000     
   9.5040000000000013        0.0000000000000000       -2.6391954209329840E-002   0.0000000000000000     
   9.7020000000000000        0.0000000000000000       -2.5953150996703551E-002   0.0000000000000000     
   9.9000000000000004        0.0000000000000000       -2.5526351756109518E-002   0.0000000000000000     
   10.098000000000001        0.0000000000000000       -2.5111069392362132E-002   0.0000000000000000     
   10.296000000000001        0.0000000000000000       -2.4706831175724874E-002   0.0000000000000000     
   10.494000000000000        0.0000000000000000       -2.4313177563915798E-002   0.0000000000000000     
   10.692000000000000        0.0000000000000000       -2.3929662188281353E-002   0.0000000000000000     
   10.890000000000001        0.0000000000000000       -2.3555851533949651E-002   0.0000000000000000     
   11.088000000000001        0.0000000000000000       -2.3191324311198053E-002   0.0000000000000000     
   11.286000000000001        0.0000000000000000       -2.2835670596383660E-002   0.0000000000000000     
   11.484000000000000        0.0000000000000000       -2.2488491192249879E-002   0.0000000000000000     
   11.682000000000000        0.0000000000000000       -2.2149398193879996E-002   0.0000000000000000     
   11.880000000000001        0.0000000000000000       -2.1818010709019231E-002   0.0000000000000000     
   12.078000000000001        0.0000000000000000       -2.1493957721947090E-002   0.0000000000000000     
   12.276000000000000        0.0000000000000000       -2.1176874519858772E-002   0.0000000000000000     
   12.474000000000000        0.0000000000000000       -2.0866402315870034E-002   0.0000000000000000     
   12.672000000000001        0.0000000000000000       -2.0562187148449595E-002   0.0000000000000000     
   12.870000000000001        0.0000000000000000       -2.0263877955886699E-002   0.0000000000000000     
   13.068000000000001        0.0000000000000000       -1.9971126113573389E-002   0.0000000000000000     
   13.266000000000000        0.0000000000000000       -1.9683582786743089E-002   0.0000000000000000     
   13.464000000000000        0.0000000000000000       -1.9400897374559245E-002   0.0000000000000000     
   13.662000000000001        0.0000000000000000       -1.9122716124727473E-002   0.0000000000000000     
   13.860000000000001        0.0000000000000000       -1.8848679332302103E-002   0.0000000000000000     
   14.058000000000000        0.0000000000000000       -1.8578418847278476E-002   0.0000000000000000     
   14.256000000000000        0.0000000000000000       -1.8311555453140442E-002   0.0000000000000000     
   14.454000000000001        0.0000000000000000       -1.8047695847212553E-002   0.0000000000000000     
   14.652000000000001        0.0000000000000000       -1.7786428448548233E-002   0.0000000000000000     
   14.850000000000001        0.0000000000000000       -1.7527319519212492E-002   0.0000000000000000     
   15.048000000000000        0.0000000000000000       -1.7269907792332100E-002   0.0000000000000000     
   15.246000000000000        0.0000000000000000       -1.7013698913952678E-002   0.0000000000000000     
   15.444000000000001        0.0000000000000000       -1.6758158789858590E-002   0.0000000000000000     
   15.642000000000001        0.0000000000000000       -1.6502704952477295E-002   0.0000000000000000     
   15.840000000000000        0.0000000000000000       -1.6246697393169581E-002   0.0000000000000000     
   16.038000000000000        0.0000000000000000       -1.5989426638492055E-002   0.0000000000000000     
   16.236000000000001        0.0000000000000000       -1.5730101070625918E-002   0.0000000000000000     
   16.434000000000001        0.0000000000000000       -1.5468394796200921E-002   0.0000000000000000     
   16.632000000000001        0.0000000000000000       -1.5202873076936402E-002   0.0000000000000000     
   16.830000000000002        0.0000000000000000       -1.4932420532725662E-002   0.0000000000000000     
   17.028000000000002        0.0000000000000000       -1.4655770107916516E-002   0.0000000000000000     
   17.225999999999999        0.0000000000000000       -1.4371383463393240E-002   0.0000000000000000     
   17.423999999999999        0.0000000000000000       -1.4077702754000122E-002   0.0000000000000000     
   17.622000000000000        0.0000000000000000       -1.3771895210884776E-002   0.0000000000000000     
   17.820000000000000        0.0000000000000000       -1.3453124227531673E-002   0.0000000000000000     
   18.018000000000001        0.0000000000000000       -1.3116904513465831E-002   0.0000000000000000     
   18.216000000000001        0.0000000000000000       -1.2761089017978065E-002   0.0000000000000000     
   18.414000000000001        0.0000000000000000       -1.2380543384854234E-002   0.0000000000000000     
   18.612000000000002        0.0000000000000000       -1.1974433018833858E-002   0.0000000000000000     
   18.810000000000002        0.0000000000000000       -1.1535468910412676E-002   0.0000000000000000     
   19.008000000000003        0.0000000000000000       -1.1060808475961159E-002   0.0000000000000000     
   19.206000000000000        0.0000000000000000       -1.0548303849944519E-002   0.0000000000000000     
   19.404000000000000        0.0000000000000000       -9.9991221944520214E-003   0.0000000000000000     
   19.602000000000000        0.0000000000000000       -9.4090779789678062E-003   0.0000000000000000     
