  -19.602000000000000        0.0000000000000000        3.0323558426793959E-003   0.0000000000000000     
  -19.404000000000000        0.0000000000000000        3.2177019886152004E-003   0.0000000000000000     
  -19.206000000000000        0.0000000000000000        3.3884188543477751E-003   0.0000000000000000     
  -19.008000000000003        0.0000000000000000        3.5462921624416807E-003   0.0000000000000000     
  -18.810000000000002        0.0000000000000000        3.6930930192968325E-003   0.0000000000000000     
  -18.612000000000002        0.0000000000000000        3.8306156810246324E-003   0.0000000000000000     
  -18.414000000000001        0.0000000000000000        3.9576890017391621E-003   0.0000000000000000     
  -18.216000000000001        0.0000000000000000        4.0775846924193714E-003   0.0000000000000000     
  -18.018000000000001        0.0000000000000000        4.1902238799749834E-003   0.0000000000000000     
  -17.820000000000000        0.0000000000000000        4.2967007562818450E-003   0.0000000000000000     
  -17.622000000000000        0.0000000000000000        4.3980032761802750E-003   0.0000000000000000     
  -17.423999999999999        0.0000000000000000        4.4944657707255220E-003   0.0000000000000000     
  -17.225999999999999        0.0000000000000000        4.5873828770476429E-003   0.0000000000000000     
  -17.028000000000002        0.0000000000000000        4.6773368202993482E-003   0.0000000000000000     
  -16.830000000000002        0.0000000000000000        4.7648410761059303E-003   0.0000000000000000     
  -16.632000000000001        0.0000000000000000        4.8503473104091017E-003   0.0000000000000000     
  -16.434000000000001        0.0000000000000000        4.9337354774603038E-003   0.0000000000000000     
  -16.236000000000001        0.0000000000000000        5.0167992263996080E-003   0.0000000000000000     
  -16.038000000000000        0.0000000000000000        5.0988748744014659E-003   0.0000000000000000     
  -15.840000000000000        0.0000000000000000        5.1802383952462387E-003   0.0000000000000000     
  -15.642000000000001        0.0000000000000000        5.2611364331405317E-003   0.0000000000000000     
  -15.444000000000001        0.0000000000000000        5.3417904409067268E-003   0.0000000000000000     
  -15.246000000000000        0.0000000000000000        5.4224013242123682E-003   0.0000000000000000     
  -15.048000000000000        0.0000000000000000        5.5031521045013449E-003   0.0000000000000000     
  -14.850000000000001        0.0000000000000000        5.5842111663135605E-003   0.0000000000000000     
  -14.652000000000001        0.0000000000000000        5.6657346058999036E-003   0.0000000000000000     
  -14.454000000000001        0.0000000000000000        5.7478682530773921E-003   0.0000000000000000     
  -14.256000000000000        0.0000000000000000        5.8307494824648195E-003   0.0000000000000000     
  -14.058000000000000        0.0000000000000000        5.9145088348382174E-003   0.0000000000000000     
  -13.860000000000001        0.0000000000000000        5.9992711398204248E-003   0.0000000000000000     
  -13.662000000000001        0.0000000000000000        6.0851568897471080E-003   0.0000000000000000     
  -13.464000000000000        0.0000000000000000        6.1722831300757277E-003   0.0000000000000000     
  -13.266000000000000        0.0000000000000000        6.2607646157189275E-003   0.0000000000000000     
  -13.068000000000001        0.0000000000000000        6.3507141963353737E-003   0.0000000000000000     
  -12.870000000000001        0.0000000000000000        6.4422439611412944E-003   0.0000000000000000     
  -12.672000000000001        0.0000000000000000        6.5354656076098312E-003   0.0000000000000000     
  -12.474000000000000        0.0000000000000000        6.6304914351158492E-003   0.0000000000000000     
  -12.276000000000000        0.0000000000000000        6.7274343744318761E-003   0.0000000000000000     
  -12.078000000000001        0.0000000000000000        6.8264090371386770E-003   0.0000000000000000     
  -11.880000000000001        0.0000000000000000        6.9275318902965819E-003   0.0000000000000000     
  -11.682000000000000        0.0000000000000000        7.0309221500805714E-003   0.0000000000000000     
  -11.484000000000000        0.0000000000000000        7.1367014702293178E-003   0.0000000000000000     
  -11.286000000000001        0.0000000000000000        7.2449954615474441E-003   0.0000000000000000     
  -11.088000000000001        0.0000000000000000        7.3559331941613825E-003   0.0000000000000000     
  -10.890000000000001        0.0000000000000000        7.4696483432526526E-003   0.0000000000000000     
  -10.692000000000000        0.0000000000000000        7.5862791192354267E-003   0.0000000000000000     
  -10.494000000000000        0.0000000000000000        7.7059691823613873E-003   0.0000000000000000     
  -10.296000000000001        0.0000000000000000        7.8288676611547037E-003   0.0000000000000000     
  -10.098000000000001        0.0000000000000000        7.9551299660854356E-003   0.0000000000000000     
  -9.9000000000000004        0.0000000000000000        8.0849178591615532E-003   0.0000000000000000     
  -9.7020000000000000        0.0000000000000000        8.2184005056438712E-003   0.0000000000000000     
  -9.5040000000000013        0.0000000000000000        8.3557543484578233E-003   0.0000000000000000     
  -9.3060000000000009        0.0000000000000000        8.4971637942047370E-003   0.0000000000000000     
  -9.1080000000000005        0.0000000000000000        8.6428217512324532E-003   0.0000000000000000     
  -8.9100000000000001        0.0000000000000000        8.7929299149164756E-003   0.0000000000000000     
  -8.7119999999999997        0.0000000000000000        8.9476995002195185E-003   0.0000000000000000     
  -8.5140000000000011        0.0000000000000000        9.1073511359208749E-003   0.0000000000000000     
  -8.3160000000000007        0.0000000000000000        9.2721155312709587E-003   0.0000000000000000     
  -8.1180000000000003        0.0000000000000000        9.4422339306437213E-003   0.0000000000000000     
  -7.9199999999999999        0.0000000000000000        9.6179576351492074E-003   0.0000000000000000     
  -7.7220000000000004        0.0000000000000000        9.7995489326777215E-003   0.0000000000000000     
  -7.5240000000000000        0.0000000000000000        9.9872803144136629E-003   0.0000000000000000     
  -7.3260000000000005        0.0000000000000000        1.0181434117888461E-002   0.0000000000000000     
  -7.1280000000000001        0.0000000000000000        1.0382302147681091E-002   0.0000000000000000     
  -6.9300000000000006        0.0000000000000000        1.0590184416309753E-002   0.0000000000000000     
  -6.7320000000000002        0.0000000000000000        1.0805387394753349E-002   0.0000000000000000     
  -6.5340000000000007        0.0000000000000000        1.1028221664066990E-002   0.0000000000000000     
  -6.3360000000000003        0.0000000000000000        1.1258997839871342E-002   0.0000000000000000     
  -6.1379999999999999        0.0000000000000000        1.1498022061546322E-002   0.0000000000000000     
  -5.9400000000000004        0.0000000000000000        1.1745589263237223E-002   0.0000000000000000     
  -5.7420000000000000        0.0000000000000000        1.2001972669609749E-002   0.0000000000000000     
  -5.5440000000000005        0.0000000000000000        1.2267411814272785E-002   0.0000000000000000     
  -5.3460000000000001        0.0000000000000000        1.2542092686469684E-002   0.0000000000000000     
  -5.1480000000000006        0.0000000000000000        1.2826123839359310E-002   0.0000000000000000     
  -4.9500000000000002        0.0000000000000000        1.3119499591053978E-002   0.0000000000000000     
  -4.7520000000000007        0.0000000000000000        1.3422052297408206E-002   0.0000000000000000     
  -4.5540000000000003        0.0000000000000000        1.3733384218910526E-002   0.0000000000000000     
  -4.3559999999999999        0.0000000000000000        1.4052777405027795E-002   0.0000000000000000     
  -4.1580000000000004        0.0000000000000000        1.4379084509879094E-002   0.0000000000000000     
  -3.9600000000000000        0.0000000000000000        1.4710631351675772E-002   0.0000000000000000     
  -3.7620000000000000        0.0000000000000000        1.5045271187572618E-002   0.0000000000000000     
  -3.5640000000000001        0.0000000000000000        1.5381032822401702E-002   0.0000000000000000     
  -3.3660000000000001        0.0000000000000000        1.5718084669507571E-002   0.0000000000000000     
  -3.1680000000000001        0.0000000000000000        1.6058700302934961E-002   0.0000000000000000     
  -2.9700000000000002        0.0000000000000000        1.6393485251067687E-002   0.0000000000000000     
  -2.7720000000000002        0.0000000000000000        1.6704525141932231E-002   0.0000000000000000     
  -2.5740000000000003        0.0000000000000000        1.6978001581142637E-002   0.0000000000000000     
  -2.3760000000000003        0.0000000000000000        1.7197796214989337E-002   0.0000000000000000     
  -2.1779999999999999        0.0000000000000000        1.7339881177198407E-002   0.0000000000000000     
  -1.9800000000000000        0.0000000000000000        1.7369485632224436E-002   0.0000000000000000     
  -1.7820000000000000        0.0000000000000000        1.7246575380399469E-002   0.0000000000000000     
  -1.5840000000000001        0.0000000000000000        1.6926033648054398E-002   0.0000000000000000     
  -1.3860000000000001        0.0000000000000000        1.6352658742730487E-002   0.0000000000000000     
  -1.1880000000000002        0.0000000000000000        1.5460085798333609E-002   0.0000000000000000     
 -0.98999999999999999        0.0000000000000000        1.4161300963319615E-002   0.0000000000000000     
 -0.79200000000000004        0.0000000000000000        1.2373196762847802E-002   0.0000000000000000     
 -0.59400000000000008        0.0000000000000000        1.0033709305950813E-002   0.0000000000000000     
 -0.39600000000000002        0.0000000000000000        7.1183895843422744E-003   0.0000000000000000     
 -0.19800000000000001        0.0000000000000000        3.7048264565557030E-003   0.0000000000000000     
   0.0000000000000000        0.0000000000000000        0.0000000000000000        0.0000000000000000     
  0.19800000000000001        0.0000000000000000       -3.7048264565557030E-003   0.0000000000000000     
  0.39600000000000002        0.0000000000000000       -7.1183895843422744E-003   0.0000000000000000     
  0.59400000000000008        0.0000000000000000       -1.0033709305950813E-002   0.0000000000000000     
  0.79200000000000004        0.0000000000000000       -1.2373196762847802E-002   0.0000000000000000     
  0.98999999999999999        0.0000000000000000       -1.4161300963319615E-002   0.0000000000000000     
   1.1880000000000002        0.0000000000000000       -1.5460085798333609E-002   0.0000000000000000     
   1.3860000000000001        0.0000000000000000       -1.6352658742730487E-002   0.0000000000000000     
   1.5840000000000001        0.0000000000000000       -1.6926033648054398E-002   0.0000000000000000     
   1.7820000000000000        0.0000000000000000       -1.7246575380399469E-002   0.0000000000000000     
   1.9800000000000000        0.0000000000000000       -1.7369485632224436E-002   0.0000000000000000     
   2.1779999999999999        0.0000000000000000       -1.7339881177198407E-002   0.0000000000000000     
   2.3760000000000003        0.0000000000000000       -1.7197796214989337E-002   0.0000000000000000     
   2.5740000000000003        0.0000000000000000       -1.6978001581142637E-002   0.0000000000000000     
   2.7720000000000002        0.0000000000000000       -1.6704525141932231E-002   0.0000000000000000     
   2.9700000000000002        0.0000000000000000       -1.6393485251067687E-002   0.0000000000000000     
   3.1680000000000001        0.0000000000000000       -1.6058700302934961E-002   0.0000000000000000     
   3.3660000000000001        0.0000000000000000       -1.5718084669507571E-002   0.0000000000000000     
   3.5640000000000001        0.0000000000000000       -1.5381032822401702E-002   0.0000000000000000     
   3.7620000000000000        0.0000000000000000       -1.5045271187572618E-002   0.0000000000000000     
   3.9600000000000000        0.0000000000000000       -1.4710631351675772E-002   0.0000000000000000     
   4.1580000000000004        0.0000000000000000       -1.4379084509879094E-002   0.0000000000000000     
   4.3559999999999999        0.0000000000000000       -1.4052777405027795E-002   0.0000000000000000     
   4.5540000000000003        0.0000000000000000       -1.3733384218910526E-002   0.0000000000000000     
   4.7520000000000007        0.0000000000000000       -1.3422052297408206E-002   0.0000000000000000     
   4.9500000000000002        0.0000000000000000       -1.3119499591053978E-002   0.0000000000000000     
   5.1480000000000006        0.0000000000000000       -1.2826123839359310E-002   0.0000000000000000     
   5.3460000000000001        0.0000000000000000       -1.2542092686469684E-002   0.0000000000000000     
   5.5440000000000005        0.0000000000000000       -1.2267411814272785E-002   0.0000000000000000     
   5.7420000000000000        0.0000000000000000       -1.2001972669609749E-002   0.0000000000000000     
   5.9400000000000004        0.0000000000000000       -1.1745589263237223E-002   0.0000000000000000     
   6.1379999999999999        0.0000000000000000       -1.1498022061546322E-002   0.0000000000000000     
   6.3360000000000003        0.0000000000000000       -1.1258997839871342E-002   0.0000000000000000     
   6.5340000000000007        0.0000000000000000       -1.1028221664066990E-002   0.0000000000000000     
   6.7320000000000002        0.0000000000000000       -1.0805387394753349E-002   0.0000000000000000     
   6.9300000000000006        0.0000000000000000       -1.0590184416309753E-002   0.0000000000000000     
   7.1280000000000001        0.0000000000000000       -1.0382302147681091E-002   0.0000000000000000     
   7.3260000000000005        0.0000000000000000       -1.0181434117888461E-002   0.0000000000000000     
   7.5240000000000000        0.0000000000000000       -9.9872803144136629E-003   0.0000000000000000     
   7.7220000000000004        0.0000000000000000       -9.7995489326777215E-003   0.0000000000000000     
   7.9199999999999999        0.0000000000000000       -9.6179576351492074E-003   0.0000000000000000     
   8.1180000000000003        0.0000000000000000       -9.4422339306437213E-003   0.0000000000000000     
   8.3160000000000007        0.0000000000000000       -9.2721155312709587E-003   0.0000000000000000     
   8.5140000000000011        0.0000000000000000       -9.1073511359208749E-003   0.0000000000000000     
   8.7119999999999997        0.0000000000000000       -8.9476995002195185E-003   0.0000000000000000     
   8.9100000000000001        0.0000000000000000       -8.7929299149164756E-003   0.0000000000000000     
   9.1080000000000005        0.0000000000000000       -8.6428217512324532E-003   0.0000000000000000     
   9.3060000000000009        0.0000000000000000       -8.4971637942047370E-003   0.0000000000000000     
   9.5040000000000013        0.0000000000000000       -8.3557543484578233E-003   0.0000000000000000     
   9.7020000000000000        0.0000000000000000       -8.2184005056438712E-003   0.0000000000000000     
   9.9000000000000004        0.0000000000000000       -8.0849178591615532E-003   0.0000000000000000     
   10.098000000000001        0.0000000000000000       -7.9551299660854356E-003   0.0000000000000000     
   10.296000000000001        0.0000000000000000       -7.8288676611547037E-003   0.0000000000000000     
   10.494000000000000        0.0000000000000000       -7.7059691823613873E-003   0.0000000000000000     
   10.692000000000000        0.0000000000000000       -7.5862791192354267E-003   0.0000000000000000     
   10.890000000000001        0.0000000000000000       -7.4696483432526526E-003   0.0000000000000000     
   11.088000000000001        0.0000000000000000       -7.3559331941613825E-003   0.0000000000000000     
   11.286000000000001        0.0000000000000000       -7.2449954615474441E-003   0.0000000000000000     
   11.484000000000000        0.0000000000000000       -7.1367014702293178E-003   0.0000000000000000     
   11.682000000000000        0.0000000000000000       -7.0309221500805714E-003   0.0000000000000000     
   11.880000000000001        0.0000000000000000       -6.9275318902965819E-003   0.0000000000000000     
   12.078000000000001        0.0000000000000000       -6.8264090371386770E-003   0.0000000000000000     
   12.276000000000000        0.0000000000000000       -6.7274343744318761E-003   0.0000000000000000     
   12.474000000000000        0.0000000000000000       -6.6304914351158492E-003   0.0000000000000000     
   12.672000000000001        0.0000000000000000       -6.5354656076098312E-003   0.0000000000000000     
   12.870000000000001        0.0000000000000000       -6.4422439611412944E-003   0.0000000000000000     
   13.068000000000001        0.0000000000000000       -6.3507141963353737E-003   0.0000000000000000     
   13.266000000000000        0.0000000000000000       -6.2607646157189275E-003   0.0000000000000000     
   13.464000000000000        0.0000000000000000       -6.1722831300757277E-003   0.0000000000000000     
   13.662000000000001        0.0000000000000000       -6.0851568897471080E-003   0.0000000000000000     
   13.860000000000001        0.0000000000000000       -5.9992711398204248E-003   0.0000000000000000     
   14.058000000000000        0.0000000000000000       -5.9145088348382174E-003   0.0000000000000000     
   14.256000000000000        0.0000000000000000       -5.8307494824648195E-003   0.0000000000000000     
   14.454000000000001        0.0000000000000000       -5.7478682530773921E-003   0.0000000000000000     
   14.652000000000001        0.0000000000000000       -5.6657346058999036E-003   0.0000000000000000     
   14.850000000000001        0.0000000000000000       -5.5842111663135605E-003   0.0000000000000000     
   15.048000000000000        0.0000000000000000       -5.5031521045013449E-003   0.0000000000000000     
   15.246000000000000        0.0000000000000000       -5.4224013242123682E-003   0.0000000000000000     
   15.444000000000001        0.0000000000000000       -5.3417904409067268E-003   0.0000000000000000     
   15.642000000000001        0.0000000000000000       -5.2611364331405317E-003   0.0000000000000000     
   15.840000000000000        0.0000000000000000       -5.1802383952462387E-003   0.0000000000000000     
   16.038000000000000        0.0000000000000000       -5.0988748744014659E-003   0.0000000000000000     
   16.236000000000001        0.0000000000000000       -5.0167992263996080E-003   0.0000000000000000     
   16.434000000000001        0.0000000000000000       -4.9337354774603038E-003   0.0000000000000000     
   16.632000000000001        0.0000000000000000       -4.8503473104091017E-003   0.0000000000000000     
   16.830000000000002        0.0000000000000000       -4.7648410761059303E-003   0.0000000000000000     
   17.028000000000002        0.0000000000000000       -4.6773368202993482E-003   0.0000000000000000     
   17.225999999999999        0.0000000000000000       -4.5873828770476429E-003   0.0000000000000000     
   17.423999999999999        0.0000000000000000       -4.4944657707255220E-003   0.0000000000000000     
   17.622000000000000        0.0000000000000000       -4.3980032761802750E-003   0.0000000000000000     
   17.820000000000000        0.0000000000000000       -4.2967007562818450E-003   0.0000000000000000     
   18.018000000000001        0.0000000000000000       -4.1902238799749834E-003   0.0000000000000000     
   18.216000000000001        0.0000000000000000       -4.0775846924193714E-003   0.0000000000000000     
   18.414000000000001        0.0000000000000000       -3.9576890017391621E-003   0.0000000000000000     
   18.612000000000002        0.0000000000000000       -3.8306156810246324E-003   0.0000000000000000     
   18.810000000000002        0.0000000000000000       -3.6930930192968325E-003   0.0000000000000000     
   19.008000000000003        0.0000000000000000       -3.5462921624416807E-003   0.0000000000000000     
   19.206000000000000        0.0000000000000000       -3.3884188543477751E-003   0.0000000000000000     
   19.404000000000000        0.0000000000000000       -3.2177019886152004E-003   0.0000000000000000     
   19.602000000000000        0.0000000000000000       -3.0323558426793959E-003   0.0000000000000000     
