  -19.602000000000000        0.0000000000000000        3.0320298903172573E-003   0.0000000000000000     
  -19.404000000000000        0.0000000000000000        3.2173464472071349E-003   0.0000000000000000     
  -19.206000000000000        0.0000000000000000        3.3884232252787681E-003   0.0000000000000000     
  -19.008000000000003        0.0000000000000000        3.5463566332129457E-003   0.0000000000000000     
  -18.810000000000002        0.0000000000000000        3.6929784588731035E-003   0.0000000000000000     
  -18.612000000000002        0.0000000000000000        3.8305056353246489E-003   0.0000000000000000     
  -18.414000000000001        0.0000000000000000        3.9575716428872400E-003   0.0000000000000000     
  -18.216000000000001        0.0000000000000000        4.0776149377501712E-003   0.0000000000000000     
  -18.018000000000001        0.0000000000000000        4.1903366992159527E-003   0.0000000000000000     
  -17.820000000000000        0.0000000000000000        4.2968745021714156E-003   0.0000000000000000     
  -17.622000000000000        0.0000000000000000        4.3982211765842558E-003   0.0000000000000000     
  -17.423999999999999        0.0000000000000000        4.4947121937125118E-003   0.0000000000000000     
  -17.225999999999999        0.0000000000000000        4.5876481617724858E-003   0.0000000000000000     
  -17.028000000000002        0.0000000000000000        4.6776063791715986E-003   0.0000000000000000     
  -16.830000000000002        0.0000000000000000        4.7650488133118675E-003   0.0000000000000000     
  -16.632000000000001        0.0000000000000000        4.8506225066946695E-003   0.0000000000000000     
  -16.434000000000001        0.0000000000000000        4.9334297058580027E-003   0.0000000000000000     
  -16.236000000000001        0.0000000000000000        5.0165026100634563E-003   0.0000000000000000     
  -16.038000000000000        0.0000000000000000        5.0985849485761991E-003   0.0000000000000000     
  -15.840000000000000        0.0000000000000000        5.1799534012358754E-003   0.0000000000000000     
  -15.642000000000001        0.0000000000000000        5.2608547896856638E-003   0.0000000000000000     
  -15.444000000000001        0.0000000000000000        5.3415111055098935E-003   0.0000000000000000     
  -15.246000000000000        0.0000000000000000        5.4221233304203552E-003   0.0000000000000000     
  -15.048000000000000        0.0000000000000000        5.5028748107772548E-003   0.0000000000000000     
  -14.850000000000001        0.0000000000000000        5.5839340555565312E-003   0.0000000000000000     
  -14.652000000000001        0.0000000000000000        5.6654573370630212E-003   0.0000000000000000     
  -14.454000000000001        0.0000000000000000        5.7475906238368783E-003   0.0000000000000000     
  -14.256000000000000        0.0000000000000000        5.8304713803673681E-003   0.0000000000000000     
  -14.058000000000000        0.0000000000000000        5.9142301137867026E-003   0.0000000000000000     
  -13.860000000000001        0.0000000000000000        5.9989918965984330E-003   0.0000000000000000     
  -13.662000000000001        0.0000000000000000        6.0848771957901409E-003   0.0000000000000000     
  -13.464000000000000        0.0000000000000000        6.1720032757345356E-003   0.0000000000000000     
  -13.266000000000000        0.0000000000000000        6.2604846240372205E-003   0.0000000000000000     
  -13.068000000000001        0.0000000000000000        6.3504344272559115E-003   0.0000000000000000     
  -12.870000000000001        0.0000000000000000        6.4419646054659947E-003   0.0000000000000000     
  -12.672000000000001        0.0000000000000000        6.5351871852048051E-003   0.0000000000000000     
  -12.474000000000000        0.0000000000000000        6.6302141404700112E-003   0.0000000000000000     
  -12.276000000000000        0.0000000000000000        6.7271586997588789E-003   0.0000000000000000     
  -12.078000000000001        0.0000000000000000        6.8261354479214739E-003   0.0000000000000000     
  -11.880000000000001        0.0000000000000000        6.9272608990272903E-003   0.0000000000000000     
  -11.682000000000000        0.0000000000000000        7.0306541812243401E-003   0.0000000000000000     
  -11.484000000000000        0.0000000000000000        7.1364372588805071E-003   0.0000000000000000     
  -11.286000000000001        0.0000000000000000        7.2447355045284515E-003   0.0000000000000000     
  -11.088000000000001        0.0000000000000000        7.3556782228795751E-003   0.0000000000000000     
  -10.890000000000001        0.0000000000000000        7.4693990563933317E-003   0.0000000000000000     
  -10.692000000000000        0.0000000000000000        7.5860363781724890E-003   0.0000000000000000     
  -10.494000000000000        0.0000000000000000        7.7057336470666982E-003   0.0000000000000000     
  -10.296000000000001        0.0000000000000000        7.8286402547593000E-003   0.0000000000000000     
  -10.098000000000001        0.0000000000000000        7.9549115628676937E-003   0.0000000000000000     
  -9.9000000000000004        0.0000000000000000        8.0847094449314049E-003   0.0000000000000000     
  -9.7020000000000000        0.0000000000000000        8.2182031226683359E-003   0.0000000000000000     
  -9.5040000000000013        0.0000000000000000        8.3555688562673026E-003   0.0000000000000000     
  -9.3060000000000009        0.0000000000000000        8.4969913014321385E-003   0.0000000000000000     
  -9.1080000000000005        0.0000000000000000        8.6426633729629245E-003   0.0000000000000000     
  -8.9100000000000001        0.0000000000000000        8.7927865613765793E-003   0.0000000000000000     
  -8.7119999999999997        0.0000000000000000        8.9475722046892265E-003   0.0000000000000000     
  -8.5140000000000011        0.0000000000000000        9.1072405270326076E-003   0.0000000000000000     
  -8.3160000000000007        0.0000000000000000        9.2720225837736696E-003   0.0000000000000000     
  -8.1180000000000003        0.0000000000000000        9.4421589284359210E-003   0.0000000000000000     
  -7.9199999999999999        0.0000000000000000        9.6179008540641115E-003   0.0000000000000000     
  -7.7220000000000004        0.0000000000000000        9.7995099968724124E-003   0.0000000000000000     
  -7.5240000000000000        0.0000000000000000        9.9872581876124817E-003   0.0000000000000000     
  -7.3260000000000005        0.0000000000000000        1.0181427137257264E-002   0.0000000000000000     
  -7.1280000000000001        0.0000000000000000        1.0382307433908264E-002   0.0000000000000000     
  -6.9300000000000006        0.0000000000000000        1.0590197733270003E-002   0.0000000000000000     
  -6.7320000000000002        0.0000000000000000        1.0805402478935754E-002   0.0000000000000000     
  -6.5340000000000007        0.0000000000000000        1.1028229555846496E-002   0.0000000000000000     
  -6.3360000000000003        0.0000000000000000        1.1258986853091086E-002   0.0000000000000000     
  -6.1379999999999999        0.0000000000000000        1.1497976144879378E-002   0.0000000000000000     
  -5.9400000000000004        0.0000000000000000        1.1745487004928740E-002   0.0000000000000000     
  -5.7420000000000000        0.0000000000000000        1.2001786590956800E-002   0.0000000000000000     
  -5.5440000000000005        0.0000000000000000        1.2267105664062323E-002   0.0000000000000000     
  -5.3460000000000001        0.0000000000000000        1.2541620301697502E-002   0.0000000000000000     
  -5.1480000000000006        0.0000000000000000        1.2825426425380886E-002   0.0000000000000000     
  -4.9500000000000002        0.0000000000000000        1.3118504554190134E-002   0.0000000000000000     
  -4.7520000000000007        0.0000000000000000        1.3420670638470990E-002   0.0000000000000000     
  -4.5540000000000003        0.0000000000000000        1.3731511321759012E-002   0.0000000000000000     
  -4.3559999999999999        0.0000000000000000        1.4050299618543063E-002   0.0000000000000000     
  -4.1580000000000004        0.0000000000000000        1.4375898143816493E-002   0.0000000000000000     
  -3.9600000000000000        0.0000000000000000        1.4706703027681633E-002   0.0000000000000000     
  -3.7620000000000000        0.0000000000000000        1.5040808920068713E-002   0.0000000000000000     
  -3.5640000000000001        0.0000000000000000        1.5376937424133033E-002   0.0000000000000000     
  -3.3660000000000001        0.0000000000000000        1.5716720949638045E-002   0.0000000000000000     
  -3.1680000000000001        0.0000000000000000        1.6062964615518437E-002   0.0000000000000000     
  -2.9700000000000002        0.0000000000000000        1.6402341870269517E-002   0.0000000000000000     
  -2.7720000000000002        0.0000000000000000        1.6715383056226978E-002   0.0000000000000000     
  -2.5740000000000003        0.0000000000000000        1.6989978504237165E-002   0.0000000000000000     
  -2.3760000000000003        0.0000000000000000        1.7209792684450352E-002   0.0000000000000000     
  -2.1779999999999999        0.0000000000000000        1.7351015971813079E-002   0.0000000000000000     
  -1.9800000000000000        0.0000000000000000        1.7379125803255117E-002   0.0000000000000000     
  -1.7820000000000000        0.0000000000000000        1.7254109402385205E-002   0.0000000000000000     
  -1.5840000000000001        0.0000000000000000        1.6930693363977973E-002   0.0000000000000000     
  -1.3860000000000001        0.0000000000000000        1.6353632847609531E-002   0.0000000000000000     
  -1.1880000000000002        0.0000000000000000        1.5457956854450323E-002   0.0000000000000000     
 -0.98999999999999999        0.0000000000000000        1.4158072908419618E-002   0.0000000000000000     
 -0.79200000000000004        0.0000000000000000        1.2370040710786257E-002   0.0000000000000000     
 -0.59400000000000008        0.0000000000000000        1.0030769869375955E-002   0.0000000000000000     
 -0.39600000000000002        0.0000000000000000        7.1147563318339413E-003   0.0000000000000000     
 -0.19800000000000001        0.0000000000000000        3.7014828254652221E-003   0.0000000000000000     
   0.0000000000000000        0.0000000000000000        0.0000000000000000        0.0000000000000000     
  0.19800000000000001        0.0000000000000000       -3.7014828254652221E-003   0.0000000000000000     
  0.39600000000000002        0.0000000000000000       -7.1147563318339413E-003   0.0000000000000000     
  0.59400000000000008        0.0000000000000000       -1.0030769869375955E-002   0.0000000000000000     
  0.79200000000000004        0.0000000000000000       -1.2370040710786257E-002   0.0000000000000000     
  0.98999999999999999        0.0000000000000000       -1.4158072908419618E-002   0.0000000000000000     
   1.1880000000000002        0.0000000000000000       -1.5457956854450323E-002   0.0000000000000000     
   1.3860000000000001        0.0000000000000000       -1.6353632847609531E-002   0.0000000000000000     
   1.5840000000000001        0.0000000000000000       -1.6930693363977973E-002   0.0000000000000000     
   1.7820000000000000        0.0000000000000000       -1.7254109402385205E-002   0.0000000000000000     
   1.9800000000000000        0.0000000000000000       -1.7379125803255117E-002   0.0000000000000000     
   2.1779999999999999        0.0000000000000000       -1.7351015971813079E-002   0.0000000000000000     
   2.3760000000000003        0.0000000000000000       -1.7209792684450352E-002   0.0000000000000000     
   2.5740000000000003        0.0000000000000000       -1.6989978504237165E-002   0.0000000000000000     
   2.7720000000000002        0.0000000000000000       -1.6715383056226978E-002   0.0000000000000000     
   2.9700000000000002        0.0000000000000000       -1.6402341870269517E-002   0.0000000000000000     
   3.1680000000000001        0.0000000000000000       -1.6062964615518437E-002   0.0000000000000000     
   3.3660000000000001        0.0000000000000000       -1.5716720949638045E-002   0.0000000000000000     
   3.5640000000000001        0.0000000000000000       -1.5376937424133033E-002   0.0000000000000000     
   3.7620000000000000        0.0000000000000000       -1.5040808920068713E-002   0.0000000000000000     
   3.9600000000000000        0.0000000000000000       -1.4706703027681633E-002   0.0000000000000000     
   4.1580000000000004        0.0000000000000000       -1.4375898143816493E-002   0.0000000000000000     
   4.3559999999999999        0.0000000000000000       -1.4050299618543063E-002   0.0000000000000000     
   4.5540000000000003        0.0000000000000000       -1.3731511321759012E-002   0.0000000000000000     
   4.7520000000000007        0.0000000000000000       -1.3420670638470990E-002   0.0000000000000000     
   4.9500000000000002        0.0000000000000000       -1.3118504554190134E-002   0.0000000000000000     
   5.1480000000000006        0.0000000000000000       -1.2825426425380886E-002   0.0000000000000000     
   5.3460000000000001        0.0000000000000000       -1.2541620301697502E-002   0.0000000000000000     
   5.5440000000000005        0.0000000000000000       -1.2267105664062323E-002   0.0000000000000000     
   5.7420000000000000        0.0000000000000000       -1.2001786590956800E-002   0.0000000000000000     
   5.9400000000000004        0.0000000000000000       -1.1745487004928740E-002   0.0000000000000000     
   6.1379999999999999        0.0000000000000000       -1.1497976144879378E-002   0.0000000000000000     
   6.3360000000000003        0.0000000000000000       -1.1258986853091086E-002   0.0000000000000000     
   6.5340000000000007        0.0000000000000000       -1.1028229555846496E-002   0.0000000000000000     
   6.7320000000000002        0.0000000000000000       -1.0805402478935754E-002   0.0000000000000000     
   6.9300000000000006        0.0000000000000000       -1.0590197733270003E-002   0.0000000000000000     
   7.1280000000000001        0.0000000000000000       -1.0382307433908264E-002   0.0000000000000000     
   7.3260000000000005        0.0000000000000000       -1.0181427137257264E-002   0.0000000000000000     
   7.5240000000000000        0.0000000000000000       -9.9872581876124817E-003   0.0000000000000000     
   7.7220000000000004        0.0000000000000000       -9.7995099968724124E-003   0.0000000000000000     
   7.9199999999999999        0.0000000000000000       -9.6179008540641115E-003   0.0000000000000000     
   8.1180000000000003        0.0000000000000000       -9.4421589284359210E-003   0.0000000000000000     
   8.3160000000000007        0.0000000000000000       -9.2720225837736696E-003   0.0000000000000000     
   8.5140000000000011        0.0000000000000000       -9.1072405270326076E-003   0.0000000000000000     
   8.7119999999999997        0.0000000000000000       -8.9475722046892265E-003   0.0000000000000000     
   8.9100000000000001        0.0000000000000000       -8.7927865613765793E-003   0.0000000000000000     
   9.1080000000000005        0.0000000000000000       -8.6426633729629245E-003   0.0000000000000000     
   9.3060000000000009        0.0000000000000000       -8.4969913014321385E-003   0.0000000000000000     
   9.5040000000000013        0.0000000000000000       -8.3555688562673026E-003   0.0000000000000000     
   9.7020000000000000        0.0000000000000000       -8.2182031226683359E-003   0.0000000000000000     
   9.9000000000000004        0.0000000000000000       -8.0847094449314049E-003   0.0000000000000000     
   10.098000000000001        0.0000000000000000       -7.9549115628676937E-003   0.0000000000000000     
   10.296000000000001        0.0000000000000000       -7.8286402547593000E-003   0.0000000000000000     
   10.494000000000000        0.0000000000000000       -7.7057336470666982E-003   0.0000000000000000     
   10.692000000000000        0.0000000000000000       -7.5860363781724890E-003   0.0000000000000000     
   10.890000000000001        0.0000000000000000       -7.4693990563933317E-003   0.0000000000000000     
   11.088000000000001        0.0000000000000000       -7.3556782228795751E-003   0.0000000000000000     
   11.286000000000001        0.0000000000000000       -7.2447355045284515E-003   0.0000000000000000     
   11.484000000000000        0.0000000000000000       -7.1364372588805071E-003   0.0000000000000000     
   11.682000000000000        0.0000000000000000       -7.0306541812243401E-003   0.0000000000000000     
   11.880000000000001        0.0000000000000000       -6.9272608990272903E-003   0.0000000000000000     
   12.078000000000001        0.0000000000000000       -6.8261354479214739E-003   0.0000000000000000     
   12.276000000000000        0.0000000000000000       -6.7271586997588789E-003   0.0000000000000000     
   12.474000000000000        0.0000000000000000       -6.6302141404700112E-003   0.0000000000000000     
   12.672000000000001        0.0000000000000000       -6.5351871852048051E-003   0.0000000000000000     
   12.870000000000001        0.0000000000000000       -6.4419646054659947E-003   0.0000000000000000     
   13.068000000000001        0.0000000000000000       -6.3504344272559115E-003   0.0000000000000000     
   13.266000000000000        0.0000000000000000       -6.2604846240372205E-003   0.0000000000000000     
   13.464000000000000        0.0000000000000000       -6.1720032757345356E-003   0.0000000000000000     
   13.662000000000001        0.0000000000000000       -6.0848771957901409E-003   0.0000000000000000     
   13.860000000000001        0.0000000000000000       -5.9989918965984330E-003   0.0000000000000000     
   14.058000000000000        0.0000000000000000       -5.9142301137867026E-003   0.0000000000000000     
   14.256000000000000        0.0000000000000000       -5.8304713803673681E-003   0.0000000000000000     
   14.454000000000001        0.0000000000000000       -5.7475906238368783E-003   0.0000000000000000     
   14.652000000000001        0.0000000000000000       -5.6654573370630212E-003   0.0000000000000000     
   14.850000000000001        0.0000000000000000       -5.5839340555565312E-003   0.0000000000000000     
   15.048000000000000        0.0000000000000000       -5.5028748107772548E-003   0.0000000000000000     
   15.246000000000000        0.0000000000000000       -5.4221233304203552E-003   0.0000000000000000     
   15.444000000000001        0.0000000000000000       -5.3415111055098935E-003   0.0000000000000000     
   15.642000000000001        0.0000000000000000       -5.2608547896856638E-003   0.0000000000000000     
   15.840000000000000        0.0000000000000000       -5.1799534012358754E-003   0.0000000000000000     
   16.038000000000000        0.0000000000000000       -5.0985849485761991E-003   0.0000000000000000     
   16.236000000000001        0.0000000000000000       -5.0165026100634563E-003   0.0000000000000000     
   16.434000000000001        0.0000000000000000       -4.9334297058580027E-003   0.0000000000000000     
   16.632000000000001        0.0000000000000000       -4.8506225066946695E-003   0.0000000000000000     
   16.830000000000002        0.0000000000000000       -4.7650488133118675E-003   0.0000000000000000     
   17.028000000000002        0.0000000000000000       -4.6776063791715986E-003   0.0000000000000000     
   17.225999999999999        0.0000000000000000       -4.5876481617724858E-003   0.0000000000000000     
   17.423999999999999        0.0000000000000000       -4.4947121937125118E-003   0.0000000000000000     
   17.622000000000000        0.0000000000000000       -4.3982211765842558E-003   0.0000000000000000     
   17.820000000000000        0.0000000000000000       -4.2968745021714156E-003   0.0000000000000000     
   18.018000000000001        0.0000000000000000       -4.1903366992159527E-003   0.0000000000000000     
   18.216000000000001        0.0000000000000000       -4.0776149377501712E-003   0.0000000000000000     
   18.414000000000001        0.0000000000000000       -3.9575716428872400E-003   0.0000000000000000     
   18.612000000000002        0.0000000000000000       -3.8305056353246489E-003   0.0000000000000000     
   18.810000000000002        0.0000000000000000       -3.6929784588731035E-003   0.0000000000000000     
   19.008000000000003        0.0000000000000000       -3.5463566332129457E-003   0.0000000000000000     
   19.206000000000000        0.0000000000000000       -3.3884232252787681E-003   0.0000000000000000     
   19.404000000000000        0.0000000000000000       -3.2173464472071349E-003   0.0000000000000000     
   19.602000000000000        0.0000000000000000       -3.0320298903172573E-003   0.0000000000000000     
