  -19.602000000000000        0.0000000000000000        2.1365186988618569E-003   0.0000000000000000     
  -19.404000000000000        0.0000000000000000        2.2650232731871644E-003   0.0000000000000000     
  -19.206000000000000        0.0000000000000000        2.3845584445569830E-003   0.0000000000000000     
  -19.008000000000003        0.0000000000000000        2.4959780372863934E-003   0.0000000000000000     
  -18.810000000000002        0.0000000000000000        2.6004187764101859E-003   0.0000000000000000     
  -18.612000000000002        0.0000000000000000        2.6978667158748153E-003   0.0000000000000000     
  -18.414000000000001        0.0000000000000000        2.7881038727798168E-003   0.0000000000000000     
  -18.216000000000001        0.0000000000000000        2.8736339407318006E-003   0.0000000000000000     
  -18.018000000000001        0.0000000000000000        2.9540723045341391E-003   0.0000000000000000     
  -17.820000000000000        0.0000000000000000        3.0302095266036980E-003   0.0000000000000000     
  -17.622000000000000        0.0000000000000000        3.1023208871051502E-003   0.0000000000000000     
  -17.423999999999999        0.0000000000000000        3.1712530142636872E-003   0.0000000000000000     
  -17.225999999999999        0.0000000000000000        3.2377393506685345E-003   0.0000000000000000     
  -17.028000000000002        0.0000000000000000        3.3021628532909179E-003   0.0000000000000000     
  -16.830000000000002        0.0000000000000000        3.3648613267949923E-003   0.0000000000000000     
  -16.632000000000001        0.0000000000000000        3.4260792077999108E-003   0.0000000000000000     
  -16.434000000000001        0.0000000000000000        3.4865057378321929E-003   0.0000000000000000     
  -16.236000000000001        0.0000000000000000        3.5459983892385215E-003   0.0000000000000000     
  -16.038000000000000        0.0000000000000000        3.6047810906575236E-003   0.0000000000000000     
  -15.840000000000000        0.0000000000000000        3.6630533116727114E-003   0.0000000000000000     
  -15.642000000000001        0.0000000000000000        3.7209938023458097E-003   0.0000000000000000     
  -15.444000000000001        0.0000000000000000        3.7787636303777922E-003   0.0000000000000000     
  -15.246000000000000        0.0000000000000000        3.8365091168775841E-003   0.0000000000000000     
  -15.048000000000000        0.0000000000000000        3.8943639683661530E-003   0.0000000000000000     
  -14.850000000000001        0.0000000000000000        3.9524512788140708E-003   0.0000000000000000     
  -14.652000000000001        0.0000000000000000        4.0108853984864284E-003   0.0000000000000000     
  -14.454000000000001        0.0000000000000000        4.0697732852260134E-003   0.0000000000000000     
  -14.256000000000000        0.0000000000000000        4.1292158416798234E-003   0.0000000000000000     
  -14.058000000000000        0.0000000000000000        4.1893089886751046E-003   0.0000000000000000     
  -13.860000000000001        0.0000000000000000        4.2501446434248542E-003   0.0000000000000000     
  -13.662000000000001        0.0000000000000000        4.3118116378196786E-003   0.0000000000000000     
  -13.464000000000000        0.0000000000000000        4.3743963555863937E-003   0.0000000000000000     
  -13.266000000000000        0.0000000000000000        4.4379834473343488E-003   0.0000000000000000     
  -13.068000000000001        0.0000000000000000        4.5026564693270909E-003   0.0000000000000000     
  -12.870000000000001        0.0000000000000000        4.5684984475923866E-003   0.0000000000000000     
  -12.672000000000001        0.0000000000000000        4.6355922085994719E-003   0.0000000000000000     
  -12.474000000000000        0.0000000000000000        4.7040209710215355E-003   0.0000000000000000     
  -12.276000000000000        0.0000000000000000        4.7738688418667991E-003   0.0000000000000000     
  -12.078000000000001        0.0000000000000000        4.8452210342415881E-003   0.0000000000000000     
  -11.880000000000001        0.0000000000000000        4.9181644047296517E-003   0.0000000000000000     
  -11.682000000000000        0.0000000000000000        4.9927876596333786E-003   0.0000000000000000     
  -11.484000000000000        0.0000000000000000        5.0691818918922413E-003   0.0000000000000000     
  -11.286000000000001        0.0000000000000000        5.1474407366278504E-003   0.0000000000000000     
  -11.088000000000001        0.0000000000000000        5.2276608873230573E-003   0.0000000000000000     
  -10.890000000000001        0.0000000000000000        5.3099422343146664E-003   0.0000000000000000     
  -10.692000000000000        0.0000000000000000        5.3943884556341606E-003   0.0000000000000000     
  -10.494000000000000        0.0000000000000000        5.4811070064075974E-003   0.0000000000000000     
  -10.296000000000001        0.0000000000000000        5.5702097578576989E-003   0.0000000000000000     
  -10.098000000000001        0.0000000000000000        5.6618130814133985E-003   0.0000000000000000     
  -9.9000000000000004        0.0000000000000000        5.7560383250233257E-003   0.0000000000000000     
  -9.7020000000000000        0.0000000000000000        5.8530121182545454E-003   0.0000000000000000     
  -9.5040000000000013        0.0000000000000000        5.9528666204733058E-003   0.0000000000000000     
  -9.3060000000000009        0.0000000000000000        6.0557397305428112E-003   0.0000000000000000     
  -9.1080000000000005        0.0000000000000000        6.1617756516245646E-003   0.0000000000000000     
  -8.9100000000000001        0.0000000000000000        6.2711248282690361E-003   0.0000000000000000     
  -8.7119999999999997        0.0000000000000000        6.3839444305640140E-003   0.0000000000000000     
  -8.5140000000000011        0.0000000000000000        6.5003984684314188E-003   0.0000000000000000     
  -8.3160000000000007        0.0000000000000000        6.6206576317039446E-003   0.0000000000000000     
  -8.1180000000000003        0.0000000000000000        6.7448998339566324E-003   0.0000000000000000     
  -7.9199999999999999        0.0000000000000000        6.8733098037114327E-003   0.0000000000000000     
  -7.7220000000000004        0.0000000000000000        7.0060787657427129E-003   0.0000000000000000     
  -7.5240000000000000        0.0000000000000000        7.1434044302466906E-003   0.0000000000000000     
  -7.3260000000000005        0.0000000000000000        7.2854899130131807E-003   0.0000000000000000     
  -7.1280000000000001        0.0000000000000000        7.4325431434326631E-003   0.0000000000000000     
  -6.9300000000000006        0.0000000000000000        7.5847752171014316E-003   0.0000000000000000     
  -6.7320000000000002        0.0000000000000000        7.7423985071590849E-003   0.0000000000000000     
  -6.5340000000000007        0.0000000000000000        7.9056242342140457E-003   0.0000000000000000     
  -6.3360000000000003        0.0000000000000000        8.0746585638912013E-003   0.0000000000000000     
  -6.1379999999999999        0.0000000000000000        8.2496985415757267E-003   0.0000000000000000     
  -5.9400000000000004        0.0000000000000000        8.4309251841391403E-003   0.0000000000000000     
  -5.7420000000000000        0.0000000000000000        8.6184958365709986E-003   0.0000000000000000     
  -5.5440000000000005        0.0000000000000000        8.8125328471474005E-003   0.0000000000000000     
  -5.3460000000000001        0.0000000000000000        9.0131097702398251E-003   0.0000000000000000     
  -5.1480000000000006        0.0000000000000000        9.2202328659026396E-003   0.0000000000000000     
  -4.9500000000000002        0.0000000000000000        9.4338155637549818E-003   0.0000000000000000     
  -4.7520000000000007        0.0000000000000000        9.6536472271160460E-003   0.0000000000000000     
  -4.5540000000000003        0.0000000000000000        9.8793493576269202E-003   0.0000000000000000     
  -4.3559999999999999        0.0000000000000000        1.0110321222578872E-002   0.0000000000000000     
  -4.1580000000000004        0.0000000000000000        1.0345666710835137E-002   0.0000000000000000     
  -3.9600000000000000        0.0000000000000000        1.0584106472924027E-002   0.0000000000000000     
  -3.7620000000000000        0.0000000000000000        1.0823875694530756E-002   0.0000000000000000     
  -3.5640000000000001        0.0000000000000000        1.1062654194093200E-002   0.0000000000000000     
  -3.3660000000000001        0.0000000000000000        1.1297679366594116E-002   0.0000000000000000     
  -3.1680000000000001        0.0000000000000000        1.1526525822567957E-002   0.0000000000000000     
  -2.9700000000000002        0.0000000000000000        1.1747841120082736E-002   0.0000000000000000     
  -2.7720000000000002        0.0000000000000000        1.1954879018308951E-002   0.0000000000000000     
  -2.5740000000000003        0.0000000000000000        1.2135302189023268E-002   0.0000000000000000     
  -2.3760000000000003        0.0000000000000000        1.2276025446650508E-002   0.0000000000000000     
  -2.1779999999999999        0.0000000000000000        1.2360560120906793E-002   0.0000000000000000     
  -1.9800000000000000        0.0000000000000000        1.2368022674207287E-002   0.0000000000000000     
  -1.7820000000000000        0.0000000000000000        1.2266564625854995E-002   0.0000000000000000     
  -1.5840000000000001        0.0000000000000000        1.2018386109322659E-002   0.0000000000000000     
  -1.3860000000000001        0.0000000000000000        1.1586011610750794E-002   0.0000000000000000     
  -1.1880000000000002        0.0000000000000000        1.0926253074475489E-002   0.0000000000000000     
 -0.98999999999999999        0.0000000000000000        9.9780550426238485E-003   0.0000000000000000     
 -0.79200000000000004        0.0000000000000000        8.6801069099872192E-003   0.0000000000000000     
 -0.59400000000000008        0.0000000000000000        6.9999079003229981E-003   0.0000000000000000     
 -0.39600000000000002        0.0000000000000000        4.9398760757729115E-003   0.0000000000000000     
 -0.19800000000000001        0.0000000000000000        2.5622860687187820E-003   0.0000000000000000     
   0.0000000000000000        0.0000000000000000        0.0000000000000000        0.0000000000000000     
  0.19800000000000001        0.0000000000000000       -2.5622860687187820E-003   0.0000000000000000     
  0.39600000000000002        0.0000000000000000       -4.9398760757729115E-003   0.0000000000000000     
  0.59400000000000008        0.0000000000000000       -6.9999079003229981E-003   0.0000000000000000     
  0.79200000000000004        0.0000000000000000       -8.6801069099872192E-003   0.0000000000000000     
  0.98999999999999999        0.0000000000000000       -9.9780550426238485E-003   0.0000000000000000     
   1.1880000000000002        0.0000000000000000       -1.0926253074475489E-002   0.0000000000000000     
   1.3860000000000001        0.0000000000000000       -1.1586011610750794E-002   0.0000000000000000     
   1.5840000000000001        0.0000000000000000       -1.2018386109322659E-002   0.0000000000000000     
   1.7820000000000000        0.0000000000000000       -1.2266564625854995E-002   0.0000000000000000     
   1.9800000000000000        0.0000000000000000       -1.2368022674207287E-002   0.0000000000000000     
   2.1779999999999999        0.0000000000000000       -1.2360560120906793E-002   0.0000000000000000     
   2.3760000000000003        0.0000000000000000       -1.2276025446650508E-002   0.0000000000000000     
   2.5740000000000003        0.0000000000000000       -1.2135302189023268E-002   0.0000000000000000     
   2.7720000000000002        0.0000000000000000       -1.1954879018308951E-002   0.0000000000000000     
   2.9700000000000002        0.0000000000000000       -1.1747841120082736E-002   0.0000000000000000     
   3.1680000000000001        0.0000000000000000       -1.1526525822567957E-002   0.0000000000000000     
   3.3660000000000001        0.0000000000000000       -1.1297679366594116E-002   0.0000000000000000     
   3.5640000000000001        0.0000000000000000       -1.1062654194093200E-002   0.0000000000000000     
   3.7620000000000000        0.0000000000000000       -1.0823875694530756E-002   0.0000000000000000     
   3.9600000000000000        0.0000000000000000       -1.0584106472924027E-002   0.0000000000000000     
   4.1580000000000004        0.0000000000000000       -1.0345666710835137E-002   0.0000000000000000     
   4.3559999999999999        0.0000000000000000       -1.0110321222578872E-002   0.0000000000000000     
   4.5540000000000003        0.0000000000000000       -9.8793493576269202E-003   0.0000000000000000     
   4.7520000000000007        0.0000000000000000       -9.6536472271160460E-003   0.0000000000000000     
   4.9500000000000002        0.0000000000000000       -9.4338155637549818E-003   0.0000000000000000     
   5.1480000000000006        0.0000000000000000       -9.2202328659026396E-003   0.0000000000000000     
   5.3460000000000001        0.0000000000000000       -9.0131097702398251E-003   0.0000000000000000     
   5.5440000000000005        0.0000000000000000       -8.8125328471474005E-003   0.0000000000000000     
   5.7420000000000000        0.0000000000000000       -8.6184958365709986E-003   0.0000000000000000     
   5.9400000000000004        0.0000000000000000       -8.4309251841391403E-003   0.0000000000000000     
   6.1379999999999999        0.0000000000000000       -8.2496985415757267E-003   0.0000000000000000     
   6.3360000000000003        0.0000000000000000       -8.0746585638912013E-003   0.0000000000000000     
   6.5340000000000007        0.0000000000000000       -7.9056242342140457E-003   0.0000000000000000     
   6.7320000000000002        0.0000000000000000       -7.7423985071590849E-003   0.0000000000000000     
   6.9300000000000006        0.0000000000000000       -7.5847752171014316E-003   0.0000000000000000     
   7.1280000000000001        0.0000000000000000       -7.4325431434326631E-003   0.0000000000000000     
   7.3260000000000005        0.0000000000000000       -7.2854899130131807E-003   0.0000000000000000     
   7.5240000000000000        0.0000000000000000       -7.1434044302466906E-003   0.0000000000000000     
   7.7220000000000004        0.0000000000000000       -7.0060787657427129E-003   0.0000000000000000     
   7.9199999999999999        0.0000000000000000       -6.8733098037114327E-003   0.0000000000000000     
   8.1180000000000003        0.0000000000000000       -6.7448998339566324E-003   0.0000000000000000     
   8.3160000000000007        0.0000000000000000       -6.6206576317039446E-003   0.0000000000000000     
   8.5140000000000011        0.0000000000000000       -6.5003984684314188E-003   0.0000000000000000     
   8.7119999999999997        0.0000000000000000       -6.3839444305640140E-003   0.0000000000000000     
   8.9100000000000001        0.0000000000000000       -6.2711248282690361E-003   0.0000000000000000     
   9.1080000000000005        0.0000000000000000       -6.1617756516245646E-003   0.0000000000000000     
   9.3060000000000009        0.0000000000000000       -6.0557397305428112E-003   0.0000000000000000     
   9.5040000000000013        0.0000000000000000       -5.9528666204733058E-003   0.0000000000000000     
   9.7020000000000000        0.0000000000000000       -5.8530121182545454E-003   0.0000000000000000     
   9.9000000000000004        0.0000000000000000       -5.7560383250233257E-003   0.0000000000000000     
   10.098000000000001        0.0000000000000000       -5.6618130814133985E-003   0.0000000000000000     
   10.296000000000001        0.0000000000000000       -5.5702097578576989E-003   0.0000000000000000     
   10.494000000000000        0.0000000000000000       -5.4811070064075974E-003   0.0000000000000000     
   10.692000000000000        0.0000000000000000       -5.3943884556341606E-003   0.0000000000000000     
   10.890000000000001        0.0000000000000000       -5.3099422343146664E-003   0.0000000000000000     
   11.088000000000001        0.0000000000000000       -5.2276608873230573E-003   0.0000000000000000     
   11.286000000000001        0.0000000000000000       -5.1474407366278504E-003   0.0000000000000000     
   11.484000000000000        0.0000000000000000       -5.0691818918922413E-003   0.0000000000000000     
   11.682000000000000        0.0000000000000000       -4.9927876596333786E-003   0.0000000000000000     
   11.880000000000001        0.0000000000000000       -4.9181644047296517E-003   0.0000000000000000     
   12.078000000000001        0.0000000000000000       -4.8452210342415881E-003   0.0000000000000000     
   12.276000000000000        0.0000000000000000       -4.7738688418667991E-003   0.0000000000000000     
   12.474000000000000        0.0000000000000000       -4.7040209710215355E-003   0.0000000000000000     
   12.672000000000001        0.0000000000000000       -4.6355922085994719E-003   0.0000000000000000     
   12.870000000000001        0.0000000000000000       -4.5684984475923866E-003   0.0000000000000000     
   13.068000000000001        0.0000000000000000       -4.5026564693270909E-003   0.0000000000000000     
   13.266000000000000        0.0000000000000000       -4.4379834473343488E-003   0.0000000000000000     
   13.464000000000000        0.0000000000000000       -4.3743963555863937E-003   0.0000000000000000     
   13.662000000000001        0.0000000000000000       -4.3118116378196786E-003   0.0000000000000000     
   13.860000000000001        0.0000000000000000       -4.2501446434248542E-003   0.0000000000000000     
   14.058000000000000        0.0000000000000000       -4.1893089886751046E-003   0.0000000000000000     
   14.256000000000000        0.0000000000000000       -4.1292158416798234E-003   0.0000000000000000     
   14.454000000000001        0.0000000000000000       -4.0697732852260134E-003   0.0000000000000000     
   14.652000000000001        0.0000000000000000       -4.0108853984864284E-003   0.0000000000000000     
   14.850000000000001        0.0000000000000000       -3.9524512788140708E-003   0.0000000000000000     
   15.048000000000000        0.0000000000000000       -3.8943639683661530E-003   0.0000000000000000     
   15.246000000000000        0.0000000000000000       -3.8365091168775841E-003   0.0000000000000000     
   15.444000000000001        0.0000000000000000       -3.7787636303777922E-003   0.0000000000000000     
   15.642000000000001        0.0000000000000000       -3.7209938023458097E-003   0.0000000000000000     
   15.840000000000000        0.0000000000000000       -3.6630533116727114E-003   0.0000000000000000     
   16.038000000000000        0.0000000000000000       -3.6047810906575236E-003   0.0000000000000000     
   16.236000000000001        0.0000000000000000       -3.5459983892385215E-003   0.0000000000000000     
   16.434000000000001        0.0000000000000000       -3.4865057378321929E-003   0.0000000000000000     
   16.632000000000001        0.0000000000000000       -3.4260792077999108E-003   0.0000000000000000     
   16.830000000000002        0.0000000000000000       -3.3648613267949923E-003   0.0000000000000000     
   17.028000000000002        0.0000000000000000       -3.3021628532909179E-003   0.0000000000000000     
   17.225999999999999        0.0000000000000000       -3.2377393506685345E-003   0.0000000000000000     
   17.423999999999999        0.0000000000000000       -3.1712530142636872E-003   0.0000000000000000     
   17.622000000000000        0.0000000000000000       -3.1023208871051502E-003   0.0000000000000000     
   17.820000000000000        0.0000000000000000       -3.0302095266036980E-003   0.0000000000000000     
   18.018000000000001        0.0000000000000000       -2.9540723045341391E-003   0.0000000000000000     
   18.216000000000001        0.0000000000000000       -2.8736339407318006E-003   0.0000000000000000     
   18.414000000000001        0.0000000000000000       -2.7881038727798168E-003   0.0000000000000000     
   18.612000000000002        0.0000000000000000       -2.6978667158748153E-003   0.0000000000000000     
   18.810000000000002        0.0000000000000000       -2.6004187764101859E-003   0.0000000000000000     
   19.008000000000003        0.0000000000000000       -2.4959780372863934E-003   0.0000000000000000     
   19.206000000000000        0.0000000000000000       -2.3845584445569830E-003   0.0000000000000000     
   19.404000000000000        0.0000000000000000       -2.2650232731871644E-003   0.0000000000000000     
   19.602000000000000        0.0000000000000000       -2.1365186988618569E-003   0.0000000000000000     
