  -19.602000000000000        0.0000000000000000        4.0792256534733264E-003   0.0000000000000000     
  -19.404000000000000        0.0000000000000000        4.3788889405479096E-003   0.0000000000000000     
  -19.206000000000000        0.0000000000000000        4.6521764132675756E-003   0.0000000000000000     
  -19.008000000000003        0.0000000000000000        4.8988255788834367E-003   0.0000000000000000     
  -18.810000000000002        0.0000000000000000        5.1240591634738441E-003   0.0000000000000000     
  -18.612000000000002        0.0000000000000000        5.3279049872495118E-003   0.0000000000000000     
  -18.414000000000001        0.0000000000000000        5.5155376112470201E-003   0.0000000000000000     
  -18.216000000000001        0.0000000000000000        5.6884396567337906E-003   0.0000000000000000     
  -18.018000000000001        0.0000000000000000        5.8482122550929400E-003   0.0000000000000000     
  -17.820000000000000        0.0000000000000000        5.9988645473762958E-003   0.0000000000000000     
  -17.622000000000000        0.0000000000000000        6.1405193888215874E-003   0.0000000000000000     
  -17.423999999999999        0.0000000000000000        6.2756896739281226E-003   0.0000000000000000     
  -17.225999999999999        0.0000000000000000        6.4055861644070240E-003   0.0000000000000000     
  -17.028000000000002        0.0000000000000000        6.5312413678083386E-003   0.0000000000000000     
  -16.830000000000002        0.0000000000000000        6.6535130115908166E-003   0.0000000000000000     
  -16.632000000000001        0.0000000000000000        6.7735115057936980E-003   0.0000000000000000     
  -16.434000000000001        0.0000000000000000        6.8914735397406918E-003   0.0000000000000000     
  -16.236000000000001        0.0000000000000000        7.0079682792529375E-003   0.0000000000000000     
  -16.038000000000000        0.0000000000000000        7.1234882476924671E-003   0.0000000000000000     
  -15.840000000000000        0.0000000000000000        7.2384638471867640E-003   0.0000000000000000     
  -15.642000000000001        0.0000000000000000        7.3532745809157399E-003   0.0000000000000000     
  -15.444000000000001        0.0000000000000000        7.4682589554549653E-003   0.0000000000000000     
  -15.246000000000000        0.0000000000000000        7.5837216404565123E-003   0.0000000000000000     
  -15.048000000000000        0.0000000000000000        7.6999402628565201E-003   0.0000000000000000     
  -14.850000000000001        0.0000000000000000        7.8171701064095132E-003   0.0000000000000000     
  -14.652000000000001        0.0000000000000000        7.9356493854719507E-003   0.0000000000000000     
  -14.454000000000001        0.0000000000000000        8.0556013092578233E-003   0.0000000000000000     
  -14.256000000000000        0.0000000000000000        8.1772389684878696E-003   0.0000000000000000     
  -14.058000000000000        0.0000000000000000        8.3007662769555967E-003   0.0000000000000000     
  -13.860000000000001        0.0000000000000000        8.4263817562262658E-003   0.0000000000000000     
  -13.662000000000001        0.0000000000000000        8.5542790661031209E-003   0.0000000000000000     
  -13.464000000000000        0.0000000000000000        8.6846499837182640E-003   0.0000000000000000     
  -13.266000000000000        0.0000000000000000        8.8176849975995040E-003   0.0000000000000000     
  -13.068000000000001        0.0000000000000000        8.9535752935773361E-003   0.0000000000000000     
  -12.870000000000001        0.0000000000000000        9.0925135931151108E-003   0.0000000000000000     
  -12.672000000000001        0.0000000000000000        9.2346958954135500E-003   0.0000000000000000     
  -12.474000000000000        0.0000000000000000        9.3803220327641715E-003   0.0000000000000000     
  -12.276000000000000        0.0000000000000000        9.5295970075453575E-003   0.0000000000000000     
  -12.078000000000001        0.0000000000000000        9.6827321660689705E-003   0.0000000000000000     
  -11.880000000000001        0.0000000000000000        9.8399458733001936E-003   0.0000000000000000     
  -11.682000000000000        0.0000000000000000        1.0001464955393800E-002   0.0000000000000000     
  -11.484000000000000        0.0000000000000000        1.0167525326022209E-002   0.0000000000000000     
  -11.286000000000001        0.0000000000000000        1.0338373374989461E-002   0.0000000000000000     
  -11.088000000000001        0.0000000000000000        1.0514266792735195E-002   0.0000000000000000     
  -10.890000000000001        0.0000000000000000        1.0695475571814290E-002   0.0000000000000000     
  -10.692000000000000        0.0000000000000000        1.0882283614426117E-002   0.0000000000000000     
  -10.494000000000000        0.0000000000000000        1.1074989344455463E-002   0.0000000000000000     
  -10.296000000000001        0.0000000000000000        1.1273907355097859E-002   0.0000000000000000     
  -10.098000000000001        0.0000000000000000        1.1479369087957700E-002   0.0000000000000000     
  -9.9000000000000004        0.0000000000000000        1.1691725095940618E-002   0.0000000000000000     
  -9.7020000000000000        0.0000000000000000        1.1911345546297686E-002   0.0000000000000000     
  -9.5040000000000013        0.0000000000000000        1.2138622157449265E-002   0.0000000000000000     
  -9.3060000000000009        0.0000000000000000        1.2373969068193777E-002   0.0000000000000000     
  -9.1080000000000005        0.0000000000000000        1.2617825240014499E-002   0.0000000000000000     
  -8.9100000000000001        0.0000000000000000        1.2870655304627247E-002   0.0000000000000000     
  -8.7119999999999997        0.0000000000000000        1.3132951281428107E-002   0.0000000000000000     
  -8.5140000000000011        0.0000000000000000        1.3405234350937392E-002   0.0000000000000000     
  -8.3160000000000007        0.0000000000000000        1.3688056027494061E-002   0.0000000000000000     
  -8.1180000000000003        0.0000000000000000        1.3981999426890228E-002   0.0000000000000000     
  -7.9199999999999999        0.0000000000000000        1.4287681231538795E-002   0.0000000000000000     
  -7.7220000000000004        0.0000000000000000        1.4605751729647750E-002   0.0000000000000000     
  -7.5240000000000000        0.0000000000000000        1.4936896272273986E-002   0.0000000000000000     
  -7.3260000000000005        0.0000000000000000        1.5281834652756177E-002   0.0000000000000000     
  -7.1280000000000001        0.0000000000000000        1.5641321549614878E-002   0.0000000000000000     
  -6.9300000000000006        0.0000000000000000        1.6016144089219298E-002   0.0000000000000000     
  -6.7320000000000002        0.0000000000000000        1.6407119305448647E-002   0.0000000000000000     
  -6.5340000000000007        0.0000000000000000        1.6815090212813445E-002   0.0000000000000000     
  -6.3360000000000003        0.0000000000000000        1.7240918967312713E-002   0.0000000000000000     
  -6.1379999999999999        0.0000000000000000        1.7685476932751288E-002   0.0000000000000000     
  -5.9400000000000004        0.0000000000000000        1.8149631396040741E-002   0.0000000000000000     
  -5.7420000000000000        0.0000000000000000        1.8634227514756671E-002   0.0000000000000000     
  -5.5440000000000005        0.0000000000000000        1.9140061663631018E-002   0.0000000000000000     
  -5.3460000000000001        0.0000000000000000        1.9667848454624166E-002   0.0000000000000000     
  -5.1480000000000006        0.0000000000000000        2.0218174527602873E-002   0.0000000000000000     
  -4.9500000000000002        0.0000000000000000        2.0791436503306442E-002   0.0000000000000000     
  -4.7520000000000007        0.0000000000000000        2.1387761024436867E-002   0.0000000000000000     
  -4.5540000000000003        0.0000000000000000        2.2006896527646664E-002   0.0000000000000000     
  -4.3559999999999999        0.0000000000000000        2.2648071934667439E-002   0.0000000000000000     
  -4.1580000000000004        0.0000000000000000        2.3309811652102583E-002   0.0000000000000000     
  -3.9600000000000000        0.0000000000000000        2.3989697904819775E-002   0.0000000000000000     
  -3.7620000000000000        0.0000000000000000        2.4684072731461757E-002   0.0000000000000000     
  -3.5640000000000001        0.0000000000000000        2.5387701258227788E-002   0.0000000000000000     
  -3.3660000000000001        0.0000000000000000        2.6093483116957587E-002   0.0000000000000000     
  -3.1680000000000001        0.0000000000000000        2.6792514078300106E-002   0.0000000000000000     
  -2.9700000000000002        0.0000000000000000        2.7474930129921693E-002   0.0000000000000000     
  -2.7720000000000002        0.0000000000000000        2.8129472241882138E-002   0.0000000000000000     
  -2.5740000000000003        0.0000000000000000        2.8734883511454614E-002   0.0000000000000000     
  -2.3760000000000003        0.0000000000000000        2.9257654236512328E-002   0.0000000000000000     
  -2.1779999999999999        0.0000000000000000        2.9656348360637914E-002   0.0000000000000000     
  -1.9800000000000000        0.0000000000000000        2.9876085043470335E-002   0.0000000000000000     
  -1.7820000000000000        0.0000000000000000        2.9840238377047103E-002   0.0000000000000000     
  -1.5840000000000001        0.0000000000000000        2.9458839925696589E-002   0.0000000000000000     
  -1.3860000000000001        0.0000000000000000        2.8616578873299464E-002   0.0000000000000000     
  -1.1880000000000002        0.0000000000000000        2.7175957154523544E-002   0.0000000000000000     
 -0.98999999999999999        0.0000000000000000        2.4995168377044536E-002   0.0000000000000000     
 -0.79200000000000004        0.0000000000000000        2.1918972893362785E-002   0.0000000000000000     
 -0.59400000000000008        0.0000000000000000        1.7823530809843974E-002   0.0000000000000000     
 -0.39600000000000002        0.0000000000000000        1.2672436763923116E-002   0.0000000000000000     
 -0.19800000000000001        0.0000000000000000        6.6051527755360594E-003   0.0000000000000000     
   0.0000000000000000        0.0000000000000000        0.0000000000000000        0.0000000000000000     
  0.19800000000000001        0.0000000000000000       -6.6051527755360594E-003   0.0000000000000000     
  0.39600000000000002        0.0000000000000000       -1.2672436763923116E-002   0.0000000000000000     
  0.59400000000000008        0.0000000000000000       -1.7823530809843974E-002   0.0000000000000000     
  0.79200000000000004        0.0000000000000000       -2.1918972893362785E-002   0.0000000000000000     
  0.98999999999999999        0.0000000000000000       -2.4995168377044536E-002   0.0000000000000000     
   1.1880000000000002        0.0000000000000000       -2.7175957154523544E-002   0.0000000000000000     
   1.3860000000000001        0.0000000000000000       -2.8616578873299464E-002   0.0000000000000000     
   1.5840000000000001        0.0000000000000000       -2.9458839925696589E-002   0.0000000000000000     
   1.7820000000000000        0.0000000000000000       -2.9840238377047103E-002   0.0000000000000000     
   1.9800000000000000        0.0000000000000000       -2.9876085043470335E-002   0.0000000000000000     
   2.1779999999999999        0.0000000000000000       -2.9656348360637914E-002   0.0000000000000000     
   2.3760000000000003        0.0000000000000000       -2.9257654236512328E-002   0.0000000000000000     
   2.5740000000000003        0.0000000000000000       -2.8734883511454614E-002   0.0000000000000000     
   2.7720000000000002        0.0000000000000000       -2.8129472241882138E-002   0.0000000000000000     
   2.9700000000000002        0.0000000000000000       -2.7474930129921693E-002   0.0000000000000000     
   3.1680000000000001        0.0000000000000000       -2.6792514078300106E-002   0.0000000000000000     
   3.3660000000000001        0.0000000000000000       -2.6093483116957587E-002   0.0000000000000000     
   3.5640000000000001        0.0000000000000000       -2.5387701258227788E-002   0.0000000000000000     
   3.7620000000000000        0.0000000000000000       -2.4684072731461757E-002   0.0000000000000000     
   3.9600000000000000        0.0000000000000000       -2.3989697904819775E-002   0.0000000000000000     
   4.1580000000000004        0.0000000000000000       -2.3309811652102583E-002   0.0000000000000000     
   4.3559999999999999        0.0000000000000000       -2.2648071934667439E-002   0.0000000000000000     
   4.5540000000000003        0.0000000000000000       -2.2006896527646664E-002   0.0000000000000000     
   4.7520000000000007        0.0000000000000000       -2.1387761024436867E-002   0.0000000000000000     
   4.9500000000000002        0.0000000000000000       -2.0791436503306442E-002   0.0000000000000000     
   5.1480000000000006        0.0000000000000000       -2.0218174527602873E-002   0.0000000000000000     
   5.3460000000000001        0.0000000000000000       -1.9667848454624166E-002   0.0000000000000000     
   5.5440000000000005        0.0000000000000000       -1.9140061663631018E-002   0.0000000000000000     
   5.7420000000000000        0.0000000000000000       -1.8634227514756671E-002   0.0000000000000000     
   5.9400000000000004        0.0000000000000000       -1.8149631396040741E-002   0.0000000000000000     
   6.1379999999999999        0.0000000000000000       -1.7685476932751288E-002   0.0000000000000000     
   6.3360000000000003        0.0000000000000000       -1.7240918967312713E-002   0.0000000000000000     
   6.5340000000000007        0.0000000000000000       -1.6815090212813445E-002   0.0000000000000000     
   6.7320000000000002        0.0000000000000000       -1.6407119305448647E-002   0.0000000000000000     
   6.9300000000000006        0.0000000000000000       -1.6016144089219298E-002   0.0000000000000000     
   7.1280000000000001        0.0000000000000000       -1.5641321549614878E-002   0.0000000000000000     
   7.3260000000000005        0.0000000000000000       -1.5281834652756177E-002   0.0000000000000000     
   7.5240000000000000        0.0000000000000000       -1.4936896272273986E-002   0.0000000000000000     
   7.7220000000000004        0.0000000000000000       -1.4605751729647750E-002   0.0000000000000000     
   7.9199999999999999        0.0000000000000000       -1.4287681231538795E-002   0.0000000000000000     
   8.1180000000000003        0.0000000000000000       -1.3981999426890228E-002   0.0000000000000000     
   8.3160000000000007        0.0000000000000000       -1.3688056027494061E-002   0.0000000000000000     
   8.5140000000000011        0.0000000000000000       -1.3405234350937392E-002   0.0000000000000000     
   8.7119999999999997        0.0000000000000000       -1.3132951281428107E-002   0.0000000000000000     
   8.9100000000000001        0.0000000000000000       -1.2870655304627247E-002   0.0000000000000000     
   9.1080000000000005        0.0000000000000000       -1.2617825240014499E-002   0.0000000000000000     
   9.3060000000000009        0.0000000000000000       -1.2373969068193777E-002   0.0000000000000000     
   9.5040000000000013        0.0000000000000000       -1.2138622157449265E-002   0.0000000000000000     
   9.7020000000000000        0.0000000000000000       -1.1911345546297686E-002   0.0000000000000000     
   9.9000000000000004        0.0000000000000000       -1.1691725095940618E-002   0.0000000000000000     
   10.098000000000001        0.0000000000000000       -1.1479369087957700E-002   0.0000000000000000     
   10.296000000000001        0.0000000000000000       -1.1273907355097859E-002   0.0000000000000000     
   10.494000000000000        0.0000000000000000       -1.1074989344455463E-002   0.0000000000000000     
   10.692000000000000        0.0000000000000000       -1.0882283614426117E-002   0.0000000000000000     
   10.890000000000001        0.0000000000000000       -1.0695475571814290E-002   0.0000000000000000     
   11.088000000000001        0.0000000000000000       -1.0514266792735195E-002   0.0000000000000000     
   11.286000000000001        0.0000000000000000       -1.0338373374989461E-002   0.0000000000000000     
   11.484000000000000        0.0000000000000000       -1.0167525326022209E-002   0.0000000000000000     
   11.682000000000000        0.0000000000000000       -1.0001464955393800E-002   0.0000000000000000     
   11.880000000000001        0.0000000000000000       -9.8399458733001936E-003   0.0000000000000000     
   12.078000000000001        0.0000000000000000       -9.6827321660689705E-003   0.0000000000000000     
   12.276000000000000        0.0000000000000000       -9.5295970075453575E-003   0.0000000000000000     
   12.474000000000000        0.0000000000000000       -9.3803220327641715E-003   0.0000000000000000     
   12.672000000000001        0.0000000000000000       -9.2346958954135500E-003   0.0000000000000000     
   12.870000000000001        0.0000000000000000       -9.0925135931151108E-003   0.0000000000000000     
   13.068000000000001        0.0000000000000000       -8.9535752935773361E-003   0.0000000000000000     
   13.266000000000000        0.0000000000000000       -8.8176849975995040E-003   0.0000000000000000     
   13.464000000000000        0.0000000000000000       -8.6846499837182640E-003   0.0000000000000000     
   13.662000000000001        0.0000000000000000       -8.5542790661031209E-003   0.0000000000000000     
   13.860000000000001        0.0000000000000000       -8.4263817562262658E-003   0.0000000000000000     
   14.058000000000000        0.0000000000000000       -8.3007662769555967E-003   0.0000000000000000     
   14.256000000000000        0.0000000000000000       -8.1772389684878696E-003   0.0000000000000000     
   14.454000000000001        0.0000000000000000       -8.0556013092578233E-003   0.0000000000000000     
   14.652000000000001        0.0000000000000000       -7.9356493854719507E-003   0.0000000000000000     
   14.850000000000001        0.0000000000000000       -7.8171701064095132E-003   0.0000000000000000     
   15.048000000000000        0.0000000000000000       -7.6999402628565201E-003   0.0000000000000000     
   15.246000000000000        0.0000000000000000       -7.5837216404565123E-003   0.0000000000000000     
   15.444000000000001        0.0000000000000000       -7.4682589554549653E-003   0.0000000000000000     
   15.642000000000001        0.0000000000000000       -7.3532745809157399E-003   0.0000000000000000     
   15.840000000000000        0.0000000000000000       -7.2384638471867640E-003   0.0000000000000000     
   16.038000000000000        0.0000000000000000       -7.1234882476924671E-003   0.0000000000000000     
   16.236000000000001        0.0000000000000000       -7.0079682792529375E-003   0.0000000000000000     
   16.434000000000001        0.0000000000000000       -6.8914735397406918E-003   0.0000000000000000     
   16.632000000000001        0.0000000000000000       -6.7735115057936980E-003   0.0000000000000000     
   16.830000000000002        0.0000000000000000       -6.6535130115908166E-003   0.0000000000000000     
   17.028000000000002        0.0000000000000000       -6.5312413678083386E-003   0.0000000000000000     
   17.225999999999999        0.0000000000000000       -6.4055861644070240E-003   0.0000000000000000     
   17.423999999999999        0.0000000000000000       -6.2756896739281226E-003   0.0000000000000000     
   17.622000000000000        0.0000000000000000       -6.1405193888215874E-003   0.0000000000000000     
   17.820000000000000        0.0000000000000000       -5.9988645473762958E-003   0.0000000000000000     
   18.018000000000001        0.0000000000000000       -5.8482122550929400E-003   0.0000000000000000     
   18.216000000000001        0.0000000000000000       -5.6884396567337906E-003   0.0000000000000000     
   18.414000000000001        0.0000000000000000       -5.5155376112470201E-003   0.0000000000000000     
   18.612000000000002        0.0000000000000000       -5.3279049872495118E-003   0.0000000000000000     
   18.810000000000002        0.0000000000000000       -5.1240591634738441E-003   0.0000000000000000     
   19.008000000000003        0.0000000000000000       -4.8988255788834367E-003   0.0000000000000000     
   19.206000000000000        0.0000000000000000       -4.6521764132675756E-003   0.0000000000000000     
   19.404000000000000        0.0000000000000000       -4.3788889405479096E-003   0.0000000000000000     
   19.602000000000000        0.0000000000000000       -4.0792256534733264E-003   0.0000000000000000     
