  -19.602000000000000        0.0000000000000000        7.8830238302844465E-003   0.0000000000000000     
  -19.404000000000000        0.0000000000000000        8.3452257398459549E-003   0.0000000000000000     
  -19.206000000000000        0.0000000000000000        8.7798451889481051E-003   0.0000000000000000     
  -19.008000000000003        0.0000000000000000        9.1859240993820077E-003   0.0000000000000000     
  -18.810000000000002        0.0000000000000000        9.5636859545818066E-003   0.0000000000000000     
  -18.612000000000002        0.0000000000000000        9.9162379371210436E-003   0.0000000000000000     
  -18.414000000000001        0.0000000000000000        1.0246629172327488E-002   0.0000000000000000     
  -18.216000000000001        0.0000000000000000        1.0558408775053115E-002   0.0000000000000000     
  -18.018000000000001        0.0000000000000000        1.0852825764177086E-002   0.0000000000000000     
  -17.820000000000000        0.0000000000000000        1.1131483469452492E-002   0.0000000000000000     
  -17.622000000000000        0.0000000000000000        1.1397444038668733E-002   0.0000000000000000     
  -17.423999999999999        0.0000000000000000        1.1651678880360299E-002   0.0000000000000000     
  -17.225999999999999        0.0000000000000000        1.1896964580970072E-002   0.0000000000000000     
  -17.028000000000002        0.0000000000000000        1.2134650049253145E-002   0.0000000000000000     
  -16.830000000000002        0.0000000000000000        1.2366028171939330E-002   0.0000000000000000     
  -16.632000000000001        0.0000000000000000        1.2592339163366913E-002   0.0000000000000000     
  -16.434000000000001        0.0000000000000000        1.2814522504548724E-002   0.0000000000000000     
  -16.236000000000001        0.0000000000000000        1.3033449057858455E-002   0.0000000000000000     
  -16.038000000000000        0.0000000000000000        1.3249899791233699E-002   0.0000000000000000     
  -15.840000000000000        0.0000000000000000        1.3464941320602919E-002   0.0000000000000000     
  -15.642000000000001        0.0000000000000000        1.3678759464916443E-002   0.0000000000000000     
  -15.444000000000001        0.0000000000000000        1.3891930925288730E-002   0.0000000000000000     
  -15.246000000000000        0.0000000000000000        1.4104979099966769E-002   0.0000000000000000     
  -15.048000000000000        0.0000000000000000        1.4318381093305086E-002   0.0000000000000000     
  -14.850000000000001        0.0000000000000000        1.4532575817934292E-002   0.0000000000000000     
  -14.652000000000001        0.0000000000000000        1.4747969748314719E-002   0.0000000000000000     
  -14.454000000000001        0.0000000000000000        1.4964941654836285E-002   0.0000000000000000     
  -14.256000000000000        0.0000000000000000        1.5183847666060801E-002   0.0000000000000000     
  -14.058000000000000        0.0000000000000000        1.5405024365796636E-002   0.0000000000000000     
  -13.860000000000001        0.0000000000000000        1.5628792954792848E-002   0.0000000000000000     
  -13.662000000000001        0.0000000000000000        1.5855461703511691E-002   0.0000000000000000     
  -13.464000000000000        0.0000000000000000        1.6085327891487304E-002   0.0000000000000000     
  -13.266000000000000        0.0000000000000000        1.6318681450997189E-002   0.0000000000000000     
  -13.068000000000001        0.0000000000000000        1.6555805415031963E-002   0.0000000000000000     
  -12.870000000000001        0.0000000000000000        1.6796978803289623E-002   0.0000000000000000     
  -12.672000000000001        0.0000000000000000        1.7042477001935907E-002   0.0000000000000000     
  -12.474000000000000        0.0000000000000000        1.7292574423770229E-002   0.0000000000000000     
  -12.276000000000000        0.0000000000000000        1.7547544638192206E-002   0.0000000000000000     
  -12.078000000000001        0.0000000000000000        1.7807662088418944E-002   0.0000000000000000     
  -11.880000000000001        0.0000000000000000        1.8073202151398706E-002   0.0000000000000000     
  -11.682000000000000        0.0000000000000000        1.8344444013665948E-002   0.0000000000000000     
  -11.484000000000000        0.0000000000000000        1.8621669069342602E-002   0.0000000000000000     
  -11.286000000000001        0.0000000000000000        1.8905162689895002E-002   0.0000000000000000     
  -11.088000000000001        0.0000000000000000        1.9195215316405778E-002   0.0000000000000000     
  -10.890000000000001        0.0000000000000000        1.9492122198719063E-002   0.0000000000000000     
  -10.692000000000000        0.0000000000000000        1.9796184063708068E-002   0.0000000000000000     
  -10.494000000000000        0.0000000000000000        2.0107706825846099E-002   0.0000000000000000     
  -10.296000000000001        0.0000000000000000        2.0427003597539847E-002   0.0000000000000000     
  -10.098000000000001        0.0000000000000000        2.0754392389367094E-002   0.0000000000000000     
  -9.9000000000000004        0.0000000000000000        2.1090197843885477E-002   0.0000000000000000     
  -9.7020000000000000        0.0000000000000000        2.1434750383015202E-002   0.0000000000000000     
  -9.5040000000000013        0.0000000000000000        2.1788385658677009E-002   0.0000000000000000     
  -9.3060000000000009        0.0000000000000000        2.2151443732436039E-002   0.0000000000000000     
  -9.1080000000000005        0.0000000000000000        2.2524269577854771E-002   0.0000000000000000     
  -8.9100000000000001        0.0000000000000000        2.2907209684771807E-002   0.0000000000000000     
  -8.7119999999999997        0.0000000000000000        2.3300612755221967E-002   0.0000000000000000     
  -8.5140000000000011        0.0000000000000000        2.3704825822875426E-002   0.0000000000000000     
  -8.3160000000000007        0.0000000000000000        2.4120192839075655E-002   0.0000000000000000     
  -8.1180000000000003        0.0000000000000000        2.4547051070646614E-002   0.0000000000000000     
  -7.9199999999999999        0.0000000000000000        2.4985727601857497E-002   0.0000000000000000     
  -7.7220000000000004        0.0000000000000000        2.5436533656452487E-002   0.0000000000000000     
  -7.5240000000000000        0.0000000000000000        2.5899758722426353E-002   0.0000000000000000     
  -7.3260000000000005        0.0000000000000000        2.6375663687763992E-002   0.0000000000000000     
  -7.1280000000000001        0.0000000000000000        2.6864471427545587E-002   0.0000000000000000     
  -6.9300000000000006        0.0000000000000000        2.7366355104193968E-002   0.0000000000000000     
  -6.7320000000000002        0.0000000000000000        2.7881425903151017E-002   0.0000000000000000     
  -6.5340000000000007        0.0000000000000000        2.8409713689987213E-002   0.0000000000000000     
  -6.3360000000000003        0.0000000000000000        2.8951150355790278E-002   0.0000000000000000     
  -6.1379999999999999        0.0000000000000000        2.9505541353574114E-002   0.0000000000000000     
  -5.9400000000000004        0.0000000000000000        3.0072536234129789E-002   0.0000000000000000     
  -5.7420000000000000        0.0000000000000000        3.0651592059065619E-002   0.0000000000000000     
  -5.5440000000000005        0.0000000000000000        3.1241925784666561E-002   0.0000000000000000     
  -5.3460000000000001        0.0000000000000000        3.1842458110824208E-002   0.0000000000000000     
  -5.1480000000000006        0.0000000000000000        3.2451744057711222E-002   0.0000000000000000     
  -4.9500000000000002        0.0000000000000000        3.3067890107050947E-002   0.0000000000000000     
  -4.7520000000000007        0.0000000000000000        3.3688450321992566E-002   0.0000000000000000     
  -4.5540000000000003        0.0000000000000000        3.4310317259107742E-002   0.0000000000000000     
  -4.3559999999999999        0.0000000000000000        3.4929603649537684E-002   0.0000000000000000     
  -4.1580000000000004        0.0000000000000000        3.5541589853342069E-002   0.0000000000000000     
  -3.9600000000000000        0.0000000000000000        3.6140869077735935E-002   0.0000000000000000     
  -3.7620000000000000        0.0000000000000000        3.6721909507205219E-002   0.0000000000000000     
  -3.5640000000000001        0.0000000000000000        3.7279013965491617E-002   0.0000000000000000     
  -3.3660000000000001        0.0000000000000000        3.7802134480938589E-002   0.0000000000000000     
  -3.1680000000000001        0.0000000000000000        3.8275859055926800E-002   0.0000000000000000     
  -2.9700000000000002        0.0000000000000000        3.8682075763140276E-002   0.0000000000000000     
  -2.7720000000000002        0.0000000000000000        3.8997708960950644E-002   0.0000000000000000     
  -2.5740000000000003        0.0000000000000000        3.9191624905172556E-002   0.0000000000000000     
  -2.3760000000000003        0.0000000000000000        3.9227061036833683E-002   0.0000000000000000     
  -2.1779999999999999        0.0000000000000000        3.9056809895549674E-002   0.0000000000000000     
  -1.9800000000000000        0.0000000000000000        3.8612788377550437E-002   0.0000000000000000     
  -1.7820000000000000        0.0000000000000000        3.7819229229380705E-002   0.0000000000000000     
  -1.5840000000000001        0.0000000000000000        3.6589190194921975E-002   0.0000000000000000     
  -1.3860000000000001        0.0000000000000000        3.4827964778111488E-002   0.0000000000000000     
  -1.1880000000000002        0.0000000000000000        3.2435323620314767E-002   0.0000000000000000     
 -0.98999999999999999        0.0000000000000000        2.9278944362508642E-002   0.0000000000000000     
 -0.79200000000000004        0.0000000000000000        2.5217225290983060E-002   0.0000000000000000     
 -0.59400000000000008        0.0000000000000000        2.0152776376500311E-002   0.0000000000000000     
 -0.39600000000000002        0.0000000000000000        1.4107921991946003E-002   0.0000000000000000     
 -0.19800000000000001        0.0000000000000000        7.2752763861234967E-003   0.0000000000000000     
   0.0000000000000000        0.0000000000000000        0.0000000000000000        0.0000000000000000     
  0.19800000000000001        0.0000000000000000       -7.2752763861234967E-003   0.0000000000000000     
  0.39600000000000002        0.0000000000000000       -1.4107921991946003E-002   0.0000000000000000     
  0.59400000000000008        0.0000000000000000       -2.0152776376500311E-002   0.0000000000000000     
  0.79200000000000004        0.0000000000000000       -2.5217225290983060E-002   0.0000000000000000     
  0.98999999999999999        0.0000000000000000       -2.9278944362508642E-002   0.0000000000000000     
   1.1880000000000002        0.0000000000000000       -3.2435323620314767E-002   0.0000000000000000     
   1.3860000000000001        0.0000000000000000       -3.4827964778111488E-002   0.0000000000000000     
   1.5840000000000001        0.0000000000000000       -3.6589190194921975E-002   0.0000000000000000     
   1.7820000000000000        0.0000000000000000       -3.7819229229380705E-002   0.0000000000000000     
   1.9800000000000000        0.0000000000000000       -3.8612788377550437E-002   0.0000000000000000     
   2.1779999999999999        0.0000000000000000       -3.9056809895549674E-002   0.0000000000000000     
   2.3760000000000003        0.0000000000000000       -3.9227061036833683E-002   0.0000000000000000     
   2.5740000000000003        0.0000000000000000       -3.9191624905172556E-002   0.0000000000000000     
   2.7720000000000002        0.0000000000000000       -3.8997708960950644E-002   0.0000000000000000     
   2.9700000000000002        0.0000000000000000       -3.8682075763140276E-002   0.0000000000000000     
   3.1680000000000001        0.0000000000000000       -3.8275859055926800E-002   0.0000000000000000     
   3.3660000000000001        0.0000000000000000       -3.7802134480938589E-002   0.0000000000000000     
   3.5640000000000001        0.0000000000000000       -3.7279013965491617E-002   0.0000000000000000     
   3.7620000000000000        0.0000000000000000       -3.6721909507205219E-002   0.0000000000000000     
   3.9600000000000000        0.0000000000000000       -3.6140869077735935E-002   0.0000000000000000     
   4.1580000000000004        0.0000000000000000       -3.5541589853342069E-002   0.0000000000000000     
   4.3559999999999999        0.0000000000000000       -3.4929603649537684E-002   0.0000000000000000     
   4.5540000000000003        0.0000000000000000       -3.4310317259107742E-002   0.0000000000000000     
   4.7520000000000007        0.0000000000000000       -3.3688450321992566E-002   0.0000000000000000     
   4.9500000000000002        0.0000000000000000       -3.3067890107050947E-002   0.0000000000000000     
   5.1480000000000006        0.0000000000000000       -3.2451744057711222E-002   0.0000000000000000     
   5.3460000000000001        0.0000000000000000       -3.1842458110824208E-002   0.0000000000000000     
   5.5440000000000005        0.0000000000000000       -3.1241925784666561E-002   0.0000000000000000     
   5.7420000000000000        0.0000000000000000       -3.0651592059065619E-002   0.0000000000000000     
   5.9400000000000004        0.0000000000000000       -3.0072536234129789E-002   0.0000000000000000     
   6.1379999999999999        0.0000000000000000       -2.9505541353574114E-002   0.0000000000000000     
   6.3360000000000003        0.0000000000000000       -2.8951150355790278E-002   0.0000000000000000     
   6.5340000000000007        0.0000000000000000       -2.8409713689987213E-002   0.0000000000000000     
   6.7320000000000002        0.0000000000000000       -2.7881425903151017E-002   0.0000000000000000     
   6.9300000000000006        0.0000000000000000       -2.7366355104193968E-002   0.0000000000000000     
   7.1280000000000001        0.0000000000000000       -2.6864471427545587E-002   0.0000000000000000     
   7.3260000000000005        0.0000000000000000       -2.6375663687763992E-002   0.0000000000000000     
   7.5240000000000000        0.0000000000000000       -2.5899758722426353E-002   0.0000000000000000     
   7.7220000000000004        0.0000000000000000       -2.5436533656452487E-002   0.0000000000000000     
   7.9199999999999999        0.0000000000000000       -2.4985727601857497E-002   0.0000000000000000     
   8.1180000000000003        0.0000000000000000       -2.4547051070646614E-002   0.0000000000000000     
   8.3160000000000007        0.0000000000000000       -2.4120192839075655E-002   0.0000000000000000     
   8.5140000000000011        0.0000000000000000       -2.3704825822875426E-002   0.0000000000000000     
   8.7119999999999997        0.0000000000000000       -2.3300612755221967E-002   0.0000000000000000     
   8.9100000000000001        0.0000000000000000       -2.2907209684771807E-002   0.0000000000000000     
   9.1080000000000005        0.0000000000000000       -2.2524269577854771E-002   0.0000000000000000     
   9.3060000000000009        0.0000000000000000       -2.2151443732436039E-002   0.0000000000000000     
   9.5040000000000013        0.0000000000000000       -2.1788385658677009E-002   0.0000000000000000     
   9.7020000000000000        0.0000000000000000       -2.1434750383015202E-002   0.0000000000000000     
   9.9000000000000004        0.0000000000000000       -2.1090197843885477E-002   0.0000000000000000     
   10.098000000000001        0.0000000000000000       -2.0754392389367094E-002   0.0000000000000000     
   10.296000000000001        0.0000000000000000       -2.0427003597539847E-002   0.0000000000000000     
   10.494000000000000        0.0000000000000000       -2.0107706825846099E-002   0.0000000000000000     
   10.692000000000000        0.0000000000000000       -1.9796184063708068E-002   0.0000000000000000     
   10.890000000000001        0.0000000000000000       -1.9492122198719063E-002   0.0000000000000000     
   11.088000000000001        0.0000000000000000       -1.9195215316405778E-002   0.0000000000000000     
   11.286000000000001        0.0000000000000000       -1.8905162689895002E-002   0.0000000000000000     
   11.484000000000000        0.0000000000000000       -1.8621669069342602E-002   0.0000000000000000     
   11.682000000000000        0.0000000000000000       -1.8344444013665948E-002   0.0000000000000000     
   11.880000000000001        0.0000000000000000       -1.8073202151398706E-002   0.0000000000000000     
   12.078000000000001        0.0000000000000000       -1.7807662088418944E-002   0.0000000000000000     
   12.276000000000000        0.0000000000000000       -1.7547544638192206E-002   0.0000000000000000     
   12.474000000000000        0.0000000000000000       -1.7292574423770229E-002   0.0000000000000000     
   12.672000000000001        0.0000000000000000       -1.7042477001935907E-002   0.0000000000000000     
   12.870000000000001        0.0000000000000000       -1.6796978803289623E-002   0.0000000000000000     
   13.068000000000001        0.0000000000000000       -1.6555805415031963E-002   0.0000000000000000     
   13.266000000000000        0.0000000000000000       -1.6318681450997189E-002   0.0000000000000000     
   13.464000000000000        0.0000000000000000       -1.6085327891487304E-002   0.0000000000000000     
   13.662000000000001        0.0000000000000000       -1.5855461703511691E-002   0.0000000000000000     
   13.860000000000001        0.0000000000000000       -1.5628792954792848E-002   0.0000000000000000     
   14.058000000000000        0.0000000000000000       -1.5405024365796636E-002   0.0000000000000000     
   14.256000000000000        0.0000000000000000       -1.5183847666060801E-002   0.0000000000000000     
   14.454000000000001        0.0000000000000000       -1.4964941654836285E-002   0.0000000000000000     
   14.652000000000001        0.0000000000000000       -1.4747969748314719E-002   0.0000000000000000     
   14.850000000000001        0.0000000000000000       -1.4532575817934292E-002   0.0000000000000000     
   15.048000000000000        0.0000000000000000       -1.4318381093305086E-002   0.0000000000000000     
   15.246000000000000        0.0000000000000000       -1.4104979099966769E-002   0.0000000000000000     
   15.444000000000001        0.0000000000000000       -1.3891930925288730E-002   0.0000000000000000     
   15.642000000000001        0.0000000000000000       -1.3678759464916443E-002   0.0000000000000000     
   15.840000000000000        0.0000000000000000       -1.3464941320602919E-002   0.0000000000000000     
   16.038000000000000        0.0000000000000000       -1.3249899791233699E-002   0.0000000000000000     
   16.236000000000001        0.0000000000000000       -1.3033449057858455E-002   0.0000000000000000     
   16.434000000000001        0.0000000000000000       -1.2814522504548724E-002   0.0000000000000000     
   16.632000000000001        0.0000000000000000       -1.2592339163366913E-002   0.0000000000000000     
   16.830000000000002        0.0000000000000000       -1.2366028171939330E-002   0.0000000000000000     
   17.028000000000002        0.0000000000000000       -1.2134650049253145E-002   0.0000000000000000     
   17.225999999999999        0.0000000000000000       -1.1896964580970072E-002   0.0000000000000000     
   17.423999999999999        0.0000000000000000       -1.1651678880360299E-002   0.0000000000000000     
   17.622000000000000        0.0000000000000000       -1.1397444038668733E-002   0.0000000000000000     
   17.820000000000000        0.0000000000000000       -1.1131483469452492E-002   0.0000000000000000     
   18.018000000000001        0.0000000000000000       -1.0852825764177086E-002   0.0000000000000000     
   18.216000000000001        0.0000000000000000       -1.0558408775053115E-002   0.0000000000000000     
   18.414000000000001        0.0000000000000000       -1.0246629172327488E-002   0.0000000000000000     
   18.612000000000002        0.0000000000000000       -9.9162379371210436E-003   0.0000000000000000     
   18.810000000000002        0.0000000000000000       -9.5636859545818066E-003   0.0000000000000000     
   19.008000000000003        0.0000000000000000       -9.1859240993820077E-003   0.0000000000000000     
   19.206000000000000        0.0000000000000000       -8.7798451889481051E-003   0.0000000000000000     
   19.404000000000000        0.0000000000000000       -8.3452257398459549E-003   0.0000000000000000     
   19.602000000000000        0.0000000000000000       -7.8830238302844465E-003   0.0000000000000000     
