  -19.602000000000000        0.0000000000000000        2.0078846032142677E-003   0.0000000000000000     
  -19.404000000000000        0.0000000000000000        2.1045930847595029E-003   0.0000000000000000     
  -19.206000000000000        0.0000000000000000        2.1948938865491872E-003   0.0000000000000000     
  -19.008000000000003        0.0000000000000000        2.2797442581403799E-003   0.0000000000000000     
  -18.810000000000002        0.0000000000000000        2.3611921088260552E-003   0.0000000000000000     
  -18.612000000000002        0.0000000000000000        2.4386128904531987E-003   0.0000000000000000     
  -18.414000000000001        0.0000000000000000        2.5112656693832007E-003   0.0000000000000000     
  -18.216000000000001        0.0000000000000000        2.5808934432980067E-003   0.0000000000000000     
  -18.018000000000001        0.0000000000000000        2.6466719377541566E-003   0.0000000000000000     
  -17.820000000000000        0.0000000000000000        2.7095242266426604E-003   0.0000000000000000     
  -17.622000000000000        0.0000000000000000        2.7697720024653484E-003   0.0000000000000000     
  -17.423999999999999        0.0000000000000000        2.8277190403174523E-003   0.0000000000000000     
  -17.225999999999999        0.0000000000000000        2.8835740171274174E-003   0.0000000000000000     
  -17.028000000000002        0.0000000000000000        2.9377381745898158E-003   0.0000000000000000     
  -16.830000000000002        0.0000000000000000        2.9908158561323651E-003   0.0000000000000000     
  -16.632000000000001        0.0000000000000000        3.0426196951891396E-003   0.0000000000000000     
  -16.434000000000001        0.0000000000000000        3.0933458453537219E-003   0.0000000000000000     
  -16.236000000000001        0.0000000000000000        3.1431707850388653E-003   0.0000000000000000     
  -16.038000000000000        0.0000000000000000        3.1922530982944324E-003   0.0000000000000000     
  -15.840000000000000        0.0000000000000000        3.2407357801001869E-003   0.0000000000000000     
  -15.642000000000001        0.0000000000000000        3.2887480291664663E-003   0.0000000000000000     
  -15.444000000000001        0.0000000000000000        3.3364069748298354E-003   0.0000000000000000     
  -15.246000000000000        0.0000000000000000        3.3838194269924619E-003   0.0000000000000000     
  -15.048000000000000        0.0000000000000000        3.4310830057247953E-003   0.0000000000000000     
  -14.850000000000001        0.0000000000000000        3.4782876303501402E-003   0.0000000000000000     
  -14.652000000000001        0.0000000000000000        3.5255165379766509E-003   0.0000000000000000     
  -14.454000000000001        0.0000000000000000        3.5728470932533192E-003   0.0000000000000000     
  -14.256000000000000        0.0000000000000000        3.6203518363979244E-003   0.0000000000000000     
  -14.058000000000000        0.0000000000000000        3.6680990814117547E-003   0.0000000000000000     
  -13.860000000000001        0.0000000000000000        3.7161535534686358E-003   0.0000000000000000     
  -13.662000000000001        0.0000000000000000        3.7645769746860523E-003   0.0000000000000000     
  -13.464000000000000        0.0000000000000000        3.8134285895217463E-003   0.0000000000000000     
  -13.266000000000000        0.0000000000000000        3.8627655330122058E-003   0.0000000000000000     
  -13.068000000000001        0.0000000000000000        3.9126432916468763E-003   0.0000000000000000     
  -12.870000000000001        0.0000000000000000        3.9631159268921513E-003   0.0000000000000000     
  -12.672000000000001        0.0000000000000000        4.0142365084131259E-003   0.0000000000000000     
  -12.474000000000000        0.0000000000000000        4.0660573458933284E-003   0.0000000000000000     
  -12.276000000000000        0.0000000000000000        4.1186301618625441E-003   0.0000000000000000     
  -12.078000000000001        0.0000000000000000        4.1720064258306171E-003   0.0000000000000000     
  -11.880000000000001        0.0000000000000000        4.2262374572928389E-003   0.0000000000000000     
  -11.682000000000000        0.0000000000000000        4.2813747289851736E-003   0.0000000000000000     
  -11.484000000000000        0.0000000000000000        4.3374697836964637E-003   0.0000000000000000     
  -11.286000000000001        0.0000000000000000        4.3945746006634314E-003   0.0000000000000000     
  -11.088000000000001        0.0000000000000000        4.4527417771551081E-003   0.0000000000000000     
  -10.890000000000001        0.0000000000000000        4.5120243397448519E-003   0.0000000000000000     
  -10.692000000000000        0.0000000000000000        4.5724760164565659E-003   0.0000000000000000     
  -10.494000000000000        0.0000000000000000        4.6341514063664088E-003   0.0000000000000000     
  -10.296000000000001        0.0000000000000000        4.6971058323534796E-003   0.0000000000000000     
  -10.098000000000001        0.0000000000000000        4.7613955072449785E-003   0.0000000000000000     
  -9.9000000000000004        0.0000000000000000        4.8270774372630512E-003   0.0000000000000000     
  -9.7020000000000000        0.0000000000000000        4.8942095930091271E-003   0.0000000000000000     
  -9.5040000000000013        0.0000000000000000        4.9628505131120966E-003   0.0000000000000000     
  -9.3060000000000009        0.0000000000000000        5.0330595461872711E-003   0.0000000000000000     
  -9.1080000000000005        0.0000000000000000        5.1048965591030107E-003   0.0000000000000000     
  -8.9100000000000001        0.0000000000000000        5.1784217053914309E-003   0.0000000000000000     
  -8.7119999999999997        0.0000000000000000        5.2536951793720173E-003   0.0000000000000000     
  -8.5140000000000011        0.0000000000000000        5.3307770062234168E-003   0.0000000000000000     
  -8.3160000000000007        0.0000000000000000        5.4097262732452685E-003   0.0000000000000000     
  -8.1180000000000003        0.0000000000000000        5.4906008187681011E-003   0.0000000000000000     
  -7.9199999999999999        0.0000000000000000        5.5734564949850443E-003   0.0000000000000000     
  -7.7220000000000004        0.0000000000000000        5.6583461489589527E-003   0.0000000000000000     
  -7.5240000000000000        0.0000000000000000        5.7453185545464263E-003   0.0000000000000000     
  -7.3260000000000005        0.0000000000000000        5.8344171422284935E-003   0.0000000000000000     
  -7.1280000000000001        0.0000000000000000        5.9256779484508169E-003   0.0000000000000000     
  -6.9300000000000006        0.0000000000000000        6.0191282864624877E-003   0.0000000000000000     
  -6.7320000000000002        0.0000000000000000        6.1147830381221291E-003   0.0000000000000000     
  -6.5340000000000007        0.0000000000000000        6.2126425004631683E-003   0.0000000000000000     
  -6.3360000000000003        0.0000000000000000        6.3126880076192927E-003   0.0000000000000000     
  -6.1379999999999999        0.0000000000000000        6.4148771971854505E-003   0.0000000000000000     
  -5.9400000000000004        0.0000000000000000        6.5191378706820902E-003   0.0000000000000000     
  -5.7420000000000000        0.0000000000000000        6.6253612500437372E-003   0.0000000000000000     
  -5.5440000000000005        0.0000000000000000        6.7333923536437787E-003   0.0000000000000000     
  -5.3460000000000001        0.0000000000000000        6.8430192701385735E-003   0.0000000000000000     
  -5.1480000000000006        0.0000000000000000        6.9539588347274891E-003   0.0000000000000000     
  -4.9500000000000002        0.0000000000000000        7.0658402824056096E-003   0.0000000000000000     
  -4.7520000000000007        0.0000000000000000        7.1781826646666446E-003   0.0000000000000000     
  -4.5540000000000003        0.0000000000000000        7.2903694615558531E-003   0.0000000000000000     
  -4.3559999999999999        0.0000000000000000        7.4016149710357726E-003   0.0000000000000000     
  -4.1580000000000004        0.0000000000000000        7.5109228261595927E-003   0.0000000000000000     
  -3.9600000000000000        0.0000000000000000        7.6170372631541106E-003   0.0000000000000000     
  -3.7620000000000000        0.0000000000000000        7.7183822549152167E-003   0.0000000000000000     
  -3.5640000000000001        0.0000000000000000        7.8129962201109685E-003   0.0000000000000000     
  -3.3660000000000001        0.0000000000000000        7.8984701787020144E-003   0.0000000000000000     
  -3.1680000000000001        0.0000000000000000        7.9719300228020991E-003   0.0000000000000000     
  -2.9700000000000002        0.0000000000000000        8.0301312042059311E-003   0.0000000000000000     
  -2.7720000000000002        0.0000000000000000        8.0695846454533517E-003   0.0000000000000000     
  -2.5740000000000003        0.0000000000000000        8.0853388470115816E-003   0.0000000000000000     
  -2.3760000000000003        0.0000000000000000        8.0675379480291080E-003   0.0000000000000000     
  -2.1779999999999999        0.0000000000000000        8.0037657021418632E-003   0.0000000000000000     
  -1.9800000000000000        0.0000000000000000        7.8818739113428200E-003   0.0000000000000000     
  -1.7820000000000000        0.0000000000000000        7.6874201114804251E-003   0.0000000000000000     
  -1.5840000000000001        0.0000000000000000        7.4022478709207555E-003   0.0000000000000000     
  -1.3860000000000001        0.0000000000000000        7.0051511771279558E-003   0.0000000000000000     
  -1.1880000000000002        0.0000000000000000        6.4752132677498575E-003   0.0000000000000000     
 -0.98999999999999999        0.0000000000000000        5.7915352330880606E-003   0.0000000000000000     
 -0.79200000000000004        0.0000000000000000        4.9390110312447916E-003   0.0000000000000000     
 -0.59400000000000008        0.0000000000000000        3.9132940004025819E-003   0.0000000000000000     
 -0.39600000000000002        0.0000000000000000        2.7223435367674776E-003   0.0000000000000000     
 -0.19800000000000001        0.0000000000000000        1.3982382139828560E-003   0.0000000000000000     
   0.0000000000000000        0.0000000000000000        0.0000000000000000        0.0000000000000000     
  0.19800000000000001        0.0000000000000000       -1.3982382139828560E-003   0.0000000000000000     
  0.39600000000000002        0.0000000000000000       -2.7223435367674776E-003   0.0000000000000000     
  0.59400000000000008        0.0000000000000000       -3.9132940004025819E-003   0.0000000000000000     
  0.79200000000000004        0.0000000000000000       -4.9390110312447916E-003   0.0000000000000000     
  0.98999999999999999        0.0000000000000000       -5.7915352330880606E-003   0.0000000000000000     
   1.1880000000000002        0.0000000000000000       -6.4752132677498575E-003   0.0000000000000000     
   1.3860000000000001        0.0000000000000000       -7.0051511771279558E-003   0.0000000000000000     
   1.5840000000000001        0.0000000000000000       -7.4022478709207555E-003   0.0000000000000000     
   1.7820000000000000        0.0000000000000000       -7.6874201114804251E-003   0.0000000000000000     
   1.9800000000000000        0.0000000000000000       -7.8818739113428200E-003   0.0000000000000000     
   2.1779999999999999        0.0000000000000000       -8.0037657021418632E-003   0.0000000000000000     
   2.3760000000000003        0.0000000000000000       -8.0675379480291080E-003   0.0000000000000000     
   2.5740000000000003        0.0000000000000000       -8.0853388470115816E-003   0.0000000000000000     
   2.7720000000000002        0.0000000000000000       -8.0695846454533517E-003   0.0000000000000000     
   2.9700000000000002        0.0000000000000000       -8.0301312042059311E-003   0.0000000000000000     
   3.1680000000000001        0.0000000000000000       -7.9719300228020991E-003   0.0000000000000000     
   3.3660000000000001        0.0000000000000000       -7.8984701787020144E-003   0.0000000000000000     
   3.5640000000000001        0.0000000000000000       -7.8129962201109685E-003   0.0000000000000000     
   3.7620000000000000        0.0000000000000000       -7.7183822549152167E-003   0.0000000000000000     
   3.9600000000000000        0.0000000000000000       -7.6170372631541106E-003   0.0000000000000000     
   4.1580000000000004        0.0000000000000000       -7.5109228261595927E-003   0.0000000000000000     
   4.3559999999999999        0.0000000000000000       -7.4016149710357726E-003   0.0000000000000000     
   4.5540000000000003        0.0000000000000000       -7.2903694615558531E-003   0.0000000000000000     
   4.7520000000000007        0.0000000000000000       -7.1781826646666446E-003   0.0000000000000000     
   4.9500000000000002        0.0000000000000000       -7.0658402824056096E-003   0.0000000000000000     
   5.1480000000000006        0.0000000000000000       -6.9539588347274891E-003   0.0000000000000000     
   5.3460000000000001        0.0000000000000000       -6.8430192701385735E-003   0.0000000000000000     
   5.5440000000000005        0.0000000000000000       -6.7333923536437787E-003   0.0000000000000000     
   5.7420000000000000        0.0000000000000000       -6.6253612500437372E-003   0.0000000000000000     
   5.9400000000000004        0.0000000000000000       -6.5191378706820902E-003   0.0000000000000000     
   6.1379999999999999        0.0000000000000000       -6.4148771971854505E-003   0.0000000000000000     
   6.3360000000000003        0.0000000000000000       -6.3126880076192927E-003   0.0000000000000000     
   6.5340000000000007        0.0000000000000000       -6.2126425004631683E-003   0.0000000000000000     
   6.7320000000000002        0.0000000000000000       -6.1147830381221291E-003   0.0000000000000000     
   6.9300000000000006        0.0000000000000000       -6.0191282864624877E-003   0.0000000000000000     
   7.1280000000000001        0.0000000000000000       -5.9256779484508169E-003   0.0000000000000000     
   7.3260000000000005        0.0000000000000000       -5.8344171422284935E-003   0.0000000000000000     
   7.5240000000000000        0.0000000000000000       -5.7453185545464263E-003   0.0000000000000000     
   7.7220000000000004        0.0000000000000000       -5.6583461489589527E-003   0.0000000000000000     
   7.9199999999999999        0.0000000000000000       -5.5734564949850443E-003   0.0000000000000000     
   8.1180000000000003        0.0000000000000000       -5.4906008187681011E-003   0.0000000000000000     
   8.3160000000000007        0.0000000000000000       -5.4097262732452685E-003   0.0000000000000000     
   8.5140000000000011        0.0000000000000000       -5.3307770062234168E-003   0.0000000000000000     
   8.7119999999999997        0.0000000000000000       -5.2536951793720173E-003   0.0000000000000000     
   8.9100000000000001        0.0000000000000000       -5.1784217053914309E-003   0.0000000000000000     
   9.1080000000000005        0.0000000000000000       -5.1048965591030107E-003   0.0000000000000000     
   9.3060000000000009        0.0000000000000000       -5.0330595461872711E-003   0.0000000000000000     
   9.5040000000000013        0.0000000000000000       -4.9628505131120966E-003   0.0000000000000000     
   9.7020000000000000        0.0000000000000000       -4.8942095930091271E-003   0.0000000000000000     
   9.9000000000000004        0.0000000000000000       -4.8270774372630512E-003   0.0000000000000000     
   10.098000000000001        0.0000000000000000       -4.7613955072449785E-003   0.0000000000000000     
   10.296000000000001        0.0000000000000000       -4.6971058323534796E-003   0.0000000000000000     
   10.494000000000000        0.0000000000000000       -4.6341514063664088E-003   0.0000000000000000     
   10.692000000000000        0.0000000000000000       -4.5724760164565659E-003   0.0000000000000000     
   10.890000000000001        0.0000000000000000       -4.5120243397448519E-003   0.0000000000000000     
   11.088000000000001        0.0000000000000000       -4.4527417771551081E-003   0.0000000000000000     
   11.286000000000001        0.0000000000000000       -4.3945746006634314E-003   0.0000000000000000     
   11.484000000000000        0.0000000000000000       -4.3374697836964637E-003   0.0000000000000000     
   11.682000000000000        0.0000000000000000       -4.2813747289851736E-003   0.0000000000000000     
   11.880000000000001        0.0000000000000000       -4.2262374572928389E-003   0.0000000000000000     
   12.078000000000001        0.0000000000000000       -4.1720064258306171E-003   0.0000000000000000     
   12.276000000000000        0.0000000000000000       -4.1186301618625441E-003   0.0000000000000000     
   12.474000000000000        0.0000000000000000       -4.0660573458933284E-003   0.0000000000000000     
   12.672000000000001        0.0000000000000000       -4.0142365084131259E-003   0.0000000000000000     
   12.870000000000001        0.0000000000000000       -3.9631159268921513E-003   0.0000000000000000     
   13.068000000000001        0.0000000000000000       -3.9126432916468763E-003   0.0000000000000000     
   13.266000000000000        0.0000000000000000       -3.8627655330122058E-003   0.0000000000000000     
   13.464000000000000        0.0000000000000000       -3.8134285895217463E-003   0.0000000000000000     
   13.662000000000001        0.0000000000000000       -3.7645769746860523E-003   0.0000000000000000     
   13.860000000000001        0.0000000000000000       -3.7161535534686358E-003   0.0000000000000000     
   14.058000000000000        0.0000000000000000       -3.6680990814117547E-003   0.0000000000000000     
   14.256000000000000        0.0000000000000000       -3.6203518363979244E-003   0.0000000000000000     
   14.454000000000001        0.0000000000000000       -3.5728470932533192E-003   0.0000000000000000     
   14.652000000000001        0.0000000000000000       -3.5255165379766509E-003   0.0000000000000000     
   14.850000000000001        0.0000000000000000       -3.4782876303501402E-003   0.0000000000000000     
   15.048000000000000        0.0000000000000000       -3.4310830057247953E-003   0.0000000000000000     
   15.246000000000000        0.0000000000000000       -3.3838194269924619E-003   0.0000000000000000     
   15.444000000000001        0.0000000000000000       -3.3364069748298354E-003   0.0000000000000000     
   15.642000000000001        0.0000000000000000       -3.2887480291664663E-003   0.0000000000000000     
   15.840000000000000        0.0000000000000000       -3.2407357801001869E-003   0.0000000000000000     
   16.038000000000000        0.0000000000000000       -3.1922530982944324E-003   0.0000000000000000     
   16.236000000000001        0.0000000000000000       -3.1431707850388653E-003   0.0000000000000000     
   16.434000000000001        0.0000000000000000       -3.0933458453537219E-003   0.0000000000000000     
   16.632000000000001        0.0000000000000000       -3.0426196951891396E-003   0.0000000000000000     
   16.830000000000002        0.0000000000000000       -2.9908158561323651E-003   0.0000000000000000     
   17.028000000000002        0.0000000000000000       -2.9377381745898158E-003   0.0000000000000000     
   17.225999999999999        0.0000000000000000       -2.8835740171274174E-003   0.0000000000000000     
   17.423999999999999        0.0000000000000000       -2.8277190403174523E-003   0.0000000000000000     
   17.622000000000000        0.0000000000000000       -2.7697720024653484E-003   0.0000000000000000     
   17.820000000000000        0.0000000000000000       -2.7095242266426604E-003   0.0000000000000000     
   18.018000000000001        0.0000000000000000       -2.6466719377541566E-003   0.0000000000000000     
   18.216000000000001        0.0000000000000000       -2.5808934432980067E-003   0.0000000000000000     
   18.414000000000001        0.0000000000000000       -2.5112656693832007E-003   0.0000000000000000     
   18.612000000000002        0.0000000000000000       -2.4386128904531987E-003   0.0000000000000000     
   18.810000000000002        0.0000000000000000       -2.3611921088260552E-003   0.0000000000000000     
   19.008000000000003        0.0000000000000000       -2.2797442581403799E-003   0.0000000000000000     
   19.206000000000000        0.0000000000000000       -2.1948938865491872E-003   0.0000000000000000     
   19.404000000000000        0.0000000000000000       -2.1045930847595029E-003   0.0000000000000000     
   19.602000000000000        0.0000000000000000       -2.0078846032142677E-003   0.0000000000000000     
