  -19.602000000000000        0.0000000000000000        9.4112979178547981E-003   0.0000000000000000     
  -19.404000000000000        0.0000000000000000        1.0001840028650818E-002   0.0000000000000000     
  -19.206000000000000        0.0000000000000000        1.0551418983519910E-002   0.0000000000000000     
  -19.008000000000003        0.0000000000000000        1.1064330303373003E-002   0.0000000000000000     
  -18.810000000000002        0.0000000000000000        1.1536808819216223E-002   0.0000000000000000     
  -18.612000000000002        0.0000000000000000        1.1975686113684521E-002   0.0000000000000000     
  -18.414000000000001        0.0000000000000000        1.2381761807216448E-002   0.0000000000000000     
  -18.216000000000001        0.0000000000000000        1.2762240001539114E-002   0.0000000000000000     
  -18.018000000000001        0.0000000000000000        1.3117976200854082E-002   0.0000000000000000     
  -17.820000000000000        0.0000000000000000        1.3454096981818852E-002   0.0000000000000000     
  -17.622000000000000        0.0000000000000000        1.3773759918992920E-002   0.0000000000000000     
  -17.423999999999999        0.0000000000000000        1.4078747367793876E-002   0.0000000000000000     
  -17.225999999999999        0.0000000000000000        1.4372380435698322E-002   0.0000000000000000     
  -17.028000000000002        0.0000000000000000        1.4656713209557125E-002   0.0000000000000000     
  -16.830000000000002        0.0000000000000000        1.4933315867519819E-002   0.0000000000000000     
  -16.632000000000001        0.0000000000000000        1.5203727340464606E-002   0.0000000000000000     
  -16.434000000000001        0.0000000000000000        1.5469213723581815E-002   0.0000000000000000     
  -16.236000000000001        0.0000000000000000        1.5730889679857887E-002   0.0000000000000000     
  -16.038000000000000        0.0000000000000000        1.5990188765892015E-002   0.0000000000000000     
  -15.840000000000000        0.0000000000000000        1.6247436746009654E-002   0.0000000000000000     
  -15.642000000000001        0.0000000000000000        1.6503425070271409E-002   0.0000000000000000     
  -15.444000000000001        0.0000000000000000        1.6758862246128322E-002   0.0000000000000000     
  -15.246000000000000        0.0000000000000000        1.7014388031504037E-002   0.0000000000000000     
  -15.048000000000000        0.0000000000000000        1.7270584042275564E-002   0.0000000000000000     
  -14.850000000000001        0.0000000000000000        1.7527984403997974E-002   0.0000000000000000     
  -14.652000000000001        0.0000000000000000        1.7787083332363392E-002   0.0000000000000000     
  -14.454000000000001        0.0000000000000000        1.8048341583596420E-002   0.0000000000000000     
  -14.256000000000000        0.0000000000000000        1.8312192665194960E-002   0.0000000000000000     
  -14.058000000000000        0.0000000000000000        1.8579047894485511E-002   0.0000000000000000     
  -13.860000000000001        0.0000000000000000        1.8849300723466789E-002   0.0000000000000000     
  -13.662000000000001        0.0000000000000000        1.9123329904093735E-002   0.0000000000000000     
  -13.464000000000000        0.0000000000000000        1.9401503744911733E-002   0.0000000000000000     
  -13.266000000000000        0.0000000000000000        1.9684181399660900E-002   0.0000000000000000     
  -13.068000000000001        0.0000000000000000        1.9971717035422408E-002   0.0000000000000000     
  -12.870000000000001        0.0000000000000000        2.0264460492590369E-002   0.0000000000000000     
  -12.672000000000001        0.0000000000000000        2.0562760909186593E-002   0.0000000000000000     
  -12.474000000000000        0.0000000000000000        2.0866966851748880E-002   0.0000000000000000     
  -12.276000000000000        0.0000000000000000        2.1177429086106741E-002   0.0000000000000000     
  -12.078000000000001        0.0000000000000000        2.1494501627252867E-002   0.0000000000000000     
  -11.880000000000001        0.0000000000000000        2.1818542948677046E-002   0.0000000000000000     
  -11.682000000000000        0.0000000000000000        2.2149917679304968E-002   0.0000000000000000     
  -11.484000000000000        0.0000000000000000        2.2488996909518753E-002   0.0000000000000000     
  -11.286000000000001        0.0000000000000000        2.2836160746243516E-002   0.0000000000000000     
  -11.088000000000001        0.0000000000000000        2.3191797960839505E-002   0.0000000000000000     
  -10.890000000000001        0.0000000000000000        2.3556307062938979E-002   0.0000000000000000     
  -10.692000000000000        0.0000000000000000        2.3930097618546451E-002   0.0000000000000000     
  -10.494000000000000        0.0000000000000000        2.4313590891575608E-002   0.0000000000000000     
  -10.296000000000001        0.0000000000000000        2.4707220120373814E-002   0.0000000000000000     
  -10.098000000000001        0.0000000000000000        2.5111431741804007E-002   0.0000000000000000     
  -9.9000000000000004        0.0000000000000000        2.5526684593932331E-002   0.0000000000000000     
  -9.7020000000000000        0.0000000000000000        2.5953452017614512E-002   0.0000000000000000     
  -9.5040000000000013        0.0000000000000000        2.6392219419393063E-002   0.0000000000000000     
  -9.3060000000000009        0.0000000000000000        2.6843487104951894E-002   0.0000000000000000     
  -9.1080000000000005        0.0000000000000000        2.7307767501888354E-002   0.0000000000000000     
  -8.9100000000000001        0.0000000000000000        2.7785585895268455E-002   0.0000000000000000     
  -8.7119999999999997        0.0000000000000000        2.8277478207134932E-002   0.0000000000000000     
  -8.5140000000000011        0.0000000000000000        2.8783991161500225E-002   0.0000000000000000     
  -8.3160000000000007        0.0000000000000000        2.9305677388018880E-002   0.0000000000000000     
  -8.1180000000000003        0.0000000000000000        2.9843096177821247E-002   0.0000000000000000     
  -7.9199999999999999        0.0000000000000000        3.0396806681931912E-002   0.0000000000000000     
  -7.7220000000000004        0.0000000000000000        3.0967364509096304E-002   0.0000000000000000     
  -7.5240000000000000        0.0000000000000000        3.1555316012784003E-002   0.0000000000000000     
  -7.3260000000000005        0.0000000000000000        3.2161190766034645E-002   0.0000000000000000     
  -7.1280000000000001        0.0000000000000000        3.2785489814696131E-002   0.0000000000000000     
  -6.9300000000000006        0.0000000000000000        3.3428677439759004E-002   0.0000000000000000     
  -6.7320000000000002        0.0000000000000000        3.4091162574908358E-002   0.0000000000000000     
  -6.5340000000000007        0.0000000000000000        3.4773282933094403E-002   0.0000000000000000     
  -6.3360000000000003        0.0000000000000000        3.5475280112872896E-002   0.0000000000000000     
  -6.1379999999999999        0.0000000000000000        3.6197272400374673E-002   0.0000000000000000     
  -5.9400000000000004        0.0000000000000000        3.6939217869873003E-002   0.0000000000000000     
  -5.7420000000000000        0.0000000000000000        3.7700870813657666E-002   0.0000000000000000     
  -5.5440000000000005        0.0000000000000000        3.8481727456583709E-002   0.0000000000000000     
  -5.3460000000000001        0.0000000000000000        3.9280956582520322E-002   0.0000000000000000     
  -5.1480000000000006        0.0000000000000000        4.0097313891018518E-002   0.0000000000000000     
  -4.9500000000000002        0.0000000000000000        4.0929039919204359E-002   0.0000000000000000     
  -4.7520000000000007        0.0000000000000000        4.1773724977983533E-002   0.0000000000000000     
  -4.5540000000000003        0.0000000000000000        4.2628154817251650E-002   0.0000000000000000     
  -4.3559999999999999        0.0000000000000000        4.3488122234344069E-002   0.0000000000000000     
  -4.1580000000000004        0.0000000000000000        4.4348229710186662E-002   0.0000000000000000     
  -3.9600000000000000        0.0000000000000000        4.5201751950337050E-002   0.0000000000000000     
  -3.7620000000000000        0.0000000000000000        4.6040759363785135E-002   0.0000000000000000     
  -3.5640000000000001        0.0000000000000000        4.6856808870530134E-002   0.0000000000000000     
  -3.3660000000000001        0.0000000000000000        4.7640848899736576E-002   0.0000000000000000     
  -3.1680000000000001        0.0000000000000000        4.8377092334440701E-002   0.0000000000000000     
  -2.9700000000000002        0.0000000000000000        4.9040824534362579E-002   0.0000000000000000     
  -2.7720000000000002        0.0000000000000000        4.9601143465355615E-002   0.0000000000000000     
  -2.5740000000000003        0.0000000000000000        5.0021503868332366E-002   0.0000000000000000     
  -2.3760000000000003        0.0000000000000000        5.0254907234978829E-002   0.0000000000000000     
  -2.1779999999999999        0.0000000000000000        5.0237863620530135E-002   0.0000000000000000     
  -1.9800000000000000        0.0000000000000000        4.9883088655029759E-002   0.0000000000000000     
  -1.7820000000000000        0.0000000000000000        4.9087921855950352E-002   0.0000000000000000     
  -1.5840000000000001        0.0000000000000000        4.7728004753998327E-002   0.0000000000000000     
  -1.3860000000000001        0.0000000000000000        4.5655320526415827E-002   0.0000000000000000     
  -1.1880000000000002        0.0000000000000000        4.2712001292824521E-002   0.0000000000000000     
 -0.98999999999999999        0.0000000000000000        3.8713988840542411E-002   0.0000000000000000     
 -0.79200000000000004        0.0000000000000000        3.3476446030161790E-002   0.0000000000000000     
 -0.59400000000000008        0.0000000000000000        2.6868754689202582E-002   0.0000000000000000     
 -0.39600000000000002        0.0000000000000000        1.8899272835034647E-002   0.0000000000000000     
 -0.19800000000000001        0.0000000000000000        9.7881650590579961E-003   0.0000000000000000     
   0.0000000000000000        0.0000000000000000        0.0000000000000000        0.0000000000000000     
  0.19800000000000001        0.0000000000000000       -9.7881650590579961E-003   0.0000000000000000     
  0.39600000000000002        0.0000000000000000       -1.8899272835034647E-002   0.0000000000000000     
  0.59400000000000008        0.0000000000000000       -2.6868754689202582E-002   0.0000000000000000     
  0.79200000000000004        0.0000000000000000       -3.3476446030161790E-002   0.0000000000000000     
  0.98999999999999999        0.0000000000000000       -3.8713988840542411E-002   0.0000000000000000     
   1.1880000000000002        0.0000000000000000       -4.2712001292824521E-002   0.0000000000000000     
   1.3860000000000001        0.0000000000000000       -4.5655320526415827E-002   0.0000000000000000     
   1.5840000000000001        0.0000000000000000       -4.7728004753998327E-002   0.0000000000000000     
   1.7820000000000000        0.0000000000000000       -4.9087921855950352E-002   0.0000000000000000     
   1.9800000000000000        0.0000000000000000       -4.9883088655029759E-002   0.0000000000000000     
   2.1779999999999999        0.0000000000000000       -5.0237863620530135E-002   0.0000000000000000     
   2.3760000000000003        0.0000000000000000       -5.0254907234978829E-002   0.0000000000000000     
   2.5740000000000003        0.0000000000000000       -5.0021503868332366E-002   0.0000000000000000     
   2.7720000000000002        0.0000000000000000       -4.9601143465355615E-002   0.0000000000000000     
   2.9700000000000002        0.0000000000000000       -4.9040824534362579E-002   0.0000000000000000     
   3.1680000000000001        0.0000000000000000       -4.8377092334440701E-002   0.0000000000000000     
   3.3660000000000001        0.0000000000000000       -4.7640848899736576E-002   0.0000000000000000     
   3.5640000000000001        0.0000000000000000       -4.6856808870530134E-002   0.0000000000000000     
   3.7620000000000000        0.0000000000000000       -4.6040759363785135E-002   0.0000000000000000     
   3.9600000000000000        0.0000000000000000       -4.5201751950337050E-002   0.0000000000000000     
   4.1580000000000004        0.0000000000000000       -4.4348229710186662E-002   0.0000000000000000     
   4.3559999999999999        0.0000000000000000       -4.3488122234344069E-002   0.0000000000000000     
   4.5540000000000003        0.0000000000000000       -4.2628154817251650E-002   0.0000000000000000     
   4.7520000000000007        0.0000000000000000       -4.1773724977983533E-002   0.0000000000000000     
   4.9500000000000002        0.0000000000000000       -4.0929039919204359E-002   0.0000000000000000     
   5.1480000000000006        0.0000000000000000       -4.0097313891018518E-002   0.0000000000000000     
   5.3460000000000001        0.0000000000000000       -3.9280956582520322E-002   0.0000000000000000     
   5.5440000000000005        0.0000000000000000       -3.8481727456583709E-002   0.0000000000000000     
   5.7420000000000000        0.0000000000000000       -3.7700870813657666E-002   0.0000000000000000     
   5.9400000000000004        0.0000000000000000       -3.6939217869873003E-002   0.0000000000000000     
   6.1379999999999999        0.0000000000000000       -3.6197272400374673E-002   0.0000000000000000     
   6.3360000000000003        0.0000000000000000       -3.5475280112872896E-002   0.0000000000000000     
   6.5340000000000007        0.0000000000000000       -3.4773282933094403E-002   0.0000000000000000     
   6.7320000000000002        0.0000000000000000       -3.4091162574908358E-002   0.0000000000000000     
   6.9300000000000006        0.0000000000000000       -3.3428677439759004E-002   0.0000000000000000     
   7.1280000000000001        0.0000000000000000       -3.2785489814696131E-002   0.0000000000000000     
   7.3260000000000005        0.0000000000000000       -3.2161190766034645E-002   0.0000000000000000     
   7.5240000000000000        0.0000000000000000       -3.1555316012784003E-002   0.0000000000000000     
   7.7220000000000004        0.0000000000000000       -3.0967364509096304E-002   0.0000000000000000     
   7.9199999999999999        0.0000000000000000       -3.0396806681931912E-002   0.0000000000000000     
   8.1180000000000003        0.0000000000000000       -2.9843096177821247E-002   0.0000000000000000     
   8.3160000000000007        0.0000000000000000       -2.9305677388018880E-002   0.0000000000000000     
   8.5140000000000011        0.0000000000000000       -2.8783991161500225E-002   0.0000000000000000     
   8.7119999999999997        0.0000000000000000       -2.8277478207134932E-002   0.0000000000000000     
   8.9100000000000001        0.0000000000000000       -2.7785585895268455E-002   0.0000000000000000     
   9.1080000000000005        0.0000000000000000       -2.7307767501888354E-002   0.0000000000000000     
   9.3060000000000009        0.0000000000000000       -2.6843487104951894E-002   0.0000000000000000     
   9.5040000000000013        0.0000000000000000       -2.6392219419393063E-002   0.0000000000000000     
   9.7020000000000000        0.0000000000000000       -2.5953452017614512E-002   0.0000000000000000     
   9.9000000000000004        0.0000000000000000       -2.5526684593932331E-002   0.0000000000000000     
   10.098000000000001        0.0000000000000000       -2.5111431741804007E-002   0.0000000000000000     
   10.296000000000001        0.0000000000000000       -2.4707220120373814E-002   0.0000000000000000     
   10.494000000000000        0.0000000000000000       -2.4313590891575608E-002   0.0000000000000000     
   10.692000000000000        0.0000000000000000       -2.3930097618546451E-002   0.0000000000000000     
   10.890000000000001        0.0000000000000000       -2.3556307062938979E-002   0.0000000000000000     
   11.088000000000001        0.0000000000000000       -2.3191797960839505E-002   0.0000000000000000     
   11.286000000000001        0.0000000000000000       -2.2836160746243516E-002   0.0000000000000000     
   11.484000000000000        0.0000000000000000       -2.2488996909518753E-002   0.0000000000000000     
   11.682000000000000        0.0000000000000000       -2.2149917679304968E-002   0.0000000000000000     
   11.880000000000001        0.0000000000000000       -2.1818542948677046E-002   0.0000000000000000     
   12.078000000000001        0.0000000000000000       -2.1494501627252867E-002   0.0000000000000000     
   12.276000000000000        0.0000000000000000       -2.1177429086106741E-002   0.0000000000000000     
   12.474000000000000        0.0000000000000000       -2.0866966851748880E-002   0.0000000000000000     
   12.672000000000001        0.0000000000000000       -2.0562760909186593E-002   0.0000000000000000     
   12.870000000000001        0.0000000000000000       -2.0264460492590369E-002   0.0000000000000000     
   13.068000000000001        0.0000000000000000       -1.9971717035422408E-002   0.0000000000000000     
   13.266000000000000        0.0000000000000000       -1.9684181399660900E-002   0.0000000000000000     
   13.464000000000000        0.0000000000000000       -1.9401503744911733E-002   0.0000000000000000     
   13.662000000000001        0.0000000000000000       -1.9123329904093735E-002   0.0000000000000000     
   13.860000000000001        0.0000000000000000       -1.8849300723466789E-002   0.0000000000000000     
   14.058000000000000        0.0000000000000000       -1.8579047894485511E-002   0.0000000000000000     
   14.256000000000000        0.0000000000000000       -1.8312192665194960E-002   0.0000000000000000     
   14.454000000000001        0.0000000000000000       -1.8048341583596420E-002   0.0000000000000000     
   14.652000000000001        0.0000000000000000       -1.7787083332363392E-002   0.0000000000000000     
   14.850000000000001        0.0000000000000000       -1.7527984403997974E-002   0.0000000000000000     
   15.048000000000000        0.0000000000000000       -1.7270584042275564E-002   0.0000000000000000     
   15.246000000000000        0.0000000000000000       -1.7014388031504037E-002   0.0000000000000000     
   15.444000000000001        0.0000000000000000       -1.6758862246128322E-002   0.0000000000000000     
   15.642000000000001        0.0000000000000000       -1.6503425070271409E-002   0.0000000000000000     
   15.840000000000000        0.0000000000000000       -1.6247436746009654E-002   0.0000000000000000     
   16.038000000000000        0.0000000000000000       -1.5990188765892015E-002   0.0000000000000000     
   16.236000000000001        0.0000000000000000       -1.5730889679857887E-002   0.0000000000000000     
   16.434000000000001        0.0000000000000000       -1.5469213723581815E-002   0.0000000000000000     
   16.632000000000001        0.0000000000000000       -1.5203727340464606E-002   0.0000000000000000     
   16.830000000000002        0.0000000000000000       -1.4933315867519819E-002   0.0000000000000000     
   17.028000000000002        0.0000000000000000       -1.4656713209557125E-002   0.0000000000000000     
   17.225999999999999        0.0000000000000000       -1.4372380435698322E-002   0.0000000000000000     
   17.423999999999999        0.0000000000000000       -1.4078747367793876E-002   0.0000000000000000     
   17.622000000000000        0.0000000000000000       -1.3773759918992920E-002   0.0000000000000000     
   17.820000000000000        0.0000000000000000       -1.3454096981818852E-002   0.0000000000000000     
   18.018000000000001        0.0000000000000000       -1.3117976200854082E-002   0.0000000000000000     
   18.216000000000001        0.0000000000000000       -1.2762240001539114E-002   0.0000000000000000     
   18.414000000000001        0.0000000000000000       -1.2381761807216448E-002   0.0000000000000000     
   18.612000000000002        0.0000000000000000       -1.1975686113684521E-002   0.0000000000000000     
   18.810000000000002        0.0000000000000000       -1.1536808819216223E-002   0.0000000000000000     
   19.008000000000003        0.0000000000000000       -1.1064330303373003E-002   0.0000000000000000     
   19.206000000000000        0.0000000000000000       -1.0551418983519910E-002   0.0000000000000000     
   19.404000000000000        0.0000000000000000       -1.0001840028650818E-002   0.0000000000000000     
   19.602000000000000        0.0000000000000000       -9.4112979178547981E-003   0.0000000000000000     
