  -19.602000000000000        0.0000000000000000        2.7334593857651916E-003   0.0000000000000000     
  -19.404000000000000        0.0000000000000000        2.9184097080436201E-003   0.0000000000000000     
  -19.206000000000000        0.0000000000000000        3.0875237860111728E-003   0.0000000000000000     
  -19.008000000000003        0.0000000000000000        3.2427168045627932E-003   0.0000000000000000     
  -18.810000000000002        0.0000000000000000        3.3850905129895960E-003   0.0000000000000000     
  -18.612000000000002        0.0000000000000000        3.5153122423973609E-003   0.0000000000000000     
  -18.414000000000001        0.0000000000000000        3.6365745559937337E-003   0.0000000000000000     
  -18.216000000000001        0.0000000000000000        3.7492451705616161E-003   0.0000000000000000     
  -18.018000000000001        0.0000000000000000        3.8546918363154855E-003   0.0000000000000000     
  -17.820000000000000        0.0000000000000000        3.9535159802710704E-003   0.0000000000000000     
  -17.622000000000000        0.0000000000000000        4.0474152565404490E-003   0.0000000000000000     
  -17.423999999999999        0.0000000000000000        4.1371958382716723E-003   0.0000000000000000     
  -17.225999999999999        0.0000000000000000        4.2234966243188564E-003   0.0000000000000000     
  -17.028000000000002        0.0000000000000000        4.3070647129740220E-003   0.0000000000000000     
  -16.830000000000002        0.0000000000000000        4.3883113538151740E-003   0.0000000000000000     
  -16.632000000000001        0.0000000000000000        4.4681594230182881E-003   0.0000000000000000     
  -16.434000000000001        0.0000000000000000        4.5465887776152134E-003   0.0000000000000000     
  -16.236000000000001        0.0000000000000000        4.6239516218238704E-003   0.0000000000000000     
  -16.038000000000000        0.0000000000000000        4.7005563634470345E-003   0.0000000000000000     
  -15.840000000000000        0.0000000000000000        4.7766750878693648E-003   0.0000000000000000     
  -15.642000000000001        0.0000000000000000        4.8525496600319313E-003   0.0000000000000000     
  -15.444000000000001        0.0000000000000000        4.9283967290652368E-003   0.0000000000000000     
  -15.246000000000000        0.0000000000000000        5.0044124250582809E-003   0.0000000000000000     
  -15.048000000000000        0.0000000000000000        5.0807756054564784E-003   0.0000000000000000     
  -14.850000000000001        0.0000000000000000        5.1576510341719553E-003   0.0000000000000000     
  -14.652000000000001        0.0000000000000000        5.2351919371310266E-003   0.0000000000000000     
  -14.454000000000001        0.0000000000000000        5.3135419909464089E-003   0.0000000000000000     
  -14.256000000000000        0.0000000000000000        5.3928375332699292E-003   0.0000000000000000     
  -14.058000000000000        0.0000000000000000        5.4732088260487192E-003   0.0000000000000000     
  -13.860000000000001        0.0000000000000000        5.5547815455315426E-003   0.0000000000000000     
  -13.662000000000001        0.0000000000000000        5.6376780146464196E-003   0.0000000000000000     
  -13.464000000000000        0.0000000000000000        5.7220183058726108E-003   0.0000000000000000     
  -13.266000000000000        0.0000000000000000        5.8079209579000131E-003   0.0000000000000000     
  -13.068000000000001        0.0000000000000000        5.8955041768977796E-003   0.0000000000000000     
  -12.870000000000001        0.0000000000000000        5.9848862916276040E-003   0.0000000000000000     
  -12.672000000000001        0.0000000000000000        6.0761867708235377E-003   0.0000000000000000     
  -12.474000000000000        0.0000000000000000        6.1695266769226358E-003   0.0000000000000000     
  -12.276000000000000        0.0000000000000000        6.2650292981539547E-003   0.0000000000000000     
  -12.078000000000001        0.0000000000000000        6.3628208737240973E-003   0.0000000000000000     
  -11.880000000000001        0.0000000000000000        6.4630314210864332E-003   0.0000000000000000     
  -11.682000000000000        0.0000000000000000        6.5657947082886367E-003   0.0000000000000000     
  -11.484000000000000        0.0000000000000000        6.6712494250540507E-003   0.0000000000000000     
  -11.286000000000001        0.0000000000000000        6.7795394593062235E-003   0.0000000000000000     
  -11.088000000000001        0.0000000000000000        6.8908146735114978E-003   0.0000000000000000     
  -10.890000000000001        0.0000000000000000        7.0052313803011974E-003   0.0000000000000000     
  -10.692000000000000        0.0000000000000000        7.1229529547430209E-003   0.0000000000000000     
  -10.494000000000000        0.0000000000000000        7.2441506761277748E-003   0.0000000000000000     
  -10.296000000000001        0.0000000000000000        7.3690040833033956E-003   0.0000000000000000     
  -10.098000000000001        0.0000000000000000        7.4977019178540053E-003   0.0000000000000000     
  -9.9000000000000004        0.0000000000000000        7.6304429144991928E-003   0.0000000000000000     
  -9.7020000000000000        0.0000000000000000        7.7674361211711443E-003   0.0000000000000000     
  -9.5040000000000013        0.0000000000000000        7.9089022012147191E-003   0.0000000000000000     
  -9.3060000000000009        0.0000000000000000        8.0550736221154384E-003   0.0000000000000000     
  -9.1080000000000005        0.0000000000000000        8.2061962985160407E-003   0.0000000000000000     
  -8.9100000000000001        0.0000000000000000        8.3625296060427044E-003   0.0000000000000000     
  -8.7119999999999997        0.0000000000000000        8.5243478547198954E-003   0.0000000000000000     
  -8.5140000000000011        0.0000000000000000        8.6919405560469676E-003   0.0000000000000000     
  -8.3160000000000007        0.0000000000000000        8.8656138332732434E-003   0.0000000000000000     
  -8.1180000000000003        0.0000000000000000        9.0456907288011101E-003   0.0000000000000000     
  -7.9199999999999999        0.0000000000000000        9.2325120653294745E-003   0.0000000000000000     
  -7.7220000000000004        0.0000000000000000        9.4264372659794236E-003   0.0000000000000000     
  -7.5240000000000000        0.0000000000000000        9.6278442072753479E-003   0.0000000000000000     
  -7.3260000000000005        0.0000000000000000        9.8371298929430355E-003   0.0000000000000000     
  -7.1280000000000001        0.0000000000000000        1.0054709628483960E-002   0.0000000000000000     
  -6.9300000000000006        0.0000000000000000        1.0281016627588714E-002   0.0000000000000000     
  -6.7320000000000002        0.0000000000000000        1.0516500921478189E-002   0.0000000000000000     
  -6.5340000000000007        0.0000000000000000        1.0761625540330328E-002   0.0000000000000000     
  -6.3360000000000003        0.0000000000000000        1.1016864379432532E-002   0.0000000000000000     
  -6.1379999999999999        0.0000000000000000        1.1282695783121381E-002   0.0000000000000000     
  -5.9400000000000004        0.0000000000000000        1.1559595012484991E-002   0.0000000000000000     
  -5.7420000000000000        0.0000000000000000        1.1848023426110549E-002   0.0000000000000000     
  -5.5440000000000005        0.0000000000000000        1.2148413335296948E-002   0.0000000000000000     
  -5.3460000000000001        0.0000000000000000        1.2461147418416953E-002   0.0000000000000000     
  -5.1480000000000006        0.0000000000000000        1.2786531384163538E-002   0.0000000000000000     
  -4.9500000000000002        0.0000000000000000        1.3124755464818455E-002   0.0000000000000000     
  -4.7520000000000007        0.0000000000000000        1.3475843870795184E-002   0.0000000000000000     
  -4.5540000000000003        0.0000000000000000        1.3839586246430972E-002   0.0000000000000000     
  -4.3559999999999999        0.0000000000000000        1.4215447525411267E-002   0.0000000000000000     
  -4.1580000000000004        0.0000000000000000        1.4602444962156921E-002   0.0000000000000000     
  -3.9600000000000000        0.0000000000000000        1.4998992707988790E-002   0.0000000000000000     
  -3.7620000000000000        0.0000000000000000        1.5402703301429963E-002   0.0000000000000000     
  -3.5640000000000001        0.0000000000000000        1.5810170527668144E-002   0.0000000000000000     
  -3.3660000000000001        0.0000000000000000        1.6216817773543085E-002   0.0000000000000000     
  -3.1680000000000001        0.0000000000000000        1.6617138495232265E-002   0.0000000000000000     
  -2.9700000000000002        0.0000000000000000        1.7006155954233420E-002   0.0000000000000000     
  -2.7720000000000002        0.0000000000000000        1.7380619036842498E-002   0.0000000000000000     
  -2.5740000000000003        0.0000000000000000        1.7727154383096268E-002   0.0000000000000000     
  -2.3760000000000003        0.0000000000000000        1.8022965275663421E-002   0.0000000000000000     
  -2.1779999999999999        0.0000000000000000        1.8240985830356344E-002   0.0000000000000000     
  -1.9800000000000000        0.0000000000000000        1.8345692024037123E-002   0.0000000000000000     
  -1.7820000000000000        0.0000000000000000        1.8291704650892734E-002   0.0000000000000000     
  -1.5840000000000001        0.0000000000000000        1.8018084122011099E-002   0.0000000000000000     
  -1.3860000000000001        0.0000000000000000        1.7457271820914895E-002   0.0000000000000000     
  -1.1880000000000002        0.0000000000000000        1.6538425884927273E-002   0.0000000000000000     
 -0.98999999999999999        0.0000000000000000        1.5179051636796516E-002   0.0000000000000000     
 -0.79200000000000004        0.0000000000000000        1.3281001027541551E-002   0.0000000000000000     
 -0.59400000000000008        0.0000000000000000        1.0765118288883995E-002   0.0000000000000000     
 -0.39600000000000002        0.0000000000000000        7.6239968132739474E-003   0.0000000000000000     
 -0.19800000000000001        0.0000000000000000        3.9595502795605718E-003   0.0000000000000000     
   0.0000000000000000        0.0000000000000000        0.0000000000000000        0.0000000000000000     
  0.19800000000000001        0.0000000000000000       -3.9595502795605718E-003   0.0000000000000000     
  0.39600000000000002        0.0000000000000000       -7.6239968132739474E-003   0.0000000000000000     
  0.59400000000000008        0.0000000000000000       -1.0765118288883995E-002   0.0000000000000000     
  0.79200000000000004        0.0000000000000000       -1.3281001027541551E-002   0.0000000000000000     
  0.98999999999999999        0.0000000000000000       -1.5179051636796516E-002   0.0000000000000000     
   1.1880000000000002        0.0000000000000000       -1.6538425884927273E-002   0.0000000000000000     
   1.3860000000000001        0.0000000000000000       -1.7457271820914895E-002   0.0000000000000000     
   1.5840000000000001        0.0000000000000000       -1.8018084122011099E-002   0.0000000000000000     
   1.7820000000000000        0.0000000000000000       -1.8291704650892734E-002   0.0000000000000000     
   1.9800000000000000        0.0000000000000000       -1.8345692024037123E-002   0.0000000000000000     
   2.1779999999999999        0.0000000000000000       -1.8240985830356344E-002   0.0000000000000000     
   2.3760000000000003        0.0000000000000000       -1.8022965275663421E-002   0.0000000000000000     
   2.5740000000000003        0.0000000000000000       -1.7727154383096268E-002   0.0000000000000000     
   2.7720000000000002        0.0000000000000000       -1.7380619036842498E-002   0.0000000000000000     
   2.9700000000000002        0.0000000000000000       -1.7006155954233420E-002   0.0000000000000000     
   3.1680000000000001        0.0000000000000000       -1.6617138495232265E-002   0.0000000000000000     
   3.3660000000000001        0.0000000000000000       -1.6216817773543085E-002   0.0000000000000000     
   3.5640000000000001        0.0000000000000000       -1.5810170527668144E-002   0.0000000000000000     
   3.7620000000000000        0.0000000000000000       -1.5402703301429963E-002   0.0000000000000000     
   3.9600000000000000        0.0000000000000000       -1.4998992707988790E-002   0.0000000000000000     
   4.1580000000000004        0.0000000000000000       -1.4602444962156921E-002   0.0000000000000000     
   4.3559999999999999        0.0000000000000000       -1.4215447525411267E-002   0.0000000000000000     
   4.5540000000000003        0.0000000000000000       -1.3839586246430972E-002   0.0000000000000000     
   4.7520000000000007        0.0000000000000000       -1.3475843870795184E-002   0.0000000000000000     
   4.9500000000000002        0.0000000000000000       -1.3124755464818455E-002   0.0000000000000000     
   5.1480000000000006        0.0000000000000000       -1.2786531384163538E-002   0.0000000000000000     
   5.3460000000000001        0.0000000000000000       -1.2461147418416953E-002   0.0000000000000000     
   5.5440000000000005        0.0000000000000000       -1.2148413335296948E-002   0.0000000000000000     
   5.7420000000000000        0.0000000000000000       -1.1848023426110549E-002   0.0000000000000000     
   5.9400000000000004        0.0000000000000000       -1.1559595012484991E-002   0.0000000000000000     
   6.1379999999999999        0.0000000000000000       -1.1282695783121381E-002   0.0000000000000000     
   6.3360000000000003        0.0000000000000000       -1.1016864379432532E-002   0.0000000000000000     
   6.5340000000000007        0.0000000000000000       -1.0761625540330328E-002   0.0000000000000000     
   6.7320000000000002        0.0000000000000000       -1.0516500921478189E-002   0.0000000000000000     
   6.9300000000000006        0.0000000000000000       -1.0281016627588714E-002   0.0000000000000000     
   7.1280000000000001        0.0000000000000000       -1.0054709628483960E-002   0.0000000000000000     
   7.3260000000000005        0.0000000000000000       -9.8371298929430355E-003   0.0000000000000000     
   7.5240000000000000        0.0000000000000000       -9.6278442072753479E-003   0.0000000000000000     
   7.7220000000000004        0.0000000000000000       -9.4264372659794236E-003   0.0000000000000000     
   7.9199999999999999        0.0000000000000000       -9.2325120653294745E-003   0.0000000000000000     
   8.1180000000000003        0.0000000000000000       -9.0456907288011101E-003   0.0000000000000000     
   8.3160000000000007        0.0000000000000000       -8.8656138332732434E-003   0.0000000000000000     
   8.5140000000000011        0.0000000000000000       -8.6919405560469676E-003   0.0000000000000000     
   8.7119999999999997        0.0000000000000000       -8.5243478547198954E-003   0.0000000000000000     
   8.9100000000000001        0.0000000000000000       -8.3625296060427044E-003   0.0000000000000000     
   9.1080000000000005        0.0000000000000000       -8.2061962985160407E-003   0.0000000000000000     
   9.3060000000000009        0.0000000000000000       -8.0550736221154384E-003   0.0000000000000000     
   9.5040000000000013        0.0000000000000000       -7.9089022012147191E-003   0.0000000000000000     
   9.7020000000000000        0.0000000000000000       -7.7674361211711443E-003   0.0000000000000000     
   9.9000000000000004        0.0000000000000000       -7.6304429144991928E-003   0.0000000000000000     
   10.098000000000001        0.0000000000000000       -7.4977019178540053E-003   0.0000000000000000     
   10.296000000000001        0.0000000000000000       -7.3690040833033956E-003   0.0000000000000000     
   10.494000000000000        0.0000000000000000       -7.2441506761277748E-003   0.0000000000000000     
   10.692000000000000        0.0000000000000000       -7.1229529547430209E-003   0.0000000000000000     
   10.890000000000001        0.0000000000000000       -7.0052313803011974E-003   0.0000000000000000     
   11.088000000000001        0.0000000000000000       -6.8908146735114978E-003   0.0000000000000000     
   11.286000000000001        0.0000000000000000       -6.7795394593062235E-003   0.0000000000000000     
   11.484000000000000        0.0000000000000000       -6.6712494250540507E-003   0.0000000000000000     
   11.682000000000000        0.0000000000000000       -6.5657947082886367E-003   0.0000000000000000     
   11.880000000000001        0.0000000000000000       -6.4630314210864332E-003   0.0000000000000000     
   12.078000000000001        0.0000000000000000       -6.3628208737240973E-003   0.0000000000000000     
   12.276000000000000        0.0000000000000000       -6.2650292981539547E-003   0.0000000000000000     
   12.474000000000000        0.0000000000000000       -6.1695266769226358E-003   0.0000000000000000     
   12.672000000000001        0.0000000000000000       -6.0761867708235377E-003   0.0000000000000000     
   12.870000000000001        0.0000000000000000       -5.9848862916276040E-003   0.0000000000000000     
   13.068000000000001        0.0000000000000000       -5.8955041768977796E-003   0.0000000000000000     
   13.266000000000000        0.0000000000000000       -5.8079209579000131E-003   0.0000000000000000     
   13.464000000000000        0.0000000000000000       -5.7220183058726108E-003   0.0000000000000000     
   13.662000000000001        0.0000000000000000       -5.6376780146464196E-003   0.0000000000000000     
   13.860000000000001        0.0000000000000000       -5.5547815455315426E-003   0.0000000000000000     
   14.058000000000000        0.0000000000000000       -5.4732088260487192E-003   0.0000000000000000     
   14.256000000000000        0.0000000000000000       -5.3928375332699292E-003   0.0000000000000000     
   14.454000000000001        0.0000000000000000       -5.3135419909464089E-003   0.0000000000000000     
   14.652000000000001        0.0000000000000000       -5.2351919371310266E-003   0.0000000000000000     
   14.850000000000001        0.0000000000000000       -5.1576510341719553E-003   0.0000000000000000     
   15.048000000000000        0.0000000000000000       -5.0807756054564784E-003   0.0000000000000000     
   15.246000000000000        0.0000000000000000       -5.0044124250582809E-003   0.0000000000000000     
   15.444000000000001        0.0000000000000000       -4.9283967290652368E-003   0.0000000000000000     
   15.642000000000001        0.0000000000000000       -4.8525496600319313E-003   0.0000000000000000     
   15.840000000000000        0.0000000000000000       -4.7766750878693648E-003   0.0000000000000000     
   16.038000000000000        0.0000000000000000       -4.7005563634470345E-003   0.0000000000000000     
   16.236000000000001        0.0000000000000000       -4.6239516218238704E-003   0.0000000000000000     
   16.434000000000001        0.0000000000000000       -4.5465887776152134E-003   0.0000000000000000     
   16.632000000000001        0.0000000000000000       -4.4681594230182881E-003   0.0000000000000000     
   16.830000000000002        0.0000000000000000       -4.3883113538151740E-003   0.0000000000000000     
   17.028000000000002        0.0000000000000000       -4.3070647129740220E-003   0.0000000000000000     
   17.225999999999999        0.0000000000000000       -4.2234966243188564E-003   0.0000000000000000     
   17.423999999999999        0.0000000000000000       -4.1371958382716723E-003   0.0000000000000000     
   17.622000000000000        0.0000000000000000       -4.0474152565404490E-003   0.0000000000000000     
   17.820000000000000        0.0000000000000000       -3.9535159802710704E-003   0.0000000000000000     
   18.018000000000001        0.0000000000000000       -3.8546918363154855E-003   0.0000000000000000     
   18.216000000000001        0.0000000000000000       -3.7492451705616161E-003   0.0000000000000000     
   18.414000000000001        0.0000000000000000       -3.6365745559937337E-003   0.0000000000000000     
   18.612000000000002        0.0000000000000000       -3.5153122423973609E-003   0.0000000000000000     
   18.810000000000002        0.0000000000000000       -3.3850905129895960E-003   0.0000000000000000     
   19.008000000000003        0.0000000000000000       -3.2427168045627932E-003   0.0000000000000000     
   19.206000000000000        0.0000000000000000       -3.0875237860111728E-003   0.0000000000000000     
   19.404000000000000        0.0000000000000000       -2.9184097080436201E-003   0.0000000000000000     
   19.602000000000000        0.0000000000000000       -2.7334593857651916E-003   0.0000000000000000     
