  -19.602000000000000        0.0000000000000000        3.0347976307405862E-003   0.0000000000000000     
  -19.404000000000000        0.0000000000000000        3.2201680518426949E-003   0.0000000000000000     
  -19.206000000000000        0.0000000000000000        3.3909199762763029E-003   0.0000000000000000     
  -19.008000000000003        0.0000000000000000        3.5503496823809104E-003   0.0000000000000000     
  -18.810000000000002        0.0000000000000000        3.6984934418784672E-003   0.0000000000000000     
  -18.612000000000002        0.0000000000000000        3.8358852973666927E-003   0.0000000000000000     
  -18.414000000000001        0.0000000000000000        3.9629735033964051E-003   0.0000000000000000     
  -18.216000000000001        0.0000000000000000        4.0830416836230930E-003   0.0000000000000000     
  -18.018000000000001        0.0000000000000000        4.1957959993994586E-003   0.0000000000000000     
  -17.820000000000000        0.0000000000000000        4.3023733730144535E-003   0.0000000000000000     
  -17.622000000000000        0.0000000000000000        4.4037659099415193E-003   0.0000000000000000     
  -17.423999999999999        0.0000000000000000        4.5003082242126673E-003   0.0000000000000000     
  -17.225999999999999        0.0000000000000000        4.5932997967458832E-003   0.0000000000000000     
  -17.028000000000002        0.0000000000000000        4.6833171682713927E-003   0.0000000000000000     
  -16.830000000000002        0.0000000000000000        4.7708232694183049E-003   0.0000000000000000     
  -16.632000000000001        0.0000000000000000        4.8564503679826279E-003   0.0000000000000000     
  -16.434000000000001        0.0000000000000000        4.9393178402749351E-003   0.0000000000000000     
  -16.236000000000001        0.0000000000000000        5.0224571463145856E-003   0.0000000000000000     
  -16.038000000000000        0.0000000000000000        5.1046087385511274E-003   0.0000000000000000     
  -15.840000000000000        0.0000000000000000        5.1860490138474387E-003   0.0000000000000000     
  -15.642000000000001        0.0000000000000000        5.2670246661845454E-003   0.0000000000000000     
  -15.444000000000001        0.0000000000000000        5.3477575691629788E-003   0.0000000000000000     
  -15.246000000000000        0.0000000000000000        5.4284486077109438E-003   0.0000000000000000     
  -15.048000000000000        0.0000000000000000        5.5092810415442945E-003   0.0000000000000000     
  -14.850000000000001        0.0000000000000000        5.5904234363265007E-003   0.0000000000000000     
  -14.652000000000001        0.0000000000000000        5.6720320427013100E-003   0.0000000000000000     
  -14.454000000000001        0.0000000000000000        5.7542527328861663E-003   0.0000000000000000     
  -14.256000000000000        0.0000000000000000        5.8372231630940061E-003   0.0000000000000000     
  -14.058000000000000        0.0000000000000000        5.9210738441440366E-003   0.0000000000000000     
  -13.860000000000001        0.0000000000000000        6.0059298222699745E-003   0.0000000000000000     
  -13.662000000000001        0.0000000000000000        6.0919117372872323E-003   0.0000000000000000     
  -13.464000000000000        0.0000000000000000        6.1791367964201191E-003   0.0000000000000000     
  -13.266000000000000        0.0000000000000000        6.2677197246244539E-003   0.0000000000000000     
  -13.068000000000001        0.0000000000000000        6.3577736600661594E-003   0.0000000000000000     
  -12.870000000000001        0.0000000000000000        6.4494107440402461E-003   0.0000000000000000     
  -12.672000000000001        0.0000000000000000        6.5427429961709294E-003   0.0000000000000000     
  -12.474000000000000        0.0000000000000000        6.6378826425540754E-003   0.0000000000000000     
  -12.276000000000000        0.0000000000000000        6.7349428319557116E-003   0.0000000000000000     
  -12.078000000000001        0.0000000000000000        6.8340384676899768E-003   0.0000000000000000     
  -11.880000000000001        0.0000000000000000        6.9352861444793579E-003   0.0000000000000000     
  -11.682000000000000        0.0000000000000000        7.0388050559159979E-003   0.0000000000000000     
  -11.484000000000000        0.0000000000000000        7.1447172493251431E-003   0.0000000000000000     
  -11.286000000000001        0.0000000000000000        7.2531485645658993E-003   0.0000000000000000     
  -11.088000000000001        0.0000000000000000        7.3642282275401798E-003   0.0000000000000000     
  -10.890000000000001        0.0000000000000000        7.4780900595266299E-003   0.0000000000000000     
  -10.692000000000000        0.0000000000000000        7.5948726831914009E-003   0.0000000000000000     
  -10.494000000000000        0.0000000000000000        7.7147197601687961E-003   0.0000000000000000     
  -10.296000000000001        0.0000000000000000        7.8377809183401911E-003   0.0000000000000000     
  -10.098000000000001        0.0000000000000000        7.9642115352231407E-003   0.0000000000000000     
  -9.9000000000000004        0.0000000000000000        8.0941741482464680E-003   0.0000000000000000     
  -9.7020000000000000        0.0000000000000000        8.2278376403855363E-003   0.0000000000000000     
  -9.5040000000000013        0.0000000000000000        8.3653791143072122E-003   0.0000000000000000     
  -9.3060000000000009        0.0000000000000000        8.5069831427579696E-003   0.0000000000000000     
  -9.1080000000000005        0.0000000000000000        8.6528431336732933E-003   0.0000000000000000     
  -8.9100000000000001        0.0000000000000000        8.8031607944114177E-003   0.0000000000000000     
  -8.7119999999999997        0.0000000000000000        8.9581477985048921E-003   0.0000000000000000     
  -8.5140000000000011        0.0000000000000000        9.1180250316703817E-003   0.0000000000000000     
  -8.3160000000000007        0.0000000000000000        9.2830235771577240E-003   0.0000000000000000     
  -8.1180000000000003        0.0000000000000000        9.4533847010019531E-003   0.0000000000000000     
  -7.9199999999999999        0.0000000000000000        9.6293601543567826E-003   0.0000000000000000     
  -7.7220000000000004        0.0000000000000000        9.8112120559716767E-003   0.0000000000000000     
  -7.5240000000000000        0.0000000000000000        9.9992128258259740E-003   0.0000000000000000     
  -7.3260000000000005        0.0000000000000000        1.0193644868738739E-002   0.0000000000000000     
  -7.1280000000000001        0.0000000000000000        1.0394799584410953E-002   0.0000000000000000     
  -6.9300000000000006        0.0000000000000000        1.0602976484620986E-002   0.0000000000000000     
  -6.7320000000000002        0.0000000000000000        1.0818480948075871E-002   0.0000000000000000     
  -6.5340000000000007        0.0000000000000000        1.1041622198325737E-002   0.0000000000000000     
  -6.3360000000000003        0.0000000000000000        1.1272709069712431E-002   0.0000000000000000     
  -6.1379999999999999        0.0000000000000000        1.1512045057350104E-002   0.0000000000000000     
  -5.9400000000000004        0.0000000000000000        1.1759921465769218E-002   0.0000000000000000     
  -5.7420000000000000        0.0000000000000000        1.2016607449885783E-002   0.0000000000000000     
  -5.5440000000000005        0.0000000000000000        1.2282336046595399E-002   0.0000000000000000     
  -5.3460000000000001        0.0000000000000000        1.2557286784837212E-002   0.0000000000000000     
  -5.1480000000000006        0.0000000000000000        1.2841558702561167E-002   0.0000000000000000     
  -4.9500000000000002        0.0000000000000000        1.3135136053078192E-002   0.0000000000000000     
  -4.7520000000000007        0.0000000000000000        1.3437840533144103E-002   0.0000000000000000     
  -4.5540000000000003        0.0000000000000000        1.3749264217466563E-002   0.0000000000000000     
  -4.3559999999999999        0.0000000000000000        1.4068686576229913E-002   0.0000000000000000     
  -4.1580000000000004        0.0000000000000000        1.4394979453663959E-002   0.0000000000000000     
  -3.9600000000000000        0.0000000000000000        1.4726549383645418E-002   0.0000000000000000     
  -3.7620000000000000        0.0000000000000000        1.5061505956033294E-002   0.0000000000000000     
  -3.5640000000000001        0.0000000000000000        1.5398597595479189E-002   0.0000000000000000     
  -3.3660000000000001        0.0000000000000000        1.5739507075388740E-002   0.0000000000000000     
  -3.1680000000000001        0.0000000000000000        1.6087095508839026E-002   0.0000000000000000     
  -2.9700000000000002        0.0000000000000000        1.6428021828861713E-002   0.0000000000000000     
  -2.7720000000000002        0.0000000000000000        1.6742738408706982E-002   0.0000000000000000     
  -2.5740000000000003        0.0000000000000000        1.7019139755893701E-002   0.0000000000000000     
  -2.3760000000000003        0.0000000000000000        1.7241030308990976E-002   0.0000000000000000     
  -2.1779999999999999        0.0000000000000000        1.7384769207476024E-002   0.0000000000000000     
  -1.9800000000000000        0.0000000000000000        1.7415979471067079E-002   0.0000000000000000     
  -1.7820000000000000        0.0000000000000000        1.7294786164626801E-002   0.0000000000000000     
  -1.5840000000000001        0.0000000000000000        1.6975983534654869E-002   0.0000000000000000     
  -1.3860000000000001        0.0000000000000000        1.6404086950642011E-002   0.0000000000000000     
  -1.1880000000000002        0.0000000000000000        1.5512740667655574E-002   0.0000000000000000     
 -0.98999999999999999        0.0000000000000000        1.4211449010851281E-002   0.0000000000000000     
 -0.79200000000000004        0.0000000000000000        1.2406629346202009E-002   0.0000000000000000     
 -0.59400000000000008        0.0000000000000000        1.0039097330555368E-002   0.0000000000000000     
 -0.39600000000000002        0.0000000000000000        7.1069962222443479E-003   0.0000000000000000     
 -0.19800000000000001        0.0000000000000000        3.6951454186567815E-003   0.0000000000000000     
   0.0000000000000000        0.0000000000000000        0.0000000000000000        0.0000000000000000     
  0.19800000000000001        0.0000000000000000       -3.6951454186567815E-003   0.0000000000000000     
  0.39600000000000002        0.0000000000000000       -7.1069962222443479E-003   0.0000000000000000     
  0.59400000000000008        0.0000000000000000       -1.0039097330555368E-002   0.0000000000000000     
  0.79200000000000004        0.0000000000000000       -1.2406629346202009E-002   0.0000000000000000     
  0.98999999999999999        0.0000000000000000       -1.4211449010851281E-002   0.0000000000000000     
   1.1880000000000002        0.0000000000000000       -1.5512740667655574E-002   0.0000000000000000     
   1.3860000000000001        0.0000000000000000       -1.6404086950642011E-002   0.0000000000000000     
   1.5840000000000001        0.0000000000000000       -1.6975983534654869E-002   0.0000000000000000     
   1.7820000000000000        0.0000000000000000       -1.7294786164626801E-002   0.0000000000000000     
   1.9800000000000000        0.0000000000000000       -1.7415979471067079E-002   0.0000000000000000     
   2.1779999999999999        0.0000000000000000       -1.7384769207476024E-002   0.0000000000000000     
   2.3760000000000003        0.0000000000000000       -1.7241030308990976E-002   0.0000000000000000     
   2.5740000000000003        0.0000000000000000       -1.7019139755893701E-002   0.0000000000000000     
   2.7720000000000002        0.0000000000000000       -1.6742738408706982E-002   0.0000000000000000     
   2.9700000000000002        0.0000000000000000       -1.6428021828861713E-002   0.0000000000000000     
   3.1680000000000001        0.0000000000000000       -1.6087095508839026E-002   0.0000000000000000     
   3.3660000000000001        0.0000000000000000       -1.5739507075388740E-002   0.0000000000000000     
   3.5640000000000001        0.0000000000000000       -1.5398597595479189E-002   0.0000000000000000     
   3.7620000000000000        0.0000000000000000       -1.5061505956033294E-002   0.0000000000000000     
   3.9600000000000000        0.0000000000000000       -1.4726549383645418E-002   0.0000000000000000     
   4.1580000000000004        0.0000000000000000       -1.4394979453663959E-002   0.0000000000000000     
   4.3559999999999999        0.0000000000000000       -1.4068686576229913E-002   0.0000000000000000     
   4.5540000000000003        0.0000000000000000       -1.3749264217466563E-002   0.0000000000000000     
   4.7520000000000007        0.0000000000000000       -1.3437840533144103E-002   0.0000000000000000     
   4.9500000000000002        0.0000000000000000       -1.3135136053078192E-002   0.0000000000000000     
   5.1480000000000006        0.0000000000000000       -1.2841558702561167E-002   0.0000000000000000     
   5.3460000000000001        0.0000000000000000       -1.2557286784837212E-002   0.0000000000000000     
   5.5440000000000005        0.0000000000000000       -1.2282336046595399E-002   0.0000000000000000     
   5.7420000000000000        0.0000000000000000       -1.2016607449885783E-002   0.0000000000000000     
   5.9400000000000004        0.0000000000000000       -1.1759921465769218E-002   0.0000000000000000     
   6.1379999999999999        0.0000000000000000       -1.1512045057350104E-002   0.0000000000000000     
   6.3360000000000003        0.0000000000000000       -1.1272709069712431E-002   0.0000000000000000     
   6.5340000000000007        0.0000000000000000       -1.1041622198325737E-002   0.0000000000000000     
   6.7320000000000002        0.0000000000000000       -1.0818480948075871E-002   0.0000000000000000     
   6.9300000000000006        0.0000000000000000       -1.0602976484620986E-002   0.0000000000000000     
   7.1280000000000001        0.0000000000000000       -1.0394799584410953E-002   0.0000000000000000     
   7.3260000000000005        0.0000000000000000       -1.0193644868738739E-002   0.0000000000000000     
   7.5240000000000000        0.0000000000000000       -9.9992128258259740E-003   0.0000000000000000     
   7.7220000000000004        0.0000000000000000       -9.8112120559716767E-003   0.0000000000000000     
   7.9199999999999999        0.0000000000000000       -9.6293601543567826E-003   0.0000000000000000     
   8.1180000000000003        0.0000000000000000       -9.4533847010019531E-003   0.0000000000000000     
   8.3160000000000007        0.0000000000000000       -9.2830235771577240E-003   0.0000000000000000     
   8.5140000000000011        0.0000000000000000       -9.1180250316703817E-003   0.0000000000000000     
   8.7119999999999997        0.0000000000000000       -8.9581477985048921E-003   0.0000000000000000     
   8.9100000000000001        0.0000000000000000       -8.8031607944114177E-003   0.0000000000000000     
   9.1080000000000005        0.0000000000000000       -8.6528431336732933E-003   0.0000000000000000     
   9.3060000000000009        0.0000000000000000       -8.5069831427579696E-003   0.0000000000000000     
   9.5040000000000013        0.0000000000000000       -8.3653791143072122E-003   0.0000000000000000     
   9.7020000000000000        0.0000000000000000       -8.2278376403855363E-003   0.0000000000000000     
   9.9000000000000004        0.0000000000000000       -8.0941741482464680E-003   0.0000000000000000     
   10.098000000000001        0.0000000000000000       -7.9642115352231407E-003   0.0000000000000000     
   10.296000000000001        0.0000000000000000       -7.8377809183401911E-003   0.0000000000000000     
   10.494000000000000        0.0000000000000000       -7.7147197601687961E-003   0.0000000000000000     
   10.692000000000000        0.0000000000000000       -7.5948726831914009E-003   0.0000000000000000     
   10.890000000000001        0.0000000000000000       -7.4780900595266299E-003   0.0000000000000000     
   11.088000000000001        0.0000000000000000       -7.3642282275401798E-003   0.0000000000000000     
   11.286000000000001        0.0000000000000000       -7.2531485645658993E-003   0.0000000000000000     
   11.484000000000000        0.0000000000000000       -7.1447172493251431E-003   0.0000000000000000     
   11.682000000000000        0.0000000000000000       -7.0388050559159979E-003   0.0000000000000000     
   11.880000000000001        0.0000000000000000       -6.9352861444793579E-003   0.0000000000000000     
   12.078000000000001        0.0000000000000000       -6.8340384676899768E-003   0.0000000000000000     
   12.276000000000000        0.0000000000000000       -6.7349428319557116E-003   0.0000000000000000     
   12.474000000000000        0.0000000000000000       -6.6378826425540754E-003   0.0000000000000000     
   12.672000000000001        0.0000000000000000       -6.5427429961709294E-003   0.0000000000000000     
   12.870000000000001        0.0000000000000000       -6.4494107440402461E-003   0.0000000000000000     
   13.068000000000001        0.0000000000000000       -6.3577736600661594E-003   0.0000000000000000     
   13.266000000000000        0.0000000000000000       -6.2677197246244539E-003   0.0000000000000000     
   13.464000000000000        0.0000000000000000       -6.1791367964201191E-003   0.0000000000000000     
   13.662000000000001        0.0000000000000000       -6.0919117372872323E-003   0.0000000000000000     
   13.860000000000001        0.0000000000000000       -6.0059298222699745E-003   0.0000000000000000     
   14.058000000000000        0.0000000000000000       -5.9210738441440366E-003   0.0000000000000000     
   14.256000000000000        0.0000000000000000       -5.8372231630940061E-003   0.0000000000000000     
   14.454000000000001        0.0000000000000000       -5.7542527328861663E-003   0.0000000000000000     
   14.652000000000001        0.0000000000000000       -5.6720320427013100E-003   0.0000000000000000     
   14.850000000000001        0.0000000000000000       -5.5904234363265007E-003   0.0000000000000000     
   15.048000000000000        0.0000000000000000       -5.5092810415442945E-003   0.0000000000000000     
   15.246000000000000        0.0000000000000000       -5.4284486077109438E-003   0.0000000000000000     
   15.444000000000001        0.0000000000000000       -5.3477575691629788E-003   0.0000000000000000     
   15.642000000000001        0.0000000000000000       -5.2670246661845454E-003   0.0000000000000000     
   15.840000000000000        0.0000000000000000       -5.1860490138474387E-003   0.0000000000000000     
   16.038000000000000        0.0000000000000000       -5.1046087385511274E-003   0.0000000000000000     
   16.236000000000001        0.0000000000000000       -5.0224571463145856E-003   0.0000000000000000     
   16.434000000000001        0.0000000000000000       -4.9393178402749351E-003   0.0000000000000000     
   16.632000000000001        0.0000000000000000       -4.8564503679826279E-003   0.0000000000000000     
   16.830000000000002        0.0000000000000000       -4.7708232694183049E-003   0.0000000000000000     
   17.028000000000002        0.0000000000000000       -4.6833171682713927E-003   0.0000000000000000     
   17.225999999999999        0.0000000000000000       -4.5932997967458832E-003   0.0000000000000000     
   17.423999999999999        0.0000000000000000       -4.5003082242126673E-003   0.0000000000000000     
   17.622000000000000        0.0000000000000000       -4.4037659099415193E-003   0.0000000000000000     
   17.820000000000000        0.0000000000000000       -4.3023733730144535E-003   0.0000000000000000     
   18.018000000000001        0.0000000000000000       -4.1957959993994586E-003   0.0000000000000000     
   18.216000000000001        0.0000000000000000       -4.0830416836230930E-003   0.0000000000000000     
   18.414000000000001        0.0000000000000000       -3.9629735033964051E-003   0.0000000000000000     
   18.612000000000002        0.0000000000000000       -3.8358852973666927E-003   0.0000000000000000     
   18.810000000000002        0.0000000000000000       -3.6984934418784672E-003   0.0000000000000000     
   19.008000000000003        0.0000000000000000       -3.5503496823809104E-003   0.0000000000000000     
   19.206000000000000        0.0000000000000000       -3.3909199762763029E-003   0.0000000000000000     
   19.404000000000000        0.0000000000000000       -3.2201680518426949E-003   0.0000000000000000     
   19.602000000000000        0.0000000000000000       -3.0347976307405862E-003   0.0000000000000000     
