  -19.602000000000000        0.0000000000000000        2.3674353274638384E-003   0.0000000000000000     
  -19.404000000000000        0.0000000000000000        2.5264300282293694E-003   0.0000000000000000     
  -19.206000000000000        0.0000000000000000        2.6730880468019873E-003   0.0000000000000000     
  -19.008000000000003        0.0000000000000000        2.8062355020073474E-003   0.0000000000000000     
  -18.810000000000002        0.0000000000000000        2.9281375956493215E-003   0.0000000000000000     
  -18.612000000000002        0.0000000000000000        3.0407176724007133E-003   0.0000000000000000     
  -18.414000000000001        0.0000000000000000        3.1452136947684255E-003   0.0000000000000000     
  -18.216000000000001        0.0000000000000000        3.2423412335616307E-003   0.0000000000000000     
  -18.018000000000001        0.0000000000000000        3.3333287563567901E-003   0.0000000000000000     
  -17.820000000000000        0.0000000000000000        3.4186207219447430E-003   0.0000000000000000     
  -17.622000000000000        0.0000000000000000        3.4997246839658376E-003   0.0000000000000000     
  -17.423999999999999        0.0000000000000000        3.5773387009310764E-003   0.0000000000000000     
  -17.225999999999999        0.0000000000000000        3.6520741335388743E-003   0.0000000000000000     
  -17.028000000000002        0.0000000000000000        3.7237486401348000E-003   0.0000000000000000     
  -16.830000000000002        0.0000000000000000        3.7944138050227641E-003   0.0000000000000000     
  -16.632000000000001        0.0000000000000000        3.8635396076542664E-003   0.0000000000000000     
  -16.434000000000001        0.0000000000000000        3.9314752192340617E-003   0.0000000000000000     
  -16.236000000000001        0.0000000000000000        3.9985245125627135E-003   0.0000000000000000     
  -16.038000000000000        0.0000000000000000        4.0649538033406679E-003   0.0000000000000000     
  -15.840000000000000        0.0000000000000000        4.1309984130169829E-003   0.0000000000000000     
  -15.642000000000001        0.0000000000000000        4.1968675701865342E-003   0.0000000000000000     
  -15.444000000000001        0.0000000000000000        4.2627491963077926E-003   0.0000000000000000     
  -15.246000000000000        0.0000000000000000        4.3288133839204804E-003   0.0000000000000000     
  -15.048000000000000        0.0000000000000000        4.3952157052615081E-003   0.0000000000000000     
  -14.850000000000001        0.0000000000000000        4.4620996530547862E-003   0.0000000000000000     
  -14.652000000000001        0.0000000000000000        4.5295989402735198E-003   0.0000000000000000     
  -14.454000000000001        0.0000000000000000        4.5978392316446169E-003   0.0000000000000000     
  -14.256000000000000        0.0000000000000000        4.6669399182448206E-003   0.0000000000000000     
  -14.058000000000000        0.0000000000000000        4.7370154655577736E-003   0.0000000000000000     
  -13.860000000000001        0.0000000000000000        4.8081764326973258E-003   0.0000000000000000     
  -13.662000000000001        0.0000000000000000        4.8805307073199813E-003   0.0000000000000000     
  -13.464000000000000        0.0000000000000000        4.9541844771477271E-003   0.0000000000000000     
  -13.266000000000000        0.0000000000000000        5.0292427106598250E-003   0.0000000000000000     
  -13.068000000000001        0.0000000000000000        5.1058104957019670E-003   0.0000000000000000     
  -12.870000000000001        0.0000000000000000        5.1839930811953721E-003   0.0000000000000000     
  -12.672000000000001        0.0000000000000000        5.2638970212570205E-003   0.0000000000000000     
  -12.474000000000000        0.0000000000000000        5.3456305512730078E-003   0.0000000000000000     
  -12.276000000000000        0.0000000000000000        5.4293041596129941E-003   0.0000000000000000     
  -12.078000000000001        0.0000000000000000        5.5150312890807508E-003   0.0000000000000000     
  -11.880000000000001        0.0000000000000000        5.6029286830306972E-003   0.0000000000000000     
  -11.682000000000000        0.0000000000000000        5.6931169923392254E-003   0.0000000000000000     
  -11.484000000000000        0.0000000000000000        5.7857214561159104E-003   0.0000000000000000     
  -11.286000000000001        0.0000000000000000        5.8808722710941841E-003   0.0000000000000000     
  -11.088000000000001        0.0000000000000000        5.9787052707294900E-003   0.0000000000000000     
  -10.890000000000001        0.0000000000000000        6.0793622153195847E-003   0.0000000000000000     
  -10.692000000000000        0.0000000000000000        6.1829919895861809E-003   0.0000000000000000     
  -10.494000000000000        0.0000000000000000        6.2897502800629912E-003   0.0000000000000000     
  -10.296000000000001        0.0000000000000000        6.3998012003686341E-003   0.0000000000000000     
  -10.098000000000001        0.0000000000000000        6.5133171974187231E-003   0.0000000000000000     
  -9.9000000000000004        0.0000000000000000        6.6304799517436352E-003   0.0000000000000000     
  -9.7020000000000000        0.0000000000000000        6.7514813013108696E-003   0.0000000000000000     
  -9.5040000000000013        0.0000000000000000        6.8765237911175298E-003   0.0000000000000000     
  -9.3060000000000009        0.0000000000000000        7.0058212877660859E-003   0.0000000000000000     
  -9.1080000000000005        0.0000000000000000        7.1395998376121541E-003   0.0000000000000000     
  -8.9100000000000001        0.0000000000000000        7.2780988348501701E-003   0.0000000000000000     
  -8.7119999999999997        0.0000000000000000        7.4215712307502844E-003   0.0000000000000000     
  -8.5140000000000011        0.0000000000000000        7.5702845349075818E-003   0.0000000000000000     
  -8.3160000000000007        0.0000000000000000        7.7245219953104858E-003   0.0000000000000000     
  -8.1180000000000003        0.0000000000000000        7.8845825209138982E-003   0.0000000000000000     
  -7.9199999999999999        0.0000000000000000        8.0507819884480143E-003   0.0000000000000000     
  -7.7220000000000004        0.0000000000000000        8.2234534329898076E-003   0.0000000000000000     
  -7.5240000000000000        0.0000000000000000        8.4029471986688930E-003   0.0000000000000000     
  -7.3260000000000005        0.0000000000000000        8.5896315949524071E-003   0.0000000000000000     
  -7.1280000000000001        0.0000000000000000        8.7838917502204086E-003   0.0000000000000000     
  -6.9300000000000006        0.0000000000000000        8.9861292612710437E-003   0.0000000000000000     
  -6.7320000000000002        0.0000000000000000        9.1967606219699356E-003   0.0000000000000000     
  -6.5340000000000007        0.0000000000000000        9.4162142359787825E-003   0.0000000000000000     
  -6.3360000000000003        0.0000000000000000        9.6449273328155921E-003   0.0000000000000000     
  -6.1379999999999999        0.0000000000000000        9.8833402742147056E-003   0.0000000000000000     
  -5.9400000000000004        0.0000000000000000        1.0131888357363795E-002   0.0000000000000000     
  -5.7420000000000000        0.0000000000000000        1.0390991964293741E-002   0.0000000000000000     
  -5.5440000000000005        0.0000000000000000        1.0661041593030008E-002   0.0000000000000000     
  -5.3460000000000001        0.0000000000000000        1.0942378286915027E-002   0.0000000000000000     
  -5.1480000000000006        0.0000000000000000        1.1235267379756747E-002   0.0000000000000000     
  -4.9500000000000002        0.0000000000000000        1.1539862812758256E-002   0.0000000000000000     
  -4.7520000000000007        0.0000000000000000        1.1856159889841801E-002   0.0000000000000000     
  -4.5540000000000003        0.0000000000000000        1.2183933243749924E-002   0.0000000000000000     
  -4.3559999999999999        0.0000000000000000        1.2522653341654250E-002   0.0000000000000000     
  -4.1580000000000004        0.0000000000000000        1.2871378785881330E-002   0.0000000000000000     
  -3.9600000000000000        0.0000000000000000        1.3228615189621302E-002   0.0000000000000000     
  -3.7620000000000000        0.0000000000000000        1.3592137079118367E-002   0.0000000000000000     
  -3.5640000000000001        0.0000000000000000        1.3958778395003629E-002   0.0000000000000000     
  -3.3660000000000001        0.0000000000000000        1.4324222042383596E-002   0.0000000000000000     
  -3.1680000000000001        0.0000000000000000        1.4682929260254643E-002   0.0000000000000000     
  -2.9700000000000002        0.0000000000000000        1.5028629054242638E-002   0.0000000000000000     
  -2.7720000000000002        0.0000000000000000        1.5356211427178856E-002   0.0000000000000000     
  -2.5740000000000003        0.0000000000000000        1.5662047311523208E-002   0.0000000000000000     
  -2.3760000000000003        0.0000000000000000        1.5926765407541451E-002   0.0000000000000000     
  -2.1779999999999999        0.0000000000000000        1.6118179114173597E-002   0.0000000000000000     
  -1.9800000000000000        0.0000000000000000        1.6205625853685502E-002   0.0000000000000000     
  -1.7820000000000000        0.0000000000000000        1.6149566924483817E-002   0.0000000000000000     
  -1.5840000000000001        0.0000000000000000        1.5895311367994425E-002   0.0000000000000000     
  -1.3860000000000001        0.0000000000000000        1.5383808823879996E-002   0.0000000000000000     
  -1.1880000000000002        0.0000000000000000        1.4554202228285964E-002   0.0000000000000000     
 -0.98999999999999999        0.0000000000000000        1.3334464562764943E-002   0.0000000000000000     
 -0.79200000000000004        0.0000000000000000        1.1652431525503852E-002   0.0000000000000000     
 -0.59400000000000008        0.0000000000000000        9.4406201385852252E-003   0.0000000000000000     
 -0.39600000000000002        0.0000000000000000        6.6810698058502914E-003   0.0000000000000000     
 -0.19800000000000001        0.0000000000000000        3.4692781723563255E-003   0.0000000000000000     
   0.0000000000000000        0.0000000000000000        0.0000000000000000        0.0000000000000000     
  0.19800000000000001        0.0000000000000000       -3.4692781723563255E-003   0.0000000000000000     
  0.39600000000000002        0.0000000000000000       -6.6810698058502914E-003   0.0000000000000000     
  0.59400000000000008        0.0000000000000000       -9.4406201385852252E-003   0.0000000000000000     
  0.79200000000000004        0.0000000000000000       -1.1652431525503852E-002   0.0000000000000000     
  0.98999999999999999        0.0000000000000000       -1.3334464562764943E-002   0.0000000000000000     
   1.1880000000000002        0.0000000000000000       -1.4554202228285964E-002   0.0000000000000000     
   1.3860000000000001        0.0000000000000000       -1.5383808823879996E-002   0.0000000000000000     
   1.5840000000000001        0.0000000000000000       -1.5895311367994425E-002   0.0000000000000000     
   1.7820000000000000        0.0000000000000000       -1.6149566924483817E-002   0.0000000000000000     
   1.9800000000000000        0.0000000000000000       -1.6205625853685502E-002   0.0000000000000000     
   2.1779999999999999        0.0000000000000000       -1.6118179114173597E-002   0.0000000000000000     
   2.3760000000000003        0.0000000000000000       -1.5926765407541451E-002   0.0000000000000000     
   2.5740000000000003        0.0000000000000000       -1.5662047311523208E-002   0.0000000000000000     
   2.7720000000000002        0.0000000000000000       -1.5356211427178856E-002   0.0000000000000000     
   2.9700000000000002        0.0000000000000000       -1.5028629054242638E-002   0.0000000000000000     
   3.1680000000000001        0.0000000000000000       -1.4682929260254643E-002   0.0000000000000000     
   3.3660000000000001        0.0000000000000000       -1.4324222042383596E-002   0.0000000000000000     
   3.5640000000000001        0.0000000000000000       -1.3958778395003629E-002   0.0000000000000000     
   3.7620000000000000        0.0000000000000000       -1.3592137079118367E-002   0.0000000000000000     
   3.9600000000000000        0.0000000000000000       -1.3228615189621302E-002   0.0000000000000000     
   4.1580000000000004        0.0000000000000000       -1.2871378785881330E-002   0.0000000000000000     
   4.3559999999999999        0.0000000000000000       -1.2522653341654250E-002   0.0000000000000000     
   4.5540000000000003        0.0000000000000000       -1.2183933243749924E-002   0.0000000000000000     
   4.7520000000000007        0.0000000000000000       -1.1856159889841801E-002   0.0000000000000000     
   4.9500000000000002        0.0000000000000000       -1.1539862812758256E-002   0.0000000000000000     
   5.1480000000000006        0.0000000000000000       -1.1235267379756747E-002   0.0000000000000000     
   5.3460000000000001        0.0000000000000000       -1.0942378286915027E-002   0.0000000000000000     
   5.5440000000000005        0.0000000000000000       -1.0661041593030008E-002   0.0000000000000000     
   5.7420000000000000        0.0000000000000000       -1.0390991964293741E-002   0.0000000000000000     
   5.9400000000000004        0.0000000000000000       -1.0131888357363795E-002   0.0000000000000000     
   6.1379999999999999        0.0000000000000000       -9.8833402742147056E-003   0.0000000000000000     
   6.3360000000000003        0.0000000000000000       -9.6449273328155921E-003   0.0000000000000000     
   6.5340000000000007        0.0000000000000000       -9.4162142359787825E-003   0.0000000000000000     
   6.7320000000000002        0.0000000000000000       -9.1967606219699356E-003   0.0000000000000000     
   6.9300000000000006        0.0000000000000000       -8.9861292612710437E-003   0.0000000000000000     
   7.1280000000000001        0.0000000000000000       -8.7838917502204086E-003   0.0000000000000000     
   7.3260000000000005        0.0000000000000000       -8.5896315949524071E-003   0.0000000000000000     
   7.5240000000000000        0.0000000000000000       -8.4029471986688930E-003   0.0000000000000000     
   7.7220000000000004        0.0000000000000000       -8.2234534329898076E-003   0.0000000000000000     
   7.9199999999999999        0.0000000000000000       -8.0507819884480143E-003   0.0000000000000000     
   8.1180000000000003        0.0000000000000000       -7.8845825209138982E-003   0.0000000000000000     
   8.3160000000000007        0.0000000000000000       -7.7245219953104858E-003   0.0000000000000000     
   8.5140000000000011        0.0000000000000000       -7.5702845349075818E-003   0.0000000000000000     
   8.7119999999999997        0.0000000000000000       -7.4215712307502844E-003   0.0000000000000000     
   8.9100000000000001        0.0000000000000000       -7.2780988348501701E-003   0.0000000000000000     
   9.1080000000000005        0.0000000000000000       -7.1395998376121541E-003   0.0000000000000000     
   9.3060000000000009        0.0000000000000000       -7.0058212877660859E-003   0.0000000000000000     
   9.5040000000000013        0.0000000000000000       -6.8765237911175298E-003   0.0000000000000000     
   9.7020000000000000        0.0000000000000000       -6.7514813013108696E-003   0.0000000000000000     
   9.9000000000000004        0.0000000000000000       -6.6304799517436352E-003   0.0000000000000000     
   10.098000000000001        0.0000000000000000       -6.5133171974187231E-003   0.0000000000000000     
   10.296000000000001        0.0000000000000000       -6.3998012003686341E-003   0.0000000000000000     
   10.494000000000000        0.0000000000000000       -6.2897502800629912E-003   0.0000000000000000     
   10.692000000000000        0.0000000000000000       -6.1829919895861809E-003   0.0000000000000000     
   10.890000000000001        0.0000000000000000       -6.0793622153195847E-003   0.0000000000000000     
   11.088000000000001        0.0000000000000000       -5.9787052707294900E-003   0.0000000000000000     
   11.286000000000001        0.0000000000000000       -5.8808722710941841E-003   0.0000000000000000     
   11.484000000000000        0.0000000000000000       -5.7857214561159104E-003   0.0000000000000000     
   11.682000000000000        0.0000000000000000       -5.6931169923392254E-003   0.0000000000000000     
   11.880000000000001        0.0000000000000000       -5.6029286830306972E-003   0.0000000000000000     
   12.078000000000001        0.0000000000000000       -5.5150312890807508E-003   0.0000000000000000     
   12.276000000000000        0.0000000000000000       -5.4293041596129941E-003   0.0000000000000000     
   12.474000000000000        0.0000000000000000       -5.3456305512730078E-003   0.0000000000000000     
   12.672000000000001        0.0000000000000000       -5.2638970212570205E-003   0.0000000000000000     
   12.870000000000001        0.0000000000000000       -5.1839930811953721E-003   0.0000000000000000     
   13.068000000000001        0.0000000000000000       -5.1058104957019670E-003   0.0000000000000000     
   13.266000000000000        0.0000000000000000       -5.0292427106598250E-003   0.0000000000000000     
   13.464000000000000        0.0000000000000000       -4.9541844771477271E-003   0.0000000000000000     
   13.662000000000001        0.0000000000000000       -4.8805307073199813E-003   0.0000000000000000     
   13.860000000000001        0.0000000000000000       -4.8081764326973258E-003   0.0000000000000000     
   14.058000000000000        0.0000000000000000       -4.7370154655577736E-003   0.0000000000000000     
   14.256000000000000        0.0000000000000000       -4.6669399182448206E-003   0.0000000000000000     
   14.454000000000001        0.0000000000000000       -4.5978392316446169E-003   0.0000000000000000     
   14.652000000000001        0.0000000000000000       -4.5295989402735198E-003   0.0000000000000000     
   14.850000000000001        0.0000000000000000       -4.4620996530547862E-003   0.0000000000000000     
   15.048000000000000        0.0000000000000000       -4.3952157052615081E-003   0.0000000000000000     
   15.246000000000000        0.0000000000000000       -4.3288133839204804E-003   0.0000000000000000     
   15.444000000000001        0.0000000000000000       -4.2627491963077926E-003   0.0000000000000000     
   15.642000000000001        0.0000000000000000       -4.1968675701865342E-003   0.0000000000000000     
   15.840000000000000        0.0000000000000000       -4.1309984130169829E-003   0.0000000000000000     
   16.038000000000000        0.0000000000000000       -4.0649538033406679E-003   0.0000000000000000     
   16.236000000000001        0.0000000000000000       -3.9985245125627135E-003   0.0000000000000000     
   16.434000000000001        0.0000000000000000       -3.9314752192340617E-003   0.0000000000000000     
   16.632000000000001        0.0000000000000000       -3.8635396076542664E-003   0.0000000000000000     
   16.830000000000002        0.0000000000000000       -3.7944138050227641E-003   0.0000000000000000     
   17.028000000000002        0.0000000000000000       -3.7237486401348000E-003   0.0000000000000000     
   17.225999999999999        0.0000000000000000       -3.6520741335388743E-003   0.0000000000000000     
   17.423999999999999        0.0000000000000000       -3.5773387009310764E-003   0.0000000000000000     
   17.622000000000000        0.0000000000000000       -3.4997246839658376E-003   0.0000000000000000     
   17.820000000000000        0.0000000000000000       -3.4186207219447430E-003   0.0000000000000000     
   18.018000000000001        0.0000000000000000       -3.3333287563567901E-003   0.0000000000000000     
   18.216000000000001        0.0000000000000000       -3.2423412335616307E-003   0.0000000000000000     
   18.414000000000001        0.0000000000000000       -3.1452136947684255E-003   0.0000000000000000     
   18.612000000000002        0.0000000000000000       -3.0407176724007133E-003   0.0000000000000000     
   18.810000000000002        0.0000000000000000       -2.9281375956493215E-003   0.0000000000000000     
   19.008000000000003        0.0000000000000000       -2.8062355020073474E-003   0.0000000000000000     
   19.206000000000000        0.0000000000000000       -2.6730880468019873E-003   0.0000000000000000     
   19.404000000000000        0.0000000000000000       -2.5264300282293694E-003   0.0000000000000000     
   19.602000000000000        0.0000000000000000       -2.3674353274638384E-003   0.0000000000000000     
