  -19.602000000000000        0.0000000000000000        2.0127779673830858E-003   0.0000000000000000     
  -19.404000000000000        0.0000000000000000        2.1095482825773644E-003   0.0000000000000000     
  -19.206000000000000        0.0000000000000000        2.2012476615355767E-003   0.0000000000000000     
  -19.008000000000003        0.0000000000000000        2.2885278716414841E-003   0.0000000000000000     
  -18.810000000000002        0.0000000000000000        2.3710251015602265E-003   0.0000000000000000     
  -18.612000000000002        0.0000000000000000        2.4503722184729105E-003   0.0000000000000000     
  -18.414000000000001        0.0000000000000000        2.5258253981378935E-003   0.0000000000000000     
  -18.216000000000001        0.0000000000000000        2.5969791956878237E-003   0.0000000000000000     
  -18.018000000000001        0.0000000000000000        2.6643296122415105E-003   0.0000000000000000     
  -17.820000000000000        0.0000000000000000        2.7287837210591991E-003   0.0000000000000000     
  -17.622000000000000        0.0000000000000000        2.7906317014469717E-003   0.0000000000000000     
  -17.423999999999999        0.0000000000000000        2.8501690267729429E-003   0.0000000000000000     
  -17.225999999999999        0.0000000000000000        2.9076781442566014E-003   0.0000000000000000     
  -17.028000000000002        0.0000000000000000        2.9633886817070332E-003   0.0000000000000000     
  -16.830000000000002        0.0000000000000000        3.0175745901276970E-003   0.0000000000000000     
  -16.632000000000001        0.0000000000000000        3.0709391534213680E-003   0.0000000000000000     
  -16.434000000000001        0.0000000000000000        3.1231952829044048E-003   0.0000000000000000     
  -16.236000000000001        0.0000000000000000        3.1745286666388663E-003   0.0000000000000000     
  -16.038000000000000        0.0000000000000000        3.2251070762019606E-003   0.0000000000000000     
  -15.840000000000000        0.0000000000000000        3.2750819387279686E-003   0.0000000000000000     
  -15.642000000000001        0.0000000000000000        3.3245903283456997E-003   0.0000000000000000     
  -15.444000000000001        0.0000000000000000        3.3737566907697772E-003   0.0000000000000000     
  -15.246000000000000        0.0000000000000000        3.4226943780117564E-003   0.0000000000000000     
  -15.048000000000000        0.0000000000000000        3.4715072079784430E-003   0.0000000000000000     
  -14.850000000000001        0.0000000000000000        3.5202906304836403E-003   0.0000000000000000     
  -14.652000000000001        0.0000000000000000        3.5691329416516889E-003   0.0000000000000000     
  -14.454000000000001        0.0000000000000000        3.6181162812492554E-003   0.0000000000000000     
  -14.256000000000000        0.0000000000000000        3.6673175046593297E-003   0.0000000000000000     
  -14.058000000000000        0.0000000000000000        3.7168089313409465E-003   0.0000000000000000     
  -13.860000000000001        0.0000000000000000        3.7666590421318556E-003   0.0000000000000000     
  -13.662000000000001        0.0000000000000000        3.8169331424465123E-003   0.0000000000000000     
  -13.464000000000000        0.0000000000000000        3.8676937609322662E-003   0.0000000000000000     
  -13.266000000000000        0.0000000000000000        3.9190011499787526E-003   0.0000000000000000     
  -13.068000000000001        0.0000000000000000        3.9709137217048907E-003   0.0000000000000000     
  -12.870000000000001        0.0000000000000000        4.0234884415454603E-003   0.0000000000000000     
  -12.672000000000001        0.0000000000000000        4.0767810904885271E-003   0.0000000000000000     
  -12.474000000000000        0.0000000000000000        4.1308465333042303E-003   0.0000000000000000     
  -12.276000000000000        0.0000000000000000        4.1857388966726602E-003   0.0000000000000000     
  -12.078000000000001        0.0000000000000000        4.2415121524201791E-003   0.0000000000000000     
  -11.880000000000001        0.0000000000000000        4.2982197518157276E-003   0.0000000000000000     
  -11.682000000000000        0.0000000000000000        4.3559153198778223E-003   0.0000000000000000     
  -11.484000000000000        0.0000000000000000        4.4146523747021649E-003   0.0000000000000000     
  -11.286000000000001        0.0000000000000000        4.4744848712932076E-003   0.0000000000000000     
  -11.088000000000001        0.0000000000000000        4.5354668971567345E-003   0.0000000000000000     
  -10.890000000000001        0.0000000000000000        4.5976530907736483E-003   0.0000000000000000     
  -10.692000000000000        0.0000000000000000        4.6610984941202202E-003   0.0000000000000000     
  -10.494000000000000        0.0000000000000000        4.7258587365569009E-003   0.0000000000000000     
  -10.296000000000001        0.0000000000000000        4.7919898216739962E-003   0.0000000000000000     
  -10.098000000000001        0.0000000000000000        4.8595484280120936E-003   0.0000000000000000     
  -9.9000000000000004        0.0000000000000000        4.9285915774630613E-003   0.0000000000000000     
  -9.7020000000000000        0.0000000000000000        4.9991766479440970E-003   0.0000000000000000     
  -9.5040000000000013        0.0000000000000000        5.0713613600323719E-003   0.0000000000000000     
  -9.3060000000000009        0.0000000000000000        5.1452033052602781E-003   0.0000000000000000     
  -9.1080000000000005        0.0000000000000000        5.2207599064802469E-003   0.0000000000000000     
  -8.9100000000000001        0.0000000000000000        5.2980880913353736E-003   0.0000000000000000     
  -8.7119999999999997        0.0000000000000000        5.3772437113274764E-003   0.0000000000000000     
  -8.5140000000000011        0.0000000000000000        5.4582812134442230E-003   0.0000000000000000     
  -8.3160000000000007        0.0000000000000000        5.5412527428370505E-003   0.0000000000000000     
  -8.1180000000000003        0.0000000000000000        5.6262076241072358E-003   0.0000000000000000     
  -7.9199999999999999        0.0000000000000000        5.7131912383858946E-003   0.0000000000000000     
  -7.7220000000000004        0.0000000000000000        5.8022437835823564E-003   0.0000000000000000     
  -7.5240000000000000        0.0000000000000000        5.8933987553427781E-003   0.0000000000000000     
  -7.3260000000000005        0.0000000000000000        5.9866812535678575E-003   0.0000000000000000     
  -7.1280000000000001        0.0000000000000000        6.0821058732220276E-003   0.0000000000000000     
  -6.9300000000000006        0.0000000000000000        6.1796737395296676E-003   0.0000000000000000     
  -6.7320000000000002        0.0000000000000000        6.2793698586397209E-003   0.0000000000000000     
  -6.5340000000000007        0.0000000000000000        6.3811584333002313E-003   0.0000000000000000     
  -6.3360000000000003        0.0000000000000000        6.4849789032575969E-003   0.0000000000000000     
  -6.1379999999999999        0.0000000000000000        6.5907395395659353E-003   0.0000000000000000     
  -5.9400000000000004        0.0000000000000000        6.6983110050222111E-003   0.0000000000000000     
  -5.7420000000000000        0.0000000000000000        6.8075172290873428E-003   0.0000000000000000     
  -5.5440000000000005        0.0000000000000000        6.9181254891819395E-003   0.0000000000000000     
  -5.3460000000000001        0.0000000000000000        7.0298335884744932E-003   0.0000000000000000     
  -5.1480000000000006        0.0000000000000000        7.1422543967778222E-003   0.0000000000000000     
  -4.9500000000000002        0.0000000000000000        7.2548969653066266E-003   0.0000000000000000     
  -4.7520000000000007        0.0000000000000000        7.3671437518871719E-003   0.0000000000000000     
  -4.5540000000000003        0.0000000000000000        7.4782227272371339E-003   0.0000000000000000     
  -4.3559999999999999        0.0000000000000000        7.5871738848499364E-003   0.0000000000000000     
  -4.1580000000000004        0.0000000000000000        7.6928099205899152E-003   0.0000000000000000     
  -3.9600000000000000        0.0000000000000000        7.7936725259172010E-003   0.0000000000000000     
  -3.7620000000000000        0.0000000000000000        7.8879875125660477E-003   0.0000000000000000     
  -3.5640000000000001        0.0000000000000000        7.9736371637793204E-003   0.0000000000000000     
  -3.3660000000000001        0.0000000000000000        8.0481834669773461E-003   0.0000000000000000     
  -3.1680000000000001        0.0000000000000000        8.1089994751204660E-003   0.0000000000000000     
  -2.9700000000000002        0.0000000000000000        8.1532931292968708E-003   0.0000000000000000     
  -2.7720000000000002        0.0000000000000000        8.1766577245363497E-003   0.0000000000000000     
  -2.5740000000000003        0.0000000000000000        8.1716808776134235E-003   0.0000000000000000     
  -2.3760000000000003        0.0000000000000000        8.1295295978860496E-003   0.0000000000000000     
  -2.1779999999999999        0.0000000000000000        8.0408929077835575E-003   0.0000000000000000     
  -1.9800000000000000        0.0000000000000000        7.8949799896132645E-003   0.0000000000000000     
  -1.7820000000000000        0.0000000000000000        7.6782342580312144E-003   0.0000000000000000     
  -1.5840000000000001        0.0000000000000000        7.3710489190262716E-003   0.0000000000000000     
  -1.3860000000000001        0.0000000000000000        6.9451295949101918E-003   0.0000000000000000     
  -1.1880000000000002        0.0000000000000000        6.3788641925037991E-003   0.0000000000000000     
 -0.98999999999999999        0.0000000000000000        5.6637251678510383E-003   0.0000000000000000     
 -0.79200000000000004        0.0000000000000000        4.7942460749138020E-003   0.0000000000000000     
 -0.59400000000000008        0.0000000000000000        3.7701927918985969E-003   0.0000000000000000     
 -0.39600000000000002        0.0000000000000000        2.6049221573500340E-003   0.0000000000000000     
 -0.19800000000000001        0.0000000000000000        1.3314094528803515E-003   0.0000000000000000     
   0.0000000000000000        0.0000000000000000        0.0000000000000000        0.0000000000000000     
  0.19800000000000001        0.0000000000000000       -1.3314094528803515E-003   0.0000000000000000     
  0.39600000000000002        0.0000000000000000       -2.6049221573500340E-003   0.0000000000000000     
  0.59400000000000008        0.0000000000000000       -3.7701927918985969E-003   0.0000000000000000     
  0.79200000000000004        0.0000000000000000       -4.7942460749138020E-003   0.0000000000000000     
  0.98999999999999999        0.0000000000000000       -5.6637251678510383E-003   0.0000000000000000     
   1.1880000000000002        0.0000000000000000       -6.3788641925037991E-003   0.0000000000000000     
   1.3860000000000001        0.0000000000000000       -6.9451295949101918E-003   0.0000000000000000     
   1.5840000000000001        0.0000000000000000       -7.3710489190262716E-003   0.0000000000000000     
   1.7820000000000000        0.0000000000000000       -7.6782342580312144E-003   0.0000000000000000     
   1.9800000000000000        0.0000000000000000       -7.8949799896132645E-003   0.0000000000000000     
   2.1779999999999999        0.0000000000000000       -8.0408929077835575E-003   0.0000000000000000     
   2.3760000000000003        0.0000000000000000       -8.1295295978860496E-003   0.0000000000000000     
   2.5740000000000003        0.0000000000000000       -8.1716808776134235E-003   0.0000000000000000     
   2.7720000000000002        0.0000000000000000       -8.1766577245363497E-003   0.0000000000000000     
   2.9700000000000002        0.0000000000000000       -8.1532931292968708E-003   0.0000000000000000     
   3.1680000000000001        0.0000000000000000       -8.1089994751204660E-003   0.0000000000000000     
   3.3660000000000001        0.0000000000000000       -8.0481834669773461E-003   0.0000000000000000     
   3.5640000000000001        0.0000000000000000       -7.9736371637793204E-003   0.0000000000000000     
   3.7620000000000000        0.0000000000000000       -7.8879875125660477E-003   0.0000000000000000     
   3.9600000000000000        0.0000000000000000       -7.7936725259172010E-003   0.0000000000000000     
   4.1580000000000004        0.0000000000000000       -7.6928099205899152E-003   0.0000000000000000     
   4.3559999999999999        0.0000000000000000       -7.5871738848499364E-003   0.0000000000000000     
   4.5540000000000003        0.0000000000000000       -7.4782227272371339E-003   0.0000000000000000     
   4.7520000000000007        0.0000000000000000       -7.3671437518871719E-003   0.0000000000000000     
   4.9500000000000002        0.0000000000000000       -7.2548969653066266E-003   0.0000000000000000     
   5.1480000000000006        0.0000000000000000       -7.1422543967778222E-003   0.0000000000000000     
   5.3460000000000001        0.0000000000000000       -7.0298335884744932E-003   0.0000000000000000     
   5.5440000000000005        0.0000000000000000       -6.9181254891819395E-003   0.0000000000000000     
   5.7420000000000000        0.0000000000000000       -6.8075172290873428E-003   0.0000000000000000     
   5.9400000000000004        0.0000000000000000       -6.6983110050222111E-003   0.0000000000000000     
   6.1379999999999999        0.0000000000000000       -6.5907395395659353E-003   0.0000000000000000     
   6.3360000000000003        0.0000000000000000       -6.4849789032575969E-003   0.0000000000000000     
   6.5340000000000007        0.0000000000000000       -6.3811584333002313E-003   0.0000000000000000     
   6.7320000000000002        0.0000000000000000       -6.2793698586397209E-003   0.0000000000000000     
   6.9300000000000006        0.0000000000000000       -6.1796737395296676E-003   0.0000000000000000     
   7.1280000000000001        0.0000000000000000       -6.0821058732220276E-003   0.0000000000000000     
   7.3260000000000005        0.0000000000000000       -5.9866812535678575E-003   0.0000000000000000     
   7.5240000000000000        0.0000000000000000       -5.8933987553427781E-003   0.0000000000000000     
   7.7220000000000004        0.0000000000000000       -5.8022437835823564E-003   0.0000000000000000     
   7.9199999999999999        0.0000000000000000       -5.7131912383858946E-003   0.0000000000000000     
   8.1180000000000003        0.0000000000000000       -5.6262076241072358E-003   0.0000000000000000     
   8.3160000000000007        0.0000000000000000       -5.5412527428370505E-003   0.0000000000000000     
   8.5140000000000011        0.0000000000000000       -5.4582812134442230E-003   0.0000000000000000     
   8.7119999999999997        0.0000000000000000       -5.3772437113274764E-003   0.0000000000000000     
   8.9100000000000001        0.0000000000000000       -5.2980880913353736E-003   0.0000000000000000     
   9.1080000000000005        0.0000000000000000       -5.2207599064802469E-003   0.0000000000000000     
   9.3060000000000009        0.0000000000000000       -5.1452033052602781E-003   0.0000000000000000     
   9.5040000000000013        0.0000000000000000       -5.0713613600323719E-003   0.0000000000000000     
   9.7020000000000000        0.0000000000000000       -4.9991766479440970E-003   0.0000000000000000     
   9.9000000000000004        0.0000000000000000       -4.9285915774630613E-003   0.0000000000000000     
   10.098000000000001        0.0000000000000000       -4.8595484280120936E-003   0.0000000000000000     
   10.296000000000001        0.0000000000000000       -4.7919898216739962E-003   0.0000000000000000     
   10.494000000000000        0.0000000000000000       -4.7258587365569009E-003   0.0000000000000000     
   10.692000000000000        0.0000000000000000       -4.6610984941202202E-003   0.0000000000000000     
   10.890000000000001        0.0000000000000000       -4.5976530907736483E-003   0.0000000000000000     
   11.088000000000001        0.0000000000000000       -4.5354668971567345E-003   0.0000000000000000     
   11.286000000000001        0.0000000000000000       -4.4744848712932076E-003   0.0000000000000000     
   11.484000000000000        0.0000000000000000       -4.4146523747021649E-003   0.0000000000000000     
   11.682000000000000        0.0000000000000000       -4.3559153198778223E-003   0.0000000000000000     
   11.880000000000001        0.0000000000000000       -4.2982197518157276E-003   0.0000000000000000     
   12.078000000000001        0.0000000000000000       -4.2415121524201791E-003   0.0000000000000000     
   12.276000000000000        0.0000000000000000       -4.1857388966726602E-003   0.0000000000000000     
   12.474000000000000        0.0000000000000000       -4.1308465333042303E-003   0.0000000000000000     
   12.672000000000001        0.0000000000000000       -4.0767810904885271E-003   0.0000000000000000     
   12.870000000000001        0.0000000000000000       -4.0234884415454603E-003   0.0000000000000000     
   13.068000000000001        0.0000000000000000       -3.9709137217048907E-003   0.0000000000000000     
   13.266000000000000        0.0000000000000000       -3.9190011499787526E-003   0.0000000000000000     
   13.464000000000000        0.0000000000000000       -3.8676937609322662E-003   0.0000000000000000     
   13.662000000000001        0.0000000000000000       -3.8169331424465123E-003   0.0000000000000000     
   13.860000000000001        0.0000000000000000       -3.7666590421318556E-003   0.0000000000000000     
   14.058000000000000        0.0000000000000000       -3.7168089313409465E-003   0.0000000000000000     
   14.256000000000000        0.0000000000000000       -3.6673175046593297E-003   0.0000000000000000     
   14.454000000000001        0.0000000000000000       -3.6181162812492554E-003   0.0000000000000000     
   14.652000000000001        0.0000000000000000       -3.5691329416516889E-003   0.0000000000000000     
   14.850000000000001        0.0000000000000000       -3.5202906304836403E-003   0.0000000000000000     
   15.048000000000000        0.0000000000000000       -3.4715072079784430E-003   0.0000000000000000     
   15.246000000000000        0.0000000000000000       -3.4226943780117564E-003   0.0000000000000000     
   15.444000000000001        0.0000000000000000       -3.3737566907697772E-003   0.0000000000000000     
   15.642000000000001        0.0000000000000000       -3.3245903283456997E-003   0.0000000000000000     
   15.840000000000000        0.0000000000000000       -3.2750819387279686E-003   0.0000000000000000     
   16.038000000000000        0.0000000000000000       -3.2251070762019606E-003   0.0000000000000000     
   16.236000000000001        0.0000000000000000       -3.1745286666388663E-003   0.0000000000000000     
   16.434000000000001        0.0000000000000000       -3.1231952829044048E-003   0.0000000000000000     
   16.632000000000001        0.0000000000000000       -3.0709391534213680E-003   0.0000000000000000     
   16.830000000000002        0.0000000000000000       -3.0175745901276970E-003   0.0000000000000000     
   17.028000000000002        0.0000000000000000       -2.9633886817070332E-003   0.0000000000000000     
   17.225999999999999        0.0000000000000000       -2.9076781442566014E-003   0.0000000000000000     
   17.423999999999999        0.0000000000000000       -2.8501690267729429E-003   0.0000000000000000     
   17.622000000000000        0.0000000000000000       -2.7906317014469717E-003   0.0000000000000000     
   17.820000000000000        0.0000000000000000       -2.7287837210591991E-003   0.0000000000000000     
   18.018000000000001        0.0000000000000000       -2.6643296122415105E-003   0.0000000000000000     
   18.216000000000001        0.0000000000000000       -2.5969791956878237E-003   0.0000000000000000     
   18.414000000000001        0.0000000000000000       -2.5258253981378935E-003   0.0000000000000000     
   18.612000000000002        0.0000000000000000       -2.4503722184729105E-003   0.0000000000000000     
   18.810000000000002        0.0000000000000000       -2.3710251015602265E-003   0.0000000000000000     
   19.008000000000003        0.0000000000000000       -2.2885278716414841E-003   0.0000000000000000     
   19.206000000000000        0.0000000000000000       -2.2012476615355767E-003   0.0000000000000000     
   19.404000000000000        0.0000000000000000       -2.1095482825773644E-003   0.0000000000000000     
   19.602000000000000        0.0000000000000000       -2.0127779673830858E-003   0.0000000000000000     
