  -19.602000000000000        0.0000000000000000        2.3701204916726261E-003   0.0000000000000000     
  -19.404000000000000        0.0000000000000000        2.5308526527164882E-003   0.0000000000000000     
  -19.206000000000000        0.0000000000000000        2.6768763977685459E-003   0.0000000000000000     
  -19.008000000000003        0.0000000000000000        2.8106262031206732E-003   0.0000000000000000     
  -18.810000000000002        0.0000000000000000        2.9337438833658591E-003   0.0000000000000000     
  -18.612000000000002        0.0000000000000000        3.0467287597607095E-003   0.0000000000000000     
  -18.414000000000001        0.0000000000000000        3.1513703040814706E-003   0.0000000000000000     
  -18.216000000000001        0.0000000000000000        3.2485609881717161E-003   0.0000000000000000     
  -18.018000000000001        0.0000000000000000        3.3396097233574858E-003   0.0000000000000000     
  -17.820000000000000        0.0000000000000000        3.4249656730335385E-003   0.0000000000000000     
  -17.622000000000000        0.0000000000000000        3.5061349040600262E-003   0.0000000000000000     
  -17.423999999999999        0.0000000000000000        3.5838158583952917E-003   0.0000000000000000     
  -17.225999999999999        0.0000000000000000        3.6586200820091833E-003   0.0000000000000000     
  -17.028000000000002        0.0000000000000000        3.7303664605552850E-003   0.0000000000000000     
  -16.830000000000002        0.0000000000000000        3.8011081973886029E-003   0.0000000000000000     
  -16.632000000000001        0.0000000000000000        3.8703129215021731E-003   0.0000000000000000     
  -16.434000000000001        0.0000000000000000        3.9383297322043744E-003   0.0000000000000000     
  -16.236000000000001        0.0000000000000000        4.0054625428526999E-003   0.0000000000000000     
  -16.038000000000000        0.0000000000000000        4.0719778839149786E-003   0.0000000000000000     
  -15.840000000000000        0.0000000000000000        4.1381108952558282E-003   0.0000000000000000     
  -15.642000000000001        0.0000000000000000        4.2040709773762041E-003   0.0000000000000000     
  -15.444000000000001        0.0000000000000000        4.2700460964393777E-003   0.0000000000000000     
  -15.246000000000000        0.0000000000000000        4.3362063850811254E-003   0.0000000000000000     
  -15.048000000000000        0.0000000000000000        4.4027076141751435E-003   0.0000000000000000     
  -14.850000000000001        0.0000000000000000        4.4696932635408604E-003   0.0000000000000000     
  -14.652000000000001        0.0000000000000000        4.5372971341784609E-003   0.0000000000000000     
  -14.454000000000001        0.0000000000000000        4.6056451323129334E-003   0.0000000000000000     
  -14.256000000000000        0.0000000000000000        4.6748566741386683E-003   0.0000000000000000     
  -14.058000000000000        0.0000000000000000        4.7450463539536469E-003   0.0000000000000000     
  -13.860000000000001        0.0000000000000000        4.8163248718992293E-003   0.0000000000000000     
  -13.662000000000001        0.0000000000000000        4.8888002792422634E-003   0.0000000000000000     
  -13.464000000000000        0.0000000000000000        4.9625788572621975E-003   0.0000000000000000     
  -13.266000000000000        0.0000000000000000        5.0377659161765231E-003   0.0000000000000000     
  -13.068000000000001        0.0000000000000000        5.1144665014305028E-003   0.0000000000000000     
  -12.870000000000001        0.0000000000000000        5.1927862241924827E-003   0.0000000000000000     
  -12.672000000000001        0.0000000000000000        5.2728317296021013E-003   0.0000000000000000     
  -12.474000000000000        0.0000000000000000        5.3547115917879969E-003   0.0000000000000000     
  -12.276000000000000        0.0000000000000000        5.4385364355385929E-003   0.0000000000000000     
  -12.078000000000001        0.0000000000000000        5.5244199536819208E-003   0.0000000000000000     
  -11.880000000000001        0.0000000000000000        5.6124790552566778E-003   0.0000000000000000     
  -11.682000000000000        0.0000000000000000        5.7028349057053089E-003   0.0000000000000000     
  -11.484000000000000        0.0000000000000000        5.7956129379349939E-003   0.0000000000000000     
  -11.286000000000001        0.0000000000000000        5.8909436021599808E-003   0.0000000000000000     
  -11.088000000000001        0.0000000000000000        5.9889631178178604E-003   0.0000000000000000     
  -10.890000000000001        0.0000000000000000        6.0898136871847574E-003   0.0000000000000000     
  -10.692000000000000        0.0000000000000000        6.1936443664275878E-003   0.0000000000000000     
  -10.494000000000000        0.0000000000000000        6.3006115486002280E-003   0.0000000000000000     
  -10.296000000000001        0.0000000000000000        6.4108796079456578E-003   0.0000000000000000     
  -10.098000000000001        0.0000000000000000        6.5246215024889909E-003   0.0000000000000000     
  -9.9000000000000004        0.0000000000000000        6.6420194628139728E-003   0.0000000000000000     
  -9.7020000000000000        0.0000000000000000        6.7632659036721710E-003   0.0000000000000000     
  -9.5040000000000013        0.0000000000000000        6.8885638076607520E-003   0.0000000000000000     
  -9.3060000000000009        0.0000000000000000        7.0181278290162071E-003   0.0000000000000000     
  -9.1080000000000005        0.0000000000000000        7.1521848067977924E-003   0.0000000000000000     
  -8.9100000000000001        0.0000000000000000        7.2909746264918484E-003   0.0000000000000000     
  -8.7119999999999997        0.0000000000000000        7.4347511217121983E-003   0.0000000000000000     
  -8.5140000000000011        0.0000000000000000        7.5837828717429641E-003   0.0000000000000000     
  -8.3160000000000007        0.0000000000000000        7.7383537006653312E-003   0.0000000000000000     
  -8.1180000000000003        0.0000000000000000        7.8987636627066080E-003   0.0000000000000000     
  -7.9199999999999999        0.0000000000000000        8.0653297254862418E-003   0.0000000000000000     
  -7.7220000000000004        0.0000000000000000        8.2383860191183218E-003   0.0000000000000000     
  -7.5240000000000000        0.0000000000000000        8.4182842138980033E-003   0.0000000000000000     
  -7.3260000000000005        0.0000000000000000        8.6053939171141895E-003   0.0000000000000000     
  -7.1280000000000001        0.0000000000000000        8.8001018098321469E-003   0.0000000000000000     
  -6.9300000000000006        0.0000000000000000        9.0028109763215340E-003   0.0000000000000000     
  -6.7320000000000002        0.0000000000000000        9.2139397393120482E-003   0.0000000000000000     
  -6.5340000000000007        0.0000000000000000        9.4339183879017761E-003   0.0000000000000000     
  -6.3360000000000003        0.0000000000000000        9.6631863896138748E-003   0.0000000000000000     
  -6.1379999999999999        0.0000000000000000        9.9021860604045549E-003   0.0000000000000000     
  -5.9400000000000004        0.0000000000000000        1.0151355565020810E-002   0.0000000000000000     
  -5.7420000000000000        0.0000000000000000        1.0411118113763322E-002   0.0000000000000000     
  -5.5440000000000005        0.0000000000000000        1.0681867457622932E-002   0.0000000000000000     
  -5.3460000000000001        0.0000000000000000        1.0963948415308372E-002   0.0000000000000000     
  -5.1480000000000006        0.0000000000000000        1.1257630936628443E-002   0.0000000000000000     
  -4.9500000000000002        0.0000000000000000        1.1563073527284386E-002   0.0000000000000000     
  -4.7520000000000007        0.0000000000000000        1.1880278376198259E-002   0.0000000000000000     
  -4.5540000000000003        0.0000000000000000        1.2209027537454755E-002   0.0000000000000000     
  -4.3559999999999999        0.0000000000000000        1.2548801179858024E-002   0.0000000000000000     
  -4.1580000000000004        0.0000000000000000        1.2898670046313456E-002   0.0000000000000000     
  -3.9600000000000000        0.0000000000000000        1.3257155956307064E-002   0.0000000000000000     
  -3.7620000000000000        0.0000000000000000        1.3622054826522467E-002   0.0000000000000000     
  -3.5640000000000001        0.0000000000000000        1.3990229274105771E-002   0.0000000000000000     
  -3.3660000000000001        0.0000000000000000        1.4357400869320407E-002   0.0000000000000000     
  -3.1680000000000001        0.0000000000000000        1.4718084785888741E-002   0.0000000000000000     
  -2.9700000000000002        0.0000000000000000        1.5066083379295185E-002   0.0000000000000000     
  -2.7720000000000002        0.0000000000000000        1.5396381661358630E-002   0.0000000000000000     
  -2.5740000000000003        0.0000000000000000        1.5705464737828391E-002   0.0000000000000000     
  -2.3760000000000003        0.0000000000000000        1.5974158411273358E-002   0.0000000000000000     
  -2.1779999999999999        0.0000000000000000        1.6170590301442710E-002   0.0000000000000000     
  -1.9800000000000000        0.0000000000000000        1.6264525543874437E-002   0.0000000000000000     
  -1.7820000000000000        0.0000000000000000        1.6216904777837021E-002   0.0000000000000000     
  -1.5840000000000001        0.0000000000000000        1.5972622498775565E-002   0.0000000000000000     
  -1.3860000000000001        0.0000000000000000        1.5468652959151839E-002   0.0000000000000000     
  -1.1880000000000002        0.0000000000000000        1.4640410989966898E-002   0.0000000000000000     
 -0.98999999999999999        0.0000000000000000        1.3411727765163216E-002   0.0000000000000000     
 -0.79200000000000004        0.0000000000000000        1.1709482668253980E-002   0.0000000000000000     
 -0.59400000000000008        0.0000000000000000        9.4808465605897702E-003   0.0000000000000000     
 -0.39600000000000002        0.0000000000000000        6.7153800500488548E-003   0.0000000000000000     
 -0.19800000000000001        0.0000000000000000        3.4907057459047756E-003   0.0000000000000000     
   0.0000000000000000        0.0000000000000000        0.0000000000000000        0.0000000000000000     
  0.19800000000000001        0.0000000000000000       -3.4907057459047756E-003   0.0000000000000000     
  0.39600000000000002        0.0000000000000000       -6.7153800500488548E-003   0.0000000000000000     
  0.59400000000000008        0.0000000000000000       -9.4808465605897702E-003   0.0000000000000000     
  0.79200000000000004        0.0000000000000000       -1.1709482668253980E-002   0.0000000000000000     
  0.98999999999999999        0.0000000000000000       -1.3411727765163216E-002   0.0000000000000000     
   1.1880000000000002        0.0000000000000000       -1.4640410989966898E-002   0.0000000000000000     
   1.3860000000000001        0.0000000000000000       -1.5468652959151839E-002   0.0000000000000000     
   1.5840000000000001        0.0000000000000000       -1.5972622498775565E-002   0.0000000000000000     
   1.7820000000000000        0.0000000000000000       -1.6216904777837021E-002   0.0000000000000000     
   1.9800000000000000        0.0000000000000000       -1.6264525543874437E-002   0.0000000000000000     
   2.1779999999999999        0.0000000000000000       -1.6170590301442710E-002   0.0000000000000000     
   2.3760000000000003        0.0000000000000000       -1.5974158411273358E-002   0.0000000000000000     
   2.5740000000000003        0.0000000000000000       -1.5705464737828391E-002   0.0000000000000000     
   2.7720000000000002        0.0000000000000000       -1.5396381661358630E-002   0.0000000000000000     
   2.9700000000000002        0.0000000000000000       -1.5066083379295185E-002   0.0000000000000000     
   3.1680000000000001        0.0000000000000000       -1.4718084785888741E-002   0.0000000000000000     
   3.3660000000000001        0.0000000000000000       -1.4357400869320407E-002   0.0000000000000000     
   3.5640000000000001        0.0000000000000000       -1.3990229274105771E-002   0.0000000000000000     
   3.7620000000000000        0.0000000000000000       -1.3622054826522467E-002   0.0000000000000000     
   3.9600000000000000        0.0000000000000000       -1.3257155956307064E-002   0.0000000000000000     
   4.1580000000000004        0.0000000000000000       -1.2898670046313456E-002   0.0000000000000000     
   4.3559999999999999        0.0000000000000000       -1.2548801179858024E-002   0.0000000000000000     
   4.5540000000000003        0.0000000000000000       -1.2209027537454755E-002   0.0000000000000000     
   4.7520000000000007        0.0000000000000000       -1.1880278376198259E-002   0.0000000000000000     
   4.9500000000000002        0.0000000000000000       -1.1563073527284386E-002   0.0000000000000000     
   5.1480000000000006        0.0000000000000000       -1.1257630936628443E-002   0.0000000000000000     
   5.3460000000000001        0.0000000000000000       -1.0963948415308372E-002   0.0000000000000000     
   5.5440000000000005        0.0000000000000000       -1.0681867457622932E-002   0.0000000000000000     
   5.7420000000000000        0.0000000000000000       -1.0411118113763322E-002   0.0000000000000000     
   5.9400000000000004        0.0000000000000000       -1.0151355565020810E-002   0.0000000000000000     
   6.1379999999999999        0.0000000000000000       -9.9021860604045549E-003   0.0000000000000000     
   6.3360000000000003        0.0000000000000000       -9.6631863896138748E-003   0.0000000000000000     
   6.5340000000000007        0.0000000000000000       -9.4339183879017761E-003   0.0000000000000000     
   6.7320000000000002        0.0000000000000000       -9.2139397393120482E-003   0.0000000000000000     
   6.9300000000000006        0.0000000000000000       -9.0028109763215340E-003   0.0000000000000000     
   7.1280000000000001        0.0000000000000000       -8.8001018098321469E-003   0.0000000000000000     
   7.3260000000000005        0.0000000000000000       -8.6053939171141895E-003   0.0000000000000000     
   7.5240000000000000        0.0000000000000000       -8.4182842138980033E-003   0.0000000000000000     
   7.7220000000000004        0.0000000000000000       -8.2383860191183218E-003   0.0000000000000000     
   7.9199999999999999        0.0000000000000000       -8.0653297254862418E-003   0.0000000000000000     
   8.1180000000000003        0.0000000000000000       -7.8987636627066080E-003   0.0000000000000000     
   8.3160000000000007        0.0000000000000000       -7.7383537006653312E-003   0.0000000000000000     
   8.5140000000000011        0.0000000000000000       -7.5837828717429641E-003   0.0000000000000000     
   8.7119999999999997        0.0000000000000000       -7.4347511217121983E-003   0.0000000000000000     
   8.9100000000000001        0.0000000000000000       -7.2909746264918484E-003   0.0000000000000000     
   9.1080000000000005        0.0000000000000000       -7.1521848067977924E-003   0.0000000000000000     
   9.3060000000000009        0.0000000000000000       -7.0181278290162071E-003   0.0000000000000000     
   9.5040000000000013        0.0000000000000000       -6.8885638076607520E-003   0.0000000000000000     
   9.7020000000000000        0.0000000000000000       -6.7632659036721710E-003   0.0000000000000000     
   9.9000000000000004        0.0000000000000000       -6.6420194628139728E-003   0.0000000000000000     
   10.098000000000001        0.0000000000000000       -6.5246215024889909E-003   0.0000000000000000     
   10.296000000000001        0.0000000000000000       -6.4108796079456578E-003   0.0000000000000000     
   10.494000000000000        0.0000000000000000       -6.3006115486002280E-003   0.0000000000000000     
   10.692000000000000        0.0000000000000000       -6.1936443664275878E-003   0.0000000000000000     
   10.890000000000001        0.0000000000000000       -6.0898136871847574E-003   0.0000000000000000     
   11.088000000000001        0.0000000000000000       -5.9889631178178604E-003   0.0000000000000000     
   11.286000000000001        0.0000000000000000       -5.8909436021599808E-003   0.0000000000000000     
   11.484000000000000        0.0000000000000000       -5.7956129379349939E-003   0.0000000000000000     
   11.682000000000000        0.0000000000000000       -5.7028349057053089E-003   0.0000000000000000     
   11.880000000000001        0.0000000000000000       -5.6124790552566778E-003   0.0000000000000000     
   12.078000000000001        0.0000000000000000       -5.5244199536819208E-003   0.0000000000000000     
   12.276000000000000        0.0000000000000000       -5.4385364355385929E-003   0.0000000000000000     
   12.474000000000000        0.0000000000000000       -5.3547115917879969E-003   0.0000000000000000     
   12.672000000000001        0.0000000000000000       -5.2728317296021013E-003   0.0000000000000000     
   12.870000000000001        0.0000000000000000       -5.1927862241924827E-003   0.0000000000000000     
   13.068000000000001        0.0000000000000000       -5.1144665014305028E-003   0.0000000000000000     
   13.266000000000000        0.0000000000000000       -5.0377659161765231E-003   0.0000000000000000     
   13.464000000000000        0.0000000000000000       -4.9625788572621975E-003   0.0000000000000000     
   13.662000000000001        0.0000000000000000       -4.8888002792422634E-003   0.0000000000000000     
   13.860000000000001        0.0000000000000000       -4.8163248718992293E-003   0.0000000000000000     
   14.058000000000000        0.0000000000000000       -4.7450463539536469E-003   0.0000000000000000     
   14.256000000000000        0.0000000000000000       -4.6748566741386683E-003   0.0000000000000000     
   14.454000000000001        0.0000000000000000       -4.6056451323129334E-003   0.0000000000000000     
   14.652000000000001        0.0000000000000000       -4.5372971341784609E-003   0.0000000000000000     
   14.850000000000001        0.0000000000000000       -4.4696932635408604E-003   0.0000000000000000     
   15.048000000000000        0.0000000000000000       -4.4027076141751435E-003   0.0000000000000000     
   15.246000000000000        0.0000000000000000       -4.3362063850811254E-003   0.0000000000000000     
   15.444000000000001        0.0000000000000000       -4.2700460964393777E-003   0.0000000000000000     
   15.642000000000001        0.0000000000000000       -4.2040709773762041E-003   0.0000000000000000     
   15.840000000000000        0.0000000000000000       -4.1381108952558282E-003   0.0000000000000000     
   16.038000000000000        0.0000000000000000       -4.0719778839149786E-003   0.0000000000000000     
   16.236000000000001        0.0000000000000000       -4.0054625428526999E-003   0.0000000000000000     
   16.434000000000001        0.0000000000000000       -3.9383297322043744E-003   0.0000000000000000     
   16.632000000000001        0.0000000000000000       -3.8703129215021731E-003   0.0000000000000000     
   16.830000000000002        0.0000000000000000       -3.8011081973886029E-003   0.0000000000000000     
   17.028000000000002        0.0000000000000000       -3.7303664605552850E-003   0.0000000000000000     
   17.225999999999999        0.0000000000000000       -3.6586200820091833E-003   0.0000000000000000     
   17.423999999999999        0.0000000000000000       -3.5838158583952917E-003   0.0000000000000000     
   17.622000000000000        0.0000000000000000       -3.5061349040600262E-003   0.0000000000000000     
   17.820000000000000        0.0000000000000000       -3.4249656730335385E-003   0.0000000000000000     
   18.018000000000001        0.0000000000000000       -3.3396097233574858E-003   0.0000000000000000     
   18.216000000000001        0.0000000000000000       -3.2485609881717161E-003   0.0000000000000000     
   18.414000000000001        0.0000000000000000       -3.1513703040814706E-003   0.0000000000000000     
   18.612000000000002        0.0000000000000000       -3.0467287597607095E-003   0.0000000000000000     
   18.810000000000002        0.0000000000000000       -2.9337438833658591E-003   0.0000000000000000     
   19.008000000000003        0.0000000000000000       -2.8106262031206732E-003   0.0000000000000000     
   19.206000000000000        0.0000000000000000       -2.6768763977685459E-003   0.0000000000000000     
   19.404000000000000        0.0000000000000000       -2.5308526527164882E-003   0.0000000000000000     
   19.602000000000000        0.0000000000000000       -2.3701204916726261E-003   0.0000000000000000     
