  -19.602000000000000        0.0000000000000000        7.8835515736534849E-003   0.0000000000000000     
  -19.404000000000000        0.0000000000000000        8.3483469200909578E-003   0.0000000000000000     
  -19.206000000000000        0.0000000000000000        8.7804075679356521E-003   0.0000000000000000     
  -19.008000000000003        0.0000000000000000        9.1843410351896068E-003   0.0000000000000000     
  -18.810000000000002        0.0000000000000000        9.5620657568326866E-003   0.0000000000000000     
  -18.612000000000002        0.0000000000000000        9.9145913128448147E-003   0.0000000000000000     
  -18.414000000000001        0.0000000000000000        1.0244947634064729E-002   0.0000000000000000     
  -18.216000000000001        0.0000000000000000        1.0556690506959442E-002   0.0000000000000000     
  -18.018000000000001        0.0000000000000000        1.0851074836693510E-002   0.0000000000000000     
  -17.820000000000000        0.0000000000000000        1.1129713063581374E-002   0.0000000000000000     
  -17.622000000000000        0.0000000000000000        1.1394721024243831E-002   0.0000000000000000     
  -17.423999999999999        0.0000000000000000        1.1649708807190632E-002   0.0000000000000000     
  -17.225999999999999        0.0000000000000000        1.1894952144243172E-002   0.0000000000000000     
  -17.028000000000002        0.0000000000000000        1.2132594281133169E-002   0.0000000000000000     
  -16.830000000000002        0.0000000000000000        1.2363928244696206E-002   0.0000000000000000     
  -16.632000000000001        0.0000000000000000        1.2590194133130258E-002   0.0000000000000000     
  -16.434000000000001        0.0000000000000000        1.2812331945470769E-002   0.0000000000000000     
  -16.236000000000001        0.0000000000000000        1.3031212984687174E-002   0.0000000000000000     
  -16.038000000000000        0.0000000000000000        1.3247617949566533E-002   0.0000000000000000     
  -15.840000000000000        0.0000000000000000        1.3462613050467998E-002   0.0000000000000000     
  -15.642000000000001        0.0000000000000000        1.3676384338622505E-002   0.0000000000000000     
  -15.444000000000001        0.0000000000000000        1.3889508636815295E-002   0.0000000000000000     
  -15.246000000000000        0.0000000000000000        1.4102508856610204E-002   0.0000000000000000     
  -15.048000000000000        0.0000000000000000        1.4315861953038508E-002   0.0000000000000000     
  -14.850000000000001        0.0000000000000000        1.4530006936436149E-002   0.0000000000000000     
  -14.652000000000001        0.0000000000000000        1.4745349488559824E-002   0.0000000000000000     
  -14.454000000000001        0.0000000000000000        1.4962268777994768E-002   0.0000000000000000     
  -14.256000000000000        0.0000000000000000        1.5181120109259701E-002   0.0000000000000000     
  -14.058000000000000        0.0000000000000000        1.5402240410896908E-002   0.0000000000000000     
  -13.860000000000001        0.0000000000000000        1.5625950452277181E-002   0.0000000000000000     
  -13.662000000000001        0.0000000000000000        1.5852557936065752E-002   0.0000000000000000     
  -13.464000000000000        0.0000000000000000        1.6082360475469692E-002   0.0000000000000000     
  -13.266000000000000        0.0000000000000000        1.6315647545579282E-002   0.0000000000000000     
  -13.068000000000001        0.0000000000000000        1.6552702040201130E-002   0.0000000000000000     
  -12.870000000000001        0.0000000000000000        1.6793802656421282E-002   0.0000000000000000     
  -12.672000000000001        0.0000000000000000        1.7039224818197168E-002   0.0000000000000000     
  -12.474000000000000        0.0000000000000000        1.7289242139172326E-002   0.0000000000000000     
  -12.276000000000000        0.0000000000000000        1.7544128354661077E-002   0.0000000000000000     
  -12.078000000000001        0.0000000000000000        1.7804157511528720E-002   0.0000000000000000     
  -11.880000000000001        0.0000000000000000        1.8069605148029484E-002   0.0000000000000000     
  -11.682000000000000        0.0000000000000000        1.8340749479174998E-002   0.0000000000000000     
  -11.484000000000000        0.0000000000000000        1.8617871901852434E-002   0.0000000000000000     
  -11.286000000000001        0.0000000000000000        1.8901257727614484E-002   0.0000000000000000     
  -11.088000000000001        0.0000000000000000        1.9191196782737587E-002   0.0000000000000000     
  -10.890000000000001        0.0000000000000000        1.9487984033167351E-002   0.0000000000000000     
  -10.692000000000000        0.0000000000000000        1.9791919546726881E-002   0.0000000000000000     
  -10.494000000000000        0.0000000000000000        2.0103309624102065E-002   0.0000000000000000     
  -10.296000000000001        0.0000000000000000        2.0422466189565884E-002   0.0000000000000000     
  -10.098000000000001        0.0000000000000000        2.0749707400254121E-002   0.0000000000000000     
  -9.9000000000000004        0.0000000000000000        2.1085357365032073E-002   0.0000000000000000     
  -9.7020000000000000        0.0000000000000000        2.1429745802525914E-002   0.0000000000000000     
  -9.5040000000000013        0.0000000000000000        2.1783207954478329E-002   0.0000000000000000     
  -9.3060000000000009        0.0000000000000000        2.2146083621599668E-002   0.0000000000000000     
  -9.1080000000000005        0.0000000000000000        2.2518717063097372E-002   0.0000000000000000     
  -8.9100000000000001        0.0000000000000000        2.2901454763279566E-002   0.0000000000000000     
  -8.7119999999999997        0.0000000000000000        2.3294644235125603E-002   0.0000000000000000     
  -8.5140000000000011        0.0000000000000000        2.3698632359295431E-002   0.0000000000000000     
  -8.3160000000000007        0.0000000000000000        2.4113762919374306E-002   0.0000000000000000     
  -8.1180000000000003        0.0000000000000000        2.4540372403308770E-002   0.0000000000000000     
  -7.9199999999999999        0.0000000000000000        2.4978787228022162E-002   0.0000000000000000     
  -7.7220000000000004        0.0000000000000000        2.5429318243028812E-002   0.0000000000000000     
  -7.5240000000000000        0.0000000000000000        2.5892254993471895E-002   0.0000000000000000     
  -7.3260000000000005        0.0000000000000000        2.6367858255804743E-002   0.0000000000000000     
  -7.1280000000000001        0.0000000000000000        2.6856350074612220E-002   0.0000000000000000     
  -6.9300000000000006        0.0000000000000000        2.7357904396725054E-002   0.0000000000000000     
  -6.7320000000000002        0.0000000000000000        2.7872631618107623E-002   0.0000000000000000     
  -6.5340000000000007        0.0000000000000000        2.8400563738177967E-002   0.0000000000000000     
  -6.3360000000000003        0.0000000000000000        2.8941631261714198E-002   0.0000000000000000     
  -6.1379999999999999        0.0000000000000000        2.9495642284382936E-002   0.0000000000000000     
  -5.9400000000000004        0.0000000000000000        3.0062247398090082E-002   0.0000000000000000     
  -5.7420000000000000        0.0000000000000000        3.0640905945310406E-002   0.0000000000000000     
  -5.5440000000000005        0.0000000000000000        3.1230838047612938E-002   0.0000000000000000     
  -5.3460000000000001        0.0000000000000000        3.1830967950855424E-002   0.0000000000000000     
  -5.1480000000000006        0.0000000000000000        3.2439856054534276E-002   0.0000000000000000     
  -4.9500000000000002        0.0000000000000000        3.3055614667666343E-002   0.0000000000000000     
  -4.7520000000000007        0.0000000000000000        3.3675806619228255E-002   0.0000000000000000     
  -4.5540000000000003        0.0000000000000000        3.4297333207192769E-002   0.0000000000000000     
  -4.3559999999999999        0.0000000000000000        3.4916319003481265E-002   0.0000000000000000     
  -4.1580000000000004        0.0000000000000000        3.5528058285171887E-002   0.0000000000000000     
  -3.9600000000000000        0.0000000000000000        3.6127157122478847E-002   0.0000000000000000     
  -3.7620000000000000        0.0000000000000000        3.6708095448493377E-002   0.0000000000000000     
  -3.5640000000000001        0.0000000000000000        3.7265186551106090E-002   0.0000000000000000     
  -3.3660000000000001        0.0000000000000000        3.7788391431881271E-002   0.0000000000000000     
  -3.1680000000000001        0.0000000000000000        3.8262299238011145E-002   0.0000000000000000     
  -2.9700000000000002        0.0000000000000000        3.8668747686602827E-002   0.0000000000000000     
  -2.7720000000000002        0.0000000000000000        3.8984463227425388E-002   0.0000000000000000     
  -2.5740000000000003        0.0000000000000000        3.9177541863681220E-002   0.0000000000000000     
  -2.3760000000000003        0.0000000000000000        3.9208967406684635E-002   0.0000000000000000     
  -2.1779999999999999        0.0000000000000000        3.9029550683503465E-002   0.0000000000000000     
  -1.9800000000000000        0.0000000000000000        3.8583422474010351E-002   0.0000000000000000     
  -1.7820000000000000        0.0000000000000000        3.7797979854803647E-002   0.0000000000000000     
  -1.5840000000000001        0.0000000000000000        3.6574326418695395E-002   0.0000000000000000     
  -1.3860000000000001        0.0000000000000000        3.4816738875578929E-002   0.0000000000000000     
  -1.1880000000000002        0.0000000000000000        3.2427880434561566E-002   0.0000000000000000     
 -0.98999999999999999        0.0000000000000000        2.9278730770817635E-002   0.0000000000000000     
 -0.79200000000000004        0.0000000000000000        2.5235513001713509E-002   0.0000000000000000     
 -0.59400000000000008        0.0000000000000000        2.0209857630812497E-002   0.0000000000000000     
 -0.39600000000000002        0.0000000000000000        1.4199491802111889E-002   0.0000000000000000     
 -0.19800000000000001        0.0000000000000000        7.3470147542149819E-003   0.0000000000000000     
   0.0000000000000000        0.0000000000000000        0.0000000000000000        0.0000000000000000     
  0.19800000000000001        0.0000000000000000       -7.3470147542149819E-003   0.0000000000000000     
  0.39600000000000002        0.0000000000000000       -1.4199491802111889E-002   0.0000000000000000     
  0.59400000000000008        0.0000000000000000       -2.0209857630812497E-002   0.0000000000000000     
  0.79200000000000004        0.0000000000000000       -2.5235513001713509E-002   0.0000000000000000     
  0.98999999999999999        0.0000000000000000       -2.9278730770817635E-002   0.0000000000000000     
   1.1880000000000002        0.0000000000000000       -3.2427880434561566E-002   0.0000000000000000     
   1.3860000000000001        0.0000000000000000       -3.4816738875578929E-002   0.0000000000000000     
   1.5840000000000001        0.0000000000000000       -3.6574326418695395E-002   0.0000000000000000     
   1.7820000000000000        0.0000000000000000       -3.7797979854803647E-002   0.0000000000000000     
   1.9800000000000000        0.0000000000000000       -3.8583422474010351E-002   0.0000000000000000     
   2.1779999999999999        0.0000000000000000       -3.9029550683503465E-002   0.0000000000000000     
   2.3760000000000003        0.0000000000000000       -3.9208967406684635E-002   0.0000000000000000     
   2.5740000000000003        0.0000000000000000       -3.9177541863681220E-002   0.0000000000000000     
   2.7720000000000002        0.0000000000000000       -3.8984463227425388E-002   0.0000000000000000     
   2.9700000000000002        0.0000000000000000       -3.8668747686602827E-002   0.0000000000000000     
   3.1680000000000001        0.0000000000000000       -3.8262299238011145E-002   0.0000000000000000     
   3.3660000000000001        0.0000000000000000       -3.7788391431881271E-002   0.0000000000000000     
   3.5640000000000001        0.0000000000000000       -3.7265186551106090E-002   0.0000000000000000     
   3.7620000000000000        0.0000000000000000       -3.6708095448493377E-002   0.0000000000000000     
   3.9600000000000000        0.0000000000000000       -3.6127157122478847E-002   0.0000000000000000     
   4.1580000000000004        0.0000000000000000       -3.5528058285171887E-002   0.0000000000000000     
   4.3559999999999999        0.0000000000000000       -3.4916319003481265E-002   0.0000000000000000     
   4.5540000000000003        0.0000000000000000       -3.4297333207192769E-002   0.0000000000000000     
   4.7520000000000007        0.0000000000000000       -3.3675806619228255E-002   0.0000000000000000     
   4.9500000000000002        0.0000000000000000       -3.3055614667666343E-002   0.0000000000000000     
   5.1480000000000006        0.0000000000000000       -3.2439856054534276E-002   0.0000000000000000     
   5.3460000000000001        0.0000000000000000       -3.1830967950855424E-002   0.0000000000000000     
   5.5440000000000005        0.0000000000000000       -3.1230838047612938E-002   0.0000000000000000     
   5.7420000000000000        0.0000000000000000       -3.0640905945310406E-002   0.0000000000000000     
   5.9400000000000004        0.0000000000000000       -3.0062247398090082E-002   0.0000000000000000     
   6.1379999999999999        0.0000000000000000       -2.9495642284382936E-002   0.0000000000000000     
   6.3360000000000003        0.0000000000000000       -2.8941631261714198E-002   0.0000000000000000     
   6.5340000000000007        0.0000000000000000       -2.8400563738177967E-002   0.0000000000000000     
   6.7320000000000002        0.0000000000000000       -2.7872631618107623E-002   0.0000000000000000     
   6.9300000000000006        0.0000000000000000       -2.7357904396725054E-002   0.0000000000000000     
   7.1280000000000001        0.0000000000000000       -2.6856350074612220E-002   0.0000000000000000     
   7.3260000000000005        0.0000000000000000       -2.6367858255804743E-002   0.0000000000000000     
   7.5240000000000000        0.0000000000000000       -2.5892254993471895E-002   0.0000000000000000     
   7.7220000000000004        0.0000000000000000       -2.5429318243028812E-002   0.0000000000000000     
   7.9199999999999999        0.0000000000000000       -2.4978787228022162E-002   0.0000000000000000     
   8.1180000000000003        0.0000000000000000       -2.4540372403308770E-002   0.0000000000000000     
   8.3160000000000007        0.0000000000000000       -2.4113762919374306E-002   0.0000000000000000     
   8.5140000000000011        0.0000000000000000       -2.3698632359295431E-002   0.0000000000000000     
   8.7119999999999997        0.0000000000000000       -2.3294644235125603E-002   0.0000000000000000     
   8.9100000000000001        0.0000000000000000       -2.2901454763279566E-002   0.0000000000000000     
   9.1080000000000005        0.0000000000000000       -2.2518717063097372E-002   0.0000000000000000     
   9.3060000000000009        0.0000000000000000       -2.2146083621599668E-002   0.0000000000000000     
   9.5040000000000013        0.0000000000000000       -2.1783207954478329E-002   0.0000000000000000     
   9.7020000000000000        0.0000000000000000       -2.1429745802525914E-002   0.0000000000000000     
   9.9000000000000004        0.0000000000000000       -2.1085357365032073E-002   0.0000000000000000     
   10.098000000000001        0.0000000000000000       -2.0749707400254121E-002   0.0000000000000000     
   10.296000000000001        0.0000000000000000       -2.0422466189565884E-002   0.0000000000000000     
   10.494000000000000        0.0000000000000000       -2.0103309624102065E-002   0.0000000000000000     
   10.692000000000000        0.0000000000000000       -1.9791919546726881E-002   0.0000000000000000     
   10.890000000000001        0.0000000000000000       -1.9487984033167351E-002   0.0000000000000000     
   11.088000000000001        0.0000000000000000       -1.9191196782737587E-002   0.0000000000000000     
   11.286000000000001        0.0000000000000000       -1.8901257727614484E-002   0.0000000000000000     
   11.484000000000000        0.0000000000000000       -1.8617871901852434E-002   0.0000000000000000     
   11.682000000000000        0.0000000000000000       -1.8340749479174998E-002   0.0000000000000000     
   11.880000000000001        0.0000000000000000       -1.8069605148029484E-002   0.0000000000000000     
   12.078000000000001        0.0000000000000000       -1.7804157511528720E-002   0.0000000000000000     
   12.276000000000000        0.0000000000000000       -1.7544128354661077E-002   0.0000000000000000     
   12.474000000000000        0.0000000000000000       -1.7289242139172326E-002   0.0000000000000000     
   12.672000000000001        0.0000000000000000       -1.7039224818197168E-002   0.0000000000000000     
   12.870000000000001        0.0000000000000000       -1.6793802656421282E-002   0.0000000000000000     
   13.068000000000001        0.0000000000000000       -1.6552702040201130E-002   0.0000000000000000     
   13.266000000000000        0.0000000000000000       -1.6315647545579282E-002   0.0000000000000000     
   13.464000000000000        0.0000000000000000       -1.6082360475469692E-002   0.0000000000000000     
   13.662000000000001        0.0000000000000000       -1.5852557936065752E-002   0.0000000000000000     
   13.860000000000001        0.0000000000000000       -1.5625950452277181E-002   0.0000000000000000     
   14.058000000000000        0.0000000000000000       -1.5402240410896908E-002   0.0000000000000000     
   14.256000000000000        0.0000000000000000       -1.5181120109259701E-002   0.0000000000000000     
   14.454000000000001        0.0000000000000000       -1.4962268777994768E-002   0.0000000000000000     
   14.652000000000001        0.0000000000000000       -1.4745349488559824E-002   0.0000000000000000     
   14.850000000000001        0.0000000000000000       -1.4530006936436149E-002   0.0000000000000000     
   15.048000000000000        0.0000000000000000       -1.4315861953038508E-002   0.0000000000000000     
   15.246000000000000        0.0000000000000000       -1.4102508856610204E-002   0.0000000000000000     
   15.444000000000001        0.0000000000000000       -1.3889508636815295E-002   0.0000000000000000     
   15.642000000000001        0.0000000000000000       -1.3676384338622505E-002   0.0000000000000000     
   15.840000000000000        0.0000000000000000       -1.3462613050467998E-002   0.0000000000000000     
   16.038000000000000        0.0000000000000000       -1.3247617949566533E-002   0.0000000000000000     
   16.236000000000001        0.0000000000000000       -1.3031212984687174E-002   0.0000000000000000     
   16.434000000000001        0.0000000000000000       -1.2812331945470769E-002   0.0000000000000000     
   16.632000000000001        0.0000000000000000       -1.2590194133130258E-002   0.0000000000000000     
   16.830000000000002        0.0000000000000000       -1.2363928244696206E-002   0.0000000000000000     
   17.028000000000002        0.0000000000000000       -1.2132594281133169E-002   0.0000000000000000     
   17.225999999999999        0.0000000000000000       -1.1894952144243172E-002   0.0000000000000000     
   17.423999999999999        0.0000000000000000       -1.1649708807190632E-002   0.0000000000000000     
   17.622000000000000        0.0000000000000000       -1.1394721024243831E-002   0.0000000000000000     
   17.820000000000000        0.0000000000000000       -1.1129713063581374E-002   0.0000000000000000     
   18.018000000000001        0.0000000000000000       -1.0851074836693510E-002   0.0000000000000000     
   18.216000000000001        0.0000000000000000       -1.0556690506959442E-002   0.0000000000000000     
   18.414000000000001        0.0000000000000000       -1.0244947634064729E-002   0.0000000000000000     
   18.612000000000002        0.0000000000000000       -9.9145913128448147E-003   0.0000000000000000     
   18.810000000000002        0.0000000000000000       -9.5620657568326866E-003   0.0000000000000000     
   19.008000000000003        0.0000000000000000       -9.1843410351896068E-003   0.0000000000000000     
   19.206000000000000        0.0000000000000000       -8.7804075679356521E-003   0.0000000000000000     
   19.404000000000000        0.0000000000000000       -8.3483469200909578E-003   0.0000000000000000     
   19.602000000000000        0.0000000000000000       -7.8835515736534849E-003   0.0000000000000000     
