  -19.602000000000000        0.0000000000000000        2.7299028268730026E-003   0.0000000000000000     
  -19.404000000000000        0.0000000000000000        2.9154929927976735E-003   0.0000000000000000     
  -19.206000000000000        0.0000000000000000        3.0852519379403411E-003   0.0000000000000000     
  -19.008000000000003        0.0000000000000000        3.2392002209776917E-003   0.0000000000000000     
  -18.810000000000002        0.0000000000000000        3.3816955246121403E-003   0.0000000000000000     
  -18.612000000000002        0.0000000000000000        3.5118738286084939E-003   0.0000000000000000     
  -18.414000000000001        0.0000000000000000        3.6329755763959072E-003   0.0000000000000000     
  -18.216000000000001        0.0000000000000000        3.7453822141999514E-003   0.0000000000000000     
  -18.018000000000001        0.0000000000000000        3.8505050918569649E-003   0.0000000000000000     
  -17.820000000000000        0.0000000000000000        3.9490044006094925E-003   0.0000000000000000     
  -17.622000000000000        0.0000000000000000        4.0425703099724675E-003   0.0000000000000000     
  -17.423999999999999        0.0000000000000000        4.1319909830516274E-003   0.0000000000000000     
  -17.225999999999999        0.0000000000000000        4.2180481417747702E-003   0.0000000000000000     
  -17.028000000000002        0.0000000000000000        4.3012464351043535E-003   0.0000000000000000     
  -16.830000000000002        0.0000000000000000        4.3822888446096711E-003   0.0000000000000000     
  -16.632000000000001        0.0000000000000000        4.4618760696109412E-003   0.0000000000000000     
  -16.434000000000001        0.0000000000000000        4.5400612189475673E-003   0.0000000000000000     
  -16.236000000000001        0.0000000000000000        4.6171942178145128E-003   0.0000000000000000     
  -16.038000000000000        0.0000000000000000        4.6935811926872156E-003   0.0000000000000000     
  -15.840000000000000        0.0000000000000000        4.7694919881799379E-003   0.0000000000000000     
  -15.642000000000001        0.0000000000000000        4.8451663137250769E-003   0.0000000000000000     
  -15.444000000000001        0.0000000000000000        4.9208190671311425E-003   0.0000000000000000     
  -15.246000000000000        0.0000000000000000        4.9966445976691934E-003   0.0000000000000000     
  -15.048000000000000        0.0000000000000000        5.0728202331431467E-003   0.0000000000000000     
  -14.850000000000001        0.0000000000000000        5.1495094299649994E-003   0.0000000000000000     
  -14.652000000000001        0.0000000000000000        5.2268641143957970E-003   0.0000000000000000     
  -14.454000000000001        0.0000000000000000        5.3050270578913145E-003   0.0000000000000000     
  -14.256000000000000        0.0000000000000000        5.3841333813954640E-003   0.0000000000000000     
  -14.058000000000000        0.0000000000000000        5.4643126643006803E-003   0.0000000000000000     
  -13.860000000000001        0.0000000000000000        5.5456896297678589E-003   0.0000000000000000     
  -13.662000000000001        0.0000000000000000        5.6283858181606162E-003   0.0000000000000000     
  -13.464000000000000        0.0000000000000000        5.7125205212373046E-003   0.0000000000000000     
  -13.266000000000000        0.0000000000000000        5.7982116826992176E-003   0.0000000000000000     
  -13.068000000000001        0.0000000000000000        5.8855766731505674E-003   0.0000000000000000     
  -12.870000000000001        0.0000000000000000        5.9747334040314536E-003   0.0000000000000000     
  -12.672000000000001        0.0000000000000000        6.0658002693172704E-003   0.0000000000000000     
  -12.474000000000000        0.0000000000000000        6.1588978475271595E-003   0.0000000000000000     
  -12.276000000000000        0.0000000000000000        6.2541487072350953E-003   0.0000000000000000     
  -12.078000000000001        0.0000000000000000        6.3516785198506594E-003   0.0000000000000000     
  -11.880000000000001        0.0000000000000000        6.4516163628742726E-003   0.0000000000000000     
  -11.682000000000000        0.0000000000000000        6.5540953420773701E-003   0.0000000000000000     
  -11.484000000000000        0.0000000000000000        6.6592533139227311E-003   0.0000000000000000     
  -11.286000000000001        0.0000000000000000        6.7672334411483298E-003   0.0000000000000000     
  -11.088000000000001        0.0000000000000000        6.8781846100889402E-003   0.0000000000000000     
  -10.890000000000001        0.0000000000000000        6.9922621941142481E-003   0.0000000000000000     
  -10.692000000000000        0.0000000000000000        7.1096288580847974E-003   0.0000000000000000     
  -10.494000000000000        0.0000000000000000        7.2304546145786327E-003   0.0000000000000000     
  -10.296000000000001        0.0000000000000000        7.3549181459089718E-003   0.0000000000000000     
  -10.098000000000001        0.0000000000000000        7.4832070523049646E-003   0.0000000000000000     
  -9.9000000000000004        0.0000000000000000        7.6155187632904386E-003   0.0000000000000000     
  -9.7020000000000000        0.0000000000000000        7.7520614460669683E-003   0.0000000000000000     
  -9.5040000000000013        0.0000000000000000        7.8930541986201638E-003   0.0000000000000000     
  -9.3060000000000009        0.0000000000000000        8.0387284929472561E-003   0.0000000000000000     
  -9.1080000000000005        0.0000000000000000        8.1893286903144662E-003   0.0000000000000000     
  -8.9100000000000001        0.0000000000000000        8.3451129178397400E-003   0.0000000000000000     
  -8.7119999999999997        0.0000000000000000        8.5063537925261397E-003   0.0000000000000000     
  -8.5140000000000011        0.0000000000000000        8.6733397601014110E-003   0.0000000000000000     
  -8.3160000000000007        0.0000000000000000        8.8463752941156503E-003   0.0000000000000000     
  -8.1180000000000003        0.0000000000000000        9.0257822020587981E-003   0.0000000000000000     
  -7.9199999999999999        0.0000000000000000        9.2119000560476026E-003   0.0000000000000000     
  -7.7220000000000004        0.0000000000000000        9.4050870652604840E-003   0.0000000000000000     
  -7.5240000000000000        0.0000000000000000        9.6057200217848186E-003   0.0000000000000000     
  -7.3260000000000005        0.0000000000000000        9.8141954758461762E-003   0.0000000000000000     
  -7.1280000000000001        0.0000000000000000        1.0030928446973578E-002   0.0000000000000000     
  -6.9300000000000006        0.0000000000000000        1.0256352568714029E-002   0.0000000000000000     
  -6.7320000000000002        0.0000000000000000        1.0490918598165297E-002   0.0000000000000000     
  -6.5340000000000007        0.0000000000000000        1.0735092359324769E-002   0.0000000000000000     
  -6.3360000000000003        0.0000000000000000        1.0989350534616631E-002   0.0000000000000000     
  -6.1379999999999999        0.0000000000000000        1.1254177442459382E-002   0.0000000000000000     
  -5.9400000000000004        0.0000000000000000        1.1530056021644577E-002   0.0000000000000000     
  -5.7420000000000000        0.0000000000000000        1.1817458693123032E-002   0.0000000000000000     
  -5.5440000000000005        0.0000000000000000        1.2116832921737607E-002   0.0000000000000000     
  -5.3460000000000001        0.0000000000000000        1.2428582713967249E-002   0.0000000000000000     
  -5.1480000000000006        0.0000000000000000        1.2753041536267190E-002   0.0000000000000000     
  -4.9500000000000002        0.0000000000000000        1.3090437350847127E-002   0.0000000000000000     
  -4.7520000000000007        0.0000000000000000        1.3440844856429197E-002   0.0000000000000000     
  -4.5540000000000003        0.0000000000000000        1.3804120556026402E-002   0.0000000000000000     
  -4.3559999999999999        0.0000000000000000        1.4179815978477041E-002   0.0000000000000000     
  -4.1580000000000004        0.0000000000000000        1.4567063854037100E-002   0.0000000000000000     
  -3.9600000000000000        0.0000000000000000        1.4964426107466204E-002   0.0000000000000000     
  -3.7620000000000000        0.0000000000000000        1.5369703755366747E-002   0.0000000000000000     
  -3.5640000000000001        0.0000000000000000        1.5779719327354873E-002   0.0000000000000000     
  -3.3660000000000001        0.0000000000000000        1.6190141032871638E-002   0.0000000000000000     
  -3.1680000000000001        0.0000000000000000        1.6595591348676976E-002   0.0000000000000000     
  -2.9700000000000002        0.0000000000000000        1.6990561991493895E-002   0.0000000000000000     
  -2.7720000000000002        0.0000000000000000        1.7370229786797670E-002   0.0000000000000000     
  -2.5740000000000003        0.0000000000000000        1.7724539390211833E-002   0.0000000000000000     
  -2.3760000000000003        0.0000000000000000        1.8031233374516512E-002   0.0000000000000000     
  -2.1779999999999999        0.0000000000000000        1.8261959073188408E-002   0.0000000000000000     
  -1.9800000000000000        0.0000000000000000        1.8382820991831354E-002   0.0000000000000000     
  -1.7820000000000000        0.0000000000000000        1.8346518920278738E-002   0.0000000000000000     
  -1.5840000000000001        0.0000000000000000        1.8090134173453579E-002   0.0000000000000000     
  -1.3860000000000001        0.0000000000000000        1.7543396334790535E-002   0.0000000000000000     
  -1.1880000000000002        0.0000000000000000        1.6632598373994840E-002   0.0000000000000000     
 -0.98999999999999999        0.0000000000000000        1.5275334725340820E-002   0.0000000000000000     
 -0.79200000000000004        0.0000000000000000        1.3376927329971772E-002   0.0000000000000000     
 -0.59400000000000008        0.0000000000000000        1.0861681799796951E-002   0.0000000000000000     
 -0.39600000000000002        0.0000000000000000        7.7084728956703704E-003   0.0000000000000000     
 -0.19800000000000001        0.0000000000000000        4.0080463887059515E-003   0.0000000000000000     
   0.0000000000000000        0.0000000000000000        0.0000000000000000        0.0000000000000000     
  0.19800000000000001        0.0000000000000000       -4.0080463887059515E-003   0.0000000000000000     
  0.39600000000000002        0.0000000000000000       -7.7084728956703704E-003   0.0000000000000000     
  0.59400000000000008        0.0000000000000000       -1.0861681799796951E-002   0.0000000000000000     
  0.79200000000000004        0.0000000000000000       -1.3376927329971772E-002   0.0000000000000000     
  0.98999999999999999        0.0000000000000000       -1.5275334725340820E-002   0.0000000000000000     
   1.1880000000000002        0.0000000000000000       -1.6632598373994840E-002   0.0000000000000000     
   1.3860000000000001        0.0000000000000000       -1.7543396334790535E-002   0.0000000000000000     
   1.5840000000000001        0.0000000000000000       -1.8090134173453579E-002   0.0000000000000000     
   1.7820000000000000        0.0000000000000000       -1.8346518920278738E-002   0.0000000000000000     
   1.9800000000000000        0.0000000000000000       -1.8382820991831354E-002   0.0000000000000000     
   2.1779999999999999        0.0000000000000000       -1.8261959073188408E-002   0.0000000000000000     
   2.3760000000000003        0.0000000000000000       -1.8031233374516512E-002   0.0000000000000000     
   2.5740000000000003        0.0000000000000000       -1.7724539390211833E-002   0.0000000000000000     
   2.7720000000000002        0.0000000000000000       -1.7370229786797670E-002   0.0000000000000000     
   2.9700000000000002        0.0000000000000000       -1.6990561991493895E-002   0.0000000000000000     
   3.1680000000000001        0.0000000000000000       -1.6595591348676976E-002   0.0000000000000000     
   3.3660000000000001        0.0000000000000000       -1.6190141032871638E-002   0.0000000000000000     
   3.5640000000000001        0.0000000000000000       -1.5779719327354873E-002   0.0000000000000000     
   3.7620000000000000        0.0000000000000000       -1.5369703755366747E-002   0.0000000000000000     
   3.9600000000000000        0.0000000000000000       -1.4964426107466204E-002   0.0000000000000000     
   4.1580000000000004        0.0000000000000000       -1.4567063854037100E-002   0.0000000000000000     
   4.3559999999999999        0.0000000000000000       -1.4179815978477041E-002   0.0000000000000000     
   4.5540000000000003        0.0000000000000000       -1.3804120556026402E-002   0.0000000000000000     
   4.7520000000000007        0.0000000000000000       -1.3440844856429197E-002   0.0000000000000000     
   4.9500000000000002        0.0000000000000000       -1.3090437350847127E-002   0.0000000000000000     
   5.1480000000000006        0.0000000000000000       -1.2753041536267190E-002   0.0000000000000000     
   5.3460000000000001        0.0000000000000000       -1.2428582713967249E-002   0.0000000000000000     
   5.5440000000000005        0.0000000000000000       -1.2116832921737607E-002   0.0000000000000000     
   5.7420000000000000        0.0000000000000000       -1.1817458693123032E-002   0.0000000000000000     
   5.9400000000000004        0.0000000000000000       -1.1530056021644577E-002   0.0000000000000000     
   6.1379999999999999        0.0000000000000000       -1.1254177442459382E-002   0.0000000000000000     
   6.3360000000000003        0.0000000000000000       -1.0989350534616631E-002   0.0000000000000000     
   6.5340000000000007        0.0000000000000000       -1.0735092359324769E-002   0.0000000000000000     
   6.7320000000000002        0.0000000000000000       -1.0490918598165297E-002   0.0000000000000000     
   6.9300000000000006        0.0000000000000000       -1.0256352568714029E-002   0.0000000000000000     
   7.1280000000000001        0.0000000000000000       -1.0030928446973578E-002   0.0000000000000000     
   7.3260000000000005        0.0000000000000000       -9.8141954758461762E-003   0.0000000000000000     
   7.5240000000000000        0.0000000000000000       -9.6057200217848186E-003   0.0000000000000000     
   7.7220000000000004        0.0000000000000000       -9.4050870652604840E-003   0.0000000000000000     
   7.9199999999999999        0.0000000000000000       -9.2119000560476026E-003   0.0000000000000000     
   8.1180000000000003        0.0000000000000000       -9.0257822020587981E-003   0.0000000000000000     
   8.3160000000000007        0.0000000000000000       -8.8463752941156503E-003   0.0000000000000000     
   8.5140000000000011        0.0000000000000000       -8.6733397601014110E-003   0.0000000000000000     
   8.7119999999999997        0.0000000000000000       -8.5063537925261397E-003   0.0000000000000000     
   8.9100000000000001        0.0000000000000000       -8.3451129178397400E-003   0.0000000000000000     
   9.1080000000000005        0.0000000000000000       -8.1893286903144662E-003   0.0000000000000000     
   9.3060000000000009        0.0000000000000000       -8.0387284929472561E-003   0.0000000000000000     
   9.5040000000000013        0.0000000000000000       -7.8930541986201638E-003   0.0000000000000000     
   9.7020000000000000        0.0000000000000000       -7.7520614460669683E-003   0.0000000000000000     
   9.9000000000000004        0.0000000000000000       -7.6155187632904386E-003   0.0000000000000000     
   10.098000000000001        0.0000000000000000       -7.4832070523049646E-003   0.0000000000000000     
   10.296000000000001        0.0000000000000000       -7.3549181459089718E-003   0.0000000000000000     
   10.494000000000000        0.0000000000000000       -7.2304546145786327E-003   0.0000000000000000     
   10.692000000000000        0.0000000000000000       -7.1096288580847974E-003   0.0000000000000000     
   10.890000000000001        0.0000000000000000       -6.9922621941142481E-003   0.0000000000000000     
   11.088000000000001        0.0000000000000000       -6.8781846100889402E-003   0.0000000000000000     
   11.286000000000001        0.0000000000000000       -6.7672334411483298E-003   0.0000000000000000     
   11.484000000000000        0.0000000000000000       -6.6592533139227311E-003   0.0000000000000000     
   11.682000000000000        0.0000000000000000       -6.5540953420773701E-003   0.0000000000000000     
   11.880000000000001        0.0000000000000000       -6.4516163628742726E-003   0.0000000000000000     
   12.078000000000001        0.0000000000000000       -6.3516785198506594E-003   0.0000000000000000     
   12.276000000000000        0.0000000000000000       -6.2541487072350953E-003   0.0000000000000000     
   12.474000000000000        0.0000000000000000       -6.1588978475271595E-003   0.0000000000000000     
   12.672000000000001        0.0000000000000000       -6.0658002693172704E-003   0.0000000000000000     
   12.870000000000001        0.0000000000000000       -5.9747334040314536E-003   0.0000000000000000     
   13.068000000000001        0.0000000000000000       -5.8855766731505674E-003   0.0000000000000000     
   13.266000000000000        0.0000000000000000       -5.7982116826992176E-003   0.0000000000000000     
   13.464000000000000        0.0000000000000000       -5.7125205212373046E-003   0.0000000000000000     
   13.662000000000001        0.0000000000000000       -5.6283858181606162E-003   0.0000000000000000     
   13.860000000000001        0.0000000000000000       -5.5456896297678589E-003   0.0000000000000000     
   14.058000000000000        0.0000000000000000       -5.4643126643006803E-003   0.0000000000000000     
   14.256000000000000        0.0000000000000000       -5.3841333813954640E-003   0.0000000000000000     
   14.454000000000001        0.0000000000000000       -5.3050270578913145E-003   0.0000000000000000     
   14.652000000000001        0.0000000000000000       -5.2268641143957970E-003   0.0000000000000000     
   14.850000000000001        0.0000000000000000       -5.1495094299649994E-003   0.0000000000000000     
   15.048000000000000        0.0000000000000000       -5.0728202331431467E-003   0.0000000000000000     
   15.246000000000000        0.0000000000000000       -4.9966445976691934E-003   0.0000000000000000     
   15.444000000000001        0.0000000000000000       -4.9208190671311425E-003   0.0000000000000000     
   15.642000000000001        0.0000000000000000       -4.8451663137250769E-003   0.0000000000000000     
   15.840000000000000        0.0000000000000000       -4.7694919881799379E-003   0.0000000000000000     
   16.038000000000000        0.0000000000000000       -4.6935811926872156E-003   0.0000000000000000     
   16.236000000000001        0.0000000000000000       -4.6171942178145128E-003   0.0000000000000000     
   16.434000000000001        0.0000000000000000       -4.5400612189475673E-003   0.0000000000000000     
   16.632000000000001        0.0000000000000000       -4.4618760696109412E-003   0.0000000000000000     
   16.830000000000002        0.0000000000000000       -4.3822888446096711E-003   0.0000000000000000     
   17.028000000000002        0.0000000000000000       -4.3012464351043535E-003   0.0000000000000000     
   17.225999999999999        0.0000000000000000       -4.2180481417747702E-003   0.0000000000000000     
   17.423999999999999        0.0000000000000000       -4.1319909830516274E-003   0.0000000000000000     
   17.622000000000000        0.0000000000000000       -4.0425703099724675E-003   0.0000000000000000     
   17.820000000000000        0.0000000000000000       -3.9490044006094925E-003   0.0000000000000000     
   18.018000000000001        0.0000000000000000       -3.8505050918569649E-003   0.0000000000000000     
   18.216000000000001        0.0000000000000000       -3.7453822141999514E-003   0.0000000000000000     
   18.414000000000001        0.0000000000000000       -3.6329755763959072E-003   0.0000000000000000     
   18.612000000000002        0.0000000000000000       -3.5118738286084939E-003   0.0000000000000000     
   18.810000000000002        0.0000000000000000       -3.3816955246121403E-003   0.0000000000000000     
   19.008000000000003        0.0000000000000000       -3.2392002209776917E-003   0.0000000000000000     
   19.206000000000000        0.0000000000000000       -3.0852519379403411E-003   0.0000000000000000     
   19.404000000000000        0.0000000000000000       -2.9154929927976735E-003   0.0000000000000000     
   19.602000000000000        0.0000000000000000       -2.7299028268730026E-003   0.0000000000000000     
