  -19.602000000000000        0.0000000000000000        9.4117114768734605E-003   0.0000000000000000     
  -19.404000000000000        0.0000000000000000        1.0001608124123141E-002   0.0000000000000000     
  -19.206000000000000        0.0000000000000000        1.0550660819638145E-002   0.0000000000000000     
  -19.008000000000003        0.0000000000000000        1.1063084958583030E-002   0.0000000000000000     
  -18.810000000000002        0.0000000000000000        1.1537713485791351E-002   0.0000000000000000     
  -18.612000000000002        0.0000000000000000        1.1976702333940043E-002   0.0000000000000000     
  -18.414000000000001        0.0000000000000000        1.2382868904491877E-002   0.0000000000000000     
  -18.216000000000001        0.0000000000000000        1.2763421074655480E-002   0.0000000000000000     
  -18.018000000000001        0.0000000000000000        1.3120264839494073E-002   0.0000000000000000     
  -17.820000000000000        0.0000000000000000        1.3457338822618608E-002   0.0000000000000000     
  -17.622000000000000        0.0000000000000000        1.3777218990085554E-002   0.0000000000000000     
  -17.423999999999999        0.0000000000000000        1.4082402981457926E-002   0.0000000000000000     
  -17.225999999999999        0.0000000000000000        1.4376217554530116E-002   0.0000000000000000     
  -17.028000000000002        0.0000000000000000        1.4660735758361422E-002   0.0000000000000000     
  -16.830000000000002        0.0000000000000000        1.4937514020458495E-002   0.0000000000000000     
  -16.632000000000001        0.0000000000000000        1.5208090670719569E-002   0.0000000000000000     
  -16.434000000000001        0.0000000000000000        1.5473733131652699E-002   0.0000000000000000     
  -16.236000000000001        0.0000000000000000        1.5735556775990596E-002   0.0000000000000000     
  -16.038000000000000        0.0000000000000000        1.5994997531069390E-002   0.0000000000000000     
  -15.840000000000000        0.0000000000000000        1.6252381502261451E-002   0.0000000000000000     
  -15.642000000000001        0.0000000000000000        1.6508501164611614E-002   0.0000000000000000     
  -15.444000000000001        0.0000000000000000        1.6764066782423415E-002   0.0000000000000000     
  -15.246000000000000        0.0000000000000000        1.7019718720130948E-002   0.0000000000000000     
  -15.048000000000000        0.0000000000000000        1.7276040125557095E-002   0.0000000000000000     
  -14.850000000000001        0.0000000000000000        1.7533565706801927E-002   0.0000000000000000     
  -14.652000000000001        0.0000000000000000        1.7792790304502995E-002   0.0000000000000000     
  -14.454000000000001        0.0000000000000000        1.8054175729365084E-002   0.0000000000000000     
  -14.256000000000000        0.0000000000000000        1.8318155942386321E-002   0.0000000000000000     
  -14.058000000000000        0.0000000000000000        1.8585143178954641E-002   0.0000000000000000     
  -13.860000000000001        0.0000000000000000        1.8855531226585162E-002   0.0000000000000000     
  -13.662000000000001        0.0000000000000000        1.9129699559883594E-002   0.0000000000000000     
  -13.464000000000000        0.0000000000000000        1.9408016763919855E-002   0.0000000000000000     
  -13.266000000000000        0.0000000000000000        1.9690842932617431E-002   0.0000000000000000     
  -13.068000000000001        0.0000000000000000        1.9978532420172428E-002   0.0000000000000000     
  -12.870000000000001        0.0000000000000000        2.0271436070762990E-002   0.0000000000000000     
  -12.672000000000001        0.0000000000000000        2.0569903043611133E-002   0.0000000000000000     
  -12.474000000000000        0.0000000000000000        2.0874282976326319E-002   0.0000000000000000     
  -12.276000000000000        0.0000000000000000        2.1184927022794151E-002   0.0000000000000000     
  -12.078000000000001        0.0000000000000000        2.1502189748291111E-002   0.0000000000000000     
  -11.880000000000001        0.0000000000000000        2.1826430331444532E-002   0.0000000000000000     
  -11.682000000000000        0.0000000000000000        2.2158014173605280E-002   0.0000000000000000     
  -11.484000000000000        0.0000000000000000        2.2497313352348027E-002   0.0000000000000000     
  -11.286000000000001        0.0000000000000000        2.2844708325784040E-002   0.0000000000000000     
  -11.088000000000001        0.0000000000000000        2.3200588686551393E-002   0.0000000000000000     
  -10.890000000000001        0.0000000000000000        2.3565354081719898E-002   0.0000000000000000     
  -10.692000000000000        0.0000000000000000        2.3939414827597292E-002   0.0000000000000000     
  -10.494000000000000        0.0000000000000000        2.4323193637085759E-002   0.0000000000000000     
  -10.296000000000001        0.0000000000000000        2.4717124432469983E-002   0.0000000000000000     
  -10.098000000000001        0.0000000000000000        2.5121654388011654E-002   0.0000000000000000     
  -9.9000000000000004        0.0000000000000000        2.5537244476546230E-002   0.0000000000000000     
  -9.7020000000000000        0.0000000000000000        2.5964368027868473E-002   0.0000000000000000     
  -9.5040000000000013        0.0000000000000000        2.6403513454342466E-002   0.0000000000000000     
  -9.3060000000000009        0.0000000000000000        2.6855181128018026E-002   0.0000000000000000     
  -9.1080000000000005        0.0000000000000000        2.7319885803907238E-002   0.0000000000000000     
  -8.9100000000000001        0.0000000000000000        2.7798153545953528E-002   0.0000000000000000     
  -8.7119999999999997        0.0000000000000000        2.8290522575040188E-002   0.0000000000000000     
  -8.5140000000000011        0.0000000000000000        2.8797540235516339E-002   0.0000000000000000     
  -8.3160000000000007        0.0000000000000000        2.9319762417260680E-002   0.0000000000000000     
  -8.1180000000000003        0.0000000000000000        2.9857748627092680E-002   0.0000000000000000     
  -7.9199999999999999        0.0000000000000000        3.0412060369260648E-002   0.0000000000000000     
  -7.7220000000000004        0.0000000000000000        3.0983254668315575E-002   0.0000000000000000     
  -7.5240000000000000        0.0000000000000000        3.1571879190296782E-002   0.0000000000000000     
  -7.3260000000000005        0.0000000000000000        3.2178464186650754E-002   0.0000000000000000     
  -7.1280000000000001        0.0000000000000000        3.2803512331033069E-002   0.0000000000000000     
  -6.9300000000000006        0.0000000000000000        3.3447487822398689E-002   0.0000000000000000     
  -6.7320000000000002        0.0000000000000000        3.4110799163054442E-002   0.0000000000000000     
  -6.5340000000000007        0.0000000000000000        3.4793782690701887E-002   0.0000000000000000     
  -6.3360000000000003        0.0000000000000000        3.5496677852535997E-002   0.0000000000000000     
  -6.1379999999999999        0.0000000000000000        3.6219598878072808E-002   0.0000000000000000     
  -5.9400000000000004        0.0000000000000000        3.6962498524018984E-002   0.0000000000000000     
  -5.7420000000000000        0.0000000000000000        3.7725121742587582E-002   0.0000000000000000     
  -5.5440000000000005        0.0000000000000000        3.8506953906889539E-002   0.0000000000000000     
  -5.3460000000000001        0.0000000000000000        3.9307147026816390E-002   0.0000000000000000     
  -5.1480000000000006        0.0000000000000000        4.0124436944692962E-002   0.0000000000000000     
  -4.9500000000000002        0.0000000000000000        4.0957036119345078E-002   0.0000000000000000     
  -4.7520000000000007        0.0000000000000000        4.1802499570696768E-002   0.0000000000000000     
  -4.5540000000000003        0.0000000000000000        4.2657567556672278E-002   0.0000000000000000     
  -4.3559999999999999        0.0000000000000000        4.3517977043383643E-002   0.0000000000000000     
  -4.1580000000000004        0.0000000000000000        4.4378259206220946E-002   0.0000000000000000     
  -3.9600000000000000        0.0000000000000000        4.5231608785840531E-002   0.0000000000000000     
  -3.7620000000000000        0.0000000000000000        4.6070000320640334E-002   0.0000000000000000     
  -3.5640000000000001        0.0000000000000000        4.6884903102301957E-002   0.0000000000000000     
  -3.3660000000000001        0.0000000000000000        4.7667201184158785E-002   0.0000000000000000     
  -3.1680000000000001        0.0000000000000000        4.8401028791845872E-002   0.0000000000000000     
  -2.9700000000000002        0.0000000000000000        4.9061614554694384E-002   0.0000000000000000     
  -2.7720000000000002        0.0000000000000000        4.9618139323557964E-002   0.0000000000000000     
  -2.5740000000000003        0.0000000000000000        5.0034075315699172E-002   0.0000000000000000     
  -2.3760000000000003        0.0000000000000000        5.0261994027167543E-002   0.0000000000000000     
  -2.1779999999999999        0.0000000000000000        5.0236437655911764E-002   0.0000000000000000     
  -1.9800000000000000        0.0000000000000000        4.9864368621708996E-002   0.0000000000000000     
  -1.7820000000000000        0.0000000000000000        4.9034372223087812E-002   0.0000000000000000     
  -1.5840000000000001        0.0000000000000000        4.7634084715806740E-002   0.0000000000000000     
  -1.3860000000000001        0.0000000000000000        4.5534095922929819E-002   0.0000000000000000     
  -1.1880000000000002        0.0000000000000000        4.2573750771998535E-002   0.0000000000000000     
 -0.98999999999999999        0.0000000000000000        3.8559339640652217E-002   0.0000000000000000     
 -0.79200000000000004        0.0000000000000000        3.3302407404354729E-002   0.0000000000000000     
 -0.59400000000000008        0.0000000000000000        2.6689638584589191E-002   0.0000000000000000     
 -0.39600000000000002        0.0000000000000000        1.8746510871705653E-002   0.0000000000000000     
 -0.19800000000000001        0.0000000000000000        9.6954900518010419E-003   0.0000000000000000     
   0.0000000000000000        0.0000000000000000        0.0000000000000000        0.0000000000000000     
  0.19800000000000001        0.0000000000000000       -9.6954900518010419E-003   0.0000000000000000     
  0.39600000000000002        0.0000000000000000       -1.8746510871705653E-002   0.0000000000000000     
  0.59400000000000008        0.0000000000000000       -2.6689638584589191E-002   0.0000000000000000     
  0.79200000000000004        0.0000000000000000       -3.3302407404354729E-002   0.0000000000000000     
  0.98999999999999999        0.0000000000000000       -3.8559339640652217E-002   0.0000000000000000     
   1.1880000000000002        0.0000000000000000       -4.2573750771998535E-002   0.0000000000000000     
   1.3860000000000001        0.0000000000000000       -4.5534095922929819E-002   0.0000000000000000     
   1.5840000000000001        0.0000000000000000       -4.7634084715806740E-002   0.0000000000000000     
   1.7820000000000000        0.0000000000000000       -4.9034372223087812E-002   0.0000000000000000     
   1.9800000000000000        0.0000000000000000       -4.9864368621708996E-002   0.0000000000000000     
   2.1779999999999999        0.0000000000000000       -5.0236437655911764E-002   0.0000000000000000     
   2.3760000000000003        0.0000000000000000       -5.0261994027167543E-002   0.0000000000000000     
   2.5740000000000003        0.0000000000000000       -5.0034075315699172E-002   0.0000000000000000     
   2.7720000000000002        0.0000000000000000       -4.9618139323557964E-002   0.0000000000000000     
   2.9700000000000002        0.0000000000000000       -4.9061614554694384E-002   0.0000000000000000     
   3.1680000000000001        0.0000000000000000       -4.8401028791845872E-002   0.0000000000000000     
   3.3660000000000001        0.0000000000000000       -4.7667201184158785E-002   0.0000000000000000     
   3.5640000000000001        0.0000000000000000       -4.6884903102301957E-002   0.0000000000000000     
   3.7620000000000000        0.0000000000000000       -4.6070000320640334E-002   0.0000000000000000     
   3.9600000000000000        0.0000000000000000       -4.5231608785840531E-002   0.0000000000000000     
   4.1580000000000004        0.0000000000000000       -4.4378259206220946E-002   0.0000000000000000     
   4.3559999999999999        0.0000000000000000       -4.3517977043383643E-002   0.0000000000000000     
   4.5540000000000003        0.0000000000000000       -4.2657567556672278E-002   0.0000000000000000     
   4.7520000000000007        0.0000000000000000       -4.1802499570696768E-002   0.0000000000000000     
   4.9500000000000002        0.0000000000000000       -4.0957036119345078E-002   0.0000000000000000     
   5.1480000000000006        0.0000000000000000       -4.0124436944692962E-002   0.0000000000000000     
   5.3460000000000001        0.0000000000000000       -3.9307147026816390E-002   0.0000000000000000     
   5.5440000000000005        0.0000000000000000       -3.8506953906889539E-002   0.0000000000000000     
   5.7420000000000000        0.0000000000000000       -3.7725121742587582E-002   0.0000000000000000     
   5.9400000000000004        0.0000000000000000       -3.6962498524018984E-002   0.0000000000000000     
   6.1379999999999999        0.0000000000000000       -3.6219598878072808E-002   0.0000000000000000     
   6.3360000000000003        0.0000000000000000       -3.5496677852535997E-002   0.0000000000000000     
   6.5340000000000007        0.0000000000000000       -3.4793782690701887E-002   0.0000000000000000     
   6.7320000000000002        0.0000000000000000       -3.4110799163054442E-002   0.0000000000000000     
   6.9300000000000006        0.0000000000000000       -3.3447487822398689E-002   0.0000000000000000     
   7.1280000000000001        0.0000000000000000       -3.2803512331033069E-002   0.0000000000000000     
   7.3260000000000005        0.0000000000000000       -3.2178464186650754E-002   0.0000000000000000     
   7.5240000000000000        0.0000000000000000       -3.1571879190296782E-002   0.0000000000000000     
   7.7220000000000004        0.0000000000000000       -3.0983254668315575E-002   0.0000000000000000     
   7.9199999999999999        0.0000000000000000       -3.0412060369260648E-002   0.0000000000000000     
   8.1180000000000003        0.0000000000000000       -2.9857748627092680E-002   0.0000000000000000     
   8.3160000000000007        0.0000000000000000       -2.9319762417260680E-002   0.0000000000000000     
   8.5140000000000011        0.0000000000000000       -2.8797540235516339E-002   0.0000000000000000     
   8.7119999999999997        0.0000000000000000       -2.8290522575040188E-002   0.0000000000000000     
   8.9100000000000001        0.0000000000000000       -2.7798153545953528E-002   0.0000000000000000     
   9.1080000000000005        0.0000000000000000       -2.7319885803907238E-002   0.0000000000000000     
   9.3060000000000009        0.0000000000000000       -2.6855181128018026E-002   0.0000000000000000     
   9.5040000000000013        0.0000000000000000       -2.6403513454342466E-002   0.0000000000000000     
   9.7020000000000000        0.0000000000000000       -2.5964368027868473E-002   0.0000000000000000     
   9.9000000000000004        0.0000000000000000       -2.5537244476546230E-002   0.0000000000000000     
   10.098000000000001        0.0000000000000000       -2.5121654388011654E-002   0.0000000000000000     
   10.296000000000001        0.0000000000000000       -2.4717124432469983E-002   0.0000000000000000     
   10.494000000000000        0.0000000000000000       -2.4323193637085759E-002   0.0000000000000000     
   10.692000000000000        0.0000000000000000       -2.3939414827597292E-002   0.0000000000000000     
   10.890000000000001        0.0000000000000000       -2.3565354081719898E-002   0.0000000000000000     
   11.088000000000001        0.0000000000000000       -2.3200588686551393E-002   0.0000000000000000     
   11.286000000000001        0.0000000000000000       -2.2844708325784040E-002   0.0000000000000000     
   11.484000000000000        0.0000000000000000       -2.2497313352348027E-002   0.0000000000000000     
   11.682000000000000        0.0000000000000000       -2.2158014173605280E-002   0.0000000000000000     
   11.880000000000001        0.0000000000000000       -2.1826430331444532E-002   0.0000000000000000     
   12.078000000000001        0.0000000000000000       -2.1502189748291111E-002   0.0000000000000000     
   12.276000000000000        0.0000000000000000       -2.1184927022794151E-002   0.0000000000000000     
   12.474000000000000        0.0000000000000000       -2.0874282976326319E-002   0.0000000000000000     
   12.672000000000001        0.0000000000000000       -2.0569903043611133E-002   0.0000000000000000     
   12.870000000000001        0.0000000000000000       -2.0271436070762990E-002   0.0000000000000000     
   13.068000000000001        0.0000000000000000       -1.9978532420172428E-002   0.0000000000000000     
   13.266000000000000        0.0000000000000000       -1.9690842932617431E-002   0.0000000000000000     
   13.464000000000000        0.0000000000000000       -1.9408016763919855E-002   0.0000000000000000     
   13.662000000000001        0.0000000000000000       -1.9129699559883594E-002   0.0000000000000000     
   13.860000000000001        0.0000000000000000       -1.8855531226585162E-002   0.0000000000000000     
   14.058000000000000        0.0000000000000000       -1.8585143178954641E-002   0.0000000000000000     
   14.256000000000000        0.0000000000000000       -1.8318155942386321E-002   0.0000000000000000     
   14.454000000000001        0.0000000000000000       -1.8054175729365084E-002   0.0000000000000000     
   14.652000000000001        0.0000000000000000       -1.7792790304502995E-002   0.0000000000000000     
   14.850000000000001        0.0000000000000000       -1.7533565706801927E-002   0.0000000000000000     
   15.048000000000000        0.0000000000000000       -1.7276040125557095E-002   0.0000000000000000     
   15.246000000000000        0.0000000000000000       -1.7019718720130948E-002   0.0000000000000000     
   15.444000000000001        0.0000000000000000       -1.6764066782423415E-002   0.0000000000000000     
   15.642000000000001        0.0000000000000000       -1.6508501164611614E-002   0.0000000000000000     
   15.840000000000000        0.0000000000000000       -1.6252381502261451E-002   0.0000000000000000     
   16.038000000000000        0.0000000000000000       -1.5994997531069390E-002   0.0000000000000000     
   16.236000000000001        0.0000000000000000       -1.5735556775990596E-002   0.0000000000000000     
   16.434000000000001        0.0000000000000000       -1.5473733131652699E-002   0.0000000000000000     
   16.632000000000001        0.0000000000000000       -1.5208090670719569E-002   0.0000000000000000     
   16.830000000000002        0.0000000000000000       -1.4937514020458495E-002   0.0000000000000000     
   17.028000000000002        0.0000000000000000       -1.4660735758361422E-002   0.0000000000000000     
   17.225999999999999        0.0000000000000000       -1.4376217554530116E-002   0.0000000000000000     
   17.423999999999999        0.0000000000000000       -1.4082402981457926E-002   0.0000000000000000     
   17.622000000000000        0.0000000000000000       -1.3777218990085554E-002   0.0000000000000000     
   17.820000000000000        0.0000000000000000       -1.3457338822618608E-002   0.0000000000000000     
   18.018000000000001        0.0000000000000000       -1.3120264839494073E-002   0.0000000000000000     
   18.216000000000001        0.0000000000000000       -1.2763421074655480E-002   0.0000000000000000     
   18.414000000000001        0.0000000000000000       -1.2382868904491877E-002   0.0000000000000000     
   18.612000000000002        0.0000000000000000       -1.1976702333940043E-002   0.0000000000000000     
   18.810000000000002        0.0000000000000000       -1.1537713485791351E-002   0.0000000000000000     
   19.008000000000003        0.0000000000000000       -1.1063084958583030E-002   0.0000000000000000     
   19.206000000000000        0.0000000000000000       -1.0550660819638145E-002   0.0000000000000000     
   19.404000000000000        0.0000000000000000       -1.0001608124123141E-002   0.0000000000000000     
   19.602000000000000        0.0000000000000000       -9.4117114768734605E-003   0.0000000000000000     
