  -19.602000000000000        0.0000000000000000        2.3601451081647780E-003   0.0000000000000000     
  -19.404000000000000        0.0000000000000000        2.5237228383812884E-003   0.0000000000000000     
  -19.206000000000000        0.0000000000000000        2.6736357451025007E-003   0.0000000000000000     
  -19.008000000000003        0.0000000000000000        2.8087876104495491E-003   0.0000000000000000     
  -18.810000000000002        0.0000000000000000        2.9321036841369703E-003   0.0000000000000000     
  -18.612000000000002        0.0000000000000000        3.0449637286046093E-003   0.0000000000000000     
  -18.414000000000001        0.0000000000000000        3.1498150370560755E-003   0.0000000000000000     
  -18.216000000000001        0.0000000000000000        3.2468552051603500E-003   0.0000000000000000     
  -18.018000000000001        0.0000000000000000        3.3374481809196905E-003   0.0000000000000000     
  -17.820000000000000        0.0000000000000000        3.4222214685342848E-003   0.0000000000000000     
  -17.622000000000000        0.0000000000000000        3.5030502388785538E-003   0.0000000000000000     
  -17.423999999999999        0.0000000000000000        3.5798884312623624E-003   0.0000000000000000     
  -17.225999999999999        0.0000000000000000        3.6538505989840847E-003   0.0000000000000000     
  -17.028000000000002        0.0000000000000000        3.7255215347266443E-003   0.0000000000000000     
  -16.830000000000002        0.0000000000000000        3.7956930111625767E-003   0.0000000000000000     
  -16.632000000000001        0.0000000000000000        3.8643787637259158E-003   0.0000000000000000     
  -16.434000000000001        0.0000000000000000        3.9319349873443554E-003   0.0000000000000000     
  -16.236000000000001        0.0000000000000000        3.9986701276123532E-003   0.0000000000000000     
  -16.038000000000000        0.0000000000000000        4.0648530207513991E-003   0.0000000000000000     
  -15.840000000000000        0.0000000000000000        4.1307202791192113E-003   0.0000000000000000     
  -15.642000000000001        0.0000000000000000        4.1964818221611015E-003   0.0000000000000000     
  -15.444000000000001        0.0000000000000000        4.2623258183641186E-003   0.0000000000000000     
  -15.246000000000000        0.0000000000000000        4.3284223727115883E-003   0.0000000000000000     
  -15.048000000000000        0.0000000000000000        4.3949270920059860E-003   0.0000000000000000     
  -14.850000000000001        0.0000000000000000        4.4619834966236728E-003   0.0000000000000000     
  -14.652000000000001        0.0000000000000000        4.5297255728362637E-003   0.0000000000000000     
  -14.454000000000001        0.0000000000000000        4.5982795075411404E-003   0.0000000000000000     
  -14.256000000000000        0.0000000000000000        4.6677655234625580E-003   0.0000000000000000     
  -14.058000000000000        0.0000000000000000        4.7382990465460080E-003   0.0000000000000000     
  -13.860000000000001        0.0000000000000000        4.8099920157627226E-003   0.0000000000000000     
  -13.662000000000001        0.0000000000000000        4.8829542131926364E-003   0.0000000000000000     
  -13.464000000000000        0.0000000000000000        4.9572937659164056E-003   0.0000000000000000     
  -13.266000000000000        0.0000000000000000        5.0331183832322121E-003   0.0000000000000000     
  -13.068000000000001        0.0000000000000000        5.1105358424171866E-003   0.0000000000000000     
  -12.870000000000001        0.0000000000000000        5.1896548464143068E-003   0.0000000000000000     
  -12.672000000000001        0.0000000000000000        5.2705858610103970E-003   0.0000000000000000     
  -12.474000000000000        0.0000000000000000        5.3534412846682746E-003   0.0000000000000000     
  -12.276000000000000        0.0000000000000000        5.4383365219027790E-003   0.0000000000000000     
  -12.078000000000001        0.0000000000000000        5.5253902528921922E-003   0.0000000000000000     
  -11.880000000000001        0.0000000000000000        5.6147253619093177E-003   0.0000000000000000     
  -11.682000000000000        0.0000000000000000        5.7064690361790108E-003   0.0000000000000000     
  -11.484000000000000        0.0000000000000000        5.8007538913329854E-003   0.0000000000000000     
  -11.286000000000001        0.0000000000000000        5.8977180728021503E-003   0.0000000000000000     
  -11.088000000000001        0.0000000000000000        5.9975063043054260E-003   0.0000000000000000     
  -10.890000000000001        0.0000000000000000        6.1002702058529481E-003   0.0000000000000000     
  -10.692000000000000        0.0000000000000000        6.2061692214858541E-003   0.0000000000000000     
  -10.494000000000000        0.0000000000000000        6.3153710925940897E-003   0.0000000000000000     
  -10.296000000000001        0.0000000000000000        6.4280525662800689E-003   0.0000000000000000     
  -10.098000000000001        0.0000000000000000        6.5444005775010250E-003   0.0000000000000000     
  -9.9000000000000004        0.0000000000000000        6.6646122156556204E-003   0.0000000000000000     
  -9.7020000000000000        0.0000000000000000        6.7888966611773733E-003   0.0000000000000000     
  -9.5040000000000013        0.0000000000000000        6.9174751608778919E-003   0.0000000000000000     
  -9.3060000000000009        0.0000000000000000        7.0505823932867136E-003   0.0000000000000000     
  -9.1080000000000005        0.0000000000000000        7.1884672380807977E-003   0.0000000000000000     
  -8.9100000000000001        0.0000000000000000        7.3313940298928015E-003   0.0000000000000000     
  -8.7119999999999997        0.0000000000000000        7.4796433134534830E-003   0.0000000000000000     
  -8.5140000000000011        0.0000000000000000        7.6335131805877719E-003   0.0000000000000000     
  -8.3160000000000007        0.0000000000000000        7.7933198244160076E-003   0.0000000000000000     
  -8.1180000000000003        0.0000000000000000        7.9593993881508229E-003   0.0000000000000000     
  -7.9199999999999999        0.0000000000000000        8.1321081557838518E-003   0.0000000000000000     
  -7.7220000000000004        0.0000000000000000        8.3118239393170958E-003   0.0000000000000000     
  -7.5240000000000000        0.0000000000000000        8.4989465583025347E-003   0.0000000000000000     
  -7.3260000000000005        0.0000000000000000        8.6938986093868399E-003   0.0000000000000000     
  -7.1280000000000001        0.0000000000000000        8.8971253574298449E-003   0.0000000000000000     
  -6.9300000000000006        0.0000000000000000        9.1090949168585351E-003   0.0000000000000000     
  -6.7320000000000002        0.0000000000000000        9.3302968828706621E-003   0.0000000000000000     
  -6.5340000000000007        0.0000000000000000        9.5612406597287633E-003   0.0000000000000000     
  -6.3360000000000003        0.0000000000000000        9.8024526190097962E-003   0.0000000000000000     
  -6.1379999999999999        0.0000000000000000        1.0054471260541167E-002   0.0000000000000000     
  -5.9400000000000004        0.0000000000000000        1.0317840718683134E-002   0.0000000000000000     
  -5.7420000000000000        0.0000000000000000        1.0593100477690414E-002   0.0000000000000000     
  -5.5440000000000005        0.0000000000000000        1.0880772337498257E-002   0.0000000000000000     
  -5.3460000000000001        0.0000000000000000        1.1181341544034504E-002   0.0000000000000000     
  -5.1480000000000006        0.0000000000000000        1.1495230845458223E-002   0.0000000000000000     
  -4.9500000000000002        0.0000000000000000        1.1822766015427578E-002   0.0000000000000000     
  -4.7520000000000007        0.0000000000000000        1.2164129549413771E-002   0.0000000000000000     
  -4.5540000000000003        0.0000000000000000        1.2519297922784141E-002   0.0000000000000000     
  -4.3559999999999999        0.0000000000000000        1.2887959404602438E-002   0.0000000000000000     
  -4.1580000000000004        0.0000000000000000        1.3269403217957786E-002   0.0000000000000000     
  -3.9600000000000000        0.0000000000000000        1.3662377881750567E-002   0.0000000000000000     
  -3.7620000000000000        0.0000000000000000        1.4064906619050093E-002   0.0000000000000000     
  -3.5640000000000001        0.0000000000000000        1.4474064356887088E-002   0.0000000000000000     
  -3.3660000000000001        0.0000000000000000        1.4885737474372343E-002   0.0000000000000000     
  -3.1680000000000001        0.0000000000000000        1.5294469847667391E-002   0.0000000000000000     
  -2.9700000000000002        0.0000000000000000        1.5693715178613617E-002   0.0000000000000000     
  -2.7720000000000002        0.0000000000000000        1.6077020834246065E-002   0.0000000000000000     
  -2.5740000000000003        0.0000000000000000        1.6438225255462683E-002   0.0000000000000000     
  -2.3760000000000003        0.0000000000000000        1.6762757507698060E-002   0.0000000000000000     
  -2.1779999999999999        0.0000000000000000        1.7022602914364474E-002   0.0000000000000000     
  -1.9800000000000000        0.0000000000000000        1.7179439209517290E-002   0.0000000000000000     
  -1.7820000000000000        0.0000000000000000        1.7189086716628398E-002   0.0000000000000000     
  -1.5840000000000001        0.0000000000000000        1.6993437241311221E-002   0.0000000000000000     
  -1.3860000000000001        0.0000000000000000        1.6522241358437988E-002   0.0000000000000000     
  -1.1880000000000002        0.0000000000000000        1.5703581955962075E-002   0.0000000000000000     
 -0.98999999999999999        0.0000000000000000        1.4460454686669184E-002   0.0000000000000000     
 -0.79200000000000004        0.0000000000000000        1.2700582057676773E-002   0.0000000000000000     
 -0.59400000000000008        0.0000000000000000        1.0335320867766753E-002   0.0000000000000000     
 -0.39600000000000002        0.0000000000000000        7.3390661726526751E-003   0.0000000000000000     
 -0.19800000000000001        0.0000000000000000        3.8167369667309672E-003   0.0000000000000000     
   0.0000000000000000        0.0000000000000000        0.0000000000000000        0.0000000000000000     
  0.19800000000000001        0.0000000000000000       -3.8167369667309672E-003   0.0000000000000000     
  0.39600000000000002        0.0000000000000000       -7.3390661726526751E-003   0.0000000000000000     
  0.59400000000000008        0.0000000000000000       -1.0335320867766753E-002   0.0000000000000000     
  0.79200000000000004        0.0000000000000000       -1.2700582057676773E-002   0.0000000000000000     
  0.98999999999999999        0.0000000000000000       -1.4460454686669184E-002   0.0000000000000000     
   1.1880000000000002        0.0000000000000000       -1.5703581955962075E-002   0.0000000000000000     
   1.3860000000000001        0.0000000000000000       -1.6522241358437988E-002   0.0000000000000000     
   1.5840000000000001        0.0000000000000000       -1.6993437241311221E-002   0.0000000000000000     
   1.7820000000000000        0.0000000000000000       -1.7189086716628398E-002   0.0000000000000000     
   1.9800000000000000        0.0000000000000000       -1.7179439209517290E-002   0.0000000000000000     
   2.1779999999999999        0.0000000000000000       -1.7022602914364474E-002   0.0000000000000000     
   2.3760000000000003        0.0000000000000000       -1.6762757507698060E-002   0.0000000000000000     
   2.5740000000000003        0.0000000000000000       -1.6438225255462683E-002   0.0000000000000000     
   2.7720000000000002        0.0000000000000000       -1.6077020834246065E-002   0.0000000000000000     
   2.9700000000000002        0.0000000000000000       -1.5693715178613617E-002   0.0000000000000000     
   3.1680000000000001        0.0000000000000000       -1.5294469847667391E-002   0.0000000000000000     
   3.3660000000000001        0.0000000000000000       -1.4885737474372343E-002   0.0000000000000000     
   3.5640000000000001        0.0000000000000000       -1.4474064356887088E-002   0.0000000000000000     
   3.7620000000000000        0.0000000000000000       -1.4064906619050093E-002   0.0000000000000000     
   3.9600000000000000        0.0000000000000000       -1.3662377881750567E-002   0.0000000000000000     
   4.1580000000000004        0.0000000000000000       -1.3269403217957786E-002   0.0000000000000000     
   4.3559999999999999        0.0000000000000000       -1.2887959404602438E-002   0.0000000000000000     
   4.5540000000000003        0.0000000000000000       -1.2519297922784141E-002   0.0000000000000000     
   4.7520000000000007        0.0000000000000000       -1.2164129549413771E-002   0.0000000000000000     
   4.9500000000000002        0.0000000000000000       -1.1822766015427578E-002   0.0000000000000000     
   5.1480000000000006        0.0000000000000000       -1.1495230845458223E-002   0.0000000000000000     
   5.3460000000000001        0.0000000000000000       -1.1181341544034504E-002   0.0000000000000000     
   5.5440000000000005        0.0000000000000000       -1.0880772337498257E-002   0.0000000000000000     
   5.7420000000000000        0.0000000000000000       -1.0593100477690414E-002   0.0000000000000000     
   5.9400000000000004        0.0000000000000000       -1.0317840718683134E-002   0.0000000000000000     
   6.1379999999999999        0.0000000000000000       -1.0054471260541167E-002   0.0000000000000000     
   6.3360000000000003        0.0000000000000000       -9.8024526190097962E-003   0.0000000000000000     
   6.5340000000000007        0.0000000000000000       -9.5612406597287633E-003   0.0000000000000000     
   6.7320000000000002        0.0000000000000000       -9.3302968828706621E-003   0.0000000000000000     
   6.9300000000000006        0.0000000000000000       -9.1090949168585351E-003   0.0000000000000000     
   7.1280000000000001        0.0000000000000000       -8.8971253574298449E-003   0.0000000000000000     
   7.3260000000000005        0.0000000000000000       -8.6938986093868399E-003   0.0000000000000000     
   7.5240000000000000        0.0000000000000000       -8.4989465583025347E-003   0.0000000000000000     
   7.7220000000000004        0.0000000000000000       -8.3118239393170958E-003   0.0000000000000000     
   7.9199999999999999        0.0000000000000000       -8.1321081557838518E-003   0.0000000000000000     
   8.1180000000000003        0.0000000000000000       -7.9593993881508229E-003   0.0000000000000000     
   8.3160000000000007        0.0000000000000000       -7.7933198244160076E-003   0.0000000000000000     
   8.5140000000000011        0.0000000000000000       -7.6335131805877719E-003   0.0000000000000000     
   8.7119999999999997        0.0000000000000000       -7.4796433134534830E-003   0.0000000000000000     
   8.9100000000000001        0.0000000000000000       -7.3313940298928015E-003   0.0000000000000000     
   9.1080000000000005        0.0000000000000000       -7.1884672380807977E-003   0.0000000000000000     
   9.3060000000000009        0.0000000000000000       -7.0505823932867136E-003   0.0000000000000000     
   9.5040000000000013        0.0000000000000000       -6.9174751608778919E-003   0.0000000000000000     
   9.7020000000000000        0.0000000000000000       -6.7888966611773733E-003   0.0000000000000000     
   9.9000000000000004        0.0000000000000000       -6.6646122156556204E-003   0.0000000000000000     
   10.098000000000001        0.0000000000000000       -6.5444005775010250E-003   0.0000000000000000     
   10.296000000000001        0.0000000000000000       -6.4280525662800689E-003   0.0000000000000000     
   10.494000000000000        0.0000000000000000       -6.3153710925940897E-003   0.0000000000000000     
   10.692000000000000        0.0000000000000000       -6.2061692214858541E-003   0.0000000000000000     
   10.890000000000001        0.0000000000000000       -6.1002702058529481E-003   0.0000000000000000     
   11.088000000000001        0.0000000000000000       -5.9975063043054260E-003   0.0000000000000000     
   11.286000000000001        0.0000000000000000       -5.8977180728021503E-003   0.0000000000000000     
   11.484000000000000        0.0000000000000000       -5.8007538913329854E-003   0.0000000000000000     
   11.682000000000000        0.0000000000000000       -5.7064690361790108E-003   0.0000000000000000     
   11.880000000000001        0.0000000000000000       -5.6147253619093177E-003   0.0000000000000000     
   12.078000000000001        0.0000000000000000       -5.5253902528921922E-003   0.0000000000000000     
   12.276000000000000        0.0000000000000000       -5.4383365219027790E-003   0.0000000000000000     
   12.474000000000000        0.0000000000000000       -5.3534412846682746E-003   0.0000000000000000     
   12.672000000000001        0.0000000000000000       -5.2705858610103970E-003   0.0000000000000000     
   12.870000000000001        0.0000000000000000       -5.1896548464143068E-003   0.0000000000000000     
   13.068000000000001        0.0000000000000000       -5.1105358424171866E-003   0.0000000000000000     
   13.266000000000000        0.0000000000000000       -5.0331183832322121E-003   0.0000000000000000     
   13.464000000000000        0.0000000000000000       -4.9572937659164056E-003   0.0000000000000000     
   13.662000000000001        0.0000000000000000       -4.8829542131926364E-003   0.0000000000000000     
   13.860000000000001        0.0000000000000000       -4.8099920157627226E-003   0.0000000000000000     
   14.058000000000000        0.0000000000000000       -4.7382990465460080E-003   0.0000000000000000     
   14.256000000000000        0.0000000000000000       -4.6677655234625580E-003   0.0000000000000000     
   14.454000000000001        0.0000000000000000       -4.5982795075411404E-003   0.0000000000000000     
   14.652000000000001        0.0000000000000000       -4.5297255728362637E-003   0.0000000000000000     
   14.850000000000001        0.0000000000000000       -4.4619834966236728E-003   0.0000000000000000     
   15.048000000000000        0.0000000000000000       -4.3949270920059860E-003   0.0000000000000000     
   15.246000000000000        0.0000000000000000       -4.3284223727115883E-003   0.0000000000000000     
   15.444000000000001        0.0000000000000000       -4.2623258183641186E-003   0.0000000000000000     
   15.642000000000001        0.0000000000000000       -4.1964818221611015E-003   0.0000000000000000     
   15.840000000000000        0.0000000000000000       -4.1307202791192113E-003   0.0000000000000000     
   16.038000000000000        0.0000000000000000       -4.0648530207513991E-003   0.0000000000000000     
   16.236000000000001        0.0000000000000000       -3.9986701276123532E-003   0.0000000000000000     
   16.434000000000001        0.0000000000000000       -3.9319349873443554E-003   0.0000000000000000     
   16.632000000000001        0.0000000000000000       -3.8643787637259158E-003   0.0000000000000000     
   16.830000000000002        0.0000000000000000       -3.7956930111625767E-003   0.0000000000000000     
   17.028000000000002        0.0000000000000000       -3.7255215347266443E-003   0.0000000000000000     
   17.225999999999999        0.0000000000000000       -3.6538505989840847E-003   0.0000000000000000     
   17.423999999999999        0.0000000000000000       -3.5798884312623624E-003   0.0000000000000000     
   17.622000000000000        0.0000000000000000       -3.5030502388785538E-003   0.0000000000000000     
   17.820000000000000        0.0000000000000000       -3.4222214685342848E-003   0.0000000000000000     
   18.018000000000001        0.0000000000000000       -3.3374481809196905E-003   0.0000000000000000     
   18.216000000000001        0.0000000000000000       -3.2468552051603500E-003   0.0000000000000000     
   18.414000000000001        0.0000000000000000       -3.1498150370560755E-003   0.0000000000000000     
   18.612000000000002        0.0000000000000000       -3.0449637286046093E-003   0.0000000000000000     
   18.810000000000002        0.0000000000000000       -2.9321036841369703E-003   0.0000000000000000     
   19.008000000000003        0.0000000000000000       -2.8087876104495491E-003   0.0000000000000000     
   19.206000000000000        0.0000000000000000       -2.6736357451025007E-003   0.0000000000000000     
   19.404000000000000        0.0000000000000000       -2.5237228383812884E-003   0.0000000000000000     
   19.602000000000000        0.0000000000000000       -2.3601451081647780E-003   0.0000000000000000     
