  -19.602000000000000        0.0000000000000000        9.4148857387662908E-003   0.0000000000000000     
  -19.404000000000000        0.0000000000000000        1.0008143840264277E-002   0.0000000000000000     
  -19.206000000000000        0.0000000000000000        1.0556994326298598E-002   0.0000000000000000     
  -19.008000000000003        0.0000000000000000        1.1069332971234329E-002   0.0000000000000000     
  -18.810000000000002        0.0000000000000000        1.1543963662707935E-002   0.0000000000000000     
  -18.612000000000002        0.0000000000000000        1.1983034568587679E-002   0.0000000000000000     
  -18.414000000000001        0.0000000000000000        1.2389333056085933E-002   0.0000000000000000     
  -18.216000000000001        0.0000000000000000        1.2770041842366528E-002   0.0000000000000000     
  -18.018000000000001        0.0000000000000000        1.3127047163893631E-002   0.0000000000000000     
  -17.820000000000000        0.0000000000000000        1.3464327202033241E-002   0.0000000000000000     
  -17.622000000000000        0.0000000000000000        1.3783381833183141E-002   0.0000000000000000     
  -17.423999999999999        0.0000000000000000        1.4089466110982165E-002   0.0000000000000000     
  -17.225999999999999        0.0000000000000000        1.4383407101849719E-002   0.0000000000000000     
  -17.028000000000002        0.0000000000000000        1.4668056525785639E-002   0.0000000000000000     
  -16.830000000000002        0.0000000000000000        1.4944961675769764E-002   0.0000000000000000     
  -16.632000000000001        0.0000000000000000        1.5215660879856837E-002   0.0000000000000000     
  -16.434000000000001        0.0000000000000000        1.5481422782793311E-002   0.0000000000000000     
  -16.236000000000001        0.0000000000000000        1.5743359494322505E-002   0.0000000000000000     
  -16.038000000000000        0.0000000000000000        1.6002454343029434E-002   0.0000000000000000     
  -15.840000000000000        0.0000000000000000        1.6259948872413596E-002   0.0000000000000000     
  -15.642000000000001        0.0000000000000000        1.6516178936258633E-002   0.0000000000000000     
  -15.444000000000001        0.0000000000000000        1.6771855267116269E-002   0.0000000000000000     
  -15.246000000000000        0.0000000000000000        1.7027619016593755E-002   0.0000000000000000     
  -15.048000000000000        0.0000000000000000        1.7284053404410339E-002   0.0000000000000000     
  -14.850000000000001        0.0000000000000000        1.7541693453904057E-002   0.0000000000000000     
  -14.652000000000001        0.0000000000000000        1.7801034741267697E-002   0.0000000000000000     
  -14.454000000000001        0.0000000000000000        1.8062538597896867E-002   0.0000000000000000     
  -14.256000000000000        0.0000000000000000        1.8326639976590987E-002   0.0000000000000000     
  -14.058000000000000        0.0000000000000000        1.8593751136703453E-002   0.0000000000000000     
  -13.860000000000001        0.0000000000000000        1.8864266033507597E-002   0.0000000000000000     
  -13.662000000000001        0.0000000000000000        1.9138564252218940E-002   0.0000000000000000     
  -13.464000000000000        0.0000000000000000        1.9417014816659636E-002   0.0000000000000000     
  -13.266000000000000        0.0000000000000000        1.9699977935049982E-002   0.0000000000000000     
  -13.068000000000001        0.0000000000000000        1.9987808346876926E-002   0.0000000000000000     
  -12.870000000000001        0.0000000000000000        2.0280856947014772E-002   0.0000000000000000     
  -12.672000000000001        0.0000000000000000        2.0579473259697903E-002   0.0000000000000000     
  -12.474000000000000        0.0000000000000000        2.0884006952953487E-002   0.0000000000000000     
  -12.276000000000000        0.0000000000000000        2.1194809466409132E-002   0.0000000000000000     
  -12.078000000000001        0.0000000000000000        2.1512235985678013E-002   0.0000000000000000     
  -11.880000000000001        0.0000000000000000        2.1836645564029658E-002   0.0000000000000000     
  -11.682000000000000        0.0000000000000000        2.2168404219464647E-002   0.0000000000000000     
  -11.484000000000000        0.0000000000000000        2.2507884019418407E-002   0.0000000000000000     
  -11.286000000000001        0.0000000000000000        2.2855466176914155E-002   0.0000000000000000     
  -11.088000000000001        0.0000000000000000        2.3211540031109163E-002   0.0000000000000000     
  -10.890000000000001        0.0000000000000000        2.3576506433798414E-002   0.0000000000000000     
  -10.692000000000000        0.0000000000000000        2.3950775639532504E-002   0.0000000000000000     
  -10.494000000000000        0.0000000000000000        2.4334770291160733E-002   0.0000000000000000     
  -10.296000000000001        0.0000000000000000        2.4728925941540747E-002   0.0000000000000000     
  -10.098000000000001        0.0000000000000000        2.5133689808256393E-002   0.0000000000000000     
  -9.9000000000000004        0.0000000000000000        2.5549523010701142E-002   0.0000000000000000     
  -9.7020000000000000        0.0000000000000000        2.5976900531364665E-002   0.0000000000000000     
  -9.5040000000000013        0.0000000000000000        2.6416310524521491E-002   0.0000000000000000     
  -9.3060000000000009        0.0000000000000000        2.6868254475693503E-002   0.0000000000000000     
  -9.1080000000000005        0.0000000000000000        2.7333247867152310E-002   0.0000000000000000     
  -8.9100000000000001        0.0000000000000000        2.7811817986923233E-002   0.0000000000000000     
  -8.7119999999999997        0.0000000000000000        2.8304503677147989E-002   0.0000000000000000     
  -8.5140000000000011        0.0000000000000000        2.8811853813199825E-002   0.0000000000000000     
  -8.3160000000000007        0.0000000000000000        2.9334425111765764E-002   0.0000000000000000     
  -8.1180000000000003        0.0000000000000000        2.9872778548932260E-002   0.0000000000000000     
  -7.9199999999999999        0.0000000000000000        3.0427476552539523E-002   0.0000000000000000     
  -7.7220000000000004        0.0000000000000000        3.0999078612815575E-002   0.0000000000000000     
  -7.5240000000000000        0.0000000000000000        3.1588132896309115E-002   0.0000000000000000     
  -7.3260000000000005        0.0000000000000000        3.2195172390215930E-002   0.0000000000000000     
  -7.1280000000000001        0.0000000000000000        3.2820701086291849E-002   0.0000000000000000     
  -6.9300000000000006        0.0000000000000000        3.3465184814064755E-002   0.0000000000000000     
  -6.7320000000000002        0.0000000000000000        3.4129033940538560E-002   0.0000000000000000     
  -6.5340000000000007        0.0000000000000000        3.4812587473719944E-002   0.0000000000000000     
  -6.3360000000000003        0.0000000000000000        3.5516085757665121E-002   0.0000000000000000     
  -6.1379999999999999        0.0000000000000000        3.6239643776802076E-002   0.0000000000000000     
  -5.9400000000000004        0.0000000000000000        3.6983216276048787E-002   0.0000000000000000     
  -5.7420000000000000        0.0000000000000000        3.7746548265688490E-002   0.0000000000000000     
  -5.5440000000000005        0.0000000000000000        3.8529122005165957E-002   0.0000000000000000     
  -5.3460000000000001        0.0000000000000000        3.9330088042479727E-002   0.0000000000000000     
  -5.1480000000000006        0.0000000000000000        4.0148177155868839E-002   0.0000000000000000     
  -4.9500000000000002        0.0000000000000000        4.0981592987635491E-002   0.0000000000000000     
  -4.7520000000000007        0.0000000000000000        4.1827885146118786E-002   0.0000000000000000     
  -4.5540000000000003        0.0000000000000000        4.2683795200890953E-002   0.0000000000000000     
  -4.3559999999999999        0.0000000000000000        4.3545095238522187E-002   0.0000000000000000     
  -4.1580000000000004        0.0000000000000000        4.4406479699551783E-002   0.0000000000000000     
  -3.9600000000000000        0.0000000000000000        4.5261659864613994E-002   0.0000000000000000     
  -3.7620000000000000        0.0000000000000000        4.6103941840008877E-002   0.0000000000000000     
  -3.5640000000000001        0.0000000000000000        4.6926179347130996E-002   0.0000000000000000     
  -3.3660000000000001        0.0000000000000000        4.7715819707254838E-002   0.0000000000000000     
  -3.1680000000000001        0.0000000000000000        4.8453481196593283E-002   0.0000000000000000     
  -2.9700000000000002        0.0000000000000000        4.9115657260281019E-002   0.0000000000000000     
  -2.7720000000000002        0.0000000000000000        4.9672701130661349E-002   0.0000000000000000     
  -2.5740000000000003        0.0000000000000000        5.0087882218684071E-002   0.0000000000000000     
  -2.3760000000000003        0.0000000000000000        5.0311580361674893E-002   0.0000000000000000     
  -2.1779999999999999        0.0000000000000000        5.0275968950334836E-002   0.0000000000000000     
  -1.9800000000000000        0.0000000000000000        4.9900571618096072E-002   0.0000000000000000     
  -1.7820000000000000        0.0000000000000000        4.9077052460357332E-002   0.0000000000000000     
  -1.5840000000000001        0.0000000000000000        4.7681419082052236E-002   0.0000000000000000     
  -1.3860000000000001        0.0000000000000000        4.5584374133320657E-002   0.0000000000000000     
  -1.1880000000000002        0.0000000000000000        4.2628082371052207E-002   0.0000000000000000     
 -0.98999999999999999        0.0000000000000000        3.8620411979886492E-002   0.0000000000000000     
 -0.79200000000000004        0.0000000000000000        3.3372970658894240E-002   0.0000000000000000     
 -0.59400000000000008        0.0000000000000000        2.6768773565251619E-002   0.0000000000000000     
 -0.39600000000000002        0.0000000000000000        1.8822124360472658E-002   0.0000000000000000     
 -0.19800000000000001        0.0000000000000000        9.7414412681812636E-003   0.0000000000000000     
   0.0000000000000000        0.0000000000000000        0.0000000000000000        0.0000000000000000     
  0.19800000000000001        0.0000000000000000       -9.7414412681812636E-003   0.0000000000000000     
  0.39600000000000002        0.0000000000000000       -1.8822124360472658E-002   0.0000000000000000     
  0.59400000000000008        0.0000000000000000       -2.6768773565251619E-002   0.0000000000000000     
  0.79200000000000004        0.0000000000000000       -3.3372970658894240E-002   0.0000000000000000     
  0.98999999999999999        0.0000000000000000       -3.8620411979886492E-002   0.0000000000000000     
   1.1880000000000002        0.0000000000000000       -4.2628082371052207E-002   0.0000000000000000     
   1.3860000000000001        0.0000000000000000       -4.5584374133320657E-002   0.0000000000000000     
   1.5840000000000001        0.0000000000000000       -4.7681419082052236E-002   0.0000000000000000     
   1.7820000000000000        0.0000000000000000       -4.9077052460357332E-002   0.0000000000000000     
   1.9800000000000000        0.0000000000000000       -4.9900571618096072E-002   0.0000000000000000     
   2.1779999999999999        0.0000000000000000       -5.0275968950334836E-002   0.0000000000000000     
   2.3760000000000003        0.0000000000000000       -5.0311580361674893E-002   0.0000000000000000     
   2.5740000000000003        0.0000000000000000       -5.0087882218684071E-002   0.0000000000000000     
   2.7720000000000002        0.0000000000000000       -4.9672701130661349E-002   0.0000000000000000     
   2.9700000000000002        0.0000000000000000       -4.9115657260281019E-002   0.0000000000000000     
   3.1680000000000001        0.0000000000000000       -4.8453481196593283E-002   0.0000000000000000     
   3.3660000000000001        0.0000000000000000       -4.7715819707254838E-002   0.0000000000000000     
   3.5640000000000001        0.0000000000000000       -4.6926179347130996E-002   0.0000000000000000     
   3.7620000000000000        0.0000000000000000       -4.6103941840008877E-002   0.0000000000000000     
   3.9600000000000000        0.0000000000000000       -4.5261659864613994E-002   0.0000000000000000     
   4.1580000000000004        0.0000000000000000       -4.4406479699551783E-002   0.0000000000000000     
   4.3559999999999999        0.0000000000000000       -4.3545095238522187E-002   0.0000000000000000     
   4.5540000000000003        0.0000000000000000       -4.2683795200890953E-002   0.0000000000000000     
   4.7520000000000007        0.0000000000000000       -4.1827885146118786E-002   0.0000000000000000     
   4.9500000000000002        0.0000000000000000       -4.0981592987635491E-002   0.0000000000000000     
   5.1480000000000006        0.0000000000000000       -4.0148177155868839E-002   0.0000000000000000     
   5.3460000000000001        0.0000000000000000       -3.9330088042479727E-002   0.0000000000000000     
   5.5440000000000005        0.0000000000000000       -3.8529122005165957E-002   0.0000000000000000     
   5.7420000000000000        0.0000000000000000       -3.7746548265688490E-002   0.0000000000000000     
   5.9400000000000004        0.0000000000000000       -3.6983216276048787E-002   0.0000000000000000     
   6.1379999999999999        0.0000000000000000       -3.6239643776802076E-002   0.0000000000000000     
   6.3360000000000003        0.0000000000000000       -3.5516085757665121E-002   0.0000000000000000     
   6.5340000000000007        0.0000000000000000       -3.4812587473719944E-002   0.0000000000000000     
   6.7320000000000002        0.0000000000000000       -3.4129033940538560E-002   0.0000000000000000     
   6.9300000000000006        0.0000000000000000       -3.3465184814064755E-002   0.0000000000000000     
   7.1280000000000001        0.0000000000000000       -3.2820701086291849E-002   0.0000000000000000     
   7.3260000000000005        0.0000000000000000       -3.2195172390215930E-002   0.0000000000000000     
   7.5240000000000000        0.0000000000000000       -3.1588132896309115E-002   0.0000000000000000     
   7.7220000000000004        0.0000000000000000       -3.0999078612815575E-002   0.0000000000000000     
   7.9199999999999999        0.0000000000000000       -3.0427476552539523E-002   0.0000000000000000     
   8.1180000000000003        0.0000000000000000       -2.9872778548932260E-002   0.0000000000000000     
   8.3160000000000007        0.0000000000000000       -2.9334425111765764E-002   0.0000000000000000     
   8.5140000000000011        0.0000000000000000       -2.8811853813199825E-002   0.0000000000000000     
   8.7119999999999997        0.0000000000000000       -2.8304503677147989E-002   0.0000000000000000     
   8.9100000000000001        0.0000000000000000       -2.7811817986923233E-002   0.0000000000000000     
   9.1080000000000005        0.0000000000000000       -2.7333247867152310E-002   0.0000000000000000     
   9.3060000000000009        0.0000000000000000       -2.6868254475693503E-002   0.0000000000000000     
   9.5040000000000013        0.0000000000000000       -2.6416310524521491E-002   0.0000000000000000     
   9.7020000000000000        0.0000000000000000       -2.5976900531364665E-002   0.0000000000000000     
   9.9000000000000004        0.0000000000000000       -2.5549523010701142E-002   0.0000000000000000     
   10.098000000000001        0.0000000000000000       -2.5133689808256393E-002   0.0000000000000000     
   10.296000000000001        0.0000000000000000       -2.4728925941540747E-002   0.0000000000000000     
   10.494000000000000        0.0000000000000000       -2.4334770291160733E-002   0.0000000000000000     
   10.692000000000000        0.0000000000000000       -2.3950775639532504E-002   0.0000000000000000     
   10.890000000000001        0.0000000000000000       -2.3576506433798414E-002   0.0000000000000000     
   11.088000000000001        0.0000000000000000       -2.3211540031109163E-002   0.0000000000000000     
   11.286000000000001        0.0000000000000000       -2.2855466176914155E-002   0.0000000000000000     
   11.484000000000000        0.0000000000000000       -2.2507884019418407E-002   0.0000000000000000     
   11.682000000000000        0.0000000000000000       -2.2168404219464647E-002   0.0000000000000000     
   11.880000000000001        0.0000000000000000       -2.1836645564029658E-002   0.0000000000000000     
   12.078000000000001        0.0000000000000000       -2.1512235985678013E-002   0.0000000000000000     
   12.276000000000000        0.0000000000000000       -2.1194809466409132E-002   0.0000000000000000     
   12.474000000000000        0.0000000000000000       -2.0884006952953487E-002   0.0000000000000000     
   12.672000000000001        0.0000000000000000       -2.0579473259697903E-002   0.0000000000000000     
   12.870000000000001        0.0000000000000000       -2.0280856947014772E-002   0.0000000000000000     
   13.068000000000001        0.0000000000000000       -1.9987808346876926E-002   0.0000000000000000     
   13.266000000000000        0.0000000000000000       -1.9699977935049982E-002   0.0000000000000000     
   13.464000000000000        0.0000000000000000       -1.9417014816659636E-002   0.0000000000000000     
   13.662000000000001        0.0000000000000000       -1.9138564252218940E-002   0.0000000000000000     
   13.860000000000001        0.0000000000000000       -1.8864266033507597E-002   0.0000000000000000     
   14.058000000000000        0.0000000000000000       -1.8593751136703453E-002   0.0000000000000000     
   14.256000000000000        0.0000000000000000       -1.8326639976590987E-002   0.0000000000000000     
   14.454000000000001        0.0000000000000000       -1.8062538597896867E-002   0.0000000000000000     
   14.652000000000001        0.0000000000000000       -1.7801034741267697E-002   0.0000000000000000     
   14.850000000000001        0.0000000000000000       -1.7541693453904057E-002   0.0000000000000000     
   15.048000000000000        0.0000000000000000       -1.7284053404410339E-002   0.0000000000000000     
   15.246000000000000        0.0000000000000000       -1.7027619016593755E-002   0.0000000000000000     
   15.444000000000001        0.0000000000000000       -1.6771855267116269E-002   0.0000000000000000     
   15.642000000000001        0.0000000000000000       -1.6516178936258633E-002   0.0000000000000000     
   15.840000000000000        0.0000000000000000       -1.6259948872413596E-002   0.0000000000000000     
   16.038000000000000        0.0000000000000000       -1.6002454343029434E-002   0.0000000000000000     
   16.236000000000001        0.0000000000000000       -1.5743359494322505E-002   0.0000000000000000     
   16.434000000000001        0.0000000000000000       -1.5481422782793311E-002   0.0000000000000000     
   16.632000000000001        0.0000000000000000       -1.5215660879856837E-002   0.0000000000000000     
   16.830000000000002        0.0000000000000000       -1.4944961675769764E-002   0.0000000000000000     
   17.028000000000002        0.0000000000000000       -1.4668056525785639E-002   0.0000000000000000     
   17.225999999999999        0.0000000000000000       -1.4383407101849719E-002   0.0000000000000000     
   17.423999999999999        0.0000000000000000       -1.4089466110982165E-002   0.0000000000000000     
   17.622000000000000        0.0000000000000000       -1.3783381833183141E-002   0.0000000000000000     
   17.820000000000000        0.0000000000000000       -1.3464327202033241E-002   0.0000000000000000     
   18.018000000000001        0.0000000000000000       -1.3127047163893631E-002   0.0000000000000000     
   18.216000000000001        0.0000000000000000       -1.2770041842366528E-002   0.0000000000000000     
   18.414000000000001        0.0000000000000000       -1.2389333056085933E-002   0.0000000000000000     
   18.612000000000002        0.0000000000000000       -1.1983034568587679E-002   0.0000000000000000     
   18.810000000000002        0.0000000000000000       -1.1543963662707935E-002   0.0000000000000000     
   19.008000000000003        0.0000000000000000       -1.1069332971234329E-002   0.0000000000000000     
   19.206000000000000        0.0000000000000000       -1.0556994326298598E-002   0.0000000000000000     
   19.404000000000000        0.0000000000000000       -1.0008143840264277E-002   0.0000000000000000     
   19.602000000000000        0.0000000000000000       -9.4148857387662908E-003   0.0000000000000000     
