  -19.602000000000000        0.0000000000000000        2.3692822974454488E-003   0.0000000000000000     
  -19.404000000000000        0.0000000000000000        2.5300146635783343E-003   0.0000000000000000     
  -19.206000000000000        0.0000000000000000        2.6760685226120424E-003   0.0000000000000000     
  -19.008000000000003        0.0000000000000000        2.8092864270488969E-003   0.0000000000000000     
  -18.810000000000002        0.0000000000000000        2.9320557619759071E-003   0.0000000000000000     
  -18.612000000000002        0.0000000000000000        3.0446720966230221E-003   0.0000000000000000     
  -18.414000000000001        0.0000000000000000        3.1492009203298939E-003   0.0000000000000000     
  -18.216000000000001        0.0000000000000000        3.2463705157381117E-003   0.0000000000000000     
  -18.018000000000001        0.0000000000000000        3.3374074341091784E-003   0.0000000000000000     
  -17.820000000000000        0.0000000000000000        3.4227525292758747E-003   0.0000000000000000     
  -17.622000000000000        0.0000000000000000        3.5039127621943177E-003   0.0000000000000000     
  -17.423999999999999        0.0000000000000000        3.5815853710194179E-003   0.0000000000000000     
  -17.225999999999999        0.0000000000000000        3.6563811458873211E-003   0.0000000000000000     
  -17.028000000000002        0.0000000000000000        3.7281167750033866E-003   0.0000000000000000     
  -16.830000000000002        0.0000000000000000        3.7988433011443309E-003   0.0000000000000000     
  -16.632000000000001        0.0000000000000000        3.8680312853849033E-003   0.0000000000000000     
  -16.434000000000001        0.0000000000000000        3.9360298528424396E-003   0.0000000000000000     
  -16.236000000000001        0.0000000000000000        4.0031430998414934E-003   0.0000000000000000     
  -16.038000000000000        0.0000000000000000        4.0696373397781397E-003   0.0000000000000000     
  -15.840000000000000        0.0000000000000000        4.1357479553977075E-003   0.0000000000000000     
  -15.642000000000001        0.0000000000000000        4.2016842384348359E-003   0.0000000000000000     
  -15.444000000000001        0.0000000000000000        4.2676342702713506E-003   0.0000000000000000     
  -15.246000000000000        0.0000000000000000        4.3337681724820443E-003   0.0000000000000000     
  -15.048000000000000        0.0000000000000000        4.4002417150188671E-003   0.0000000000000000     
  -14.850000000000001        0.0000000000000000        4.4671983859969839E-003   0.0000000000000000     
  -14.652000000000001        0.0000000000000000        4.5347720089994126E-003   0.0000000000000000     
  -14.454000000000001        0.0000000000000000        4.6030884602943200E-003   0.0000000000000000     
  -14.256000000000000        0.0000000000000000        4.6722671671370775E-003   0.0000000000000000     
  -14.058000000000000        0.0000000000000000        4.7424226765860611E-003   0.0000000000000000     
  -13.860000000000001        0.0000000000000000        4.8136657572224488E-003   0.0000000000000000     
  -13.662000000000001        0.0000000000000000        4.8861042983158048E-003   0.0000000000000000     
  -13.464000000000000        0.0000000000000000        4.9598447035076806E-003   0.0000000000000000     
  -13.266000000000000        0.0000000000000000        5.0349920433609783E-003   0.0000000000000000     
  -13.068000000000001        0.0000000000000000        5.1116514564175505E-003   0.0000000000000000     
  -12.870000000000001        0.0000000000000000        5.1899284757275658E-003   0.0000000000000000     
  -12.672000000000001        0.0000000000000000        5.2699296533340739E-003   0.0000000000000000     
  -12.474000000000000        0.0000000000000000        5.3517634398514207E-003   0.0000000000000000     
  -12.276000000000000        0.0000000000000000        5.4355405513211276E-003   0.0000000000000000     
  -12.078000000000001        0.0000000000000000        5.5213744259382247E-003   0.0000000000000000     
  -11.880000000000001        0.0000000000000000        5.6093821149211017E-003   0.0000000000000000     
  -11.682000000000000        0.0000000000000000        5.6996843947343719E-003   0.0000000000000000     
  -11.484000000000000        0.0000000000000000        5.7924068065906536E-003   0.0000000000000000     
  -11.286000000000001        0.0000000000000000        5.8876796375547267E-003   0.0000000000000000     
  -11.088000000000001        0.0000000000000000        5.9856389314711074E-003   0.0000000000000000     
  -10.890000000000001        0.0000000000000000        6.0864268528242338E-003   0.0000000000000000     
  -10.692000000000000        0.0000000000000000        6.1901923363406703E-003   0.0000000000000000     
  -10.494000000000000        0.0000000000000000        6.2970914015357468E-003   0.0000000000000000     
  -10.296000000000001        0.0000000000000000        6.4072885005401854E-003   0.0000000000000000     
  -10.098000000000001        0.0000000000000000        6.5209563549506275E-003   0.0000000000000000     
  -9.9000000000000004        0.0000000000000000        6.6382770216012457E-003   0.0000000000000000     
  -9.7020000000000000        0.0000000000000000        6.7594425718923200E-003   0.0000000000000000     
  -9.5040000000000013        0.0000000000000000        6.8846560630826401E-003   0.0000000000000000     
  -9.3060000000000009        0.0000000000000000        7.0141316410644462E-003   0.0000000000000000     
  -9.1080000000000005        0.0000000000000000        7.1480961126357961E-003   0.0000000000000000     
  -8.9100000000000001        0.0000000000000000        7.2867889109349982E-003   0.0000000000000000     
  -8.7119999999999997        0.0000000000000000        7.4304638089709163E-003   0.0000000000000000     
  -8.5140000000000011        0.0000000000000000        7.5793888645485042E-003   0.0000000000000000     
  -8.3160000000000007        0.0000000000000000        7.7338476381289033E-003   0.0000000000000000     
  -8.1180000000000003        0.0000000000000000        7.8941400744817931E-003   0.0000000000000000     
  -7.9199999999999999        0.0000000000000000        8.0605825658251768E-003   0.0000000000000000     
  -7.7220000000000004        0.0000000000000000        8.2335089102132716E-003   0.0000000000000000     
  -7.5240000000000000        0.0000000000000000        8.4132704265246511E-003   0.0000000000000000     
  -7.3260000000000005        0.0000000000000000        8.6002361582838451E-003   0.0000000000000000     
  -7.1280000000000001        0.0000000000000000        8.7947924135936655E-003   0.0000000000000000     
  -6.9300000000000006        0.0000000000000000        8.9973417377313802E-003   0.0000000000000000     
  -6.7320000000000002        0.0000000000000000        9.2083018534836903E-003   0.0000000000000000     
  -6.5340000000000007        0.0000000000000000        9.4281026942690110E-003   0.0000000000000000     
  -6.3360000000000003        0.0000000000000000        9.6571827233656003E-003   0.0000000000000000     
  -6.1379999999999999        0.0000000000000000        9.8959836913522330E-003   0.0000000000000000     
  -5.9400000000000004        0.0000000000000000        1.0144943000229088E-002   0.0000000000000000     
  -5.7420000000000000        0.0000000000000000        1.0404482490348258E-002   0.0000000000000000     
  -5.5440000000000005        0.0000000000000000        1.0674995218047942E-002   0.0000000000000000     
  -5.3460000000000001        0.0000000000000000        1.0956824277791233E-002   0.0000000000000000     
  -5.1480000000000006        0.0000000000000000        1.1250237481852355E-002   0.0000000000000000     
  -4.9500000000000002        0.0000000000000000        1.1555391762162351E-002   0.0000000000000000     
  -4.7520000000000007        0.0000000000000000        1.1872285696232976E-002   0.0000000000000000     
  -4.5540000000000003        0.0000000000000000        1.2200697327506345E-002   0.0000000000000000     
  -4.3559999999999999        0.0000000000000000        1.2540101733854883E-002   0.0000000000000000     
  -4.1580000000000004        0.0000000000000000        1.2889562093855597E-002   0.0000000000000000     
  -3.9600000000000000        0.0000000000000000        1.3247589522154046E-002   0.0000000000000000     
  -3.7620000000000000        0.0000000000000000        1.3611966005050026E-002   0.0000000000000000     
  -3.5640000000000001        0.0000000000000000        1.3979532614166051E-002   0.0000000000000000     
  -3.3660000000000001        0.0000000000000000        1.4345981348924159E-002   0.0000000000000000     
  -3.1680000000000001        0.0000000000000000        1.4705781198035768E-002   0.0000000000000000     
  -2.9700000000000002        0.0000000000000000        1.5052664531508454E-002   0.0000000000000000     
  -2.7720000000000002        0.0000000000000000        1.5381522789179284E-002   0.0000000000000000     
  -2.5740000000000003        0.0000000000000000        1.5688761887317139E-002   0.0000000000000000     
  -2.3760000000000003        0.0000000000000000        1.5955053638204722E-002   0.0000000000000000     
  -2.1779999999999999        0.0000000000000000        1.6148277150728845E-002   0.0000000000000000     
  -1.9800000000000000        0.0000000000000000        1.6237908204357960E-002   0.0000000000000000     
  -1.7820000000000000        0.0000000000000000        1.6184582726538499E-002   0.0000000000000000     
  -1.5840000000000001        0.0000000000000000        1.5933763050758110E-002   0.0000000000000000     
  -1.3860000000000001        0.0000000000000000        1.5426342539329868E-002   0.0000000000000000     
  -1.1880000000000002        0.0000000000000000        1.4600454350819468E-002   0.0000000000000000     
 -0.98999999999999999        0.0000000000000000        1.3380236161372525E-002   0.0000000000000000     
 -0.79200000000000004        0.0000000000000000        1.1688857806688277E-002   0.0000000000000000     
 -0.59400000000000008        0.0000000000000000        9.4719524378644483E-003   0.0000000000000000     
 -0.39600000000000002        0.0000000000000000        6.7150771242295727E-003   0.0000000000000000     
 -0.19800000000000001        0.0000000000000000        3.4917710475352122E-003   0.0000000000000000     
   0.0000000000000000        0.0000000000000000        0.0000000000000000        0.0000000000000000     
  0.19800000000000001        0.0000000000000000       -3.4917710475352122E-003   0.0000000000000000     
  0.39600000000000002        0.0000000000000000       -6.7150771242295727E-003   0.0000000000000000     
  0.59400000000000008        0.0000000000000000       -9.4719524378644483E-003   0.0000000000000000     
  0.79200000000000004        0.0000000000000000       -1.1688857806688277E-002   0.0000000000000000     
  0.98999999999999999        0.0000000000000000       -1.3380236161372525E-002   0.0000000000000000     
   1.1880000000000002        0.0000000000000000       -1.4600454350819468E-002   0.0000000000000000     
   1.3860000000000001        0.0000000000000000       -1.5426342539329868E-002   0.0000000000000000     
   1.5840000000000001        0.0000000000000000       -1.5933763050758110E-002   0.0000000000000000     
   1.7820000000000000        0.0000000000000000       -1.6184582726538499E-002   0.0000000000000000     
   1.9800000000000000        0.0000000000000000       -1.6237908204357960E-002   0.0000000000000000     
   2.1779999999999999        0.0000000000000000       -1.6148277150728845E-002   0.0000000000000000     
   2.3760000000000003        0.0000000000000000       -1.5955053638204722E-002   0.0000000000000000     
   2.5740000000000003        0.0000000000000000       -1.5688761887317139E-002   0.0000000000000000     
   2.7720000000000002        0.0000000000000000       -1.5381522789179284E-002   0.0000000000000000     
   2.9700000000000002        0.0000000000000000       -1.5052664531508454E-002   0.0000000000000000     
   3.1680000000000001        0.0000000000000000       -1.4705781198035768E-002   0.0000000000000000     
   3.3660000000000001        0.0000000000000000       -1.4345981348924159E-002   0.0000000000000000     
   3.5640000000000001        0.0000000000000000       -1.3979532614166051E-002   0.0000000000000000     
   3.7620000000000000        0.0000000000000000       -1.3611966005050026E-002   0.0000000000000000     
   3.9600000000000000        0.0000000000000000       -1.3247589522154046E-002   0.0000000000000000     
   4.1580000000000004        0.0000000000000000       -1.2889562093855597E-002   0.0000000000000000     
   4.3559999999999999        0.0000000000000000       -1.2540101733854883E-002   0.0000000000000000     
   4.5540000000000003        0.0000000000000000       -1.2200697327506345E-002   0.0000000000000000     
   4.7520000000000007        0.0000000000000000       -1.1872285696232976E-002   0.0000000000000000     
   4.9500000000000002        0.0000000000000000       -1.1555391762162351E-002   0.0000000000000000     
   5.1480000000000006        0.0000000000000000       -1.1250237481852355E-002   0.0000000000000000     
   5.3460000000000001        0.0000000000000000       -1.0956824277791233E-002   0.0000000000000000     
   5.5440000000000005        0.0000000000000000       -1.0674995218047942E-002   0.0000000000000000     
   5.7420000000000000        0.0000000000000000       -1.0404482490348258E-002   0.0000000000000000     
   5.9400000000000004        0.0000000000000000       -1.0144943000229088E-002   0.0000000000000000     
   6.1379999999999999        0.0000000000000000       -9.8959836913522330E-003   0.0000000000000000     
   6.3360000000000003        0.0000000000000000       -9.6571827233656003E-003   0.0000000000000000     
   6.5340000000000007        0.0000000000000000       -9.4281026942690110E-003   0.0000000000000000     
   6.7320000000000002        0.0000000000000000       -9.2083018534836903E-003   0.0000000000000000     
   6.9300000000000006        0.0000000000000000       -8.9973417377313802E-003   0.0000000000000000     
   7.1280000000000001        0.0000000000000000       -8.7947924135936655E-003   0.0000000000000000     
   7.3260000000000005        0.0000000000000000       -8.6002361582838451E-003   0.0000000000000000     
   7.5240000000000000        0.0000000000000000       -8.4132704265246511E-003   0.0000000000000000     
   7.7220000000000004        0.0000000000000000       -8.2335089102132716E-003   0.0000000000000000     
   7.9199999999999999        0.0000000000000000       -8.0605825658251768E-003   0.0000000000000000     
   8.1180000000000003        0.0000000000000000       -7.8941400744817931E-003   0.0000000000000000     
   8.3160000000000007        0.0000000000000000       -7.7338476381289033E-003   0.0000000000000000     
   8.5140000000000011        0.0000000000000000       -7.5793888645485042E-003   0.0000000000000000     
   8.7119999999999997        0.0000000000000000       -7.4304638089709163E-003   0.0000000000000000     
   8.9100000000000001        0.0000000000000000       -7.2867889109349982E-003   0.0000000000000000     
   9.1080000000000005        0.0000000000000000       -7.1480961126357961E-003   0.0000000000000000     
   9.3060000000000009        0.0000000000000000       -7.0141316410644462E-003   0.0000000000000000     
   9.5040000000000013        0.0000000000000000       -6.8846560630826401E-003   0.0000000000000000     
   9.7020000000000000        0.0000000000000000       -6.7594425718923200E-003   0.0000000000000000     
   9.9000000000000004        0.0000000000000000       -6.6382770216012457E-003   0.0000000000000000     
   10.098000000000001        0.0000000000000000       -6.5209563549506275E-003   0.0000000000000000     
   10.296000000000001        0.0000000000000000       -6.4072885005401854E-003   0.0000000000000000     
   10.494000000000000        0.0000000000000000       -6.2970914015357468E-003   0.0000000000000000     
   10.692000000000000        0.0000000000000000       -6.1901923363406703E-003   0.0000000000000000     
   10.890000000000001        0.0000000000000000       -6.0864268528242338E-003   0.0000000000000000     
   11.088000000000001        0.0000000000000000       -5.9856389314711074E-003   0.0000000000000000     
   11.286000000000001        0.0000000000000000       -5.8876796375547267E-003   0.0000000000000000     
   11.484000000000000        0.0000000000000000       -5.7924068065906536E-003   0.0000000000000000     
   11.682000000000000        0.0000000000000000       -5.6996843947343719E-003   0.0000000000000000     
   11.880000000000001        0.0000000000000000       -5.6093821149211017E-003   0.0000000000000000     
   12.078000000000001        0.0000000000000000       -5.5213744259382247E-003   0.0000000000000000     
   12.276000000000000        0.0000000000000000       -5.4355405513211276E-003   0.0000000000000000     
   12.474000000000000        0.0000000000000000       -5.3517634398514207E-003   0.0000000000000000     
   12.672000000000001        0.0000000000000000       -5.2699296533340739E-003   0.0000000000000000     
   12.870000000000001        0.0000000000000000       -5.1899284757275658E-003   0.0000000000000000     
   13.068000000000001        0.0000000000000000       -5.1116514564175505E-003   0.0000000000000000     
   13.266000000000000        0.0000000000000000       -5.0349920433609783E-003   0.0000000000000000     
   13.464000000000000        0.0000000000000000       -4.9598447035076806E-003   0.0000000000000000     
   13.662000000000001        0.0000000000000000       -4.8861042983158048E-003   0.0000000000000000     
   13.860000000000001        0.0000000000000000       -4.8136657572224488E-003   0.0000000000000000     
   14.058000000000000        0.0000000000000000       -4.7424226765860611E-003   0.0000000000000000     
   14.256000000000000        0.0000000000000000       -4.6722671671370775E-003   0.0000000000000000     
   14.454000000000001        0.0000000000000000       -4.6030884602943200E-003   0.0000000000000000     
   14.652000000000001        0.0000000000000000       -4.5347720089994126E-003   0.0000000000000000     
   14.850000000000001        0.0000000000000000       -4.4671983859969839E-003   0.0000000000000000     
   15.048000000000000        0.0000000000000000       -4.4002417150188671E-003   0.0000000000000000     
   15.246000000000000        0.0000000000000000       -4.3337681724820443E-003   0.0000000000000000     
   15.444000000000001        0.0000000000000000       -4.2676342702713506E-003   0.0000000000000000     
   15.642000000000001        0.0000000000000000       -4.2016842384348359E-003   0.0000000000000000     
   15.840000000000000        0.0000000000000000       -4.1357479553977075E-003   0.0000000000000000     
   16.038000000000000        0.0000000000000000       -4.0696373397781397E-003   0.0000000000000000     
   16.236000000000001        0.0000000000000000       -4.0031430998414934E-003   0.0000000000000000     
   16.434000000000001        0.0000000000000000       -3.9360298528424396E-003   0.0000000000000000     
   16.632000000000001        0.0000000000000000       -3.8680312853849033E-003   0.0000000000000000     
   16.830000000000002        0.0000000000000000       -3.7988433011443309E-003   0.0000000000000000     
   17.028000000000002        0.0000000000000000       -3.7281167750033866E-003   0.0000000000000000     
   17.225999999999999        0.0000000000000000       -3.6563811458873211E-003   0.0000000000000000     
   17.423999999999999        0.0000000000000000       -3.5815853710194179E-003   0.0000000000000000     
   17.622000000000000        0.0000000000000000       -3.5039127621943177E-003   0.0000000000000000     
   17.820000000000000        0.0000000000000000       -3.4227525292758747E-003   0.0000000000000000     
   18.018000000000001        0.0000000000000000       -3.3374074341091784E-003   0.0000000000000000     
   18.216000000000001        0.0000000000000000       -3.2463705157381117E-003   0.0000000000000000     
   18.414000000000001        0.0000000000000000       -3.1492009203298939E-003   0.0000000000000000     
   18.612000000000002        0.0000000000000000       -3.0446720966230221E-003   0.0000000000000000     
   18.810000000000002        0.0000000000000000       -2.9320557619759071E-003   0.0000000000000000     
   19.008000000000003        0.0000000000000000       -2.8092864270488969E-003   0.0000000000000000     
   19.206000000000000        0.0000000000000000       -2.6760685226120424E-003   0.0000000000000000     
   19.404000000000000        0.0000000000000000       -2.5300146635783343E-003   0.0000000000000000     
   19.602000000000000        0.0000000000000000       -2.3692822974454488E-003   0.0000000000000000     
