  -19.602000000000000        0.0000000000000000        3.3440964784907028E-003   0.0000000000000000     
  -19.404000000000000        0.0000000000000000        3.5803823842561898E-003   0.0000000000000000     
  -19.206000000000000        0.0000000000000000        3.7938317720546001E-003   0.0000000000000000     
  -19.008000000000003        0.0000000000000000        3.9900001615431700E-003   0.0000000000000000     
  -18.810000000000002        0.0000000000000000        4.1676744847962384E-003   0.0000000000000000     
  -18.612000000000002        0.0000000000000000        4.3300669613064386E-003   0.0000000000000000     
  -18.414000000000001        0.0000000000000000        4.4805378304576590E-003   0.0000000000000000     
  -18.216000000000001        0.0000000000000000        4.6197034847729234E-003   0.0000000000000000     
  -18.018000000000001        0.0000000000000000        4.7495106642824782E-003   0.0000000000000000     
  -17.820000000000000        0.0000000000000000        4.8708227587455962E-003   0.0000000000000000     
  -17.622000000000000        0.0000000000000000        4.9859018125169487E-003   0.0000000000000000     
  -17.423999999999999        0.0000000000000000        5.0958144055768097E-003   0.0000000000000000     
  -17.225999999999999        0.0000000000000000        5.2014093474679977E-003   0.0000000000000000     
  -17.028000000000002        0.0000000000000000        5.3036177847541575E-003   0.0000000000000000     
  -16.830000000000002        0.0000000000000000        5.4030032605910877E-003   0.0000000000000000     
  -16.632000000000001        0.0000000000000000        5.5003643630591207E-003   0.0000000000000000     
  -16.434000000000001        0.0000000000000000        5.5963572304730076E-003   0.0000000000000000     
  -16.236000000000001        0.0000000000000000        5.6910695155766968E-003   0.0000000000000000     
  -16.038000000000000        0.0000000000000000        5.7848849735755428E-003   0.0000000000000000     
  -15.840000000000000        0.0000000000000000        5.8781408883458444E-003   0.0000000000000000     
  -15.642000000000001        0.0000000000000000        5.9711362981177208E-003   0.0000000000000000     
  -15.444000000000001        0.0000000000000000        6.0641382730426954E-003   0.0000000000000000     
  -15.246000000000000        0.0000000000000000        6.1573884236592741E-003   0.0000000000000000     
  -15.048000000000000        0.0000000000000000        6.2511066597829845E-003   0.0000000000000000     
  -14.850000000000001        0.0000000000000000        6.3454954697234056E-003   0.0000000000000000     
  -14.652000000000001        0.0000000000000000        6.4407430067587364E-003   0.0000000000000000     
  -14.454000000000001        0.0000000000000000        6.5370259202860593E-003   0.0000000000000000     
  -14.256000000000000        0.0000000000000000        6.6345116035048599E-003   0.0000000000000000     
  -14.058000000000000        0.0000000000000000        6.7333603318733429E-003   0.0000000000000000     
  -13.860000000000001        0.0000000000000000        6.8337267604887458E-003   0.0000000000000000     
  -13.662000000000001        0.0000000000000000        6.9357613136230732E-003   0.0000000000000000     
  -13.464000000000000        0.0000000000000000        7.0396120623246192E-003   0.0000000000000000     
  -13.266000000000000        0.0000000000000000        7.1454254148075351E-003   0.0000000000000000     
  -13.068000000000001        0.0000000000000000        7.2533471704711453E-003   0.0000000000000000     
  -12.870000000000001        0.0000000000000000        7.3635237965214975E-003   0.0000000000000000     
  -12.672000000000001        0.0000000000000000        7.4761031953269295E-003   0.0000000000000000     
  -12.474000000000000        0.0000000000000000        7.5912354316775609E-003   0.0000000000000000     
  -12.276000000000000        0.0000000000000000        7.7090735913939480E-003   0.0000000000000000     
  -12.078000000000001        0.0000000000000000        7.8297744993691010E-003   0.0000000000000000     
  -11.880000000000001        0.0000000000000000        7.9534997537702053E-003   0.0000000000000000     
  -11.682000000000000        0.0000000000000000        8.0804163159576125E-003   0.0000000000000000     
  -11.484000000000000        0.0000000000000000        8.2106968844842514E-003   0.0000000000000000     
  -11.286000000000001        0.0000000000000000        8.3445212793313243E-003   0.0000000000000000     
  -11.088000000000001        0.0000000000000000        8.4820767661333060E-003   0.0000000000000000     
  -10.890000000000001        0.0000000000000000        8.6235589076430422E-003   0.0000000000000000     
  -10.692000000000000        0.0000000000000000        8.7691726748994735E-003   0.0000000000000000     
  -10.494000000000000        0.0000000000000000        8.9191327447219280E-003   0.0000000000000000     
  -10.296000000000001        0.0000000000000000        9.0736648717326448E-003   0.0000000000000000     
  -10.098000000000001        0.0000000000000000        9.2330065407242173E-003   0.0000000000000000     
  -9.9000000000000004        0.0000000000000000        9.3974081195364201E-003   0.0000000000000000     
  -9.7020000000000000        0.0000000000000000        9.5671334678710425E-003   0.0000000000000000     
  -9.5040000000000013        0.0000000000000000        9.7424616194827524E-003   0.0000000000000000     
  -9.3060000000000009        0.0000000000000000        9.9236871471914557E-003   0.0000000000000000     
  -9.1080000000000005        0.0000000000000000        1.0111121994857293E-002   0.0000000000000000     
  -8.9100000000000001        0.0000000000000000        1.0305096285984425E-002   0.0000000000000000     
  -8.7119999999999997        0.0000000000000000        1.0505959482358796E-002   0.0000000000000000     
  -8.5140000000000011        0.0000000000000000        1.0714082008168847E-002   0.0000000000000000     
  -8.3160000000000007        0.0000000000000000        1.0929856418782505E-002   0.0000000000000000     
  -8.1180000000000003        0.0000000000000000        1.1153697933287332E-002   0.0000000000000000     
  -7.9199999999999999        0.0000000000000000        1.1386047362885246E-002   0.0000000000000000     
  -7.7220000000000004        0.0000000000000000        1.1627370351141385E-002   0.0000000000000000     
  -7.5240000000000000        0.0000000000000000        1.1878159692411820E-002   0.0000000000000000     
  -7.3260000000000005        0.0000000000000000        1.2138935220311982E-002   0.0000000000000000     
  -7.1280000000000001        0.0000000000000000        1.2410245014054919E-002   0.0000000000000000     
  -6.9300000000000006        0.0000000000000000        1.2692664920985610E-002   0.0000000000000000     
  -6.7320000000000002        0.0000000000000000        1.2986797764568637E-002   0.0000000000000000     
  -6.5340000000000007        0.0000000000000000        1.3293271227362499E-002   0.0000000000000000     
  -6.3360000000000003        0.0000000000000000        1.3612736019966400E-002   0.0000000000000000     
  -6.1379999999999999        0.0000000000000000        1.3945859114465116E-002   0.0000000000000000     
  -5.9400000000000004        0.0000000000000000        1.4293317851000046E-002   0.0000000000000000     
  -5.7420000000000000        0.0000000000000000        1.4655787726676629E-002   0.0000000000000000     
  -5.5440000000000005        0.0000000000000000        1.5033927420148257E-002   0.0000000000000000     
  -5.3460000000000001        0.0000000000000000        1.5428355316297156E-002   0.0000000000000000     
  -5.1480000000000006        0.0000000000000000        1.5839620831562890E-002   0.0000000000000000     
  -4.9500000000000002        0.0000000000000000        1.6268159434693549E-002   0.0000000000000000     
  -4.7520000000000007        0.0000000000000000        1.6714234867176690E-002   0.0000000000000000     
  -4.5540000000000003        0.0000000000000000        1.7177858046430999E-002   0.0000000000000000     
  -4.3559999999999999        0.0000000000000000        1.7658678929738592E-002   0.0000000000000000     
  -4.1580000000000004        0.0000000000000000        1.8155841030314084E-002   0.0000000000000000     
  -3.9600000000000000        0.0000000000000000        1.8667799278434816E-002   0.0000000000000000     
  -3.7620000000000000        0.0000000000000000        1.9192112558685508E-002   0.0000000000000000     
  -3.5640000000000001        0.0000000000000000        1.9725305385247274E-002   0.0000000000000000     
  -3.3660000000000001        0.0000000000000000        2.0263091645956154E-002   0.0000000000000000     
  -3.1680000000000001        0.0000000000000000        2.0801540888270464E-002   0.0000000000000000     
  -2.9700000000000002        0.0000000000000000        2.1337978710546379E-002   0.0000000000000000     
  -2.7720000000000002        0.0000000000000000        2.1864912893471488E-002   0.0000000000000000     
  -2.5740000000000003        0.0000000000000000        2.2362457939726788E-002   0.0000000000000000     
  -2.3760000000000003        0.0000000000000000        2.2805773940657269E-002   0.0000000000000000     
  -2.1779999999999999        0.0000000000000000        2.3163035049213524E-002   0.0000000000000000     
  -1.9800000000000000        0.0000000000000000        2.3389306305679917E-002   0.0000000000000000     
  -1.7820000000000000        0.0000000000000000        2.3425019712169291E-002   0.0000000000000000     
  -1.5840000000000001        0.0000000000000000        2.3187665759460928E-002   0.0000000000000000     
  -1.3860000000000001        0.0000000000000000        2.2584078822881125E-002   0.0000000000000000     
  -1.1880000000000002        0.0000000000000000        2.1515528802736991E-002   0.0000000000000000     
 -0.98999999999999999        0.0000000000000000        1.9868060586332725E-002   0.0000000000000000     
 -0.79200000000000004        0.0000000000000000        1.7501015370681761E-002   0.0000000000000000     
 -0.59400000000000008        0.0000000000000000        1.4281226542844423E-002   0.0000000000000000     
 -0.39600000000000002        0.0000000000000000        1.0178470700069825E-002   0.0000000000000000     
 -0.19800000000000001        0.0000000000000000        5.3136475591382395E-003   0.0000000000000000     
   0.0000000000000000        0.0000000000000000        0.0000000000000000        0.0000000000000000     
  0.19800000000000001        0.0000000000000000       -5.3136475591382395E-003   0.0000000000000000     
  0.39600000000000002        0.0000000000000000       -1.0178470700069825E-002   0.0000000000000000     
  0.59400000000000008        0.0000000000000000       -1.4281226542844423E-002   0.0000000000000000     
  0.79200000000000004        0.0000000000000000       -1.7501015370681761E-002   0.0000000000000000     
  0.98999999999999999        0.0000000000000000       -1.9868060586332725E-002   0.0000000000000000     
   1.1880000000000002        0.0000000000000000       -2.1515528802736991E-002   0.0000000000000000     
   1.3860000000000001        0.0000000000000000       -2.2584078822881125E-002   0.0000000000000000     
   1.5840000000000001        0.0000000000000000       -2.3187665759460928E-002   0.0000000000000000     
   1.7820000000000000        0.0000000000000000       -2.3425019712169291E-002   0.0000000000000000     
   1.9800000000000000        0.0000000000000000       -2.3389306305679917E-002   0.0000000000000000     
   2.1779999999999999        0.0000000000000000       -2.3163035049213524E-002   0.0000000000000000     
   2.3760000000000003        0.0000000000000000       -2.2805773940657269E-002   0.0000000000000000     
   2.5740000000000003        0.0000000000000000       -2.2362457939726788E-002   0.0000000000000000     
   2.7720000000000002        0.0000000000000000       -2.1864912893471488E-002   0.0000000000000000     
   2.9700000000000002        0.0000000000000000       -2.1337978710546379E-002   0.0000000000000000     
   3.1680000000000001        0.0000000000000000       -2.0801540888270464E-002   0.0000000000000000     
   3.3660000000000001        0.0000000000000000       -2.0263091645956154E-002   0.0000000000000000     
   3.5640000000000001        0.0000000000000000       -1.9725305385247274E-002   0.0000000000000000     
   3.7620000000000000        0.0000000000000000       -1.9192112558685508E-002   0.0000000000000000     
   3.9600000000000000        0.0000000000000000       -1.8667799278434816E-002   0.0000000000000000     
   4.1580000000000004        0.0000000000000000       -1.8155841030314084E-002   0.0000000000000000     
   4.3559999999999999        0.0000000000000000       -1.7658678929738592E-002   0.0000000000000000     
   4.5540000000000003        0.0000000000000000       -1.7177858046430999E-002   0.0000000000000000     
   4.7520000000000007        0.0000000000000000       -1.6714234867176690E-002   0.0000000000000000     
   4.9500000000000002        0.0000000000000000       -1.6268159434693549E-002   0.0000000000000000     
   5.1480000000000006        0.0000000000000000       -1.5839620831562890E-002   0.0000000000000000     
   5.3460000000000001        0.0000000000000000       -1.5428355316297156E-002   0.0000000000000000     
   5.5440000000000005        0.0000000000000000       -1.5033927420148257E-002   0.0000000000000000     
   5.7420000000000000        0.0000000000000000       -1.4655787726676629E-002   0.0000000000000000     
   5.9400000000000004        0.0000000000000000       -1.4293317851000046E-002   0.0000000000000000     
   6.1379999999999999        0.0000000000000000       -1.3945859114465116E-002   0.0000000000000000     
   6.3360000000000003        0.0000000000000000       -1.3612736019966400E-002   0.0000000000000000     
   6.5340000000000007        0.0000000000000000       -1.3293271227362499E-002   0.0000000000000000     
   6.7320000000000002        0.0000000000000000       -1.2986797764568637E-002   0.0000000000000000     
   6.9300000000000006        0.0000000000000000       -1.2692664920985610E-002   0.0000000000000000     
   7.1280000000000001        0.0000000000000000       -1.2410245014054919E-002   0.0000000000000000     
   7.3260000000000005        0.0000000000000000       -1.2138935220311982E-002   0.0000000000000000     
   7.5240000000000000        0.0000000000000000       -1.1878159692411820E-002   0.0000000000000000     
   7.7220000000000004        0.0000000000000000       -1.1627370351141385E-002   0.0000000000000000     
   7.9199999999999999        0.0000000000000000       -1.1386047362885246E-002   0.0000000000000000     
   8.1180000000000003        0.0000000000000000       -1.1153697933287332E-002   0.0000000000000000     
   8.3160000000000007        0.0000000000000000       -1.0929856418782505E-002   0.0000000000000000     
   8.5140000000000011        0.0000000000000000       -1.0714082008168847E-002   0.0000000000000000     
   8.7119999999999997        0.0000000000000000       -1.0505959482358796E-002   0.0000000000000000     
   8.9100000000000001        0.0000000000000000       -1.0305096285984425E-002   0.0000000000000000     
   9.1080000000000005        0.0000000000000000       -1.0111121994857293E-002   0.0000000000000000     
   9.3060000000000009        0.0000000000000000       -9.9236871471914557E-003   0.0000000000000000     
   9.5040000000000013        0.0000000000000000       -9.7424616194827524E-003   0.0000000000000000     
   9.7020000000000000        0.0000000000000000       -9.5671334678710425E-003   0.0000000000000000     
   9.9000000000000004        0.0000000000000000       -9.3974081195364201E-003   0.0000000000000000     
   10.098000000000001        0.0000000000000000       -9.2330065407242173E-003   0.0000000000000000     
   10.296000000000001        0.0000000000000000       -9.0736648717326448E-003   0.0000000000000000     
   10.494000000000000        0.0000000000000000       -8.9191327447219280E-003   0.0000000000000000     
   10.692000000000000        0.0000000000000000       -8.7691726748994735E-003   0.0000000000000000     
   10.890000000000001        0.0000000000000000       -8.6235589076430422E-003   0.0000000000000000     
   11.088000000000001        0.0000000000000000       -8.4820767661333060E-003   0.0000000000000000     
   11.286000000000001        0.0000000000000000       -8.3445212793313243E-003   0.0000000000000000     
   11.484000000000000        0.0000000000000000       -8.2106968844842514E-003   0.0000000000000000     
   11.682000000000000        0.0000000000000000       -8.0804163159576125E-003   0.0000000000000000     
   11.880000000000001        0.0000000000000000       -7.9534997537702053E-003   0.0000000000000000     
   12.078000000000001        0.0000000000000000       -7.8297744993691010E-003   0.0000000000000000     
   12.276000000000000        0.0000000000000000       -7.7090735913939480E-003   0.0000000000000000     
   12.474000000000000        0.0000000000000000       -7.5912354316775609E-003   0.0000000000000000     
   12.672000000000001        0.0000000000000000       -7.4761031953269295E-003   0.0000000000000000     
   12.870000000000001        0.0000000000000000       -7.3635237965214975E-003   0.0000000000000000     
   13.068000000000001        0.0000000000000000       -7.2533471704711453E-003   0.0000000000000000     
   13.266000000000000        0.0000000000000000       -7.1454254148075351E-003   0.0000000000000000     
   13.464000000000000        0.0000000000000000       -7.0396120623246192E-003   0.0000000000000000     
   13.662000000000001        0.0000000000000000       -6.9357613136230732E-003   0.0000000000000000     
   13.860000000000001        0.0000000000000000       -6.8337267604887458E-003   0.0000000000000000     
   14.058000000000000        0.0000000000000000       -6.7333603318733429E-003   0.0000000000000000     
   14.256000000000000        0.0000000000000000       -6.6345116035048599E-003   0.0000000000000000     
   14.454000000000001        0.0000000000000000       -6.5370259202860593E-003   0.0000000000000000     
   14.652000000000001        0.0000000000000000       -6.4407430067587364E-003   0.0000000000000000     
   14.850000000000001        0.0000000000000000       -6.3454954697234056E-003   0.0000000000000000     
   15.048000000000000        0.0000000000000000       -6.2511066597829845E-003   0.0000000000000000     
   15.246000000000000        0.0000000000000000       -6.1573884236592741E-003   0.0000000000000000     
   15.444000000000001        0.0000000000000000       -6.0641382730426954E-003   0.0000000000000000     
   15.642000000000001        0.0000000000000000       -5.9711362981177208E-003   0.0000000000000000     
   15.840000000000000        0.0000000000000000       -5.8781408883458444E-003   0.0000000000000000     
   16.038000000000000        0.0000000000000000       -5.7848849735755428E-003   0.0000000000000000     
   16.236000000000001        0.0000000000000000       -5.6910695155766968E-003   0.0000000000000000     
   16.434000000000001        0.0000000000000000       -5.5963572304730076E-003   0.0000000000000000     
   16.632000000000001        0.0000000000000000       -5.5003643630591207E-003   0.0000000000000000     
   16.830000000000002        0.0000000000000000       -5.4030032605910877E-003   0.0000000000000000     
   17.028000000000002        0.0000000000000000       -5.3036177847541575E-003   0.0000000000000000     
   17.225999999999999        0.0000000000000000       -5.2014093474679977E-003   0.0000000000000000     
   17.423999999999999        0.0000000000000000       -5.0958144055768097E-003   0.0000000000000000     
   17.622000000000000        0.0000000000000000       -4.9859018125169487E-003   0.0000000000000000     
   17.820000000000000        0.0000000000000000       -4.8708227587455962E-003   0.0000000000000000     
   18.018000000000001        0.0000000000000000       -4.7495106642824782E-003   0.0000000000000000     
   18.216000000000001        0.0000000000000000       -4.6197034847729234E-003   0.0000000000000000     
   18.414000000000001        0.0000000000000000       -4.4805378304576590E-003   0.0000000000000000     
   18.612000000000002        0.0000000000000000       -4.3300669613064386E-003   0.0000000000000000     
   18.810000000000002        0.0000000000000000       -4.1676744847962384E-003   0.0000000000000000     
   19.008000000000003        0.0000000000000000       -3.9900001615431700E-003   0.0000000000000000     
   19.206000000000000        0.0000000000000000       -3.7938317720546001E-003   0.0000000000000000     
   19.404000000000000        0.0000000000000000       -3.5803823842561898E-003   0.0000000000000000     
   19.602000000000000        0.0000000000000000       -3.3440964784907028E-003   0.0000000000000000     
