  -19.602000000000000        0.0000000000000000        2.1309963497040201E-003   0.0000000000000000     
  -19.404000000000000        0.0000000000000000        2.2600446362288124E-003   0.0000000000000000     
  -19.206000000000000        0.0000000000000000        2.3794008727263481E-003   0.0000000000000000     
  -19.008000000000003        0.0000000000000000        2.4905237177704578E-003   0.0000000000000000     
  -18.810000000000002        0.0000000000000000        2.5937547916028690E-003   0.0000000000000000     
  -18.612000000000002        0.0000000000000000        2.6901266165216021E-003   0.0000000000000000     
  -18.414000000000001        0.0000000000000000        2.7801898579353241E-003   0.0000000000000000     
  -18.216000000000001        0.0000000000000000        2.8655691656380060E-003   0.0000000000000000     
  -18.018000000000001        0.0000000000000000        2.9458819421403059E-003   0.0000000000000000     
  -17.820000000000000        0.0000000000000000        3.0219256334762645E-003   0.0000000000000000     
  -17.622000000000000        0.0000000000000000        3.0937344116249380E-003   0.0000000000000000     
  -17.423999999999999        0.0000000000000000        3.1625721992156394E-003   0.0000000000000000     
  -17.225999999999999        0.0000000000000000        3.2288911087771871E-003   0.0000000000000000     
  -17.028000000000002        0.0000000000000000        3.2930985245356007E-003   0.0000000000000000     
  -16.830000000000002        0.0000000000000000        3.3555549929928478E-003   0.0000000000000000     
  -16.632000000000001        0.0000000000000000        3.4156869354572432E-003   0.0000000000000000     
  -16.434000000000001        0.0000000000000000        3.4759618300401023E-003   0.0000000000000000     
  -16.236000000000001        0.0000000000000000        3.5353002273097560E-003   0.0000000000000000     
  -16.038000000000000        0.0000000000000000        3.5939261600624020E-003   0.0000000000000000     
  -15.840000000000000        0.0000000000000000        3.6520392186305951E-003   0.0000000000000000     
  -15.642000000000001        0.0000000000000000        3.7098181793458907E-003   0.0000000000000000     
  -15.444000000000001        0.0000000000000000        3.7674241702837816E-003   0.0000000000000000     
  -15.246000000000000        0.0000000000000000        3.8250033466384809E-003   0.0000000000000000     
  -15.048000000000000        0.0000000000000000        3.8826893204517432E-003   0.0000000000000000     
  -14.850000000000001        0.0000000000000000        3.9406050958236674E-003   0.0000000000000000     
  -14.652000000000001        0.0000000000000000        3.9988647423469534E-003   0.0000000000000000     
  -14.454000000000001        0.0000000000000000        4.0575750952718476E-003   0.0000000000000000     
  -14.256000000000000        0.0000000000000000        4.1168368141342058E-003   0.0000000000000000     
  -14.058000000000000        0.0000000000000000        4.1767455729631343E-003   0.0000000000000000     
  -13.860000000000001        0.0000000000000000        4.2373930626823913E-003   0.0000000000000000     
  -13.662000000000001        0.0000000000000000        4.2988678047838069E-003   0.0000000000000000     
  -13.464000000000000        0.0000000000000000        4.3612559410352355E-003   0.0000000000000000     
  -13.266000000000000        0.0000000000000000        4.4246418247821644E-003   0.0000000000000000     
  -13.068000000000001        0.0000000000000000        4.4891087553507684E-003   0.0000000000000000     
  -12.870000000000001        0.0000000000000000        4.5547393110295202E-003   0.0000000000000000     
  -12.672000000000001        0.0000000000000000        4.6216161650469816E-003   0.0000000000000000     
  -12.474000000000000        0.0000000000000000        4.6898220090666838E-003   0.0000000000000000     
  -12.276000000000000        0.0000000000000000        4.7594406929290407E-003   0.0000000000000000     
  -12.078000000000001        0.0000000000000000        4.8305569614921816E-003   0.0000000000000000     
  -11.880000000000001        0.0000000000000000        4.9032572146135165E-003   0.0000000000000000     
  -11.682000000000000        0.0000000000000000        4.9776298009570445E-003   0.0000000000000000     
  -11.484000000000000        0.0000000000000000        5.0537653111093562E-003   0.0000000000000000     
  -11.286000000000001        0.0000000000000000        5.1317567317420466E-003   0.0000000000000000     
  -11.088000000000001        0.0000000000000000        5.2117004132171242E-003   0.0000000000000000     
  -10.890000000000001        0.0000000000000000        5.2936955043247861E-003   0.0000000000000000     
  -10.692000000000000        0.0000000000000000        5.3778451457171909E-003   0.0000000000000000     
  -10.494000000000000        0.0000000000000000        5.4642560164082296E-003   0.0000000000000000     
  -10.296000000000001        0.0000000000000000        5.5530392748786616E-003   0.0000000000000000     
  -10.098000000000001        0.0000000000000000        5.6443106030896013E-003   0.0000000000000000     
  -9.9000000000000004        0.0000000000000000        5.7381903675580558E-003   0.0000000000000000     
  -9.7020000000000000        0.0000000000000000        5.8348043620557091E-003   0.0000000000000000     
  -9.5040000000000013        0.0000000000000000        5.9342836504508185E-003   0.0000000000000000     
  -9.3060000000000009        0.0000000000000000        6.0367651411879142E-003   0.0000000000000000     
  -9.1080000000000005        0.0000000000000000        6.1423917608069423E-003   0.0000000000000000     
  -8.9100000000000001        0.0000000000000000        6.2513126735498185E-003   0.0000000000000000     
  -8.7119999999999997        0.0000000000000000        6.3636838475444003E-003   0.0000000000000000     
  -8.5140000000000011        0.0000000000000000        6.4796673787020191E-003   0.0000000000000000     
  -8.3160000000000007        0.0000000000000000        6.5994325866763487E-003   0.0000000000000000     
  -8.1180000000000003        0.0000000000000000        6.7231554302444691E-003   0.0000000000000000     
  -7.9199999999999999        0.0000000000000000        6.8510185082286228E-003   0.0000000000000000     
  -7.7220000000000004        0.0000000000000000        6.9832109885215763E-003   0.0000000000000000     
  -7.5240000000000000        0.0000000000000000        7.1199278116959993E-003   0.0000000000000000     
  -7.3260000000000005        0.0000000000000000        7.2613696495257762E-003   0.0000000000000000     
  -7.1280000000000001        0.0000000000000000        7.4077410029581509E-003   0.0000000000000000     
  -6.9300000000000006        0.0000000000000000        7.5592496073555631E-003   0.0000000000000000     
  -6.7320000000000002        0.0000000000000000        7.7161037414511463E-003   0.0000000000000000     
  -6.5340000000000007        0.0000000000000000        7.8785098664053699E-003   0.0000000000000000     
  -6.3360000000000003        0.0000000000000000        8.0466689656583067E-003   0.0000000000000000     
  -6.1379999999999999        0.0000000000000000        8.2207712190672626E-003   0.0000000000000000     
  -5.9400000000000004        0.0000000000000000        8.4009900450706908E-003   0.0000000000000000     
  -5.7420000000000000        0.0000000000000000        8.5874729508372896E-003   0.0000000000000000     
  -5.5440000000000005        0.0000000000000000        8.7803304752024428E-003   0.0000000000000000     
  -5.3460000000000001        0.0000000000000000        8.9796204791947401E-003   0.0000000000000000     
  -5.1480000000000006        0.0000000000000000        9.1853289874951199E-003   0.0000000000000000     
  -4.9500000000000002        0.0000000000000000        9.3973427934978433E-003   0.0000000000000000     
  -4.7520000000000007        0.0000000000000000        9.6154155799865505E-003   0.0000000000000000     
  -4.5540000000000003        0.0000000000000000        9.8391210853276470E-003   0.0000000000000000     
  -4.3559999999999999        0.0000000000000000        1.0067795692370159E-002   0.0000000000000000     
  -4.1580000000000004        0.0000000000000000        1.0300466422611607E-002   0.0000000000000000     
  -3.9600000000000000        0.0000000000000000        1.0535776297619948E-002   0.0000000000000000     
  -3.7620000000000000        0.0000000000000000        1.0771950353593365E-002   0.0000000000000000     
  -3.5640000000000001        0.0000000000000000        1.1006956218345409E-002   0.0000000000000000     
  -3.3660000000000001        0.0000000000000000        1.1239308679919523E-002   0.0000000000000000     
  -3.1680000000000001        0.0000000000000000        1.1470049345250899E-002   0.0000000000000000     
  -2.9700000000000002        0.0000000000000000        1.1701384163735588E-002   0.0000000000000000     
  -2.7720000000000002        0.0000000000000000        1.1921230117653671E-002   0.0000000000000000     
  -2.5740000000000003        0.0000000000000000        1.2109891672586932E-002   0.0000000000000000     
  -2.3760000000000003        0.0000000000000000        1.2254943029170712E-002   0.0000000000000000     
  -2.1779999999999999        0.0000000000000000        1.2342155716596347E-002   0.0000000000000000     
  -1.9800000000000000        0.0000000000000000        1.2349116984624795E-002   0.0000000000000000     
  -1.7820000000000000        0.0000000000000000        1.2242935399755954E-002   0.0000000000000000     
  -1.5840000000000001        0.0000000000000000        1.1988544653767613E-002   0.0000000000000000     
  -1.3860000000000001        0.0000000000000000        1.1551332254127003E-002   0.0000000000000000     
  -1.1880000000000002        0.0000000000000000        1.0892256650701621E-002   0.0000000000000000     
 -0.98999999999999999        0.0000000000000000        9.9581605989299410E-003   0.0000000000000000     
 -0.79200000000000004        0.0000000000000000        8.6849093649901520E-003   0.0000000000000000     
 -0.59400000000000008        0.0000000000000000        7.0225736867482649E-003   0.0000000000000000     
 -0.39600000000000002        0.0000000000000000        4.9649439477898122E-003   0.0000000000000000     
 -0.19800000000000001        0.0000000000000000        2.5769239396172556E-003   0.0000000000000000     
   0.0000000000000000        0.0000000000000000        0.0000000000000000        0.0000000000000000     
  0.19800000000000001        0.0000000000000000       -2.5769239396172556E-003   0.0000000000000000     
  0.39600000000000002        0.0000000000000000       -4.9649439477898122E-003   0.0000000000000000     
  0.59400000000000008        0.0000000000000000       -7.0225736867482649E-003   0.0000000000000000     
  0.79200000000000004        0.0000000000000000       -8.6849093649901520E-003   0.0000000000000000     
  0.98999999999999999        0.0000000000000000       -9.9581605989299410E-003   0.0000000000000000     
   1.1880000000000002        0.0000000000000000       -1.0892256650701621E-002   0.0000000000000000     
   1.3860000000000001        0.0000000000000000       -1.1551332254127003E-002   0.0000000000000000     
   1.5840000000000001        0.0000000000000000       -1.1988544653767613E-002   0.0000000000000000     
   1.7820000000000000        0.0000000000000000       -1.2242935399755954E-002   0.0000000000000000     
   1.9800000000000000        0.0000000000000000       -1.2349116984624795E-002   0.0000000000000000     
   2.1779999999999999        0.0000000000000000       -1.2342155716596347E-002   0.0000000000000000     
   2.3760000000000003        0.0000000000000000       -1.2254943029170712E-002   0.0000000000000000     
   2.5740000000000003        0.0000000000000000       -1.2109891672586932E-002   0.0000000000000000     
   2.7720000000000002        0.0000000000000000       -1.1921230117653671E-002   0.0000000000000000     
   2.9700000000000002        0.0000000000000000       -1.1701384163735588E-002   0.0000000000000000     
   3.1680000000000001        0.0000000000000000       -1.1470049345250899E-002   0.0000000000000000     
   3.3660000000000001        0.0000000000000000       -1.1239308679919523E-002   0.0000000000000000     
   3.5640000000000001        0.0000000000000000       -1.1006956218345409E-002   0.0000000000000000     
   3.7620000000000000        0.0000000000000000       -1.0771950353593365E-002   0.0000000000000000     
   3.9600000000000000        0.0000000000000000       -1.0535776297619948E-002   0.0000000000000000     
   4.1580000000000004        0.0000000000000000       -1.0300466422611607E-002   0.0000000000000000     
   4.3559999999999999        0.0000000000000000       -1.0067795692370159E-002   0.0000000000000000     
   4.5540000000000003        0.0000000000000000       -9.8391210853276470E-003   0.0000000000000000     
   4.7520000000000007        0.0000000000000000       -9.6154155799865505E-003   0.0000000000000000     
   4.9500000000000002        0.0000000000000000       -9.3973427934978433E-003   0.0000000000000000     
   5.1480000000000006        0.0000000000000000       -9.1853289874951199E-003   0.0000000000000000     
   5.3460000000000001        0.0000000000000000       -8.9796204791947401E-003   0.0000000000000000     
   5.5440000000000005        0.0000000000000000       -8.7803304752024428E-003   0.0000000000000000     
   5.7420000000000000        0.0000000000000000       -8.5874729508372896E-003   0.0000000000000000     
   5.9400000000000004        0.0000000000000000       -8.4009900450706908E-003   0.0000000000000000     
   6.1379999999999999        0.0000000000000000       -8.2207712190672626E-003   0.0000000000000000     
   6.3360000000000003        0.0000000000000000       -8.0466689656583067E-003   0.0000000000000000     
   6.5340000000000007        0.0000000000000000       -7.8785098664053699E-003   0.0000000000000000     
   6.7320000000000002        0.0000000000000000       -7.7161037414511463E-003   0.0000000000000000     
   6.9300000000000006        0.0000000000000000       -7.5592496073555631E-003   0.0000000000000000     
   7.1280000000000001        0.0000000000000000       -7.4077410029581509E-003   0.0000000000000000     
   7.3260000000000005        0.0000000000000000       -7.2613696495257762E-003   0.0000000000000000     
   7.5240000000000000        0.0000000000000000       -7.1199278116959993E-003   0.0000000000000000     
   7.7220000000000004        0.0000000000000000       -6.9832109885215763E-003   0.0000000000000000     
   7.9199999999999999        0.0000000000000000       -6.8510185082286228E-003   0.0000000000000000     
   8.1180000000000003        0.0000000000000000       -6.7231554302444691E-003   0.0000000000000000     
   8.3160000000000007        0.0000000000000000       -6.5994325866763487E-003   0.0000000000000000     
   8.5140000000000011        0.0000000000000000       -6.4796673787020191E-003   0.0000000000000000     
   8.7119999999999997        0.0000000000000000       -6.3636838475444003E-003   0.0000000000000000     
   8.9100000000000001        0.0000000000000000       -6.2513126735498185E-003   0.0000000000000000     
   9.1080000000000005        0.0000000000000000       -6.1423917608069423E-003   0.0000000000000000     
   9.3060000000000009        0.0000000000000000       -6.0367651411879142E-003   0.0000000000000000     
   9.5040000000000013        0.0000000000000000       -5.9342836504508185E-003   0.0000000000000000     
   9.7020000000000000        0.0000000000000000       -5.8348043620557091E-003   0.0000000000000000     
   9.9000000000000004        0.0000000000000000       -5.7381903675580558E-003   0.0000000000000000     
   10.098000000000001        0.0000000000000000       -5.6443106030896013E-003   0.0000000000000000     
   10.296000000000001        0.0000000000000000       -5.5530392748786616E-003   0.0000000000000000     
   10.494000000000000        0.0000000000000000       -5.4642560164082296E-003   0.0000000000000000     
   10.692000000000000        0.0000000000000000       -5.3778451457171909E-003   0.0000000000000000     
   10.890000000000001        0.0000000000000000       -5.2936955043247861E-003   0.0000000000000000     
   11.088000000000001        0.0000000000000000       -5.2117004132171242E-003   0.0000000000000000     
   11.286000000000001        0.0000000000000000       -5.1317567317420466E-003   0.0000000000000000     
   11.484000000000000        0.0000000000000000       -5.0537653111093562E-003   0.0000000000000000     
   11.682000000000000        0.0000000000000000       -4.9776298009570445E-003   0.0000000000000000     
   11.880000000000001        0.0000000000000000       -4.9032572146135165E-003   0.0000000000000000     
   12.078000000000001        0.0000000000000000       -4.8305569614921816E-003   0.0000000000000000     
   12.276000000000000        0.0000000000000000       -4.7594406929290407E-003   0.0000000000000000     
   12.474000000000000        0.0000000000000000       -4.6898220090666838E-003   0.0000000000000000     
   12.672000000000001        0.0000000000000000       -4.6216161650469816E-003   0.0000000000000000     
   12.870000000000001        0.0000000000000000       -4.5547393110295202E-003   0.0000000000000000     
   13.068000000000001        0.0000000000000000       -4.4891087553507684E-003   0.0000000000000000     
   13.266000000000000        0.0000000000000000       -4.4246418247821644E-003   0.0000000000000000     
   13.464000000000000        0.0000000000000000       -4.3612559410352355E-003   0.0000000000000000     
   13.662000000000001        0.0000000000000000       -4.2988678047838069E-003   0.0000000000000000     
   13.860000000000001        0.0000000000000000       -4.2373930626823913E-003   0.0000000000000000     
   14.058000000000000        0.0000000000000000       -4.1767455729631343E-003   0.0000000000000000     
   14.256000000000000        0.0000000000000000       -4.1168368141342058E-003   0.0000000000000000     
   14.454000000000001        0.0000000000000000       -4.0575750952718476E-003   0.0000000000000000     
   14.652000000000001        0.0000000000000000       -3.9988647423469534E-003   0.0000000000000000     
   14.850000000000001        0.0000000000000000       -3.9406050958236674E-003   0.0000000000000000     
   15.048000000000000        0.0000000000000000       -3.8826893204517432E-003   0.0000000000000000     
   15.246000000000000        0.0000000000000000       -3.8250033466384809E-003   0.0000000000000000     
   15.444000000000001        0.0000000000000000       -3.7674241702837816E-003   0.0000000000000000     
   15.642000000000001        0.0000000000000000       -3.7098181793458907E-003   0.0000000000000000     
   15.840000000000000        0.0000000000000000       -3.6520392186305951E-003   0.0000000000000000     
   16.038000000000000        0.0000000000000000       -3.5939261600624020E-003   0.0000000000000000     
   16.236000000000001        0.0000000000000000       -3.5353002273097560E-003   0.0000000000000000     
   16.434000000000001        0.0000000000000000       -3.4759618300401023E-003   0.0000000000000000     
   16.632000000000001        0.0000000000000000       -3.4156869354572432E-003   0.0000000000000000     
   16.830000000000002        0.0000000000000000       -3.3555549929928478E-003   0.0000000000000000     
   17.028000000000002        0.0000000000000000       -3.2930985245356007E-003   0.0000000000000000     
   17.225999999999999        0.0000000000000000       -3.2288911087771871E-003   0.0000000000000000     
   17.423999999999999        0.0000000000000000       -3.1625721992156394E-003   0.0000000000000000     
   17.622000000000000        0.0000000000000000       -3.0937344116249380E-003   0.0000000000000000     
   17.820000000000000        0.0000000000000000       -3.0219256334762645E-003   0.0000000000000000     
   18.018000000000001        0.0000000000000000       -2.9458819421403059E-003   0.0000000000000000     
   18.216000000000001        0.0000000000000000       -2.8655691656380060E-003   0.0000000000000000     
   18.414000000000001        0.0000000000000000       -2.7801898579353241E-003   0.0000000000000000     
   18.612000000000002        0.0000000000000000       -2.6901266165216021E-003   0.0000000000000000     
   18.810000000000002        0.0000000000000000       -2.5937547916028690E-003   0.0000000000000000     
   19.008000000000003        0.0000000000000000       -2.4905237177704578E-003   0.0000000000000000     
   19.206000000000000        0.0000000000000000       -2.3794008727263481E-003   0.0000000000000000     
   19.404000000000000        0.0000000000000000       -2.2600446362288124E-003   0.0000000000000000     
   19.602000000000000        0.0000000000000000       -2.1309963497040201E-003   0.0000000000000000     
