  -19.602000000000000        0.0000000000000000        9.7415497201782351E-003   0.0000000000000000     
  -19.404000000000000        0.0000000000000000        1.0215824946979330E-002   0.0000000000000000     
  -19.206000000000000        0.0000000000000000        1.0669731395701211E-002   0.0000000000000000     
  -19.008000000000003        0.0000000000000000        1.1099895669462213E-002   0.0000000000000000     
  -18.810000000000002        0.0000000000000000        1.1505534941849499E-002   0.0000000000000000     
  -18.612000000000002        0.0000000000000000        1.1886620154283349E-002   0.0000000000000000     
  -18.414000000000001        0.0000000000000000        1.2244954761924368E-002   0.0000000000000000     
  -18.216000000000001        0.0000000000000000        1.2584043002920240E-002   0.0000000000000000     
  -18.018000000000001        0.0000000000000000        1.2904474422719157E-002   0.0000000000000000     
  -17.820000000000000        0.0000000000000000        1.3209102169339694E-002   0.0000000000000000     
  -17.622000000000000        0.0000000000000000        1.3500056937065377E-002   0.0000000000000000     
  -17.423999999999999        0.0000000000000000        1.3778217660136000E-002   0.0000000000000000     
  -17.225999999999999        0.0000000000000000        1.4044989160911278E-002   0.0000000000000000     
  -17.028000000000002        0.0000000000000000        1.4301674989425188E-002   0.0000000000000000     
  -16.830000000000002        0.0000000000000000        1.4548822751803400E-002   0.0000000000000000     
  -16.632000000000001        0.0000000000000000        1.4788368378674867E-002   0.0000000000000000     
  -16.434000000000001        0.0000000000000000        1.5020437825750950E-002   0.0000000000000000     
  -16.236000000000001        0.0000000000000000        1.5246146635884554E-002   0.0000000000000000     
  -16.038000000000000        0.0000000000000000        1.5466164249998776E-002   0.0000000000000000     
  -15.840000000000000        0.0000000000000000        1.5681093508444915E-002   0.0000000000000000     
  -15.642000000000001        0.0000000000000000        1.5891479256942568E-002   0.0000000000000000     
  -15.444000000000001        0.0000000000000000        1.6097814692234196E-002   0.0000000000000000     
  -15.246000000000000        0.0000000000000000        1.6300547132367022E-002   0.0000000000000000     
  -15.048000000000000        0.0000000000000000        1.6500083737733432E-002   0.0000000000000000     
  -14.850000000000001        0.0000000000000000        1.6696795556559941E-002   0.0000000000000000     
  -14.652000000000001        0.0000000000000000        1.6891021783478514E-002   0.0000000000000000     
  -14.454000000000001        0.0000000000000000        1.7083073685440296E-002   0.0000000000000000     
  -14.256000000000000        0.0000000000000000        1.7273236804953566E-002   0.0000000000000000     
  -14.058000000000000        0.0000000000000000        1.7461775166136988E-002   0.0000000000000000     
  -13.860000000000001        0.0000000000000000        1.7648932927702567E-002   0.0000000000000000     
  -13.662000000000001        0.0000000000000000        1.7835099454846955E-002   0.0000000000000000     
  -13.464000000000000        0.0000000000000000        1.8020303104929764E-002   0.0000000000000000     
  -13.266000000000000        0.0000000000000000        1.8204742539622020E-002   0.0000000000000000     
  -13.068000000000001        0.0000000000000000        1.8388603033812043E-002   0.0000000000000000     
  -12.870000000000001        0.0000000000000000        1.8572058617748799E-002   0.0000000000000000     
  -12.672000000000001        0.0000000000000000        1.8755273173000738E-002   0.0000000000000000     
  -12.474000000000000        0.0000000000000000        1.8938401452139989E-002   0.0000000000000000     
  -12.276000000000000        0.0000000000000000        1.9121590059252250E-002   0.0000000000000000     
  -12.078000000000001        0.0000000000000000        1.9304978846155174E-002   0.0000000000000000     
  -11.880000000000001        0.0000000000000000        1.9488701302297982E-002   0.0000000000000000     
  -11.682000000000000        0.0000000000000000        1.9672885218881178E-002   0.0000000000000000     
  -11.484000000000000        0.0000000000000000        1.9857653870077149E-002   0.0000000000000000     
  -11.286000000000001        0.0000000000000000        2.0043126499252457E-002   0.0000000000000000     
  -11.088000000000001        0.0000000000000000        2.0229418200523156E-002   0.0000000000000000     
  -10.890000000000001        0.0000000000000000        2.0416641363595459E-002   0.0000000000000000     
  -10.692000000000000        0.0000000000000000        2.0604905621226060E-002   0.0000000000000000     
  -10.494000000000000        0.0000000000000000        2.0794318782953285E-002   0.0000000000000000     
  -10.296000000000001        0.0000000000000000        2.0984986454414992E-002   0.0000000000000000     
  -10.098000000000001        0.0000000000000000        2.1177012369178006E-002   0.0000000000000000     
  -9.9000000000000004        0.0000000000000000        2.1370500128999124E-002   0.0000000000000000     
  -9.7020000000000000        0.0000000000000000        2.1565550943698008E-002   0.0000000000000000     
  -9.5040000000000013        0.0000000000000000        2.1762266007424601E-002   0.0000000000000000     
  -9.3060000000000009        0.0000000000000000        2.1960745550179992E-002   0.0000000000000000     
  -9.1080000000000005        0.0000000000000000        2.2161088717067387E-002   0.0000000000000000     
  -8.9100000000000001        0.0000000000000000        2.2363394015340089E-002   0.0000000000000000     
  -8.7119999999999997        0.0000000000000000        2.2567758530915343E-002   0.0000000000000000     
  -8.5140000000000011        0.0000000000000000        2.2774278968106545E-002   0.0000000000000000     
  -8.3160000000000007        0.0000000000000000        2.2983049210676943E-002   0.0000000000000000     
  -8.1180000000000003        0.0000000000000000        2.3194161689714270E-002   0.0000000000000000     
  -7.9199999999999999        0.0000000000000000        2.3407705105068677E-002   0.0000000000000000     
  -7.7220000000000004        0.0000000000000000        2.3623765066889620E-002   0.0000000000000000     
  -7.5240000000000000        0.0000000000000000        2.3842420814201491E-002   0.0000000000000000     
  -7.3260000000000005        0.0000000000000000        2.4063745338417920E-002   0.0000000000000000     
  -7.1280000000000001        0.0000000000000000        2.4287801317509503E-002   0.0000000000000000     
  -6.9300000000000006        0.0000000000000000        2.4514637854857899E-002   0.0000000000000000     
  -6.7320000000000002        0.0000000000000000        2.4744283600247399E-002   0.0000000000000000     
  -6.5340000000000007        0.0000000000000000        2.4976738409885246E-002   0.0000000000000000     
  -6.3360000000000003        0.0000000000000000        2.5211959880579032E-002   0.0000000000000000     
  -6.1379999999999999        0.0000000000000000        2.5449840363174641E-002   0.0000000000000000     
  -5.9400000000000004        0.0000000000000000        2.5690091728334485E-002   0.0000000000000000     
  -5.7420000000000000        0.0000000000000000        2.5931953464483577E-002   0.0000000000000000     
  -5.5440000000000005        0.0000000000000000        2.6175023869053127E-002   0.0000000000000000     
  -5.3460000000000001        0.0000000000000000        2.6419291433092424E-002   0.0000000000000000     
  -5.1480000000000006        0.0000000000000000        2.6664271481005444E-002   0.0000000000000000     
  -4.9500000000000002        0.0000000000000000        2.6909186371444627E-002   0.0000000000000000     
  -4.7520000000000007        0.0000000000000000        2.7153009032410344E-002   0.0000000000000000     
  -4.5540000000000003        0.0000000000000000        2.7394418096068456E-002   0.0000000000000000     
  -4.3559999999999999        0.0000000000000000        2.7631724460288682E-002   0.0000000000000000     
  -4.1580000000000004        0.0000000000000000        2.7862778985679935E-002   0.0000000000000000     
  -3.9600000000000000        0.0000000000000000        2.8084848054023528E-002   0.0000000000000000     
  -3.7620000000000000        0.0000000000000000        2.8294444079017787E-002   0.0000000000000000     
  -3.5640000000000001        0.0000000000000000        2.8487110949055636E-002   0.0000000000000000     
  -3.3660000000000001        0.0000000000000000        2.8657179126044163E-002   0.0000000000000000     
  -3.1680000000000001        0.0000000000000000        2.8797639679266032E-002   0.0000000000000000     
  -2.9700000000000002        0.0000000000000000        2.8899605749258241E-002   0.0000000000000000     
  -2.7720000000000002        0.0000000000000000        2.8946952955920056E-002   0.0000000000000000     
  -2.5740000000000003        0.0000000000000000        2.8912291303548544E-002   0.0000000000000000     
  -2.3760000000000003        0.0000000000000000        2.8775922167563930E-002   0.0000000000000000     
  -2.1779999999999999        0.0000000000000000        2.8523697835223329E-002   0.0000000000000000     
  -1.9800000000000000        0.0000000000000000        2.8120253744482310E-002   0.0000000000000000     
  -1.7820000000000000        0.0000000000000000        2.7494507454944635E-002   0.0000000000000000     
  -1.5840000000000001        0.0000000000000000        2.6593170653571783E-002   0.0000000000000000     
  -1.3860000000000001        0.0000000000000000        2.5379343718784472E-002   0.0000000000000000     
  -1.1880000000000002        0.0000000000000000        2.3757062837600672E-002   0.0000000000000000     
 -0.98999999999999999        0.0000000000000000        2.1531800907884691E-002   0.0000000000000000     
 -0.79200000000000004        0.0000000000000000        1.8580481431727990E-002   0.0000000000000000     
 -0.59400000000000008        0.0000000000000000        1.4892698912002499E-002   0.0000000000000000     
 -0.39600000000000002        0.0000000000000000        1.0466174299938744E-002   0.0000000000000000     
 -0.19800000000000001        0.0000000000000000        5.4169881022322177E-003   0.0000000000000000     
   0.0000000000000000        0.0000000000000000        0.0000000000000000        0.0000000000000000     
  0.19800000000000001        0.0000000000000000       -5.4169881022322177E-003   0.0000000000000000     
  0.39600000000000002        0.0000000000000000       -1.0466174299938744E-002   0.0000000000000000     
  0.59400000000000008        0.0000000000000000       -1.4892698912002499E-002   0.0000000000000000     
  0.79200000000000004        0.0000000000000000       -1.8580481431727990E-002   0.0000000000000000     
  0.98999999999999999        0.0000000000000000       -2.1531800907884691E-002   0.0000000000000000     
   1.1880000000000002        0.0000000000000000       -2.3757062837600672E-002   0.0000000000000000     
   1.3860000000000001        0.0000000000000000       -2.5379343718784472E-002   0.0000000000000000     
   1.5840000000000001        0.0000000000000000       -2.6593170653571783E-002   0.0000000000000000     
   1.7820000000000000        0.0000000000000000       -2.7494507454944635E-002   0.0000000000000000     
   1.9800000000000000        0.0000000000000000       -2.8120253744482310E-002   0.0000000000000000     
   2.1779999999999999        0.0000000000000000       -2.8523697835223329E-002   0.0000000000000000     
   2.3760000000000003        0.0000000000000000       -2.8775922167563930E-002   0.0000000000000000     
   2.5740000000000003        0.0000000000000000       -2.8912291303548544E-002   0.0000000000000000     
   2.7720000000000002        0.0000000000000000       -2.8946952955920056E-002   0.0000000000000000     
   2.9700000000000002        0.0000000000000000       -2.8899605749258241E-002   0.0000000000000000     
   3.1680000000000001        0.0000000000000000       -2.8797639679266032E-002   0.0000000000000000     
   3.3660000000000001        0.0000000000000000       -2.8657179126044163E-002   0.0000000000000000     
   3.5640000000000001        0.0000000000000000       -2.8487110949055636E-002   0.0000000000000000     
   3.7620000000000000        0.0000000000000000       -2.8294444079017787E-002   0.0000000000000000     
   3.9600000000000000        0.0000000000000000       -2.8084848054023528E-002   0.0000000000000000     
   4.1580000000000004        0.0000000000000000       -2.7862778985679935E-002   0.0000000000000000     
   4.3559999999999999        0.0000000000000000       -2.7631724460288682E-002   0.0000000000000000     
   4.5540000000000003        0.0000000000000000       -2.7394418096068456E-002   0.0000000000000000     
   4.7520000000000007        0.0000000000000000       -2.7153009032410344E-002   0.0000000000000000     
   4.9500000000000002        0.0000000000000000       -2.6909186371444627E-002   0.0000000000000000     
   5.1480000000000006        0.0000000000000000       -2.6664271481005444E-002   0.0000000000000000     
   5.3460000000000001        0.0000000000000000       -2.6419291433092424E-002   0.0000000000000000     
   5.5440000000000005        0.0000000000000000       -2.6175023869053127E-002   0.0000000000000000     
   5.7420000000000000        0.0000000000000000       -2.5931953464483577E-002   0.0000000000000000     
   5.9400000000000004        0.0000000000000000       -2.5690091728334485E-002   0.0000000000000000     
   6.1379999999999999        0.0000000000000000       -2.5449840363174641E-002   0.0000000000000000     
   6.3360000000000003        0.0000000000000000       -2.5211959880579032E-002   0.0000000000000000     
   6.5340000000000007        0.0000000000000000       -2.4976738409885246E-002   0.0000000000000000     
   6.7320000000000002        0.0000000000000000       -2.4744283600247399E-002   0.0000000000000000     
   6.9300000000000006        0.0000000000000000       -2.4514637854857899E-002   0.0000000000000000     
   7.1280000000000001        0.0000000000000000       -2.4287801317509503E-002   0.0000000000000000     
   7.3260000000000005        0.0000000000000000       -2.4063745338417920E-002   0.0000000000000000     
   7.5240000000000000        0.0000000000000000       -2.3842420814201491E-002   0.0000000000000000     
   7.7220000000000004        0.0000000000000000       -2.3623765066889620E-002   0.0000000000000000     
   7.9199999999999999        0.0000000000000000       -2.3407705105068677E-002   0.0000000000000000     
   8.1180000000000003        0.0000000000000000       -2.3194161689714270E-002   0.0000000000000000     
   8.3160000000000007        0.0000000000000000       -2.2983049210676943E-002   0.0000000000000000     
   8.5140000000000011        0.0000000000000000       -2.2774278968106545E-002   0.0000000000000000     
   8.7119999999999997        0.0000000000000000       -2.2567758530915343E-002   0.0000000000000000     
   8.9100000000000001        0.0000000000000000       -2.2363394015340089E-002   0.0000000000000000     
   9.1080000000000005        0.0000000000000000       -2.2161088717067387E-002   0.0000000000000000     
   9.3060000000000009        0.0000000000000000       -2.1960745550179992E-002   0.0000000000000000     
   9.5040000000000013        0.0000000000000000       -2.1762266007424601E-002   0.0000000000000000     
   9.7020000000000000        0.0000000000000000       -2.1565550943698008E-002   0.0000000000000000     
   9.9000000000000004        0.0000000000000000       -2.1370500128999124E-002   0.0000000000000000     
   10.098000000000001        0.0000000000000000       -2.1177012369178006E-002   0.0000000000000000     
   10.296000000000001        0.0000000000000000       -2.0984986454414992E-002   0.0000000000000000     
   10.494000000000000        0.0000000000000000       -2.0794318782953285E-002   0.0000000000000000     
   10.692000000000000        0.0000000000000000       -2.0604905621226060E-002   0.0000000000000000     
   10.890000000000001        0.0000000000000000       -2.0416641363595459E-002   0.0000000000000000     
   11.088000000000001        0.0000000000000000       -2.0229418200523156E-002   0.0000000000000000     
   11.286000000000001        0.0000000000000000       -2.0043126499252457E-002   0.0000000000000000     
   11.484000000000000        0.0000000000000000       -1.9857653870077149E-002   0.0000000000000000     
   11.682000000000000        0.0000000000000000       -1.9672885218881178E-002   0.0000000000000000     
   11.880000000000001        0.0000000000000000       -1.9488701302297982E-002   0.0000000000000000     
   12.078000000000001        0.0000000000000000       -1.9304978846155174E-002   0.0000000000000000     
   12.276000000000000        0.0000000000000000       -1.9121590059252250E-002   0.0000000000000000     
   12.474000000000000        0.0000000000000000       -1.8938401452139989E-002   0.0000000000000000     
   12.672000000000001        0.0000000000000000       -1.8755273173000738E-002   0.0000000000000000     
   12.870000000000001        0.0000000000000000       -1.8572058617748799E-002   0.0000000000000000     
   13.068000000000001        0.0000000000000000       -1.8388603033812043E-002   0.0000000000000000     
   13.266000000000000        0.0000000000000000       -1.8204742539622020E-002   0.0000000000000000     
   13.464000000000000        0.0000000000000000       -1.8020303104929764E-002   0.0000000000000000     
   13.662000000000001        0.0000000000000000       -1.7835099454846955E-002   0.0000000000000000     
   13.860000000000001        0.0000000000000000       -1.7648932927702567E-002   0.0000000000000000     
   14.058000000000000        0.0000000000000000       -1.7461775166136988E-002   0.0000000000000000     
   14.256000000000000        0.0000000000000000       -1.7273236804953566E-002   0.0000000000000000     
   14.454000000000001        0.0000000000000000       -1.7083073685440296E-002   0.0000000000000000     
   14.652000000000001        0.0000000000000000       -1.6891021783478514E-002   0.0000000000000000     
   14.850000000000001        0.0000000000000000       -1.6696795556559941E-002   0.0000000000000000     
   15.048000000000000        0.0000000000000000       -1.6500083737733432E-002   0.0000000000000000     
   15.246000000000000        0.0000000000000000       -1.6300547132367022E-002   0.0000000000000000     
   15.444000000000001        0.0000000000000000       -1.6097814692234196E-002   0.0000000000000000     
   15.642000000000001        0.0000000000000000       -1.5891479256942568E-002   0.0000000000000000     
   15.840000000000000        0.0000000000000000       -1.5681093508444915E-002   0.0000000000000000     
   16.038000000000000        0.0000000000000000       -1.5466164249998776E-002   0.0000000000000000     
   16.236000000000001        0.0000000000000000       -1.5246146635884554E-002   0.0000000000000000     
   16.434000000000001        0.0000000000000000       -1.5020437825750950E-002   0.0000000000000000     
   16.632000000000001        0.0000000000000000       -1.4788368378674867E-002   0.0000000000000000     
   16.830000000000002        0.0000000000000000       -1.4548822751803400E-002   0.0000000000000000     
   17.028000000000002        0.0000000000000000       -1.4301674989425188E-002   0.0000000000000000     
   17.225999999999999        0.0000000000000000       -1.4044989160911278E-002   0.0000000000000000     
   17.423999999999999        0.0000000000000000       -1.3778217660136000E-002   0.0000000000000000     
   17.622000000000000        0.0000000000000000       -1.3500056937065377E-002   0.0000000000000000     
   17.820000000000000        0.0000000000000000       -1.3209102169339694E-002   0.0000000000000000     
   18.018000000000001        0.0000000000000000       -1.2904474422719157E-002   0.0000000000000000     
   18.216000000000001        0.0000000000000000       -1.2584043002920240E-002   0.0000000000000000     
   18.414000000000001        0.0000000000000000       -1.2244954761924368E-002   0.0000000000000000     
   18.612000000000002        0.0000000000000000       -1.1886620154283349E-002   0.0000000000000000     
   18.810000000000002        0.0000000000000000       -1.1505534941849499E-002   0.0000000000000000     
   19.008000000000003        0.0000000000000000       -1.1099895669462213E-002   0.0000000000000000     
   19.206000000000000        0.0000000000000000       -1.0669731395701211E-002   0.0000000000000000     
   19.404000000000000        0.0000000000000000       -1.0215824946979330E-002   0.0000000000000000     
   19.602000000000000        0.0000000000000000       -9.7415497201782351E-003   0.0000000000000000     
