  -19.602000000000000        0.0000000000000000        2.9595086753040289E-003   0.0000000000000000     
  -19.404000000000000        0.0000000000000000        3.1218262007634652E-003   0.0000000000000000     
  -19.206000000000000        0.0000000000000000        3.2722751111021521E-003   0.0000000000000000     
  -19.008000000000003        0.0000000000000000        3.4123351978198745E-003   0.0000000000000000     
  -18.810000000000002        0.0000000000000000        3.5450113736598377E-003   0.0000000000000000     
  -18.612000000000002        0.0000000000000000        3.6681724069591842E-003   0.0000000000000000     
  -18.414000000000001        0.0000000000000000        3.7834958918191979E-003   0.0000000000000000     
  -18.216000000000001        0.0000000000000000        3.8930724504327380E-003   0.0000000000000000     
  -18.018000000000001        0.0000000000000000        3.9963390604318616E-003   0.0000000000000000     
  -17.820000000000000        0.0000000000000000        4.0941815838022450E-003   0.0000000000000000     
  -17.622000000000000        0.0000000000000000        4.1875132096048798E-003   0.0000000000000000     
  -17.423999999999999        0.0000000000000000        4.2763432705424861E-003   0.0000000000000000     
  -17.225999999999999        0.0000000000000000        4.3619878214913319E-003   0.0000000000000000     
  -17.028000000000002        0.0000000000000000        4.4450726254688464E-003   0.0000000000000000     
  -16.830000000000002        0.0000000000000000        4.5259474952166843E-003   0.0000000000000000     
  -16.632000000000001        0.0000000000000000        4.6050265934987214E-003   0.0000000000000000     
  -16.434000000000001        0.0000000000000000        4.6826392361370714E-003   0.0000000000000000     
  -16.236000000000001        0.0000000000000000        4.7594181259929891E-003   0.0000000000000000     
  -16.038000000000000        0.0000000000000000        4.8352320955015226E-003   0.0000000000000000     
  -15.840000000000000        0.0000000000000000        4.9103245908631481E-003   0.0000000000000000     
  -15.642000000000001        0.0000000000000000        4.9849125805941970E-003   0.0000000000000000     
  -15.444000000000001        0.0000000000000000        5.0591908246046457E-003   0.0000000000000000     
  -15.246000000000000        0.0000000000000000        5.1333354644081996E-003   0.0000000000000000     
  -15.048000000000000        0.0000000000000000        5.2075068270809799E-003   0.0000000000000000     
  -14.850000000000001        0.0000000000000000        5.2818522656292626E-003   0.0000000000000000     
  -14.652000000000001        0.0000000000000000        5.3565079771382418E-003   0.0000000000000000     
  -14.454000000000001        0.0000000000000000        5.4316010651840989E-003   0.0000000000000000     
  -14.256000000000000        0.0000000000000000        5.5072509026390486E-003   0.0000000000000000     
  -14.058000000000000        0.0000000000000000        5.5835707433484387E-003   0.0000000000000000     
  -13.860000000000001        0.0000000000000000        5.6606685871916397E-003   0.0000000000000000     
  -13.662000000000001        0.0000000000000000        5.7386482059880390E-003   0.0000000000000000     
  -13.464000000000000        0.0000000000000000        5.8176104357883125E-003   0.0000000000000000     
  -13.266000000000000        0.0000000000000000        5.8976533501631330E-003   0.0000000000000000     
  -13.068000000000001        0.0000000000000000        5.9788732598393228E-003   0.0000000000000000     
  -12.870000000000001        0.0000000000000000        6.0613655814477458E-003   0.0000000000000000     
  -12.672000000000001        0.0000000000000000        6.1452247997316129E-003   0.0000000000000000     
  -12.474000000000000        0.0000000000000000        6.2305456501497020E-003   0.0000000000000000     
  -12.276000000000000        0.0000000000000000        6.3174230105709269E-003   0.0000000000000000     
  -12.078000000000001        0.0000000000000000        6.4059526253077087E-003   0.0000000000000000     
  -11.880000000000001        0.0000000000000000        6.4962316623129015E-003   0.0000000000000000     
  -11.682000000000000        0.0000000000000000        6.5883588095024962E-003   0.0000000000000000     
  -11.484000000000000        0.0000000000000000        6.6824347655866558E-003   0.0000000000000000     
  -11.286000000000001        0.0000000000000000        6.7785627507183366E-003   0.0000000000000000     
  -11.088000000000001        0.0000000000000000        6.8768485756244228E-003   0.0000000000000000     
  -10.890000000000001        0.0000000000000000        6.9774013384475255E-003   0.0000000000000000     
  -10.692000000000000        0.0000000000000000        7.0803333643714621E-003   0.0000000000000000     
  -10.494000000000000        0.0000000000000000        7.1857609305763888E-003   0.0000000000000000     
  -10.296000000000001        0.0000000000000000        7.2938043759268566E-003   0.0000000000000000     
  -10.098000000000001        0.0000000000000000        7.4045884106792876E-003   0.0000000000000000     
  -9.9000000000000004        0.0000000000000000        7.5182426017825115E-003   0.0000000000000000     
  -9.7020000000000000        0.0000000000000000        7.6349016305064452E-003   0.0000000000000000     
  -9.5040000000000013        0.0000000000000000        7.7547054638873042E-003   0.0000000000000000     
  -9.3060000000000009        0.0000000000000000        7.8777999271333679E-003   0.0000000000000000     
  -9.1080000000000005        0.0000000000000000        8.0043366471678860E-003   0.0000000000000000     
  -8.9100000000000001        0.0000000000000000        8.1344735612037689E-003   0.0000000000000000     
  -8.7119999999999997        0.0000000000000000        8.2683750559276025E-003   0.0000000000000000     
  -8.5140000000000011        0.0000000000000000        8.4062123491034854E-003   0.0000000000000000     
  -8.3160000000000007        0.0000000000000000        8.5481631268650351E-003   0.0000000000000000     
  -8.1180000000000003        0.0000000000000000        8.6944121476910281E-003   0.0000000000000000     
  -7.9199999999999999        0.0000000000000000        8.8451508587276371E-003   0.0000000000000000     
  -7.7220000000000004        0.0000000000000000        9.0005772379389958E-003   0.0000000000000000     
  -7.5240000000000000        0.0000000000000000        9.1608953830074162E-003   0.0000000000000000     
  -7.3260000000000005        0.0000000000000000        9.3263150205023584E-003   0.0000000000000000     
  -7.1280000000000001        0.0000000000000000        9.4970506373629748E-003   0.0000000000000000     
  -6.9300000000000006        0.0000000000000000        9.6733196837191487E-003   0.0000000000000000     
  -6.7320000000000002        0.0000000000000000        9.8553414700194974E-003   0.0000000000000000     
  -6.5340000000000007        0.0000000000000000        1.0043333946211977E-002   0.0000000000000000     
  -6.3360000000000003        0.0000000000000000        1.0237510385984394E-002   0.0000000000000000     
  -6.1379999999999999        0.0000000000000000        1.0438075027124821E-002   0.0000000000000000     
  -5.9400000000000004        0.0000000000000000        1.0645216541625376E-002   0.0000000000000000     
  -5.7420000000000000        0.0000000000000000        1.0859100228473136E-002   0.0000000000000000     
  -5.5440000000000005        0.0000000000000000        1.1079855956489542E-002   0.0000000000000000     
  -5.3460000000000001        0.0000000000000000        1.1307564574993476E-002   0.0000000000000000     
  -5.1480000000000006        0.0000000000000000        1.1542237173540132E-002   0.0000000000000000     
  -4.9500000000000002        0.0000000000000000        1.1783789125485626E-002   0.0000000000000000     
  -4.7520000000000007        0.0000000000000000        1.2032003894383190E-002   0.0000000000000000     
  -4.5540000000000003        0.0000000000000000        1.2286484699570161E-002   0.0000000000000000     
  -4.3559999999999999        0.0000000000000000        1.2546590876122450E-002   0.0000000000000000     
  -4.1580000000000004        0.0000000000000000        1.2811356379390045E-002   0.0000000000000000     
  -3.9600000000000000        0.0000000000000000        1.3079401537264444E-002   0.0000000000000000     
  -3.7620000000000000        0.0000000000000000        1.3348895282228599E-002   0.0000000000000000     
  -3.5640000000000001        0.0000000000000000        1.3617757946147837E-002   0.0000000000000000     
  -3.3660000000000001        0.0000000000000000        1.3884379371417666E-002   0.0000000000000000     
  -3.1680000000000001        0.0000000000000000        1.4147520191247473E-002   0.0000000000000000     
  -2.9700000000000002        0.0000000000000000        1.4402042713615599E-002   0.0000000000000000     
  -2.7720000000000002        0.0000000000000000        1.4638129601454298E-002   0.0000000000000000     
  -2.5740000000000003        0.0000000000000000        1.4844266606973841E-002   0.0000000000000000     
  -2.3760000000000003        0.0000000000000000        1.5007215508668126E-002   0.0000000000000000     
  -2.1779999999999999        0.0000000000000000        1.5105398884233368E-002   0.0000000000000000     
  -1.9800000000000000        0.0000000000000000        1.5106545195682131E-002   0.0000000000000000     
  -1.7820000000000000        0.0000000000000000        1.4975832593994183E-002   0.0000000000000000     
  -1.5840000000000001        0.0000000000000000        1.4673797766687877E-002   0.0000000000000000     
  -1.3860000000000001        0.0000000000000000        1.4152509650223547E-002   0.0000000000000000     
  -1.1880000000000002        0.0000000000000000        1.3358412174708584E-002   0.0000000000000000     
 -0.98999999999999999        0.0000000000000000        1.2219396859644465E-002   0.0000000000000000     
 -0.79200000000000004        0.0000000000000000        1.0651557438403760E-002   0.0000000000000000     
 -0.59400000000000008        0.0000000000000000        8.6058958247968529E-003   0.0000000000000000     
 -0.39600000000000002        0.0000000000000000        6.0827972080392031E-003   0.0000000000000000     
 -0.19800000000000001        0.0000000000000000        3.1575041402172560E-003   0.0000000000000000     
   0.0000000000000000        0.0000000000000000        0.0000000000000000        0.0000000000000000     
  0.19800000000000001        0.0000000000000000       -3.1575041402172560E-003   0.0000000000000000     
  0.39600000000000002        0.0000000000000000       -6.0827972080392031E-003   0.0000000000000000     
  0.59400000000000008        0.0000000000000000       -8.6058958247968529E-003   0.0000000000000000     
  0.79200000000000004        0.0000000000000000       -1.0651557438403760E-002   0.0000000000000000     
  0.98999999999999999        0.0000000000000000       -1.2219396859644465E-002   0.0000000000000000     
   1.1880000000000002        0.0000000000000000       -1.3358412174708584E-002   0.0000000000000000     
   1.3860000000000001        0.0000000000000000       -1.4152509650223547E-002   0.0000000000000000     
   1.5840000000000001        0.0000000000000000       -1.4673797766687877E-002   0.0000000000000000     
   1.7820000000000000        0.0000000000000000       -1.4975832593994183E-002   0.0000000000000000     
   1.9800000000000000        0.0000000000000000       -1.5106545195682131E-002   0.0000000000000000     
   2.1779999999999999        0.0000000000000000       -1.5105398884233368E-002   0.0000000000000000     
   2.3760000000000003        0.0000000000000000       -1.5007215508668126E-002   0.0000000000000000     
   2.5740000000000003        0.0000000000000000       -1.4844266606973841E-002   0.0000000000000000     
   2.7720000000000002        0.0000000000000000       -1.4638129601454298E-002   0.0000000000000000     
   2.9700000000000002        0.0000000000000000       -1.4402042713615599E-002   0.0000000000000000     
   3.1680000000000001        0.0000000000000000       -1.4147520191247473E-002   0.0000000000000000     
   3.3660000000000001        0.0000000000000000       -1.3884379371417666E-002   0.0000000000000000     
   3.5640000000000001        0.0000000000000000       -1.3617757946147837E-002   0.0000000000000000     
   3.7620000000000000        0.0000000000000000       -1.3348895282228599E-002   0.0000000000000000     
   3.9600000000000000        0.0000000000000000       -1.3079401537264444E-002   0.0000000000000000     
   4.1580000000000004        0.0000000000000000       -1.2811356379390045E-002   0.0000000000000000     
   4.3559999999999999        0.0000000000000000       -1.2546590876122450E-002   0.0000000000000000     
   4.5540000000000003        0.0000000000000000       -1.2286484699570161E-002   0.0000000000000000     
   4.7520000000000007        0.0000000000000000       -1.2032003894383190E-002   0.0000000000000000     
   4.9500000000000002        0.0000000000000000       -1.1783789125485626E-002   0.0000000000000000     
   5.1480000000000006        0.0000000000000000       -1.1542237173540132E-002   0.0000000000000000     
   5.3460000000000001        0.0000000000000000       -1.1307564574993476E-002   0.0000000000000000     
   5.5440000000000005        0.0000000000000000       -1.1079855956489542E-002   0.0000000000000000     
   5.7420000000000000        0.0000000000000000       -1.0859100228473136E-002   0.0000000000000000     
   5.9400000000000004        0.0000000000000000       -1.0645216541625376E-002   0.0000000000000000     
   6.1379999999999999        0.0000000000000000       -1.0438075027124821E-002   0.0000000000000000     
   6.3360000000000003        0.0000000000000000       -1.0237510385984394E-002   0.0000000000000000     
   6.5340000000000007        0.0000000000000000       -1.0043333946211977E-002   0.0000000000000000     
   6.7320000000000002        0.0000000000000000       -9.8553414700194974E-003   0.0000000000000000     
   6.9300000000000006        0.0000000000000000       -9.6733196837191487E-003   0.0000000000000000     
   7.1280000000000001        0.0000000000000000       -9.4970506373629748E-003   0.0000000000000000     
   7.3260000000000005        0.0000000000000000       -9.3263150205023584E-003   0.0000000000000000     
   7.5240000000000000        0.0000000000000000       -9.1608953830074162E-003   0.0000000000000000     
   7.7220000000000004        0.0000000000000000       -9.0005772379389958E-003   0.0000000000000000     
   7.9199999999999999        0.0000000000000000       -8.8451508587276371E-003   0.0000000000000000     
   8.1180000000000003        0.0000000000000000       -8.6944121476910281E-003   0.0000000000000000     
   8.3160000000000007        0.0000000000000000       -8.5481631268650351E-003   0.0000000000000000     
   8.5140000000000011        0.0000000000000000       -8.4062123491034854E-003   0.0000000000000000     
   8.7119999999999997        0.0000000000000000       -8.2683750559276025E-003   0.0000000000000000     
   8.9100000000000001        0.0000000000000000       -8.1344735612037689E-003   0.0000000000000000     
   9.1080000000000005        0.0000000000000000       -8.0043366471678860E-003   0.0000000000000000     
   9.3060000000000009        0.0000000000000000       -7.8777999271333679E-003   0.0000000000000000     
   9.5040000000000013        0.0000000000000000       -7.7547054638873042E-003   0.0000000000000000     
   9.7020000000000000        0.0000000000000000       -7.6349016305064452E-003   0.0000000000000000     
   9.9000000000000004        0.0000000000000000       -7.5182426017825115E-003   0.0000000000000000     
   10.098000000000001        0.0000000000000000       -7.4045884106792876E-003   0.0000000000000000     
   10.296000000000001        0.0000000000000000       -7.2938043759268566E-003   0.0000000000000000     
   10.494000000000000        0.0000000000000000       -7.1857609305763888E-003   0.0000000000000000     
   10.692000000000000        0.0000000000000000       -7.0803333643714621E-003   0.0000000000000000     
   10.890000000000001        0.0000000000000000       -6.9774013384475255E-003   0.0000000000000000     
   11.088000000000001        0.0000000000000000       -6.8768485756244228E-003   0.0000000000000000     
   11.286000000000001        0.0000000000000000       -6.7785627507183366E-003   0.0000000000000000     
   11.484000000000000        0.0000000000000000       -6.6824347655866558E-003   0.0000000000000000     
   11.682000000000000        0.0000000000000000       -6.5883588095024962E-003   0.0000000000000000     
   11.880000000000001        0.0000000000000000       -6.4962316623129015E-003   0.0000000000000000     
   12.078000000000001        0.0000000000000000       -6.4059526253077087E-003   0.0000000000000000     
   12.276000000000000        0.0000000000000000       -6.3174230105709269E-003   0.0000000000000000     
   12.474000000000000        0.0000000000000000       -6.2305456501497020E-003   0.0000000000000000     
   12.672000000000001        0.0000000000000000       -6.1452247997316129E-003   0.0000000000000000     
   12.870000000000001        0.0000000000000000       -6.0613655814477458E-003   0.0000000000000000     
   13.068000000000001        0.0000000000000000       -5.9788732598393228E-003   0.0000000000000000     
   13.266000000000000        0.0000000000000000       -5.8976533501631330E-003   0.0000000000000000     
   13.464000000000000        0.0000000000000000       -5.8176104357883125E-003   0.0000000000000000     
   13.662000000000001        0.0000000000000000       -5.7386482059880390E-003   0.0000000000000000     
   13.860000000000001        0.0000000000000000       -5.6606685871916397E-003   0.0000000000000000     
   14.058000000000000        0.0000000000000000       -5.5835707433484387E-003   0.0000000000000000     
   14.256000000000000        0.0000000000000000       -5.5072509026390486E-003   0.0000000000000000     
   14.454000000000001        0.0000000000000000       -5.4316010651840989E-003   0.0000000000000000     
   14.652000000000001        0.0000000000000000       -5.3565079771382418E-003   0.0000000000000000     
   14.850000000000001        0.0000000000000000       -5.2818522656292626E-003   0.0000000000000000     
   15.048000000000000        0.0000000000000000       -5.2075068270809799E-003   0.0000000000000000     
   15.246000000000000        0.0000000000000000       -5.1333354644081996E-003   0.0000000000000000     
   15.444000000000001        0.0000000000000000       -5.0591908246046457E-003   0.0000000000000000     
   15.642000000000001        0.0000000000000000       -4.9849125805941970E-003   0.0000000000000000     
   15.840000000000000        0.0000000000000000       -4.9103245908631481E-003   0.0000000000000000     
   16.038000000000000        0.0000000000000000       -4.8352320955015226E-003   0.0000000000000000     
   16.236000000000001        0.0000000000000000       -4.7594181259929891E-003   0.0000000000000000     
   16.434000000000001        0.0000000000000000       -4.6826392361370714E-003   0.0000000000000000     
   16.632000000000001        0.0000000000000000       -4.6050265934987214E-003   0.0000000000000000     
   16.830000000000002        0.0000000000000000       -4.5259474952166843E-003   0.0000000000000000     
   17.028000000000002        0.0000000000000000       -4.4450726254688464E-003   0.0000000000000000     
   17.225999999999999        0.0000000000000000       -4.3619878214913319E-003   0.0000000000000000     
   17.423999999999999        0.0000000000000000       -4.2763432705424861E-003   0.0000000000000000     
   17.622000000000000        0.0000000000000000       -4.1875132096048798E-003   0.0000000000000000     
   17.820000000000000        0.0000000000000000       -4.0941815838022450E-003   0.0000000000000000     
   18.018000000000001        0.0000000000000000       -3.9963390604318616E-003   0.0000000000000000     
   18.216000000000001        0.0000000000000000       -3.8930724504327380E-003   0.0000000000000000     
   18.414000000000001        0.0000000000000000       -3.7834958918191979E-003   0.0000000000000000     
   18.612000000000002        0.0000000000000000       -3.6681724069591842E-003   0.0000000000000000     
   18.810000000000002        0.0000000000000000       -3.5450113736598377E-003   0.0000000000000000     
   19.008000000000003        0.0000000000000000       -3.4123351978198745E-003   0.0000000000000000     
   19.206000000000000        0.0000000000000000       -3.2722751111021521E-003   0.0000000000000000     
   19.404000000000000        0.0000000000000000       -3.1218262007634652E-003   0.0000000000000000     
   19.602000000000000        0.0000000000000000       -2.9595086753040289E-003   0.0000000000000000     
