  -19.602000000000000        0.0000000000000000       -1.7315937471163681E-002   0.0000000000000000     
  -19.404000000000000        0.0000000000000000       -1.8069660546031079E-002   0.0000000000000000     
  -19.206000000000000        0.0000000000000000       -1.8859075341873723E-002   0.0000000000000000     
  -19.008000000000003        0.0000000000000000       -1.9645709967515638E-002   0.0000000000000000     
  -18.810000000000002        0.0000000000000000       -2.0416892181478900E-002   0.0000000000000000     
  -18.612000000000002        0.0000000000000000       -2.1169706087951906E-002   0.0000000000000000     
  -18.414000000000001        0.0000000000000000       -2.1905467324258888E-002   0.0000000000000000     
  -18.216000000000001        0.0000000000000000       -2.2625847071897399E-002   0.0000000000000000     
  -18.018000000000001        0.0000000000000000       -2.3334071863269489E-002   0.0000000000000000     
  -17.820000000000000        0.0000000000000000       -2.4032294253765882E-002   0.0000000000000000     
  -17.622000000000000        0.0000000000000000       -2.4723317848119059E-002   0.0000000000000000     
  -17.423999999999999        0.0000000000000000       -2.5408408184783311E-002   0.0000000000000000     
  -17.225999999999999        0.0000000000000000       -2.6089325080583946E-002   0.0000000000000000     
  -17.028000000000002        0.0000000000000000       -2.6767566148104625E-002   0.0000000000000000     
  -16.830000000000002        0.0000000000000000       -2.7444564639767577E-002   0.0000000000000000     
  -16.632000000000001        0.0000000000000000       -2.8121382778448313E-002   0.0000000000000000     
  -16.434000000000001        0.0000000000000000       -2.8799460888222890E-002   0.0000000000000000     
  -16.236000000000001        0.0000000000000000       -2.9479969729686400E-002   0.0000000000000000     
  -16.038000000000000        0.0000000000000000       -3.0163867714720662E-002   0.0000000000000000     
  -15.840000000000000        0.0000000000000000       -3.0852108078668367E-002   0.0000000000000000     
  -15.642000000000001        0.0000000000000000       -3.1545592837156203E-002   0.0000000000000000     
  -15.444000000000001        0.0000000000000000       -3.2245183441506529E-002   0.0000000000000000     
  -15.246000000000000        0.0000000000000000       -3.2951706884398885E-002   0.0000000000000000     
  -15.048000000000000        0.0000000000000000       -3.3665962351206571E-002   0.0000000000000000     
  -14.850000000000001        0.0000000000000000       -3.4388727782845387E-002   0.0000000000000000     
  -14.652000000000001        0.0000000000000000       -3.5120764241174121E-002   0.0000000000000000     
  -14.454000000000001        0.0000000000000000       -3.5862821122403590E-002   0.0000000000000000     
  -14.256000000000000        0.0000000000000000       -3.6615639674488616E-002   0.0000000000000000     
  -14.058000000000000        0.0000000000000000       -3.7379956890593320E-002   0.0000000000000000     
  -13.860000000000001        0.0000000000000000       -3.8156509926109562E-002   0.0000000000000000     
  -13.662000000000001        0.0000000000000000       -3.8946167893932529E-002   0.0000000000000000     
  -13.464000000000000        0.0000000000000000       -3.9749532526176676E-002   0.0000000000000000     
  -13.266000000000000        0.0000000000000000       -4.0567357171510048E-002   0.0000000000000000     
  -13.068000000000001        0.0000000000000000       -4.1400406217459697E-002   0.0000000000000000     
  -12.870000000000001        0.0000000000000000       -4.2249454677468469E-002   0.0000000000000000     
  -12.672000000000001        0.0000000000000000       -4.3115295306792693E-002   0.0000000000000000     
  -12.474000000000000        0.0000000000000000       -4.3998736316566180E-002   0.0000000000000000     
  -12.276000000000000        0.0000000000000000       -4.4900606225883856E-002   0.0000000000000000     
  -12.078000000000001        0.0000000000000000       -4.5821754790924166E-002   0.0000000000000000     
  -11.880000000000001        0.0000000000000000       -4.6763056640324811E-002   0.0000000000000000     
  -11.682000000000000        0.0000000000000000       -4.7725411275182809E-002   0.0000000000000000     
  -11.484000000000000        0.0000000000000000       -4.8709747298036177E-002   0.0000000000000000     
  -11.286000000000001        0.0000000000000000       -4.9717023397291234E-002   0.0000000000000000     
  -11.088000000000001        0.0000000000000000       -5.0748230953927199E-002   0.0000000000000000     
  -10.890000000000001        0.0000000000000000       -5.1804395977167746E-002   0.0000000000000000     
  -10.692000000000000        0.0000000000000000       -5.2886581998771158E-002   0.0000000000000000     
  -10.494000000000000        0.0000000000000000       -5.3995891544140709E-002   0.0000000000000000     
  -10.296000000000001        0.0000000000000000       -5.5133468632106393E-002   0.0000000000000000     
  -10.098000000000001        0.0000000000000000       -5.6300501871999663E-002   0.0000000000000000     
  -9.9000000000000004        0.0000000000000000       -5.7498226753276399E-002   0.0000000000000000     
  -9.7020000000000000        0.0000000000000000       -5.8727926574639398E-002   0.0000000000000000     
  -9.5040000000000013        0.0000000000000000       -5.9990937344052898E-002   0.0000000000000000     
  -9.3060000000000009        0.0000000000000000       -6.1288648770543908E-002   0.0000000000000000     
  -9.1080000000000005        0.0000000000000000       -6.2622506266239761E-002   0.0000000000000000     
  -8.9100000000000001        0.0000000000000000       -6.3994015621476108E-002   0.0000000000000000     
  -8.7119999999999997        0.0000000000000000       -6.5404742953178927E-002   0.0000000000000000     
  -8.5140000000000011        0.0000000000000000       -6.6856317720825439E-002   0.0000000000000000     
  -8.3160000000000007        0.0000000000000000       -6.8350437180332402E-002   0.0000000000000000     
  -8.1180000000000003        0.0000000000000000       -6.9888863423400227E-002   0.0000000000000000     
  -7.9199999999999999        0.0000000000000000       -7.1473429483174450E-002   0.0000000000000000     
  -7.7220000000000004        0.0000000000000000       -7.3106036027012461E-002   0.0000000000000000     
  -7.5240000000000000        0.0000000000000000       -7.4788655637083104E-002   0.0000000000000000     
  -7.3260000000000005        0.0000000000000000       -7.6523326044733345E-002   0.0000000000000000     
  -7.1280000000000001        0.0000000000000000       -7.8312153301302784E-002   0.0000000000000000     
  -6.9300000000000006        0.0000000000000000       -8.0157303235359356E-002   0.0000000000000000     
  -6.7320000000000002        0.0000000000000000       -8.2060997610851935E-002   0.0000000000000000     
  -6.5340000000000007        0.0000000000000000       -8.4025514853448016E-002   0.0000000000000000     
  -6.3360000000000003        0.0000000000000000       -8.6053217758291251E-002   0.0000000000000000     
  -6.1379999999999999        0.0000000000000000       -8.8146683869471401E-002   0.0000000000000000     
  -5.9400000000000004        0.0000000000000000       -9.0309047127918540E-002   0.0000000000000000     
  -5.7420000000000000        0.0000000000000000       -9.2543307813668360E-002   0.0000000000000000     
  -5.5440000000000005        0.0000000000000000       -9.4851100068679958E-002   0.0000000000000000     
  -5.3460000000000001        0.0000000000000000       -9.7235434087315054E-002   0.0000000000000000     
  -5.1480000000000006        0.0000000000000000       -9.9699662047345844E-002   0.0000000000000000     
  -4.9500000000000002        0.0000000000000000      -0.10224674802621717        0.0000000000000000     
  -4.7520000000000007        0.0000000000000000      -0.10487953173170350        0.0000000000000000     
  -4.5540000000000003        0.0000000000000000      -0.10760084587735234        0.0000000000000000     
  -4.3559999999999999        0.0000000000000000      -0.11041355200162764        0.0000000000000000     
  -4.1580000000000004        0.0000000000000000      -0.11332054271328897        0.0000000000000000     
  -3.9600000000000000        0.0000000000000000      -0.11632462506256444        0.0000000000000000     
  -3.7620000000000000        0.0000000000000000      -0.11942806910011546        0.0000000000000000     
  -3.5640000000000001        0.0000000000000000      -0.12263099029336617        0.0000000000000000     
  -3.3660000000000001        0.0000000000000000      -0.12592805341315697        0.0000000000000000     
  -3.1680000000000001        0.0000000000000000      -0.12931660432916567        0.0000000000000000     
  -2.9700000000000002        0.0000000000000000      -0.13280708788150800        0.0000000000000000     
  -2.7720000000000002        0.0000000000000000      -0.13639051661202048        0.0000000000000000     
  -2.5740000000000003        0.0000000000000000      -0.14004790226919320        0.0000000000000000     
  -2.3760000000000003        0.0000000000000000      -0.14375018047551513        0.0000000000000000     
  -2.1779999999999999        0.0000000000000000      -0.14746074833404860        0.0000000000000000     
  -1.9800000000000000        0.0000000000000000      -0.15113790648656270        0.0000000000000000     
  -1.7820000000000000        0.0000000000000000      -0.15468891331196413        0.0000000000000000     
  -1.5840000000000001        0.0000000000000000      -0.15799171333490913        0.0000000000000000     
  -1.3860000000000001        0.0000000000000000      -0.16093241870199254        0.0000000000000000     
  -1.1880000000000002        0.0000000000000000      -0.16341738844956488        0.0000000000000000     
 -0.98999999999999999        0.0000000000000000      -0.16535779048238969        0.0000000000000000     
 -0.79200000000000004        0.0000000000000000      -0.16665631433056127        0.0000000000000000     
 -0.59400000000000008        0.0000000000000000      -0.16733071917887665        0.0000000000000000     
 -0.39600000000000002        0.0000000000000000      -0.16753749353010419        0.0000000000000000     
 -0.19800000000000001        0.0000000000000000      -0.16752882682564180        0.0000000000000000     
   0.0000000000000000        0.0000000000000000      -0.16751381511478569        0.0000000000000000     
  0.19800000000000001        0.0000000000000000      -0.16752882682564180        0.0000000000000000     
  0.39600000000000002        0.0000000000000000      -0.16753749353010419        0.0000000000000000     
  0.59400000000000008        0.0000000000000000      -0.16733071917887665        0.0000000000000000     
  0.79200000000000004        0.0000000000000000      -0.16665631433056127        0.0000000000000000     
  0.98999999999999999        0.0000000000000000      -0.16535779048238969        0.0000000000000000     
   1.1880000000000002        0.0000000000000000      -0.16341738844956488        0.0000000000000000     
   1.3860000000000001        0.0000000000000000      -0.16093241870199254        0.0000000000000000     
   1.5840000000000001        0.0000000000000000      -0.15799171333490913        0.0000000000000000     
   1.7820000000000000        0.0000000000000000      -0.15468891331196413        0.0000000000000000     
   1.9800000000000000        0.0000000000000000      -0.15113790648656270        0.0000000000000000     
   2.1779999999999999        0.0000000000000000      -0.14746074833404860        0.0000000000000000     
   2.3760000000000003        0.0000000000000000      -0.14375018047551513        0.0000000000000000     
   2.5740000000000003        0.0000000000000000      -0.14004790226919320        0.0000000000000000     
   2.7720000000000002        0.0000000000000000      -0.13639051661202048        0.0000000000000000     
   2.9700000000000002        0.0000000000000000      -0.13280708788150800        0.0000000000000000     
   3.1680000000000001        0.0000000000000000      -0.12931660432916567        0.0000000000000000     
   3.3660000000000001        0.0000000000000000      -0.12592805341315697        0.0000000000000000     
   3.5640000000000001        0.0000000000000000      -0.12263099029336617        0.0000000000000000     
   3.7620000000000000        0.0000000000000000      -0.11942806910011546        0.0000000000000000     
   3.9600000000000000        0.0000000000000000      -0.11632462506256444        0.0000000000000000     
   4.1580000000000004        0.0000000000000000      -0.11332054271328897        0.0000000000000000     
   4.3559999999999999        0.0000000000000000      -0.11041355200162764        0.0000000000000000     
   4.5540000000000003        0.0000000000000000      -0.10760084587735234        0.0000000000000000     
   4.7520000000000007        0.0000000000000000      -0.10487953173170350        0.0000000000000000     
   4.9500000000000002        0.0000000000000000      -0.10224674802621717        0.0000000000000000     
   5.1480000000000006        0.0000000000000000       -9.9699662047345844E-002   0.0000000000000000     
   5.3460000000000001        0.0000000000000000       -9.7235434087315054E-002   0.0000000000000000     
   5.5440000000000005        0.0000000000000000       -9.4851100068679958E-002   0.0000000000000000     
   5.7420000000000000        0.0000000000000000       -9.2543307813668360E-002   0.0000000000000000     
   5.9400000000000004        0.0000000000000000       -9.0309047127918540E-002   0.0000000000000000     
   6.1379999999999999        0.0000000000000000       -8.8146683869471401E-002   0.0000000000000000     
   6.3360000000000003        0.0000000000000000       -8.6053217758291251E-002   0.0000000000000000     
   6.5340000000000007        0.0000000000000000       -8.4025514853448016E-002   0.0000000000000000     
   6.7320000000000002        0.0000000000000000       -8.2060997610851935E-002   0.0000000000000000     
   6.9300000000000006        0.0000000000000000       -8.0157303235359356E-002   0.0000000000000000     
   7.1280000000000001        0.0000000000000000       -7.8312153301302784E-002   0.0000000000000000     
   7.3260000000000005        0.0000000000000000       -7.6523326044733345E-002   0.0000000000000000     
   7.5240000000000000        0.0000000000000000       -7.4788655637083104E-002   0.0000000000000000     
   7.7220000000000004        0.0000000000000000       -7.3106036027012461E-002   0.0000000000000000     
   7.9199999999999999        0.0000000000000000       -7.1473429483174450E-002   0.0000000000000000     
   8.1180000000000003        0.0000000000000000       -6.9888863423400227E-002   0.0000000000000000     
   8.3160000000000007        0.0000000000000000       -6.8350437180332402E-002   0.0000000000000000     
   8.5140000000000011        0.0000000000000000       -6.6856317720825439E-002   0.0000000000000000     
   8.7119999999999997        0.0000000000000000       -6.5404742953178927E-002   0.0000000000000000     
   8.9100000000000001        0.0000000000000000       -6.3994015621476108E-002   0.0000000000000000     
   9.1080000000000005        0.0000000000000000       -6.2622506266239761E-002   0.0000000000000000     
   9.3060000000000009        0.0000000000000000       -6.1288648770543908E-002   0.0000000000000000     
   9.5040000000000013        0.0000000000000000       -5.9990937344052898E-002   0.0000000000000000     
   9.7020000000000000        0.0000000000000000       -5.8727926574639398E-002   0.0000000000000000     
   9.9000000000000004        0.0000000000000000       -5.7498226753276399E-002   0.0000000000000000     
   10.098000000000001        0.0000000000000000       -5.6300501871999663E-002   0.0000000000000000     
   10.296000000000001        0.0000000000000000       -5.5133468632106393E-002   0.0000000000000000     
   10.494000000000000        0.0000000000000000       -5.3995891544140709E-002   0.0000000000000000     
   10.692000000000000        0.0000000000000000       -5.2886581998771158E-002   0.0000000000000000     
   10.890000000000001        0.0000000000000000       -5.1804395977167746E-002   0.0000000000000000     
   11.088000000000001        0.0000000000000000       -5.0748230953927199E-002   0.0000000000000000     
   11.286000000000001        0.0000000000000000       -4.9717023397291234E-002   0.0000000000000000     
   11.484000000000000        0.0000000000000000       -4.8709747298036177E-002   0.0000000000000000     
   11.682000000000000        0.0000000000000000       -4.7725411275182809E-002   0.0000000000000000     
   11.880000000000001        0.0000000000000000       -4.6763056640324811E-002   0.0000000000000000     
   12.078000000000001        0.0000000000000000       -4.5821754790924166E-002   0.0000000000000000     
   12.276000000000000        0.0000000000000000       -4.4900606225883856E-002   0.0000000000000000     
   12.474000000000000        0.0000000000000000       -4.3998736316566180E-002   0.0000000000000000     
   12.672000000000001        0.0000000000000000       -4.3115295306792693E-002   0.0000000000000000     
   12.870000000000001        0.0000000000000000       -4.2249454677468469E-002   0.0000000000000000     
   13.068000000000001        0.0000000000000000       -4.1400406217459697E-002   0.0000000000000000     
   13.266000000000000        0.0000000000000000       -4.0567357171510048E-002   0.0000000000000000     
   13.464000000000000        0.0000000000000000       -3.9749532526176676E-002   0.0000000000000000     
   13.662000000000001        0.0000000000000000       -3.8946167893932529E-002   0.0000000000000000     
   13.860000000000001        0.0000000000000000       -3.8156509926109562E-002   0.0000000000000000     
   14.058000000000000        0.0000000000000000       -3.7379956890593320E-002   0.0000000000000000     
   14.256000000000000        0.0000000000000000       -3.6615639674488616E-002   0.0000000000000000     
   14.454000000000001        0.0000000000000000       -3.5862821122403590E-002   0.0000000000000000     
   14.652000000000001        0.0000000000000000       -3.5120764241174121E-002   0.0000000000000000     
   14.850000000000001        0.0000000000000000       -3.4388727782845387E-002   0.0000000000000000     
   15.048000000000000        0.0000000000000000       -3.3665962351206571E-002   0.0000000000000000     
   15.246000000000000        0.0000000000000000       -3.2951706884398885E-002   0.0000000000000000     
   15.444000000000001        0.0000000000000000       -3.2245183441506529E-002   0.0000000000000000     
   15.642000000000001        0.0000000000000000       -3.1545592837156203E-002   0.0000000000000000     
   15.840000000000000        0.0000000000000000       -3.0852108078668367E-002   0.0000000000000000     
   16.038000000000000        0.0000000000000000       -3.0163867714720662E-002   0.0000000000000000     
   16.236000000000001        0.0000000000000000       -2.9479969729686400E-002   0.0000000000000000     
   16.434000000000001        0.0000000000000000       -2.8799460888222890E-002   0.0000000000000000     
   16.632000000000001        0.0000000000000000       -2.8121382778448313E-002   0.0000000000000000     
   16.830000000000002        0.0000000000000000       -2.7444564639767577E-002   0.0000000000000000     
   17.028000000000002        0.0000000000000000       -2.6767566148104625E-002   0.0000000000000000     
   17.225999999999999        0.0000000000000000       -2.6089325080583946E-002   0.0000000000000000     
   17.423999999999999        0.0000000000000000       -2.5408408184783311E-002   0.0000000000000000     
   17.622000000000000        0.0000000000000000       -2.4723317848119059E-002   0.0000000000000000     
   17.820000000000000        0.0000000000000000       -2.4032294253765882E-002   0.0000000000000000     
   18.018000000000001        0.0000000000000000       -2.3334071863269489E-002   0.0000000000000000     
   18.216000000000001        0.0000000000000000       -2.2625847071897399E-002   0.0000000000000000     
   18.414000000000001        0.0000000000000000       -2.1905467324258888E-002   0.0000000000000000     
   18.612000000000002        0.0000000000000000       -2.1169706087951906E-002   0.0000000000000000     
   18.810000000000002        0.0000000000000000       -2.0416892181478900E-002   0.0000000000000000     
   19.008000000000003        0.0000000000000000       -1.9645709967515638E-002   0.0000000000000000     
   19.206000000000000        0.0000000000000000       -1.8859075341873723E-002   0.0000000000000000     
   19.404000000000000        0.0000000000000000       -1.8069660546031079E-002   0.0000000000000000     
   19.602000000000000        0.0000000000000000       -1.7315937471163681E-002   0.0000000000000000     
