  -19.602000000000000        0.0000000000000000       -2.8418698079650214E-004   0.0000000000000000     
  -19.404000000000000        0.0000000000000000       -3.2596592555096909E-004   0.0000000000000000     
  -19.206000000000000        0.0000000000000000       -3.5916046219170437E-004   0.0000000000000000     
  -19.008000000000003        0.0000000000000000       -3.8527578641138743E-004   0.0000000000000000     
  -18.810000000000002        0.0000000000000000       -4.0667856262305459E-004   0.0000000000000000     
  -18.612000000000002        0.0000000000000000       -4.2509859195178631E-004   0.0000000000000000     
  -18.414000000000001        0.0000000000000000       -4.4162064208717812E-004   0.0000000000000000     
  -18.216000000000001        0.0000000000000000       -4.5695201967253492E-004   0.0000000000000000     
  -18.018000000000001        0.0000000000000000       -4.7153973028957142E-004   0.0000000000000000     
  -17.820000000000000        0.0000000000000000       -4.8569428159917280E-004   0.0000000000000000     
  -17.622000000000000        0.0000000000000000       -4.9960933547851436E-004   0.0000000000000000     
  -17.423999999999999        0.0000000000000000       -5.1343571808190928E-004   0.0000000000000000     
  -17.225999999999999        0.0000000000000000       -5.2727040725159924E-004   0.0000000000000000     
  -17.028000000000002        0.0000000000000000       -5.4119508199525961E-004   0.0000000000000000     
  -16.830000000000002        0.0000000000000000       -5.5528292925240185E-004   0.0000000000000000     
  -16.632000000000001        0.0000000000000000       -5.6959708210689998E-004   0.0000000000000000     
  -16.434000000000001        0.0000000000000000       -5.8418388583871288E-004   0.0000000000000000     
  -16.236000000000001        0.0000000000000000       -5.9908426947649336E-004   0.0000000000000000     
  -16.038000000000000        0.0000000000000000       -6.1433554061458286E-004   0.0000000000000000     
  -15.840000000000000        0.0000000000000000       -6.2997264141044886E-004   0.0000000000000000     
  -15.642000000000001        0.0000000000000000       -6.4602912229666737E-004   0.0000000000000000     
  -15.444000000000001        0.0000000000000000       -6.6253784579344921E-004   0.0000000000000000     
  -15.246000000000000        0.0000000000000000       -6.7953153604352471E-004   0.0000000000000000     
  -15.048000000000000        0.0000000000000000       -6.9704324377660952E-004   0.0000000000000000     
  -14.850000000000001        0.0000000000000000       -7.1510671904142110E-004   0.0000000000000000     
  -14.652000000000001        0.0000000000000000       -7.3375673767744713E-004   0.0000000000000000     
  -14.454000000000001        0.0000000000000000       -7.5302939708096707E-004   0.0000000000000000     
  -14.256000000000000        0.0000000000000000       -7.7296237193262953E-004   0.0000000000000000     
  -14.058000000000000        0.0000000000000000       -7.9359520310797154E-004   0.0000000000000000     
  -13.860000000000001        0.0000000000000000       -8.1496950558929560E-004   0.0000000000000000     
  -13.662000000000001        0.0000000000000000       -8.3712931198978323E-004   0.0000000000000000     
  -13.464000000000000        0.0000000000000000       -8.6012127314899316E-004   0.0000000000000000     
  -13.266000000000000        0.0000000000000000       -8.8399495107603177E-004   0.0000000000000000     
  -13.068000000000001        0.0000000000000000       -9.0880314835939131E-004   0.0000000000000000     
  -12.870000000000001        0.0000000000000000       -9.3460220249274315E-004   0.0000000000000000     
  -12.672000000000001        0.0000000000000000       -9.6145236575050324E-004   0.0000000000000000     
  -12.474000000000000        0.0000000000000000       -9.8941813897597737E-004   0.0000000000000000     
  -12.276000000000000        0.0000000000000000       -1.0185687656673178E-003   0.0000000000000000     
  -12.078000000000001        0.0000000000000000       -1.0489785783532944E-003   0.0000000000000000     
  -11.880000000000001        0.0000000000000000       -1.0807276415128171E-003   0.0000000000000000     
  -11.682000000000000        0.0000000000000000       -1.1139021740237556E-003   0.0000000000000000     
  -11.484000000000000        0.0000000000000000       -1.1485952704022716E-003   0.0000000000000000     
  -11.286000000000001        0.0000000000000000       -1.1849075111442936E-003   0.0000000000000000     
  -11.088000000000001        0.0000000000000000       -1.2229478442626590E-003   0.0000000000000000     
  -10.890000000000001        0.0000000000000000       -1.2628342910583560E-003   0.0000000000000000     
  -10.692000000000000        0.0000000000000000       -1.3046950443549555E-003   0.0000000000000000     
  -10.494000000000000        0.0000000000000000       -1.3486694511688393E-003   0.0000000000000000     
  -10.296000000000001        0.0000000000000000       -1.3949092715582947E-003   0.0000000000000000     
  -10.098000000000001        0.0000000000000000       -1.4435800183848382E-003   0.0000000000000000     
  -9.9000000000000004        0.0000000000000000       -1.4948624899503962E-003   0.0000000000000000     
  -9.7020000000000000        0.0000000000000000       -1.5489544897494135E-003   0.0000000000000000     
  -9.5040000000000013        0.0000000000000000       -1.6060728383575995E-003   0.0000000000000000     
  -9.3060000000000009        0.0000000000000000       -1.6664555591854727E-003   0.0000000000000000     
  -9.1080000000000005        0.0000000000000000       -1.7303642686296134E-003   0.0000000000000000     
  -8.9100000000000001        0.0000000000000000       -1.7980873110254431E-003   0.0000000000000000     
  -8.7119999999999997        0.0000000000000000       -1.8699427537534883E-003   0.0000000000000000     
  -8.5140000000000011        0.0000000000000000       -1.9462823362400314E-003   0.0000000000000000     
  -8.3160000000000007        0.0000000000000000       -2.0274955389866954E-003   0.0000000000000000     
  -8.1180000000000003        0.0000000000000000       -2.1140145272816623E-003   0.0000000000000000     
  -7.9199999999999999        0.0000000000000000       -2.2063197806629084E-003   0.0000000000000000     
  -7.7220000000000004        0.0000000000000000       -2.3049464953827105E-003   0.0000000000000000     
  -7.5240000000000000        0.0000000000000000       -2.4104920247896688E-003   0.0000000000000000     
  -7.3260000000000005        0.0000000000000000       -2.5236243302638470E-003   0.0000000000000000     
  -7.1280000000000001        0.0000000000000000       -2.6450917807850677E-003   0.0000000000000000     
  -6.9300000000000006        0.0000000000000000       -2.7757347453594835E-003   0.0000000000000000     
  -6.7320000000000002        0.0000000000000000       -2.9164985238248520E-003   0.0000000000000000     
  -6.5340000000000007        0.0000000000000000       -3.0684486718685179E-003   0.0000000000000000     
  -6.3360000000000003        0.0000000000000000       -3.2327886827832678E-003   0.0000000000000000     
  -6.1379999999999999        0.0000000000000000       -3.4108804449533275E-003   0.0000000000000000     
  -5.9400000000000004        0.0000000000000000       -3.6042677884361501E-003   0.0000000000000000     
  -5.7420000000000000        0.0000000000000000       -3.8147040631853683E-003   0.0000000000000000     
  -5.5440000000000005        0.0000000000000000       -4.0441836985788014E-003   0.0000000000000000     
  -5.3460000000000001        0.0000000000000000       -4.2949783435896243E-003   0.0000000000000000     
  -5.1480000000000006        0.0000000000000000       -4.5696787547358187E-003   0.0000000000000000     
  -4.9500000000000002        0.0000000000000000       -4.8712416329544928E-003   0.0000000000000000     
  -4.7520000000000007        0.0000000000000000       -5.2030427331757959E-003   0.0000000000000000     
  -4.5540000000000003        0.0000000000000000       -5.5689339360468198E-003   0.0000000000000000     
  -4.3559999999999999        0.0000000000000000       -5.9733052235010917E-003   0.0000000000000000     
  -4.1580000000000004        0.0000000000000000       -6.4211450986183735E-003   0.0000000000000000     
  -3.9600000000000000        0.0000000000000000       -6.9180939826256598E-003   0.0000000000000000     
  -3.7620000000000000        0.0000000000000000       -7.4704749066278695E-003   0.0000000000000000     
  -3.5640000000000001        0.0000000000000000       -8.0852768626278673E-003   0.0000000000000000     
  -3.3660000000000001        0.0000000000000000       -8.7700419277996124E-003   0.0000000000000000     
  -3.1680000000000001        0.0000000000000000       -9.5326009561541233E-003   0.0000000000000000     
  -2.9700000000000002        0.0000000000000000       -1.0380705201727099E-002   0.0000000000000000     
  -2.7720000000000002        0.0000000000000000       -1.1322435135432426E-002   0.0000000000000000     
  -2.5740000000000003        0.0000000000000000       -1.2370976927311851E-002   0.0000000000000000     
  -2.3760000000000003        0.0000000000000000       -1.3549170535787223E-002   0.0000000000000000     
  -2.1779999999999999        0.0000000000000000       -1.4882709485110231E-002   0.0000000000000000     
  -1.9800000000000000        0.0000000000000000       -1.6389413978238815E-002   0.0000000000000000     
  -1.7820000000000000        0.0000000000000000       -1.8079069903552954E-002   0.0000000000000000     
  -1.5840000000000001        0.0000000000000000       -1.9949598594671280E-002   0.0000000000000000     
  -1.3860000000000001        0.0000000000000000       -2.1980699986820156E-002   0.0000000000000000     
  -1.1880000000000002        0.0000000000000000       -2.4137132738219672E-002   0.0000000000000000     
 -0.98999999999999999        0.0000000000000000       -2.6369485607315338E-002   0.0000000000000000     
 -0.79200000000000004        0.0000000000000000       -2.8597980121345422E-002   0.0000000000000000     
 -0.59400000000000008        0.0000000000000000       -3.0683110850992450E-002   0.0000000000000000     
 -0.39600000000000002        0.0000000000000000       -3.2416247368504125E-002   0.0000000000000000     
 -0.19800000000000001        0.0000000000000000       -3.3569048401079889E-002   0.0000000000000000     
   0.0000000000000000        0.0000000000000000       -3.3973183257343213E-002   0.0000000000000000     
  0.19800000000000001        0.0000000000000000       -3.3569048401079889E-002   0.0000000000000000     
  0.39600000000000002        0.0000000000000000       -3.2416247368504125E-002   0.0000000000000000     
  0.59400000000000008        0.0000000000000000       -3.0683110850992450E-002   0.0000000000000000     
  0.79200000000000004        0.0000000000000000       -2.8597980121345422E-002   0.0000000000000000     
  0.98999999999999999        0.0000000000000000       -2.6369485607315338E-002   0.0000000000000000     
   1.1880000000000002        0.0000000000000000       -2.4137132738219672E-002   0.0000000000000000     
   1.3860000000000001        0.0000000000000000       -2.1980699986820156E-002   0.0000000000000000     
   1.5840000000000001        0.0000000000000000       -1.9949598594671280E-002   0.0000000000000000     
   1.7820000000000000        0.0000000000000000       -1.8079069903552954E-002   0.0000000000000000     
   1.9800000000000000        0.0000000000000000       -1.6389413978238815E-002   0.0000000000000000     
   2.1779999999999999        0.0000000000000000       -1.4882709485110231E-002   0.0000000000000000     
   2.3760000000000003        0.0000000000000000       -1.3549170535787223E-002   0.0000000000000000     
   2.5740000000000003        0.0000000000000000       -1.2370976927311851E-002   0.0000000000000000     
   2.7720000000000002        0.0000000000000000       -1.1322435135432426E-002   0.0000000000000000     
   2.9700000000000002        0.0000000000000000       -1.0380705201727099E-002   0.0000000000000000     
   3.1680000000000001        0.0000000000000000       -9.5326009561541233E-003   0.0000000000000000     
   3.3660000000000001        0.0000000000000000       -8.7700419277996124E-003   0.0000000000000000     
   3.5640000000000001        0.0000000000000000       -8.0852768626278673E-003   0.0000000000000000     
   3.7620000000000000        0.0000000000000000       -7.4704749066278695E-003   0.0000000000000000     
   3.9600000000000000        0.0000000000000000       -6.9180939826256598E-003   0.0000000000000000     
   4.1580000000000004        0.0000000000000000       -6.4211450986183735E-003   0.0000000000000000     
   4.3559999999999999        0.0000000000000000       -5.9733052235010917E-003   0.0000000000000000     
   4.5540000000000003        0.0000000000000000       -5.5689339360468198E-003   0.0000000000000000     
   4.7520000000000007        0.0000000000000000       -5.2030427331757959E-003   0.0000000000000000     
   4.9500000000000002        0.0000000000000000       -4.8712416329544928E-003   0.0000000000000000     
   5.1480000000000006        0.0000000000000000       -4.5696787547358187E-003   0.0000000000000000     
   5.3460000000000001        0.0000000000000000       -4.2949783435896243E-003   0.0000000000000000     
   5.5440000000000005        0.0000000000000000       -4.0441836985788014E-003   0.0000000000000000     
   5.7420000000000000        0.0000000000000000       -3.8147040631853683E-003   0.0000000000000000     
   5.9400000000000004        0.0000000000000000       -3.6042677884361501E-003   0.0000000000000000     
   6.1379999999999999        0.0000000000000000       -3.4108804449533275E-003   0.0000000000000000     
   6.3360000000000003        0.0000000000000000       -3.2327886827832678E-003   0.0000000000000000     
   6.5340000000000007        0.0000000000000000       -3.0684486718685179E-003   0.0000000000000000     
   6.7320000000000002        0.0000000000000000       -2.9164985238248520E-003   0.0000000000000000     
   6.9300000000000006        0.0000000000000000       -2.7757347453594835E-003   0.0000000000000000     
   7.1280000000000001        0.0000000000000000       -2.6450917807850677E-003   0.0000000000000000     
   7.3260000000000005        0.0000000000000000       -2.5236243302638470E-003   0.0000000000000000     
   7.5240000000000000        0.0000000000000000       -2.4104920247896688E-003   0.0000000000000000     
   7.7220000000000004        0.0000000000000000       -2.3049464953827105E-003   0.0000000000000000     
   7.9199999999999999        0.0000000000000000       -2.2063197806629084E-003   0.0000000000000000     
   8.1180000000000003        0.0000000000000000       -2.1140145272816623E-003   0.0000000000000000     
   8.3160000000000007        0.0000000000000000       -2.0274955389866954E-003   0.0000000000000000     
   8.5140000000000011        0.0000000000000000       -1.9462823362400314E-003   0.0000000000000000     
   8.7119999999999997        0.0000000000000000       -1.8699427537534883E-003   0.0000000000000000     
   8.9100000000000001        0.0000000000000000       -1.7980873110254431E-003   0.0000000000000000     
   9.1080000000000005        0.0000000000000000       -1.7303642686296134E-003   0.0000000000000000     
   9.3060000000000009        0.0000000000000000       -1.6664555591854727E-003   0.0000000000000000     
   9.5040000000000013        0.0000000000000000       -1.6060728383575995E-003   0.0000000000000000     
   9.7020000000000000        0.0000000000000000       -1.5489544897494135E-003   0.0000000000000000     
   9.9000000000000004        0.0000000000000000       -1.4948624899503962E-003   0.0000000000000000     
   10.098000000000001        0.0000000000000000       -1.4435800183848382E-003   0.0000000000000000     
   10.296000000000001        0.0000000000000000       -1.3949092715582947E-003   0.0000000000000000     
   10.494000000000000        0.0000000000000000       -1.3486694511688393E-003   0.0000000000000000     
   10.692000000000000        0.0000000000000000       -1.3046950443549555E-003   0.0000000000000000     
   10.890000000000001        0.0000000000000000       -1.2628342910583560E-003   0.0000000000000000     
   11.088000000000001        0.0000000000000000       -1.2229478442626590E-003   0.0000000000000000     
   11.286000000000001        0.0000000000000000       -1.1849075111442936E-003   0.0000000000000000     
   11.484000000000000        0.0000000000000000       -1.1485952704022716E-003   0.0000000000000000     
   11.682000000000000        0.0000000000000000       -1.1139021740237556E-003   0.0000000000000000     
   11.880000000000001        0.0000000000000000       -1.0807276415128171E-003   0.0000000000000000     
   12.078000000000001        0.0000000000000000       -1.0489785783532944E-003   0.0000000000000000     
   12.276000000000000        0.0000000000000000       -1.0185687656673178E-003   0.0000000000000000     
   12.474000000000000        0.0000000000000000       -9.8941813897597737E-004   0.0000000000000000     
   12.672000000000001        0.0000000000000000       -9.6145236575050324E-004   0.0000000000000000     
   12.870000000000001        0.0000000000000000       -9.3460220249274315E-004   0.0000000000000000     
   13.068000000000001        0.0000000000000000       -9.0880314835939131E-004   0.0000000000000000     
   13.266000000000000        0.0000000000000000       -8.8399495107603177E-004   0.0000000000000000     
   13.464000000000000        0.0000000000000000       -8.6012127314899316E-004   0.0000000000000000     
   13.662000000000001        0.0000000000000000       -8.3712931198978323E-004   0.0000000000000000     
   13.860000000000001        0.0000000000000000       -8.1496950558929560E-004   0.0000000000000000     
   14.058000000000000        0.0000000000000000       -7.9359520310797154E-004   0.0000000000000000     
   14.256000000000000        0.0000000000000000       -7.7296237193262953E-004   0.0000000000000000     
   14.454000000000001        0.0000000000000000       -7.5302939708096707E-004   0.0000000000000000     
   14.652000000000001        0.0000000000000000       -7.3375673767744713E-004   0.0000000000000000     
   14.850000000000001        0.0000000000000000       -7.1510671904142110E-004   0.0000000000000000     
   15.048000000000000        0.0000000000000000       -6.9704324377660952E-004   0.0000000000000000     
   15.246000000000000        0.0000000000000000       -6.7953153604352471E-004   0.0000000000000000     
   15.444000000000001        0.0000000000000000       -6.6253784579344921E-004   0.0000000000000000     
   15.642000000000001        0.0000000000000000       -6.4602912229666737E-004   0.0000000000000000     
   15.840000000000000        0.0000000000000000       -6.2997264141044886E-004   0.0000000000000000     
   16.038000000000000        0.0000000000000000       -6.1433554061458286E-004   0.0000000000000000     
   16.236000000000001        0.0000000000000000       -5.9908426947649336E-004   0.0000000000000000     
   16.434000000000001        0.0000000000000000       -5.8418388583871288E-004   0.0000000000000000     
   16.632000000000001        0.0000000000000000       -5.6959708210689998E-004   0.0000000000000000     
   16.830000000000002        0.0000000000000000       -5.5528292925240185E-004   0.0000000000000000     
   17.028000000000002        0.0000000000000000       -5.4119508199525961E-004   0.0000000000000000     
   17.225999999999999        0.0000000000000000       -5.2727040725159924E-004   0.0000000000000000     
   17.423999999999999        0.0000000000000000       -5.1343571808190928E-004   0.0000000000000000     
   17.622000000000000        0.0000000000000000       -4.9960933547851436E-004   0.0000000000000000     
   17.820000000000000        0.0000000000000000       -4.8569428159917280E-004   0.0000000000000000     
   18.018000000000001        0.0000000000000000       -4.7153973028957142E-004   0.0000000000000000     
   18.216000000000001        0.0000000000000000       -4.5695201967253492E-004   0.0000000000000000     
   18.414000000000001        0.0000000000000000       -4.4162064208717812E-004   0.0000000000000000     
   18.612000000000002        0.0000000000000000       -4.2509859195178631E-004   0.0000000000000000     
   18.810000000000002        0.0000000000000000       -4.0667856262305459E-004   0.0000000000000000     
   19.008000000000003        0.0000000000000000       -3.8527578641138743E-004   0.0000000000000000     
   19.206000000000000        0.0000000000000000       -3.5916046219170437E-004   0.0000000000000000     
   19.404000000000000        0.0000000000000000       -3.2596592555096909E-004   0.0000000000000000     
   19.602000000000000        0.0000000000000000       -2.8418698079650214E-004   0.0000000000000000     
