  -19.602000000000000        0.0000000000000000       -6.8811109403230585E-004   0.0000000000000000     
  -19.404000000000000        0.0000000000000000       -7.5070168771473964E-004   0.0000000000000000     
  -19.206000000000000        0.0000000000000000       -8.0212976957717147E-004   0.0000000000000000     
  -19.008000000000003        0.0000000000000000       -8.4534855034192470E-004   0.0000000000000000     
  -18.810000000000002        0.0000000000000000       -8.8357245524559340E-004   0.0000000000000000     
  -18.612000000000002        0.0000000000000000       -9.1885693163970355E-004   0.0000000000000000     
  -18.414000000000001        0.0000000000000000       -9.5242715738061705E-004   0.0000000000000000     
  -18.216000000000001        0.0000000000000000       -9.8473474218339083E-004   0.0000000000000000     
  -18.018000000000001        0.0000000000000000       -1.0163348348409911E-003   0.0000000000000000     
  -17.820000000000000        0.0000000000000000       -1.0474241742572457E-003   0.0000000000000000     
  -17.622000000000000        0.0000000000000000       -1.0781897080634245E-003   0.0000000000000000     
  -17.423999999999999        0.0000000000000000       -1.1087345292112036E-003   0.0000000000000000     
  -17.225999999999999        0.0000000000000000       -1.1392564214062408E-003   0.0000000000000000     
  -17.028000000000002        0.0000000000000000       -1.1698551652972761E-003   0.0000000000000000     
  -16.830000000000002        0.0000000000000000       -1.2006256309183591E-003   0.0000000000000000     
  -16.632000000000001        0.0000000000000000       -1.2316468047348212E-003   0.0000000000000000     
  -16.434000000000001        0.0000000000000000       -1.2629928358763021E-003   0.0000000000000000     
  -16.236000000000001        0.0000000000000000       -1.2947620168287234E-003   0.0000000000000000     
  -16.038000000000000        0.0000000000000000       -1.3269772972841658E-003   0.0000000000000000     
  -15.840000000000000        0.0000000000000000       -1.3596982493819321E-003   0.0000000000000000     
  -15.642000000000001        0.0000000000000000       -1.3929822828395398E-003   0.0000000000000000     
  -15.444000000000001        0.0000000000000000       -1.4268853413336488E-003   0.0000000000000000     
  -15.246000000000000        0.0000000000000000       -1.4614625267541773E-003   0.0000000000000000     
  -15.048000000000000        0.0000000000000000       -1.4967687036408269E-003   0.0000000000000000     
  -14.850000000000001        0.0000000000000000       -1.5328588743346865E-003   0.0000000000000000     
  -14.652000000000001        0.0000000000000000       -1.5697887050661434E-003   0.0000000000000000     
  -14.454000000000001        0.0000000000000000       -1.6076148264448651E-003   0.0000000000000000     
  -14.256000000000000        0.0000000000000000       -1.6463952291203077E-003   0.0000000000000000     
  -14.058000000000000        0.0000000000000000       -1.6861896290245280E-003   0.0000000000000000     
  -13.860000000000001        0.0000000000000000       -1.7270597535750639E-003   0.0000000000000000     
  -13.662000000000001        0.0000000000000000       -1.7690697092221169E-003   0.0000000000000000     
  -13.464000000000000        0.0000000000000000       -1.8122862729514910E-003   0.0000000000000000     
  -13.266000000000000        0.0000000000000000       -1.8567793130627400E-003   0.0000000000000000     
  -13.068000000000001        0.0000000000000000       -1.9026220184540923E-003   0.0000000000000000     
  -12.870000000000001        0.0000000000000000       -1.9498913491269839E-003   0.0000000000000000     
  -12.672000000000001        0.0000000000000000       -1.9986683986636272E-003   0.0000000000000000     
  -12.474000000000000        0.0000000000000000       -2.0490388078616127E-003   0.0000000000000000     
  -12.276000000000000        0.0000000000000000       -2.1010931726075789E-003   0.0000000000000000     
  -12.078000000000001        0.0000000000000000       -2.1549275565997772E-003   0.0000000000000000     
  -11.880000000000001        0.0000000000000000       -2.2106439264133167E-003   0.0000000000000000     
  -11.682000000000000        0.0000000000000000       -2.2683508346309647E-003   0.0000000000000000     
  -11.484000000000000        0.0000000000000000       -2.3281638630889144E-003   0.0000000000000000     
  -11.286000000000001        0.0000000000000000       -2.3902063426470806E-003   0.0000000000000000     
  -11.088000000000001        0.0000000000000000       -2.4546101481971085E-003   0.0000000000000000     
  -10.890000000000001        0.0000000000000000       -2.5215162798247516E-003   0.0000000000000000     
  -10.692000000000000        0.0000000000000000       -2.5910760265172462E-003   0.0000000000000000     
  -10.494000000000000        0.0000000000000000       -2.6634516206046899E-003   0.0000000000000000     
  -10.296000000000001        0.0000000000000000       -2.7388174871900181E-003   0.0000000000000000     
  -10.098000000000001        0.0000000000000000       -2.8173613736364703E-003   0.0000000000000000     
  -9.9000000000000004        0.0000000000000000       -2.8992856165107922E-003   0.0000000000000000     
  -9.7020000000000000        0.0000000000000000       -2.9848086166111348E-003   0.0000000000000000     
  -9.5040000000000013        0.0000000000000000       -3.0741664038654330E-003   0.0000000000000000     
  -9.3060000000000009        0.0000000000000000       -3.1676145884423643E-003   0.0000000000000000     
  -9.1080000000000005        0.0000000000000000       -3.2654301449106297E-003   0.0000000000000000     
  -8.9100000000000001        0.0000000000000000       -3.3679138675462988E-003   0.0000000000000000     
  -8.7119999999999997        0.0000000000000000       -3.4753928678101435E-003   0.0000000000000000     
  -8.5140000000000011        0.0000000000000000       -3.5882233523821488E-003   0.0000000000000000     
  -8.3160000000000007        0.0000000000000000       -3.7067939687626117E-003   0.0000000000000000     
  -8.1180000000000003        0.0000000000000000       -3.8315293279641486E-003   0.0000000000000000     
  -7.9199999999999999        0.0000000000000000       -3.9628942973245129E-003   0.0000000000000000     
  -7.7220000000000004        0.0000000000000000       -4.1013985912745866E-003   0.0000000000000000     
  -7.5240000000000000        0.0000000000000000       -4.2476020721983025E-003   0.0000000000000000     
  -7.3260000000000005        0.0000000000000000       -4.4021209335210233E-003   0.0000000000000000     
  -7.1280000000000001        0.0000000000000000       -4.5656347476283809E-003   0.0000000000000000     
  -6.9300000000000006        0.0000000000000000       -4.7388943191627756E-003   0.0000000000000000     
  -6.7320000000000002        0.0000000000000000       -4.9227308253111278E-003   0.0000000000000000     
  -6.5340000000000007        0.0000000000000000       -5.1180665577456978E-003   0.0000000000000000     
  -6.3360000000000003        0.0000000000000000       -5.3259269742542024E-003   0.0000000000000000     
  -6.1379999999999999        0.0000000000000000       -5.5474549263875043E-003   0.0000000000000000     
  -5.9400000000000004        0.0000000000000000       -5.7839267341759006E-003   0.0000000000000000     
  -5.7420000000000000        0.0000000000000000       -6.0367712795714960E-003   0.0000000000000000     
  -5.5440000000000005        0.0000000000000000       -6.3075918394996733E-003   0.0000000000000000     
  -5.3460000000000001        0.0000000000000000       -6.5981910619574693E-003   0.0000000000000000     
  -5.1480000000000006        0.0000000000000000       -6.9106003996872801E-003   0.0000000000000000     
  -4.9500000000000002        0.0000000000000000       -7.2471126410980774E-003   0.0000000000000000     
  -4.7520000000000007        0.0000000000000000       -7.6103188134426418E-003   0.0000000000000000     
  -4.5540000000000003        0.0000000000000000       -8.0031466469757118E-003   0.0000000000000000     
  -4.3559999999999999        0.0000000000000000       -8.4288976631146182E-003   0.0000000000000000     
  -4.1580000000000004        0.0000000000000000       -8.8912721941478458E-003   0.0000000000000000     
  -3.9600000000000000        0.0000000000000000       -9.3943634881354515E-003   0.0000000000000000     
  -3.7620000000000000        0.0000000000000000       -9.9425888278596442E-003   0.0000000000000000     
  -3.5640000000000001        0.0000000000000000       -1.0540589161178834E-002   0.0000000000000000     
  -3.3660000000000001        0.0000000000000000       -1.1193578348449435E-002   0.0000000000000000     
  -3.1680000000000001        0.0000000000000000       -1.1909560735342311E-002   0.0000000000000000     
  -2.9700000000000002        0.0000000000000000       -1.2699617902611012E-002   0.0000000000000000     
  -2.7720000000000002        0.0000000000000000       -1.3574526738774193E-002   0.0000000000000000     
  -2.5740000000000003        0.0000000000000000       -1.4544289630650884E-002   0.0000000000000000     
  -2.3760000000000003        0.0000000000000000       -1.5620820784133106E-002   0.0000000000000000     
  -2.1779999999999999        0.0000000000000000       -1.6819066103231368E-002   0.0000000000000000     
  -1.9800000000000000        0.0000000000000000       -1.8147328820507080E-002   0.0000000000000000     
  -1.7820000000000000        0.0000000000000000       -1.9606893815115899E-002   0.0000000000000000     
  -1.5840000000000001        0.0000000000000000       -2.1197213943419422E-002   0.0000000000000000     
  -1.3860000000000001        0.0000000000000000       -2.2915147288252859E-002   0.0000000000000000     
  -1.1880000000000002        0.0000000000000000       -2.4742522741846382E-002   0.0000000000000000     
 -0.98999999999999999        0.0000000000000000       -2.6633579892392064E-002   0.0000000000000000     
 -0.79200000000000004        0.0000000000000000       -2.8516935946735093E-002   0.0000000000000000     
 -0.59400000000000008        0.0000000000000000       -3.0272529284271380E-002   0.0000000000000000     
 -0.39600000000000002        0.0000000000000000       -3.1727791678134901E-002   0.0000000000000000     
 -0.19800000000000001        0.0000000000000000       -3.2698136960906184E-002   0.0000000000000000     
   0.0000000000000000        0.0000000000000000       -3.3040045880986982E-002   0.0000000000000000     
  0.19800000000000001        0.0000000000000000       -3.2698136960906184E-002   0.0000000000000000     
  0.39600000000000002        0.0000000000000000       -3.1727791678134901E-002   0.0000000000000000     
  0.59400000000000008        0.0000000000000000       -3.0272529284271380E-002   0.0000000000000000     
  0.79200000000000004        0.0000000000000000       -2.8516935946735093E-002   0.0000000000000000     
  0.98999999999999999        0.0000000000000000       -2.6633579892392064E-002   0.0000000000000000     
   1.1880000000000002        0.0000000000000000       -2.4742522741846382E-002   0.0000000000000000     
   1.3860000000000001        0.0000000000000000       -2.2915147288252859E-002   0.0000000000000000     
   1.5840000000000001        0.0000000000000000       -2.1197213943419422E-002   0.0000000000000000     
   1.7820000000000000        0.0000000000000000       -1.9606893815115899E-002   0.0000000000000000     
   1.9800000000000000        0.0000000000000000       -1.8147328820507080E-002   0.0000000000000000     
   2.1779999999999999        0.0000000000000000       -1.6819066103231368E-002   0.0000000000000000     
   2.3760000000000003        0.0000000000000000       -1.5620820784133106E-002   0.0000000000000000     
   2.5740000000000003        0.0000000000000000       -1.4544289630650884E-002   0.0000000000000000     
   2.7720000000000002        0.0000000000000000       -1.3574526738774193E-002   0.0000000000000000     
   2.9700000000000002        0.0000000000000000       -1.2699617902611012E-002   0.0000000000000000     
   3.1680000000000001        0.0000000000000000       -1.1909560735342311E-002   0.0000000000000000     
   3.3660000000000001        0.0000000000000000       -1.1193578348449435E-002   0.0000000000000000     
   3.5640000000000001        0.0000000000000000       -1.0540589161178834E-002   0.0000000000000000     
   3.7620000000000000        0.0000000000000000       -9.9425888278596442E-003   0.0000000000000000     
   3.9600000000000000        0.0000000000000000       -9.3943634881354515E-003   0.0000000000000000     
   4.1580000000000004        0.0000000000000000       -8.8912721941478458E-003   0.0000000000000000     
   4.3559999999999999        0.0000000000000000       -8.4288976631146182E-003   0.0000000000000000     
   4.5540000000000003        0.0000000000000000       -8.0031466469757118E-003   0.0000000000000000     
   4.7520000000000007        0.0000000000000000       -7.6103188134426418E-003   0.0000000000000000     
   4.9500000000000002        0.0000000000000000       -7.2471126410980774E-003   0.0000000000000000     
   5.1480000000000006        0.0000000000000000       -6.9106003996872801E-003   0.0000000000000000     
   5.3460000000000001        0.0000000000000000       -6.5981910619574693E-003   0.0000000000000000     
   5.5440000000000005        0.0000000000000000       -6.3075918394996733E-003   0.0000000000000000     
   5.7420000000000000        0.0000000000000000       -6.0367712795714960E-003   0.0000000000000000     
   5.9400000000000004        0.0000000000000000       -5.7839267341759006E-003   0.0000000000000000     
   6.1379999999999999        0.0000000000000000       -5.5474549263875043E-003   0.0000000000000000     
   6.3360000000000003        0.0000000000000000       -5.3259269742542024E-003   0.0000000000000000     
   6.5340000000000007        0.0000000000000000       -5.1180665577456978E-003   0.0000000000000000     
   6.7320000000000002        0.0000000000000000       -4.9227308253111278E-003   0.0000000000000000     
   6.9300000000000006        0.0000000000000000       -4.7388943191627756E-003   0.0000000000000000     
   7.1280000000000001        0.0000000000000000       -4.5656347476283809E-003   0.0000000000000000     
   7.3260000000000005        0.0000000000000000       -4.4021209335210233E-003   0.0000000000000000     
   7.5240000000000000        0.0000000000000000       -4.2476020721983025E-003   0.0000000000000000     
   7.7220000000000004        0.0000000000000000       -4.1013985912745866E-003   0.0000000000000000     
   7.9199999999999999        0.0000000000000000       -3.9628942973245129E-003   0.0000000000000000     
   8.1180000000000003        0.0000000000000000       -3.8315293279641486E-003   0.0000000000000000     
   8.3160000000000007        0.0000000000000000       -3.7067939687626117E-003   0.0000000000000000     
   8.5140000000000011        0.0000000000000000       -3.5882233523821488E-003   0.0000000000000000     
   8.7119999999999997        0.0000000000000000       -3.4753928678101435E-003   0.0000000000000000     
   8.9100000000000001        0.0000000000000000       -3.3679138675462988E-003   0.0000000000000000     
   9.1080000000000005        0.0000000000000000       -3.2654301449106297E-003   0.0000000000000000     
   9.3060000000000009        0.0000000000000000       -3.1676145884423643E-003   0.0000000000000000     
   9.5040000000000013        0.0000000000000000       -3.0741664038654330E-003   0.0000000000000000     
   9.7020000000000000        0.0000000000000000       -2.9848086166111348E-003   0.0000000000000000     
   9.9000000000000004        0.0000000000000000       -2.8992856165107922E-003   0.0000000000000000     
   10.098000000000001        0.0000000000000000       -2.8173613736364703E-003   0.0000000000000000     
   10.296000000000001        0.0000000000000000       -2.7388174871900181E-003   0.0000000000000000     
   10.494000000000000        0.0000000000000000       -2.6634516206046899E-003   0.0000000000000000     
   10.692000000000000        0.0000000000000000       -2.5910760265172462E-003   0.0000000000000000     
   10.890000000000001        0.0000000000000000       -2.5215162798247516E-003   0.0000000000000000     
   11.088000000000001        0.0000000000000000       -2.4546101481971085E-003   0.0000000000000000     
   11.286000000000001        0.0000000000000000       -2.3902063426470806E-003   0.0000000000000000     
   11.484000000000000        0.0000000000000000       -2.3281638630889144E-003   0.0000000000000000     
   11.682000000000000        0.0000000000000000       -2.2683508346309647E-003   0.0000000000000000     
   11.880000000000001        0.0000000000000000       -2.2106439264133167E-003   0.0000000000000000     
   12.078000000000001        0.0000000000000000       -2.1549275565997772E-003   0.0000000000000000     
   12.276000000000000        0.0000000000000000       -2.1010931726075789E-003   0.0000000000000000     
   12.474000000000000        0.0000000000000000       -2.0490388078616127E-003   0.0000000000000000     
   12.672000000000001        0.0000000000000000       -1.9986683986636272E-003   0.0000000000000000     
   12.870000000000001        0.0000000000000000       -1.9498913491269839E-003   0.0000000000000000     
   13.068000000000001        0.0000000000000000       -1.9026220184540923E-003   0.0000000000000000     
   13.266000000000000        0.0000000000000000       -1.8567793130627400E-003   0.0000000000000000     
   13.464000000000000        0.0000000000000000       -1.8122862729514910E-003   0.0000000000000000     
   13.662000000000001        0.0000000000000000       -1.7690697092221169E-003   0.0000000000000000     
   13.860000000000001        0.0000000000000000       -1.7270597535750639E-003   0.0000000000000000     
   14.058000000000000        0.0000000000000000       -1.6861896290245280E-003   0.0000000000000000     
   14.256000000000000        0.0000000000000000       -1.6463952291203077E-003   0.0000000000000000     
   14.454000000000001        0.0000000000000000       -1.6076148264448651E-003   0.0000000000000000     
   14.652000000000001        0.0000000000000000       -1.5697887050661434E-003   0.0000000000000000     
   14.850000000000001        0.0000000000000000       -1.5328588743346865E-003   0.0000000000000000     
   15.048000000000000        0.0000000000000000       -1.4967687036408269E-003   0.0000000000000000     
   15.246000000000000        0.0000000000000000       -1.4614625267541773E-003   0.0000000000000000     
   15.444000000000001        0.0000000000000000       -1.4268853413336488E-003   0.0000000000000000     
   15.642000000000001        0.0000000000000000       -1.3929822828395398E-003   0.0000000000000000     
   15.840000000000000        0.0000000000000000       -1.3596982493819321E-003   0.0000000000000000     
   16.038000000000000        0.0000000000000000       -1.3269772972841658E-003   0.0000000000000000     
   16.236000000000001        0.0000000000000000       -1.2947620168287234E-003   0.0000000000000000     
   16.434000000000001        0.0000000000000000       -1.2629928358763021E-003   0.0000000000000000     
   16.632000000000001        0.0000000000000000       -1.2316468047348212E-003   0.0000000000000000     
   16.830000000000002        0.0000000000000000       -1.2006256309183591E-003   0.0000000000000000     
   17.028000000000002        0.0000000000000000       -1.1698551652972761E-003   0.0000000000000000     
   17.225999999999999        0.0000000000000000       -1.1392564214062408E-003   0.0000000000000000     
   17.423999999999999        0.0000000000000000       -1.1087345292112036E-003   0.0000000000000000     
   17.622000000000000        0.0000000000000000       -1.0781897080634245E-003   0.0000000000000000     
   17.820000000000000        0.0000000000000000       -1.0474241742572457E-003   0.0000000000000000     
   18.018000000000001        0.0000000000000000       -1.0163348348409911E-003   0.0000000000000000     
   18.216000000000001        0.0000000000000000       -9.8473474218339083E-004   0.0000000000000000     
   18.414000000000001        0.0000000000000000       -9.5242715738061705E-004   0.0000000000000000     
   18.612000000000002        0.0000000000000000       -9.1885693163970355E-004   0.0000000000000000     
   18.810000000000002        0.0000000000000000       -8.8357245524559340E-004   0.0000000000000000     
   19.008000000000003        0.0000000000000000       -8.4534855034192470E-004   0.0000000000000000     
   19.206000000000000        0.0000000000000000       -8.0212976957717147E-004   0.0000000000000000     
   19.404000000000000        0.0000000000000000       -7.5070168771473964E-004   0.0000000000000000     
   19.602000000000000        0.0000000000000000       -6.8811109403230585E-004   0.0000000000000000     
