  -19.602000000000000        0.0000000000000000       -5.8587497249332134E-004   0.0000000000000000     
  -19.404000000000000        0.0000000000000000       -6.4168352751820944E-004   0.0000000000000000     
  -19.206000000000000        0.0000000000000000       -6.8846045350417693E-004   0.0000000000000000     
  -19.008000000000003        0.0000000000000000       -7.2804992960906565E-004   0.0000000000000000     
  -18.810000000000002        0.0000000000000000       -7.6303341136204456E-004   0.0000000000000000     
  -18.612000000000002        0.0000000000000000       -7.9518872701335864E-004   0.0000000000000000     
  -18.414000000000001        0.0000000000000000       -8.2539559555636153E-004   0.0000000000000000     
  -18.216000000000001        0.0000000000000000       -8.5444153372071178E-004   0.0000000000000000     
  -18.018000000000001        0.0000000000000000       -8.8266474528763024E-004   0.0000000000000000     
  -17.820000000000000        0.0000000000000000       -9.1036951231397581E-004   0.0000000000000000     
  -17.622000000000000        0.0000000000000000       -9.3777299503975048E-004   0.0000000000000000     
  -17.423999999999999        0.0000000000000000       -9.6501149816427209E-004   0.0000000000000000     
  -17.225999999999999        0.0000000000000000       -9.9224611104960074E-004   0.0000000000000000     
  -17.028000000000002        0.0000000000000000       -1.0195815433941349E-003   0.0000000000000000     
  -16.830000000000002        0.0000000000000000       -1.0471068607517066E-003   0.0000000000000000     
  -16.632000000000001        0.0000000000000000       -1.0749064773031994E-003   0.0000000000000000     
  -16.434000000000001        0.0000000000000000       -1.1029762783636812E-003   0.0000000000000000     
  -16.236000000000001        0.0000000000000000       -1.1315314292791416E-003   0.0000000000000000     
  -16.038000000000000        0.0000000000000000       -1.1605510298651051E-003   0.0000000000000000     
  -15.840000000000000        0.0000000000000000       -1.1900934180397440E-003   0.0000000000000000     
  -15.642000000000001        0.0000000000000000       -1.2202149495012604E-003   0.0000000000000000     
  -15.444000000000001        0.0000000000000000       -1.2509707077046051E-003   0.0000000000000000     
  -15.246000000000000        0.0000000000000000       -1.2824152578516808E-003   0.0000000000000000     
  -15.048000000000000        0.0000000000000000       -1.3146031033872459E-003   0.0000000000000000     
  -14.850000000000001        0.0000000000000000       -1.3475892388175286E-003   0.0000000000000000     
  -14.652000000000001        0.0000000000000000       -1.3814295456011710E-003   0.0000000000000000     
  -14.454000000000001        0.0000000000000000       -1.4161812251405480E-003   0.0000000000000000     
  -14.256000000000000        0.0000000000000000       -1.4519031218545868E-003   0.0000000000000000     
  -14.058000000000000        0.0000000000000000       -1.4886561375046818E-003   0.0000000000000000     
  -13.860000000000001        0.0000000000000000       -1.5265034922799325E-003   0.0000000000000000     
  -13.662000000000001        0.0000000000000000       -1.5655111812930471E-003   0.0000000000000000     
  -13.464000000000000        0.0000000000000000       -1.6057482276002821E-003   0.0000000000000000     
  -13.266000000000000        0.0000000000000000       -1.6472871468778648E-003   0.0000000000000000     
  -13.068000000000001        0.0000000000000000       -1.6902041771677853E-003   0.0000000000000000     
  -12.870000000000001        0.0000000000000000       -1.7345798624597614E-003   0.0000000000000000     
  -12.672000000000001        0.0000000000000000       -1.7804993182700044E-003   0.0000000000000000     
  -12.474000000000000        0.0000000000000000       -1.8280527621074290E-003   0.0000000000000000     
  -12.276000000000000        0.0000000000000000       -1.8773359722739319E-003   0.0000000000000000     
  -12.078000000000001        0.0000000000000000       -1.9284508293915834E-003   0.0000000000000000     
  -11.880000000000001        0.0000000000000000       -1.9815058585059154E-003   0.0000000000000000     
  -11.682000000000000        0.0000000000000000       -2.0366168655532061E-003   0.0000000000000000     
  -11.484000000000000        0.0000000000000000       -2.0939075858104872E-003   0.0000000000000000     
  -11.286000000000001        0.0000000000000000       -2.1535104812079281E-003   0.0000000000000000     
  -11.088000000000001        0.0000000000000000       -2.2155674818754335E-003   0.0000000000000000     
  -10.890000000000001        0.0000000000000000       -2.2802309292064959E-003   0.0000000000000000     
  -10.692000000000000        0.0000000000000000       -2.3476645439244681E-003   0.0000000000000000     
  -10.494000000000000        0.0000000000000000       -2.4180445630592358E-003   0.0000000000000000     
  -10.296000000000001        0.0000000000000000       -2.4915608515758080E-003   0.0000000000000000     
  -10.098000000000001        0.0000000000000000       -2.5684183284343373E-003   0.0000000000000000     
  -9.9000000000000004        0.0000000000000000       -2.6488385122469958E-003   0.0000000000000000     
  -9.7020000000000000        0.0000000000000000       -2.7330610298344775E-003   0.0000000000000000     
  -9.5040000000000013        0.0000000000000000       -2.8213456152678764E-003   0.0000000000000000     
  -9.3060000000000009        0.0000000000000000       -2.9139742407205916E-003   0.0000000000000000     
  -9.1080000000000005        0.0000000000000000       -3.0112532346461855E-003   0.0000000000000000     
  -8.9100000000000001        0.0000000000000000       -3.1135162048730545E-003   0.0000000000000000     
  -8.7119999999999997        0.0000000000000000       -3.2211267320685169E-003   0.0000000000000000     
  -8.5140000000000011        0.0000000000000000       -3.3344820122581244E-003   0.0000000000000000     
  -8.3160000000000007        0.0000000000000000       -3.4540163205257685E-003   0.0000000000000000     
  -8.1180000000000003        0.0000000000000000       -3.5802055944653007E-003   0.0000000000000000     
  -7.9199999999999999        0.0000000000000000       -3.7135720819816967E-003   0.0000000000000000     
  -7.7220000000000004        0.0000000000000000       -3.8546900417289276E-003   0.0000000000000000     
  -7.5240000000000000        0.0000000000000000       -4.0041920965489669E-003   0.0000000000000000     
  -7.3260000000000005        0.0000000000000000       -4.1627763597392384E-003   0.0000000000000000     
  -7.1280000000000001        0.0000000000000000       -4.3312149421568013E-003   0.0000000000000000     
  -6.9300000000000006        0.0000000000000000       -4.5103631437207305E-003   0.0000000000000000     
  -6.7320000000000002        0.0000000000000000       -4.7011711754595684E-003   0.0000000000000000     
  -6.5340000000000007        0.0000000000000000       -4.9046961740986670E-003   0.0000000000000000     
  -6.3360000000000003        0.0000000000000000       -5.1221172843990952E-003   0.0000000000000000     
  -6.1379999999999999        0.0000000000000000       -5.3547528049455980E-003   0.0000000000000000     
  -5.9400000000000004        0.0000000000000000       -5.6040798659198424E-003   0.0000000000000000     
  -5.7420000000000000        0.0000000000000000       -5.8717573384083951E-003   0.0000000000000000     
  -5.5440000000000005        0.0000000000000000       -6.1596521677756352E-003   0.0000000000000000     
  -5.3460000000000001        0.0000000000000000       -6.4698699929939714E-003   0.0000000000000000     
  -5.1480000000000006        0.0000000000000000       -6.8047884754535350E-003   0.0000000000000000     
  -4.9500000000000002        0.0000000000000000       -7.1670949842429386E-003   0.0000000000000000     
  -4.7520000000000007        0.0000000000000000       -7.5598236438681656E-003   0.0000000000000000     
  -4.5540000000000003        0.0000000000000000       -7.9863873587882571E-003   0.0000000000000000     
  -4.3559999999999999        0.0000000000000000       -8.4505907595446555E-003   0.0000000000000000     
  -4.1580000000000004        0.0000000000000000       -8.9565960849924721E-003   0.0000000000000000     
  -3.9600000000000000        0.0000000000000000       -9.5087875802039035E-003   0.0000000000000000     
  -3.7620000000000000        0.0000000000000000       -1.0111481991997205E-002   0.0000000000000000     
  -3.5640000000000001        0.0000000000000000       -1.0768687878130286E-002   0.0000000000000000     
  -3.3660000000000001        0.0000000000000000       -1.1485737205234235E-002   0.0000000000000000     
  -3.1680000000000001        0.0000000000000000       -1.2277627107174826E-002   0.0000000000000000     
  -2.9700000000000002        0.0000000000000000       -1.3164282295501990E-002   0.0000000000000000     
  -2.7720000000000002        0.0000000000000000       -1.4156307009725430E-002   0.0000000000000000     
  -2.5740000000000003        0.0000000000000000       -1.5261897788471850E-002   0.0000000000000000     
  -2.3760000000000003        0.0000000000000000       -1.6493168803751134E-002   0.0000000000000000     
  -2.1779999999999999        0.0000000000000000       -1.7863608756383108E-002   0.0000000000000000     
  -1.9800000000000000        0.0000000000000000       -1.9383141550917853E-002   0.0000000000000000     
  -1.7820000000000000        0.0000000000000000       -2.1053736217278646E-002   0.0000000000000000     
  -1.5840000000000001        0.0000000000000000       -2.2873250143666261E-002   0.0000000000000000     
  -1.3860000000000001        0.0000000000000000       -2.4831584908771302E-002   0.0000000000000000     
  -1.1880000000000002        0.0000000000000000       -2.6908599004664028E-002   0.0000000000000000     
 -0.98999999999999999        0.0000000000000000       -2.9060238110239032E-002   0.0000000000000000     
 -0.79200000000000004        0.0000000000000000       -3.1196339984730852E-002   0.0000000000000000     
 -0.59400000000000008        0.0000000000000000       -3.3187175930265177E-002   0.0000000000000000     
 -0.39600000000000002        0.0000000000000000       -3.4849166334569831E-002   0.0000000000000000     
 -0.19800000000000001        0.0000000000000000       -3.5964395193418257E-002   0.0000000000000000     
   0.0000000000000000        0.0000000000000000       -3.6358364691520664E-002   0.0000000000000000     
  0.19800000000000001        0.0000000000000000       -3.5964395193418257E-002   0.0000000000000000     
  0.39600000000000002        0.0000000000000000       -3.4849166334569831E-002   0.0000000000000000     
  0.59400000000000008        0.0000000000000000       -3.3187175930265177E-002   0.0000000000000000     
  0.79200000000000004        0.0000000000000000       -3.1196339984730852E-002   0.0000000000000000     
  0.98999999999999999        0.0000000000000000       -2.9060238110239032E-002   0.0000000000000000     
   1.1880000000000002        0.0000000000000000       -2.6908599004664028E-002   0.0000000000000000     
   1.3860000000000001        0.0000000000000000       -2.4831584908771302E-002   0.0000000000000000     
   1.5840000000000001        0.0000000000000000       -2.2873250143666261E-002   0.0000000000000000     
   1.7820000000000000        0.0000000000000000       -2.1053736217278646E-002   0.0000000000000000     
   1.9800000000000000        0.0000000000000000       -1.9383141550917853E-002   0.0000000000000000     
   2.1779999999999999        0.0000000000000000       -1.7863608756383108E-002   0.0000000000000000     
   2.3760000000000003        0.0000000000000000       -1.6493168803751134E-002   0.0000000000000000     
   2.5740000000000003        0.0000000000000000       -1.5261897788471850E-002   0.0000000000000000     
   2.7720000000000002        0.0000000000000000       -1.4156307009725430E-002   0.0000000000000000     
   2.9700000000000002        0.0000000000000000       -1.3164282295501990E-002   0.0000000000000000     
   3.1680000000000001        0.0000000000000000       -1.2277627107174826E-002   0.0000000000000000     
   3.3660000000000001        0.0000000000000000       -1.1485737205234235E-002   0.0000000000000000     
   3.5640000000000001        0.0000000000000000       -1.0768687878130286E-002   0.0000000000000000     
   3.7620000000000000        0.0000000000000000       -1.0111481991997205E-002   0.0000000000000000     
   3.9600000000000000        0.0000000000000000       -9.5087875802039035E-003   0.0000000000000000     
   4.1580000000000004        0.0000000000000000       -8.9565960849924721E-003   0.0000000000000000     
   4.3559999999999999        0.0000000000000000       -8.4505907595446555E-003   0.0000000000000000     
   4.5540000000000003        0.0000000000000000       -7.9863873587882571E-003   0.0000000000000000     
   4.7520000000000007        0.0000000000000000       -7.5598236438681656E-003   0.0000000000000000     
   4.9500000000000002        0.0000000000000000       -7.1670949842429386E-003   0.0000000000000000     
   5.1480000000000006        0.0000000000000000       -6.8047884754535350E-003   0.0000000000000000     
   5.3460000000000001        0.0000000000000000       -6.4698699929939714E-003   0.0000000000000000     
   5.5440000000000005        0.0000000000000000       -6.1596521677756352E-003   0.0000000000000000     
   5.7420000000000000        0.0000000000000000       -5.8717573384083951E-003   0.0000000000000000     
   5.9400000000000004        0.0000000000000000       -5.6040798659198424E-003   0.0000000000000000     
   6.1379999999999999        0.0000000000000000       -5.3547528049455980E-003   0.0000000000000000     
   6.3360000000000003        0.0000000000000000       -5.1221172843990952E-003   0.0000000000000000     
   6.5340000000000007        0.0000000000000000       -4.9046961740986670E-003   0.0000000000000000     
   6.7320000000000002        0.0000000000000000       -4.7011711754595684E-003   0.0000000000000000     
   6.9300000000000006        0.0000000000000000       -4.5103631437207305E-003   0.0000000000000000     
   7.1280000000000001        0.0000000000000000       -4.3312149421568013E-003   0.0000000000000000     
   7.3260000000000005        0.0000000000000000       -4.1627763597392384E-003   0.0000000000000000     
   7.5240000000000000        0.0000000000000000       -4.0041920965489669E-003   0.0000000000000000     
   7.7220000000000004        0.0000000000000000       -3.8546900417289276E-003   0.0000000000000000     
   7.9199999999999999        0.0000000000000000       -3.7135720819816967E-003   0.0000000000000000     
   8.1180000000000003        0.0000000000000000       -3.5802055944653007E-003   0.0000000000000000     
   8.3160000000000007        0.0000000000000000       -3.4540163205257685E-003   0.0000000000000000     
   8.5140000000000011        0.0000000000000000       -3.3344820122581244E-003   0.0000000000000000     
   8.7119999999999997        0.0000000000000000       -3.2211267320685169E-003   0.0000000000000000     
   8.9100000000000001        0.0000000000000000       -3.1135162048730545E-003   0.0000000000000000     
   9.1080000000000005        0.0000000000000000       -3.0112532346461855E-003   0.0000000000000000     
   9.3060000000000009        0.0000000000000000       -2.9139742407205916E-003   0.0000000000000000     
   9.5040000000000013        0.0000000000000000       -2.8213456152678764E-003   0.0000000000000000     
   9.7020000000000000        0.0000000000000000       -2.7330610298344775E-003   0.0000000000000000     
   9.9000000000000004        0.0000000000000000       -2.6488385122469958E-003   0.0000000000000000     
   10.098000000000001        0.0000000000000000       -2.5684183284343373E-003   0.0000000000000000     
   10.296000000000001        0.0000000000000000       -2.4915608515758080E-003   0.0000000000000000     
   10.494000000000000        0.0000000000000000       -2.4180445630592358E-003   0.0000000000000000     
   10.692000000000000        0.0000000000000000       -2.3476645439244681E-003   0.0000000000000000     
   10.890000000000001        0.0000000000000000       -2.2802309292064959E-003   0.0000000000000000     
   11.088000000000001        0.0000000000000000       -2.2155674818754335E-003   0.0000000000000000     
   11.286000000000001        0.0000000000000000       -2.1535104812079281E-003   0.0000000000000000     
   11.484000000000000        0.0000000000000000       -2.0939075858104872E-003   0.0000000000000000     
   11.682000000000000        0.0000000000000000       -2.0366168655532061E-003   0.0000000000000000     
   11.880000000000001        0.0000000000000000       -1.9815058585059154E-003   0.0000000000000000     
   12.078000000000001        0.0000000000000000       -1.9284508293915834E-003   0.0000000000000000     
   12.276000000000000        0.0000000000000000       -1.8773359722739319E-003   0.0000000000000000     
   12.474000000000000        0.0000000000000000       -1.8280527621074290E-003   0.0000000000000000     
   12.672000000000001        0.0000000000000000       -1.7804993182700044E-003   0.0000000000000000     
   12.870000000000001        0.0000000000000000       -1.7345798624597614E-003   0.0000000000000000     
   13.068000000000001        0.0000000000000000       -1.6902041771677853E-003   0.0000000000000000     
   13.266000000000000        0.0000000000000000       -1.6472871468778648E-003   0.0000000000000000     
   13.464000000000000        0.0000000000000000       -1.6057482276002821E-003   0.0000000000000000     
   13.662000000000001        0.0000000000000000       -1.5655111812930471E-003   0.0000000000000000     
   13.860000000000001        0.0000000000000000       -1.5265034922799325E-003   0.0000000000000000     
   14.058000000000000        0.0000000000000000       -1.4886561375046818E-003   0.0000000000000000     
   14.256000000000000        0.0000000000000000       -1.4519031218545868E-003   0.0000000000000000     
   14.454000000000001        0.0000000000000000       -1.4161812251405480E-003   0.0000000000000000     
   14.652000000000001        0.0000000000000000       -1.3814295456011710E-003   0.0000000000000000     
   14.850000000000001        0.0000000000000000       -1.3475892388175286E-003   0.0000000000000000     
   15.048000000000000        0.0000000000000000       -1.3146031033872459E-003   0.0000000000000000     
   15.246000000000000        0.0000000000000000       -1.2824152578516808E-003   0.0000000000000000     
   15.444000000000001        0.0000000000000000       -1.2509707077046051E-003   0.0000000000000000     
   15.642000000000001        0.0000000000000000       -1.2202149495012604E-003   0.0000000000000000     
   15.840000000000000        0.0000000000000000       -1.1900934180397440E-003   0.0000000000000000     
   16.038000000000000        0.0000000000000000       -1.1605510298651051E-003   0.0000000000000000     
   16.236000000000001        0.0000000000000000       -1.1315314292791416E-003   0.0000000000000000     
   16.434000000000001        0.0000000000000000       -1.1029762783636812E-003   0.0000000000000000     
   16.632000000000001        0.0000000000000000       -1.0749064773031994E-003   0.0000000000000000     
   16.830000000000002        0.0000000000000000       -1.0471068607517066E-003   0.0000000000000000     
   17.028000000000002        0.0000000000000000       -1.0195815433941349E-003   0.0000000000000000     
   17.225999999999999        0.0000000000000000       -9.9224611104960074E-004   0.0000000000000000     
   17.423999999999999        0.0000000000000000       -9.6501149816427209E-004   0.0000000000000000     
   17.622000000000000        0.0000000000000000       -9.3777299503975048E-004   0.0000000000000000     
   17.820000000000000        0.0000000000000000       -9.1036951231397581E-004   0.0000000000000000     
   18.018000000000001        0.0000000000000000       -8.8266474528763024E-004   0.0000000000000000     
   18.216000000000001        0.0000000000000000       -8.5444153372071178E-004   0.0000000000000000     
   18.414000000000001        0.0000000000000000       -8.2539559555636153E-004   0.0000000000000000     
   18.612000000000002        0.0000000000000000       -7.9518872701335864E-004   0.0000000000000000     
   18.810000000000002        0.0000000000000000       -7.6303341136204456E-004   0.0000000000000000     
   19.008000000000003        0.0000000000000000       -7.2804992960906565E-004   0.0000000000000000     
   19.206000000000000        0.0000000000000000       -6.8846045350417693E-004   0.0000000000000000     
   19.404000000000000        0.0000000000000000       -6.4168352751820944E-004   0.0000000000000000     
   19.602000000000000        0.0000000000000000       -5.8587497249332134E-004   0.0000000000000000     
