  -19.602000000000000        0.0000000000000000       -5.7768252786981485E-004   0.0000000000000000     
  -19.404000000000000        0.0000000000000000       -6.1938964998764566E-004   0.0000000000000000     
  -19.206000000000000        0.0000000000000000       -6.5569369926670601E-004   0.0000000000000000     
  -19.008000000000003        0.0000000000000000       -6.8762956182883176E-004   0.0000000000000000     
  -18.810000000000002        0.0000000000000000       -7.1669938088160165E-004   0.0000000000000000     
  -18.612000000000002        0.0000000000000000       -7.4403750104451915E-004   0.0000000000000000     
  -18.414000000000001        0.0000000000000000       -7.7024166602663896E-004   0.0000000000000000     
  -18.216000000000001        0.0000000000000000       -7.9570268563482400E-004   0.0000000000000000     
  -18.018000000000001        0.0000000000000000       -8.2064239153005177E-004   0.0000000000000000     
  -17.820000000000000        0.0000000000000000       -8.4528813941156262E-004   0.0000000000000000     
  -17.622000000000000        0.0000000000000000       -8.6971752759157155E-004   0.0000000000000000     
  -17.423999999999999        0.0000000000000000       -8.9406149780667113E-004   0.0000000000000000     
  -17.225999999999999        0.0000000000000000       -9.1840211101403674E-004   0.0000000000000000     
  -17.028000000000002        0.0000000000000000       -9.4280896567137474E-004   0.0000000000000000     
  -16.830000000000002        0.0000000000000000       -9.6727548464285728E-004   0.0000000000000000     
  -16.632000000000001        0.0000000000000000       -9.9199584621521017E-004   0.0000000000000000     
  -16.434000000000001        0.0000000000000000       -1.0169519525495810E-003   0.0000000000000000     
  -16.236000000000001        0.0000000000000000       -1.0421909331033942E-003   0.0000000000000000     
  -16.038000000000000        0.0000000000000000       -1.0677574111001293E-003   0.0000000000000000     
  -15.840000000000000        0.0000000000000000       -1.0936941250181906E-003   0.0000000000000000     
  -15.642000000000001        0.0000000000000000       -1.1200425482362801E-003   0.0000000000000000     
  -15.444000000000001        0.0000000000000000       -1.1468433335465710E-003   0.0000000000000000     
  -15.246000000000000        0.0000000000000000       -1.1741367194153254E-003   0.0000000000000000     
  -15.048000000000000        0.0000000000000000       -1.2019628606601337E-003   0.0000000000000000     
  -14.850000000000001        0.0000000000000000       -1.2303621941536043E-003   0.0000000000000000     
  -14.652000000000001        0.0000000000000000       -1.2593756291644077E-003   0.0000000000000000     
  -14.454000000000001        0.0000000000000000       -1.2890448655909199E-003   0.0000000000000000     
  -14.256000000000000        0.0000000000000000       -1.3194126485942203E-003   0.0000000000000000     
  -14.058000000000000        0.0000000000000000       -1.3505229946568934E-003   0.0000000000000000     
  -13.860000000000001        0.0000000000000000       -1.3824213676369745E-003   0.0000000000000000     
  -13.662000000000001        0.0000000000000000       -1.4151549993059623E-003   0.0000000000000000     
  -13.464000000000000        0.0000000000000000       -1.4487730534200373E-003   0.0000000000000000     
  -13.266000000000000        0.0000000000000000       -1.4833268891096720E-003   0.0000000000000000     
  -13.068000000000001        0.0000000000000000       -1.5188703016864034E-003   0.0000000000000000     
  -12.870000000000001        0.0000000000000000       -1.5554597823454520E-003   0.0000000000000000     
  -12.672000000000001        0.0000000000000000       -1.5931547725682818E-003   0.0000000000000000     
  -12.474000000000000        0.0000000000000000       -1.6320179775170644E-003   0.0000000000000000     
  -12.276000000000000        0.0000000000000000       -1.6721155870238610E-003   0.0000000000000000     
  -12.078000000000001        0.0000000000000000       -1.7135177669977473E-003   0.0000000000000000     
  -11.880000000000001        0.0000000000000000       -1.7562987814412601E-003   0.0000000000000000     
  -11.682000000000000        0.0000000000000000       -1.8005375899738068E-003   0.0000000000000000     
  -11.484000000000000        0.0000000000000000       -1.8463181028103258E-003   0.0000000000000000     
  -11.286000000000001        0.0000000000000000       -1.8937296916403412E-003   0.0000000000000000     
  -11.088000000000001        0.0000000000000000       -1.9428676454325575E-003   0.0000000000000000     
  -10.890000000000001        0.0000000000000000       -1.9938337403058197E-003   0.0000000000000000     
  -10.692000000000000        0.0000000000000000       -2.0467367313971073E-003   0.0000000000000000     
  -10.494000000000000        0.0000000000000000       -2.1016931016669110E-003   0.0000000000000000     
  -10.296000000000001        0.0000000000000000       -2.1588276354571802E-003   0.0000000000000000     
  -10.098000000000001        0.0000000000000000       -2.2182742303212418E-003   0.0000000000000000     
  -9.9000000000000004        0.0000000000000000       -2.2801767662325588E-003   0.0000000000000000     
  -9.7020000000000000        0.0000000000000000       -2.3446899534780544E-003   0.0000000000000000     
  -9.5040000000000013        0.0000000000000000       -2.4119804081080770E-003   0.0000000000000000     
  -9.3060000000000009        0.0000000000000000       -2.4822277258885247E-003   0.0000000000000000     
  -9.1080000000000005        0.0000000000000000       -2.5556257490136065E-003   0.0000000000000000     
  -8.9100000000000001        0.0000000000000000       -2.6323838934235637E-003   0.0000000000000000     
  -8.7119999999999997        0.0000000000000000       -2.7127287543751927E-003   0.0000000000000000     
  -8.5140000000000011        0.0000000000000000       -2.7969057000296364E-003   0.0000000000000000     
  -8.3160000000000007        0.0000000000000000       -2.8851806725487972E-003   0.0000000000000000     
  -8.1180000000000003        0.0000000000000000       -2.9778424562877459E-003   0.0000000000000000     
  -7.9199999999999999        0.0000000000000000       -3.0752047768463106E-003   0.0000000000000000     
  -7.7220000000000004        0.0000000000000000       -3.1776088689449418E-003   0.0000000000000000     
  -7.5240000000000000        0.0000000000000000       -3.2854264393850021E-003   0.0000000000000000     
  -7.3260000000000005        0.0000000000000000       -3.3990625705562767E-003   0.0000000000000000     
  -7.1280000000000001        0.0000000000000000       -3.5189594920010596E-003   0.0000000000000000     
  -6.9300000000000006        0.0000000000000000       -3.6456001226933170E-003   0.0000000000000000     
  -6.7320000000000002        0.0000000000000000       -3.7795125720514280E-003   0.0000000000000000     
  -6.5340000000000007        0.0000000000000000       -3.9212748196548923E-003   0.0000000000000000     
  -6.3360000000000003        0.0000000000000000       -4.0715198250719049E-003   0.0000000000000000     
  -6.1379999999999999        0.0000000000000000       -4.2309414436406852E-003   0.0000000000000000     
  -5.9400000000000004        0.0000000000000000       -4.4003005142721216E-003   0.0000000000000000     
  -5.7420000000000000        0.0000000000000000       -4.5804317575844833E-003   0.0000000000000000     
  -5.5440000000000005        0.0000000000000000       -4.7722511261557308E-003   0.0000000000000000     
  -5.3460000000000001        0.0000000000000000       -4.9767633620540061E-003   0.0000000000000000     
  -5.1480000000000006        0.0000000000000000       -5.1950701117954787E-003   0.0000000000000000     
  -4.9500000000000002        0.0000000000000000       -5.4283776801496292E-003   0.0000000000000000     
  -4.7520000000000007        0.0000000000000000       -5.6780041958690549E-003   0.0000000000000000     
  -4.5540000000000003        0.0000000000000000       -5.9453853227850531E-003   0.0000000000000000     
  -4.3559999999999999        0.0000000000000000       -6.2320759912544111E-003   0.0000000000000000     
  -4.1580000000000004        0.0000000000000000       -6.5397461889376450E-003   0.0000000000000000     
  -3.9600000000000000        0.0000000000000000       -6.8701655517579016E-003   0.0000000000000000     
  -3.7620000000000000        0.0000000000000000       -7.2251697615048054E-003   0.0000000000000000     
  -3.5640000000000001        0.0000000000000000       -7.6066072629574341E-003   0.0000000000000000     
  -3.3660000000000001        0.0000000000000000       -8.0163051658755698E-003   0.0000000000000000     
  -3.1680000000000001        0.0000000000000000       -8.4563297166423655E-003   0.0000000000000000     
  -2.9700000000000002        0.0000000000000000       -8.9305713380516336E-003   0.0000000000000000     
  -2.7720000000000002        0.0000000000000000       -9.4473158290608820E-003   0.0000000000000000     
  -2.5740000000000003        0.0000000000000000       -1.0012299801033313E-002   0.0000000000000000     
  -2.3760000000000003        0.0000000000000000       -1.0624569933767760E-002   0.0000000000000000     
  -2.1779999999999999        0.0000000000000000       -1.1282391043934916E-002   0.0000000000000000     
  -1.9800000000000000        0.0000000000000000       -1.1986613436902457E-002   0.0000000000000000     
  -1.7820000000000000        0.0000000000000000       -1.2734461448724831E-002   0.0000000000000000     
  -1.5840000000000001        0.0000000000000000       -1.3518322261003975E-002   0.0000000000000000     
  -1.3860000000000001        0.0000000000000000       -1.4326077388005024E-002   0.0000000000000000     
  -1.1880000000000002        0.0000000000000000       -1.5140388899627171E-002   0.0000000000000000     
 -0.98999999999999999        0.0000000000000000       -1.5936960549121994E-002   0.0000000000000000     
 -0.79200000000000004        0.0000000000000000       -1.6685588183359714E-002   0.0000000000000000     
 -0.59400000000000008        0.0000000000000000       -1.7344918009146316E-002   0.0000000000000000     
 -0.39600000000000002        0.0000000000000000       -1.7866440164907654E-002   0.0000000000000000     
 -0.19800000000000001        0.0000000000000000       -1.8201255082249918E-002   0.0000000000000000     
   0.0000000000000000        0.0000000000000000       -1.8317123518484947E-002   0.0000000000000000     
  0.19800000000000001        0.0000000000000000       -1.8201255082249918E-002   0.0000000000000000     
  0.39600000000000002        0.0000000000000000       -1.7866440164907654E-002   0.0000000000000000     
  0.59400000000000008        0.0000000000000000       -1.7344918009146316E-002   0.0000000000000000     
  0.79200000000000004        0.0000000000000000       -1.6685588183359714E-002   0.0000000000000000     
  0.98999999999999999        0.0000000000000000       -1.5936960549121994E-002   0.0000000000000000     
   1.1880000000000002        0.0000000000000000       -1.5140388899627171E-002   0.0000000000000000     
   1.3860000000000001        0.0000000000000000       -1.4326077388005024E-002   0.0000000000000000     
   1.5840000000000001        0.0000000000000000       -1.3518322261003975E-002   0.0000000000000000     
   1.7820000000000000        0.0000000000000000       -1.2734461448724831E-002   0.0000000000000000     
   1.9800000000000000        0.0000000000000000       -1.1986613436902457E-002   0.0000000000000000     
   2.1779999999999999        0.0000000000000000       -1.1282391043934916E-002   0.0000000000000000     
   2.3760000000000003        0.0000000000000000       -1.0624569933767760E-002   0.0000000000000000     
   2.5740000000000003        0.0000000000000000       -1.0012299801033313E-002   0.0000000000000000     
   2.7720000000000002        0.0000000000000000       -9.4473158290608820E-003   0.0000000000000000     
   2.9700000000000002        0.0000000000000000       -8.9305713380516336E-003   0.0000000000000000     
   3.1680000000000001        0.0000000000000000       -8.4563297166423655E-003   0.0000000000000000     
   3.3660000000000001        0.0000000000000000       -8.0163051658755698E-003   0.0000000000000000     
   3.5640000000000001        0.0000000000000000       -7.6066072629574341E-003   0.0000000000000000     
   3.7620000000000000        0.0000000000000000       -7.2251697615048054E-003   0.0000000000000000     
   3.9600000000000000        0.0000000000000000       -6.8701655517579016E-003   0.0000000000000000     
   4.1580000000000004        0.0000000000000000       -6.5397461889376450E-003   0.0000000000000000     
   4.3559999999999999        0.0000000000000000       -6.2320759912544111E-003   0.0000000000000000     
   4.5540000000000003        0.0000000000000000       -5.9453853227850531E-003   0.0000000000000000     
   4.7520000000000007        0.0000000000000000       -5.6780041958690549E-003   0.0000000000000000     
   4.9500000000000002        0.0000000000000000       -5.4283776801496292E-003   0.0000000000000000     
   5.1480000000000006        0.0000000000000000       -5.1950701117954787E-003   0.0000000000000000     
   5.3460000000000001        0.0000000000000000       -4.9767633620540061E-003   0.0000000000000000     
   5.5440000000000005        0.0000000000000000       -4.7722511261557308E-003   0.0000000000000000     
   5.7420000000000000        0.0000000000000000       -4.5804317575844833E-003   0.0000000000000000     
   5.9400000000000004        0.0000000000000000       -4.4003005142721216E-003   0.0000000000000000     
   6.1379999999999999        0.0000000000000000       -4.2309414436406852E-003   0.0000000000000000     
   6.3360000000000003        0.0000000000000000       -4.0715198250719049E-003   0.0000000000000000     
   6.5340000000000007        0.0000000000000000       -3.9212748196548923E-003   0.0000000000000000     
   6.7320000000000002        0.0000000000000000       -3.7795125720514280E-003   0.0000000000000000     
   6.9300000000000006        0.0000000000000000       -3.6456001226933170E-003   0.0000000000000000     
   7.1280000000000001        0.0000000000000000       -3.5189594920010596E-003   0.0000000000000000     
   7.3260000000000005        0.0000000000000000       -3.3990625705562767E-003   0.0000000000000000     
   7.5240000000000000        0.0000000000000000       -3.2854264393850021E-003   0.0000000000000000     
   7.7220000000000004        0.0000000000000000       -3.1776088689449418E-003   0.0000000000000000     
   7.9199999999999999        0.0000000000000000       -3.0752047768463106E-003   0.0000000000000000     
   8.1180000000000003        0.0000000000000000       -2.9778424562877459E-003   0.0000000000000000     
   8.3160000000000007        0.0000000000000000       -2.8851806725487972E-003   0.0000000000000000     
   8.5140000000000011        0.0000000000000000       -2.7969057000296364E-003   0.0000000000000000     
   8.7119999999999997        0.0000000000000000       -2.7127287543751927E-003   0.0000000000000000     
   8.9100000000000001        0.0000000000000000       -2.6323838934235637E-003   0.0000000000000000     
   9.1080000000000005        0.0000000000000000       -2.5556257490136065E-003   0.0000000000000000     
   9.3060000000000009        0.0000000000000000       -2.4822277258885247E-003   0.0000000000000000     
   9.5040000000000013        0.0000000000000000       -2.4119804081080770E-003   0.0000000000000000     
   9.7020000000000000        0.0000000000000000       -2.3446899534780544E-003   0.0000000000000000     
   9.9000000000000004        0.0000000000000000       -2.2801767662325588E-003   0.0000000000000000     
   10.098000000000001        0.0000000000000000       -2.2182742303212418E-003   0.0000000000000000     
   10.296000000000001        0.0000000000000000       -2.1588276354571802E-003   0.0000000000000000     
   10.494000000000000        0.0000000000000000       -2.1016931016669110E-003   0.0000000000000000     
   10.692000000000000        0.0000000000000000       -2.0467367313971073E-003   0.0000000000000000     
   10.890000000000001        0.0000000000000000       -1.9938337403058197E-003   0.0000000000000000     
   11.088000000000001        0.0000000000000000       -1.9428676454325575E-003   0.0000000000000000     
   11.286000000000001        0.0000000000000000       -1.8937296916403412E-003   0.0000000000000000     
   11.484000000000000        0.0000000000000000       -1.8463181028103258E-003   0.0000000000000000     
   11.682000000000000        0.0000000000000000       -1.8005375899738068E-003   0.0000000000000000     
   11.880000000000001        0.0000000000000000       -1.7562987814412601E-003   0.0000000000000000     
   12.078000000000001        0.0000000000000000       -1.7135177669977473E-003   0.0000000000000000     
   12.276000000000000        0.0000000000000000       -1.6721155870238610E-003   0.0000000000000000     
   12.474000000000000        0.0000000000000000       -1.6320179775170644E-003   0.0000000000000000     
   12.672000000000001        0.0000000000000000       -1.5931547725682818E-003   0.0000000000000000     
   12.870000000000001        0.0000000000000000       -1.5554597823454520E-003   0.0000000000000000     
   13.068000000000001        0.0000000000000000       -1.5188703016864034E-003   0.0000000000000000     
   13.266000000000000        0.0000000000000000       -1.4833268891096720E-003   0.0000000000000000     
   13.464000000000000        0.0000000000000000       -1.4487730534200373E-003   0.0000000000000000     
   13.662000000000001        0.0000000000000000       -1.4151549993059623E-003   0.0000000000000000     
   13.860000000000001        0.0000000000000000       -1.3824213676369745E-003   0.0000000000000000     
   14.058000000000000        0.0000000000000000       -1.3505229946568934E-003   0.0000000000000000     
   14.256000000000000        0.0000000000000000       -1.3194126485942203E-003   0.0000000000000000     
   14.454000000000001        0.0000000000000000       -1.2890448655909199E-003   0.0000000000000000     
   14.652000000000001        0.0000000000000000       -1.2593756291644077E-003   0.0000000000000000     
   14.850000000000001        0.0000000000000000       -1.2303621941536043E-003   0.0000000000000000     
   15.048000000000000        0.0000000000000000       -1.2019628606601337E-003   0.0000000000000000     
   15.246000000000000        0.0000000000000000       -1.1741367194153254E-003   0.0000000000000000     
   15.444000000000001        0.0000000000000000       -1.1468433335465710E-003   0.0000000000000000     
   15.642000000000001        0.0000000000000000       -1.1200425482362801E-003   0.0000000000000000     
   15.840000000000000        0.0000000000000000       -1.0936941250181906E-003   0.0000000000000000     
   16.038000000000000        0.0000000000000000       -1.0677574111001293E-003   0.0000000000000000     
   16.236000000000001        0.0000000000000000       -1.0421909331033942E-003   0.0000000000000000     
   16.434000000000001        0.0000000000000000       -1.0169519525495810E-003   0.0000000000000000     
   16.632000000000001        0.0000000000000000       -9.9199584621521017E-004   0.0000000000000000     
   16.830000000000002        0.0000000000000000       -9.6727548464285728E-004   0.0000000000000000     
   17.028000000000002        0.0000000000000000       -9.4280896567137474E-004   0.0000000000000000     
   17.225999999999999        0.0000000000000000       -9.1840211101403674E-004   0.0000000000000000     
   17.423999999999999        0.0000000000000000       -8.9406149780667113E-004   0.0000000000000000     
   17.622000000000000        0.0000000000000000       -8.6971752759157155E-004   0.0000000000000000     
   17.820000000000000        0.0000000000000000       -8.4528813941156262E-004   0.0000000000000000     
   18.018000000000001        0.0000000000000000       -8.2064239153005177E-004   0.0000000000000000     
   18.216000000000001        0.0000000000000000       -7.9570268563482400E-004   0.0000000000000000     
   18.414000000000001        0.0000000000000000       -7.7024166602663896E-004   0.0000000000000000     
   18.612000000000002        0.0000000000000000       -7.4403750104451915E-004   0.0000000000000000     
   18.810000000000002        0.0000000000000000       -7.1669938088160165E-004   0.0000000000000000     
   19.008000000000003        0.0000000000000000       -6.8762956182883176E-004   0.0000000000000000     
   19.206000000000000        0.0000000000000000       -6.5569369926670601E-004   0.0000000000000000     
   19.404000000000000        0.0000000000000000       -6.1938964998764566E-004   0.0000000000000000     
   19.602000000000000        0.0000000000000000       -5.7768252786981485E-004   0.0000000000000000     
