  -19.602000000000000        0.0000000000000000       -5.7774622437240842E-004   0.0000000000000000     
  -19.404000000000000        0.0000000000000000       -6.1938920616578293E-004   0.0000000000000000     
  -19.206000000000000        0.0000000000000000       -6.5561474460169508E-004   0.0000000000000000     
  -19.008000000000003        0.0000000000000000       -6.8753453094968370E-004   0.0000000000000000     
  -18.810000000000002        0.0000000000000000       -7.1660412417409128E-004   0.0000000000000000     
  -18.612000000000002        0.0000000000000000       -7.4395489856014872E-004   0.0000000000000000     
  -18.414000000000001        0.0000000000000000       -7.7016873590928013E-004   0.0000000000000000     
  -18.216000000000001        0.0000000000000000       -7.9563346509396846E-004   0.0000000000000000     
  -18.018000000000001        0.0000000000000000       -8.2060325132702998E-004   0.0000000000000000     
  -17.820000000000000        0.0000000000000000       -8.4522916364348556E-004   0.0000000000000000     
  -17.622000000000000        0.0000000000000000       -8.6966955980396186E-004   0.0000000000000000     
  -17.423999999999999        0.0000000000000000       -8.9403473622401235E-004   0.0000000000000000     
  -17.225999999999999        0.0000000000000000       -9.1836697765138248E-004   0.0000000000000000     
  -17.028000000000002        0.0000000000000000       -9.4276696436126700E-004   0.0000000000000000     
  -16.830000000000002        0.0000000000000000       -9.6729460585288939E-004   0.0000000000000000     
  -16.632000000000001        0.0000000000000000       -9.9201562693623443E-004   0.0000000000000000     
  -16.434000000000001        0.0000000000000000       -1.0169724554604897E-003   0.0000000000000000     
  -16.236000000000001        0.0000000000000000       -1.0422122363223660E-003   0.0000000000000000     
  -16.038000000000000        0.0000000000000000       -1.0677795478101070E-003   0.0000000000000000     
  -15.840000000000000        0.0000000000000000       -1.0937171779460946E-003   0.0000000000000000     
  -15.642000000000001        0.0000000000000000       -1.1200665761435715E-003   0.0000000000000000     
  -15.444000000000001        0.0000000000000000       -1.1468684053339449E-003   0.0000000000000000     
  -15.246000000000000        0.0000000000000000       -1.1741628982225474E-003   0.0000000000000000     
  -15.048000000000000        0.0000000000000000       -1.2019902091660968E-003   0.0000000000000000     
  -14.850000000000001        0.0000000000000000       -1.2303907644370940E-003   0.0000000000000000     
  -14.652000000000001        0.0000000000000000       -1.2594054820608193E-003   0.0000000000000000     
  -14.454000000000001        0.0000000000000000       -1.2890760741488152E-003   0.0000000000000000     
  -14.256000000000000        0.0000000000000000       -1.3194452798707971E-003   0.0000000000000000     
  -14.058000000000000        0.0000000000000000       -1.3505570926656385E-003   0.0000000000000000     
  -13.860000000000001        0.0000000000000000       -1.3824570077308207E-003   0.0000000000000000     
  -13.662000000000001        0.0000000000000000       -1.4151922388637487E-003   0.0000000000000000     
  -13.464000000000000        0.0000000000000000       -1.4488119567337165E-003   0.0000000000000000     
  -13.266000000000000        0.0000000000000000       -1.4833675202407582E-003   0.0000000000000000     
  -13.068000000000001        0.0000000000000000       -1.5189127212398555E-003   0.0000000000000000     
  -12.870000000000001        0.0000000000000000       -1.5555040663655139E-003   0.0000000000000000     
  -12.672000000000001        0.0000000000000000       -1.5932009934122044E-003   0.0000000000000000     
  -12.474000000000000        0.0000000000000000       -1.6320661909506268E-003   0.0000000000000000     
  -12.276000000000000        0.0000000000000000       -1.6721658884480248E-003   0.0000000000000000     
  -12.078000000000001        0.0000000000000000       -1.7135702116021989E-003   0.0000000000000000     
  -11.880000000000001        0.0000000000000000       -1.7563534624378074E-003   0.0000000000000000     
  -11.682000000000000        0.0000000000000000       -1.8005945721152772E-003   0.0000000000000000     
  -11.484000000000000        0.0000000000000000       -1.8463774973978397E-003   0.0000000000000000     
  -11.286000000000001        0.0000000000000000       -1.8937915492548434E-003   0.0000000000000000     
  -11.088000000000001        0.0000000000000000       -1.9429320871687463E-003   0.0000000000000000     
  -10.890000000000001        0.0000000000000000       -1.9939008279208385E-003   0.0000000000000000     
  -10.692000000000000        0.0000000000000000       -2.0468065955487951E-003   0.0000000000000000     
  -10.494000000000000        0.0000000000000000       -2.1017658140212070E-003   0.0000000000000000     
  -10.296000000000001        0.0000000000000000       -2.1589033183761854E-003   0.0000000000000000     
  -10.098000000000001        0.0000000000000000       -2.2183529906125554E-003   0.0000000000000000     
  -9.9000000000000004        0.0000000000000000       -2.2802587100124666E-003   0.0000000000000000     
  -9.7020000000000000        0.0000000000000000       -2.3447752248849656E-003   0.0000000000000000     
  -9.5040000000000013        0.0000000000000000       -2.4120691300801864E-003   0.0000000000000000     
  -9.3060000000000009        0.0000000000000000       -2.4823200248205841E-003   0.0000000000000000     
  -9.1080000000000005        0.0000000000000000       -2.5557218151314454E-003   0.0000000000000000     
  -8.9100000000000001        0.0000000000000000       -2.6324839229443764E-003   0.0000000000000000     
  -8.7119999999999997        0.0000000000000000       -2.7128329000787785E-003   0.0000000000000000     
  -8.5140000000000011        0.0000000000000000       -2.7970142254208252E-003   0.0000000000000000     
  -8.3160000000000007        0.0000000000000000       -2.8852938833024062E-003   0.0000000000000000     
  -8.1180000000000003        0.0000000000000000       -2.9779606807766503E-003   0.0000000000000000     
  -7.9199999999999999        0.0000000000000000       -3.0753284060070570E-003   0.0000000000000000     
  -7.7220000000000004        0.0000000000000000       -3.1777384152696497E-003   0.0000000000000000     
  -7.5240000000000000        0.0000000000000000       -3.2855625562780806E-003   0.0000000000000000     
  -7.3260000000000005        0.0000000000000000       -3.3992060930065726E-003   0.0000000000000000     
  -7.1280000000000001        0.0000000000000000       -3.5191113750551507E-003   0.0000000000000000     
  -6.9300000000000006        0.0000000000000000       -3.6457616883688714E-003   0.0000000000000000     
  -6.7320000000000002        0.0000000000000000       -3.7796856319297386E-003   0.0000000000000000     
  -6.5340000000000007        0.0000000000000000       -3.9214615527492190E-003   0.0000000000000000     
  -6.3360000000000003        0.0000000000000000       -4.0717232397386406E-003   0.0000000000000000     
  -6.1379999999999999        0.0000000000000000       -4.2311654351886406E-003   0.0000000000000000     
  -5.9400000000000004        0.0000000000000000       -4.4005503451934455E-003   0.0000000000000000     
  -5.7420000000000000        0.0000000000000000       -4.5807144866285496E-003   0.0000000000000000     
  -5.5440000000000005        0.0000000000000000       -4.7725762999861121E-003   0.0000000000000000     
  -5.3460000000000001        0.0000000000000000       -4.9771440098150118E-003   0.0000000000000000     
  -5.1480000000000006        0.0000000000000000       -5.1955243280998398E-003   0.0000000000000000     
  -4.9500000000000002        0.0000000000000000       -5.4289307607119754E-003   0.0000000000000000     
  -4.7520000000000007        0.0000000000000000       -5.6786921881960351E-003   0.0000000000000000     
  -4.5540000000000003        0.0000000000000000       -5.9462602727097091E-003   0.0000000000000000     
  -4.3559999999999999        0.0000000000000000       -6.2332149947360686E-003   0.0000000000000000     
  -4.1580000000000004        0.0000000000000000       -6.5412659476216080E-003   0.0000000000000000     
  -3.9600000000000000        0.0000000000000000       -6.8722473923959852E-003   0.0000000000000000     
  -3.7620000000000000        0.0000000000000000       -7.2281023712652322E-003   0.0000000000000000     
  -3.5640000000000001        0.0000000000000000       -7.6108541860081058E-003   0.0000000000000000     
  -3.3660000000000001        0.0000000000000000       -8.0225831179524133E-003   0.0000000000000000     
  -3.1680000000000001        0.0000000000000000       -8.4655200165483259E-003   0.0000000000000000     
  -2.9700000000000002        0.0000000000000000       -8.9426617353469927E-003   0.0000000000000000     
  -2.7720000000000002        0.0000000000000000       -9.4587056446165559E-003   0.0000000000000000     
  -2.5740000000000003        0.0000000000000000       -1.0018962765580348E-002   0.0000000000000000     
  -2.3760000000000003        0.0000000000000000       -1.0628659253393666E-002   0.0000000000000000     
  -2.1779999999999999        0.0000000000000000       -1.1288006333158445E-002   0.0000000000000000     
  -1.9800000000000000        0.0000000000000000       -1.1991806707242744E-002   0.0000000000000000     
  -1.7820000000000000        0.0000000000000000       -1.2736412438476150E-002   0.0000000000000000     
  -1.5840000000000001        0.0000000000000000       -1.3516372356265759E-002   0.0000000000000000     
  -1.3860000000000001        0.0000000000000000       -1.4319249500313821E-002   0.0000000000000000     
  -1.1880000000000002        0.0000000000000000       -1.5125490277047352E-002   0.0000000000000000     
 -0.98999999999999999        0.0000000000000000       -1.5909747811054874E-002   0.0000000000000000     
 -0.79200000000000004        0.0000000000000000       -1.6641223092010337E-002   0.0000000000000000     
 -0.59400000000000008        0.0000000000000000       -1.7281960022502721E-002   0.0000000000000000     
 -0.39600000000000002        0.0000000000000000       -1.7789716974349851E-002   0.0000000000000000     
 -0.19800000000000001        0.0000000000000000       -1.8119360378013406E-002   0.0000000000000000     
   0.0000000000000000        0.0000000000000000       -1.8234568639424537E-002   0.0000000000000000     
  0.19800000000000001        0.0000000000000000       -1.8119360378013406E-002   0.0000000000000000     
  0.39600000000000002        0.0000000000000000       -1.7789716974349851E-002   0.0000000000000000     
  0.59400000000000008        0.0000000000000000       -1.7281960022502721E-002   0.0000000000000000     
  0.79200000000000004        0.0000000000000000       -1.6641223092010337E-002   0.0000000000000000     
  0.98999999999999999        0.0000000000000000       -1.5909747811054874E-002   0.0000000000000000     
   1.1880000000000002        0.0000000000000000       -1.5125490277047352E-002   0.0000000000000000     
   1.3860000000000001        0.0000000000000000       -1.4319249500313821E-002   0.0000000000000000     
   1.5840000000000001        0.0000000000000000       -1.3516372356265759E-002   0.0000000000000000     
   1.7820000000000000        0.0000000000000000       -1.2736412438476150E-002   0.0000000000000000     
   1.9800000000000000        0.0000000000000000       -1.1991806707242744E-002   0.0000000000000000     
   2.1779999999999999        0.0000000000000000       -1.1288006333158445E-002   0.0000000000000000     
   2.3760000000000003        0.0000000000000000       -1.0628659253393666E-002   0.0000000000000000     
   2.5740000000000003        0.0000000000000000       -1.0018962765580348E-002   0.0000000000000000     
   2.7720000000000002        0.0000000000000000       -9.4587056446165559E-003   0.0000000000000000     
   2.9700000000000002        0.0000000000000000       -8.9426617353469927E-003   0.0000000000000000     
   3.1680000000000001        0.0000000000000000       -8.4655200165483259E-003   0.0000000000000000     
   3.3660000000000001        0.0000000000000000       -8.0225831179524133E-003   0.0000000000000000     
   3.5640000000000001        0.0000000000000000       -7.6108541860081058E-003   0.0000000000000000     
   3.7620000000000000        0.0000000000000000       -7.2281023712652322E-003   0.0000000000000000     
   3.9600000000000000        0.0000000000000000       -6.8722473923959852E-003   0.0000000000000000     
   4.1580000000000004        0.0000000000000000       -6.5412659476216080E-003   0.0000000000000000     
   4.3559999999999999        0.0000000000000000       -6.2332149947360686E-003   0.0000000000000000     
   4.5540000000000003        0.0000000000000000       -5.9462602727097091E-003   0.0000000000000000     
   4.7520000000000007        0.0000000000000000       -5.6786921881960351E-003   0.0000000000000000     
   4.9500000000000002        0.0000000000000000       -5.4289307607119754E-003   0.0000000000000000     
   5.1480000000000006        0.0000000000000000       -5.1955243280998398E-003   0.0000000000000000     
   5.3460000000000001        0.0000000000000000       -4.9771440098150118E-003   0.0000000000000000     
   5.5440000000000005        0.0000000000000000       -4.7725762999861121E-003   0.0000000000000000     
   5.7420000000000000        0.0000000000000000       -4.5807144866285496E-003   0.0000000000000000     
   5.9400000000000004        0.0000000000000000       -4.4005503451934455E-003   0.0000000000000000     
   6.1379999999999999        0.0000000000000000       -4.2311654351886406E-003   0.0000000000000000     
   6.3360000000000003        0.0000000000000000       -4.0717232397386406E-003   0.0000000000000000     
   6.5340000000000007        0.0000000000000000       -3.9214615527492190E-003   0.0000000000000000     
   6.7320000000000002        0.0000000000000000       -3.7796856319297386E-003   0.0000000000000000     
   6.9300000000000006        0.0000000000000000       -3.6457616883688714E-003   0.0000000000000000     
   7.1280000000000001        0.0000000000000000       -3.5191113750551507E-003   0.0000000000000000     
   7.3260000000000005        0.0000000000000000       -3.3992060930065726E-003   0.0000000000000000     
   7.5240000000000000        0.0000000000000000       -3.2855625562780806E-003   0.0000000000000000     
   7.7220000000000004        0.0000000000000000       -3.1777384152696497E-003   0.0000000000000000     
   7.9199999999999999        0.0000000000000000       -3.0753284060070570E-003   0.0000000000000000     
   8.1180000000000003        0.0000000000000000       -2.9779606807766503E-003   0.0000000000000000     
   8.3160000000000007        0.0000000000000000       -2.8852938833024062E-003   0.0000000000000000     
   8.5140000000000011        0.0000000000000000       -2.7970142254208252E-003   0.0000000000000000     
   8.7119999999999997        0.0000000000000000       -2.7128329000787785E-003   0.0000000000000000     
   8.9100000000000001        0.0000000000000000       -2.6324839229443764E-003   0.0000000000000000     
   9.1080000000000005        0.0000000000000000       -2.5557218151314454E-003   0.0000000000000000     
   9.3060000000000009        0.0000000000000000       -2.4823200248205841E-003   0.0000000000000000     
   9.5040000000000013        0.0000000000000000       -2.4120691300801864E-003   0.0000000000000000     
   9.7020000000000000        0.0000000000000000       -2.3447752248849656E-003   0.0000000000000000     
   9.9000000000000004        0.0000000000000000       -2.2802587100124666E-003   0.0000000000000000     
   10.098000000000001        0.0000000000000000       -2.2183529906125554E-003   0.0000000000000000     
   10.296000000000001        0.0000000000000000       -2.1589033183761854E-003   0.0000000000000000     
   10.494000000000000        0.0000000000000000       -2.1017658140212070E-003   0.0000000000000000     
   10.692000000000000        0.0000000000000000       -2.0468065955487951E-003   0.0000000000000000     
   10.890000000000001        0.0000000000000000       -1.9939008279208385E-003   0.0000000000000000     
   11.088000000000001        0.0000000000000000       -1.9429320871687463E-003   0.0000000000000000     
   11.286000000000001        0.0000000000000000       -1.8937915492548434E-003   0.0000000000000000     
   11.484000000000000        0.0000000000000000       -1.8463774973978397E-003   0.0000000000000000     
   11.682000000000000        0.0000000000000000       -1.8005945721152772E-003   0.0000000000000000     
   11.880000000000001        0.0000000000000000       -1.7563534624378074E-003   0.0000000000000000     
   12.078000000000001        0.0000000000000000       -1.7135702116021989E-003   0.0000000000000000     
   12.276000000000000        0.0000000000000000       -1.6721658884480248E-003   0.0000000000000000     
   12.474000000000000        0.0000000000000000       -1.6320661909506268E-003   0.0000000000000000     
   12.672000000000001        0.0000000000000000       -1.5932009934122044E-003   0.0000000000000000     
   12.870000000000001        0.0000000000000000       -1.5555040663655139E-003   0.0000000000000000     
   13.068000000000001        0.0000000000000000       -1.5189127212398555E-003   0.0000000000000000     
   13.266000000000000        0.0000000000000000       -1.4833675202407582E-003   0.0000000000000000     
   13.464000000000000        0.0000000000000000       -1.4488119567337165E-003   0.0000000000000000     
   13.662000000000001        0.0000000000000000       -1.4151922388637487E-003   0.0000000000000000     
   13.860000000000001        0.0000000000000000       -1.3824570077308207E-003   0.0000000000000000     
   14.058000000000000        0.0000000000000000       -1.3505570926656385E-003   0.0000000000000000     
   14.256000000000000        0.0000000000000000       -1.3194452798707971E-003   0.0000000000000000     
   14.454000000000001        0.0000000000000000       -1.2890760741488152E-003   0.0000000000000000     
   14.652000000000001        0.0000000000000000       -1.2594054820608193E-003   0.0000000000000000     
   14.850000000000001        0.0000000000000000       -1.2303907644370940E-003   0.0000000000000000     
   15.048000000000000        0.0000000000000000       -1.2019902091660968E-003   0.0000000000000000     
   15.246000000000000        0.0000000000000000       -1.1741628982225474E-003   0.0000000000000000     
   15.444000000000001        0.0000000000000000       -1.1468684053339449E-003   0.0000000000000000     
   15.642000000000001        0.0000000000000000       -1.1200665761435715E-003   0.0000000000000000     
   15.840000000000000        0.0000000000000000       -1.0937171779460946E-003   0.0000000000000000     
   16.038000000000000        0.0000000000000000       -1.0677795478101070E-003   0.0000000000000000     
   16.236000000000001        0.0000000000000000       -1.0422122363223660E-003   0.0000000000000000     
   16.434000000000001        0.0000000000000000       -1.0169724554604897E-003   0.0000000000000000     
   16.632000000000001        0.0000000000000000       -9.9201562693623443E-004   0.0000000000000000     
   16.830000000000002        0.0000000000000000       -9.6729460585288939E-004   0.0000000000000000     
   17.028000000000002        0.0000000000000000       -9.4276696436126700E-004   0.0000000000000000     
   17.225999999999999        0.0000000000000000       -9.1836697765138248E-004   0.0000000000000000     
   17.423999999999999        0.0000000000000000       -8.9403473622401235E-004   0.0000000000000000     
   17.622000000000000        0.0000000000000000       -8.6966955980396186E-004   0.0000000000000000     
   17.820000000000000        0.0000000000000000       -8.4522916364348556E-004   0.0000000000000000     
   18.018000000000001        0.0000000000000000       -8.2060325132702998E-004   0.0000000000000000     
   18.216000000000001        0.0000000000000000       -7.9563346509396846E-004   0.0000000000000000     
   18.414000000000001        0.0000000000000000       -7.7016873590928013E-004   0.0000000000000000     
   18.612000000000002        0.0000000000000000       -7.4395489856014872E-004   0.0000000000000000     
   18.810000000000002        0.0000000000000000       -7.1660412417409128E-004   0.0000000000000000     
   19.008000000000003        0.0000000000000000       -6.8753453094968370E-004   0.0000000000000000     
   19.206000000000000        0.0000000000000000       -6.5561474460169508E-004   0.0000000000000000     
   19.404000000000000        0.0000000000000000       -6.1938920616578293E-004   0.0000000000000000     
   19.602000000000000        0.0000000000000000       -5.7774622437240842E-004   0.0000000000000000     
