  -19.602000000000000        0.0000000000000000       -4.7587321525254802E-004   0.0000000000000000     
  -19.404000000000000        0.0000000000000000       -5.3751136641113349E-004   0.0000000000000000     
  -19.206000000000000        0.0000000000000000       -5.8799294238561363E-004   0.0000000000000000     
  -19.008000000000003        0.0000000000000000       -6.2895118043908532E-004   0.0000000000000000     
  -18.810000000000002        0.0000000000000000       -6.6347115915718559E-004   0.0000000000000000     
  -18.612000000000002        0.0000000000000000       -6.9384133686287294E-004   0.0000000000000000     
  -18.414000000000001        0.0000000000000000       -7.2150545478403823E-004   0.0000000000000000     
  -18.216000000000001        0.0000000000000000       -7.4742062675028779E-004   0.0000000000000000     
  -18.018000000000001        0.0000000000000000       -7.7221800017242617E-004   0.0000000000000000     
  -17.820000000000000        0.0000000000000000       -7.9629447415779453E-004   0.0000000000000000     
  -17.622000000000000        0.0000000000000000       -8.1996943660674428E-004   0.0000000000000000     
  -17.423999999999999        0.0000000000000000       -8.4345069892595903E-004   0.0000000000000000     
  -17.225999999999999        0.0000000000000000       -8.6691164821443899E-004   0.0000000000000000     
  -17.028000000000002        0.0000000000000000       -8.9048640716256258E-004   0.0000000000000000     
  -16.830000000000002        0.0000000000000000       -9.1428494196951207E-004   0.0000000000000000     
  -16.632000000000001        0.0000000000000000       -9.3839438585878194E-004   0.0000000000000000     
  -16.434000000000001        0.0000000000000000       -9.6290100929734908E-004   0.0000000000000000     
  -16.236000000000001        0.0000000000000000       -9.8787659355838923E-004   0.0000000000000000     
  -16.038000000000000        0.0000000000000000       -1.0133870090881371E-003   0.0000000000000000     
  -15.840000000000000        0.0000000000000000       -1.0394941628146352E-003   0.0000000000000000     
  -15.642000000000001        0.0000000000000000       -1.0662573872225981E-003   0.0000000000000000     
  -15.444000000000001        0.0000000000000000       -1.0937346493416790E-003   0.0000000000000000     
  -15.246000000000000        0.0000000000000000       -1.1219833596959252E-003   0.0000000000000000     
  -15.048000000000000        0.0000000000000000       -1.1510612995826838E-003   0.0000000000000000     
  -14.850000000000001        0.0000000000000000       -1.1810270758402287E-003   0.0000000000000000     
  -14.652000000000001        0.0000000000000000       -1.2119408738009963E-003   0.0000000000000000     
  -14.454000000000001        0.0000000000000000       -1.2438648605565203E-003   0.0000000000000000     
  -14.256000000000000        0.0000000000000000       -1.2768636695666598E-003   0.0000000000000000     
  -14.058000000000000        0.0000000000000000       -1.3110049857394076E-003   0.0000000000000000     
  -13.860000000000001        0.0000000000000000       -1.3463598802560038E-003   0.0000000000000000     
  -13.662000000000001        0.0000000000000000       -1.3830033601634271E-003   0.0000000000000000     
  -13.464000000000000        0.0000000000000000       -1.4210148300551344E-003   0.0000000000000000     
  -13.266000000000000        0.0000000000000000       -1.4604786085958296E-003   0.0000000000000000     
  -13.068000000000001        0.0000000000000000       -1.5014844526506572E-003   0.0000000000000000     
  -12.870000000000001        0.0000000000000000       -1.5441281158647428E-003   0.0000000000000000     
  -12.672000000000001        0.0000000000000000       -1.5885120569692421E-003   0.0000000000000000     
  -12.474000000000000        0.0000000000000000       -1.6347460275111751E-003   0.0000000000000000     
  -12.276000000000000        0.0000000000000000       -1.6829477884552104E-003   0.0000000000000000     
  -12.078000000000001        0.0000000000000000       -1.7332440193156520E-003   0.0000000000000000     
  -11.880000000000001        0.0000000000000000       -1.7857711311961510E-003   0.0000000000000000     
  -11.682000000000000        0.0000000000000000       -1.8406762617019026E-003   0.0000000000000000     
  -11.484000000000000        0.0000000000000000       -1.8981183891030463E-003   0.0000000000000000     
  -11.286000000000001        0.0000000000000000       -1.9582695234064466E-003   0.0000000000000000     
  -11.088000000000001        0.0000000000000000       -2.0213159977252263E-003   0.0000000000000000     
  -10.890000000000001        0.0000000000000000       -2.0874600767297538E-003   0.0000000000000000     
  -10.692000000000000        0.0000000000000000       -2.1569215445897262E-003   0.0000000000000000     
  -10.494000000000000        0.0000000000000000       -2.2299396560851326E-003   0.0000000000000000     
  -10.296000000000001        0.0000000000000000       -2.3067749923162536E-003   0.0000000000000000     
  -10.098000000000001        0.0000000000000000       -2.3877122438077875E-003   0.0000000000000000     
  -9.9000000000000004        0.0000000000000000       -2.4730624130843001E-003   0.0000000000000000     
  -9.7020000000000000        0.0000000000000000       -2.5631661113034387E-003   0.0000000000000000     
  -9.5040000000000013        0.0000000000000000       -2.6583967802851329E-003   0.0000000000000000     
  -9.3060000000000009        0.0000000000000000       -2.7591644836628304E-003   0.0000000000000000     
  -9.1080000000000005        0.0000000000000000       -2.8659202718807368E-003   0.0000000000000000     
  -8.9100000000000001        0.0000000000000000       -2.9791610379644728E-003   0.0000000000000000     
  -8.7119999999999997        0.0000000000000000       -3.0994349625770201E-003   0.0000000000000000     
  -8.5140000000000011        0.0000000000000000       -3.2273479680435266E-003   0.0000000000000000     
  -8.3160000000000007        0.0000000000000000       -3.3635707491601816E-003   0.0000000000000000     
  -8.1180000000000003        0.0000000000000000       -3.5088468654540053E-003   0.0000000000000000     
  -7.9199999999999999        0.0000000000000000       -3.6640022603667958E-003   0.0000000000000000     
  -7.7220000000000004        0.0000000000000000       -3.8299557846263634E-003   0.0000000000000000     
  -7.5240000000000000        0.0000000000000000       -4.0077314726104356E-003   0.0000000000000000     
  -7.3260000000000005        0.0000000000000000       -4.1984723882752721E-003   0.0000000000000000     
  -7.1280000000000001        0.0000000000000000       -4.4034567738422785E-003   0.0000000000000000     
  -6.9300000000000006        0.0000000000000000       -4.6241166191111713E-003   0.0000000000000000     
  -6.7320000000000002        0.0000000000000000       -4.8620586316397247E-003   0.0000000000000000     
  -6.5340000000000007        0.0000000000000000       -5.1190889469753271E-003   0.0000000000000000     
  -6.3360000000000003        0.0000000000000000       -5.3972410784865685E-003   0.0000000000000000     
  -6.1379999999999999        0.0000000000000000       -5.6988083352550612E-003   0.0000000000000000     
  -5.9400000000000004        0.0000000000000000       -6.0263813192907092E-003   0.0000000000000000     
  -5.7420000000000000        0.0000000000000000       -6.3828908149464189E-003   0.0000000000000000     
  -5.5440000000000005        0.0000000000000000       -6.7716569344697464E-003   0.0000000000000000     
  -5.3460000000000001        0.0000000000000000       -7.1964459970525691E-003   0.0000000000000000     
  -5.1480000000000006        0.0000000000000000       -7.6615345580560521E-003   0.0000000000000000     
  -4.9500000000000002        0.0000000000000000       -8.1717817277783735E-003   0.0000000000000000     
  -4.7520000000000007        0.0000000000000000       -8.7327117572324007E-003   0.0000000000000000     
  -4.5540000000000003        0.0000000000000000       -9.3506014599052424E-003   0.0000000000000000     
  -4.3559999999999999        0.0000000000000000       -1.0032575800093563E-002   0.0000000000000000     
  -4.1580000000000004        0.0000000000000000       -1.0786702158529908E-002   0.0000000000000000     
  -3.9600000000000000        0.0000000000000000       -1.1622073837719649E-002   0.0000000000000000     
  -3.7620000000000000        0.0000000000000000       -1.2548864336072022E-002   0.0000000000000000     
  -3.5640000000000001        0.0000000000000000       -1.3578314107877056E-002   0.0000000000000000     
  -3.3660000000000001        0.0000000000000000       -1.4722628171285970E-002   0.0000000000000000     
  -3.1680000000000001        0.0000000000000000       -1.5994897858265213E-002   0.0000000000000000     
  -2.9700000000000002        0.0000000000000000       -1.7409900365356602E-002   0.0000000000000000     
  -2.7720000000000002        0.0000000000000000       -1.8987145381498934E-002   0.0000000000000000     
  -2.5740000000000003        0.0000000000000000       -2.0750211002830490E-002   0.0000000000000000     
  -2.3760000000000003        0.0000000000000000       -2.2722401190021165E-002   0.0000000000000000     
  -2.1779999999999999        0.0000000000000000       -2.4925187951402951E-002   0.0000000000000000     
  -1.9800000000000000        0.0000000000000000       -2.7380103835743852E-002   0.0000000000000000     
  -1.7820000000000000        0.0000000000000000       -3.0101550012175023E-002   0.0000000000000000     
  -1.5840000000000001        0.0000000000000000       -3.3091058982033822E-002   0.0000000000000000     
  -1.3860000000000001        0.0000000000000000       -3.6331557207922235E-002   0.0000000000000000     
  -1.1880000000000002        0.0000000000000000       -3.9772382114104235E-002   0.0000000000000000     
 -0.98999999999999999        0.0000000000000000       -4.3321565100742976E-002   0.0000000000000000     
 -0.79200000000000004        0.0000000000000000       -4.6824015159789019E-002   0.0000000000000000     
 -0.59400000000000008        0.0000000000000000       -5.0042195966231433E-002   0.0000000000000000     
 -0.39600000000000002        0.0000000000000000       -5.2683669379535301E-002   0.0000000000000000     
 -0.19800000000000001        0.0000000000000000       -5.4449428896395133E-002   0.0000000000000000     
   0.0000000000000000        0.0000000000000000       -5.5078929208799178E-002   0.0000000000000000     
  0.19800000000000001        0.0000000000000000       -5.4449428896395133E-002   0.0000000000000000     
  0.39600000000000002        0.0000000000000000       -5.2683669379535301E-002   0.0000000000000000     
  0.59400000000000008        0.0000000000000000       -5.0042195966231433E-002   0.0000000000000000     
  0.79200000000000004        0.0000000000000000       -4.6824015159789019E-002   0.0000000000000000     
  0.98999999999999999        0.0000000000000000       -4.3321565100742976E-002   0.0000000000000000     
   1.1880000000000002        0.0000000000000000       -3.9772382114104235E-002   0.0000000000000000     
   1.3860000000000001        0.0000000000000000       -3.6331557207922235E-002   0.0000000000000000     
   1.5840000000000001        0.0000000000000000       -3.3091058982033822E-002   0.0000000000000000     
   1.7820000000000000        0.0000000000000000       -3.0101550012175023E-002   0.0000000000000000     
   1.9800000000000000        0.0000000000000000       -2.7380103835743852E-002   0.0000000000000000     
   2.1779999999999999        0.0000000000000000       -2.4925187951402951E-002   0.0000000000000000     
   2.3760000000000003        0.0000000000000000       -2.2722401190021165E-002   0.0000000000000000     
   2.5740000000000003        0.0000000000000000       -2.0750211002830490E-002   0.0000000000000000     
   2.7720000000000002        0.0000000000000000       -1.8987145381498934E-002   0.0000000000000000     
   2.9700000000000002        0.0000000000000000       -1.7409900365356602E-002   0.0000000000000000     
   3.1680000000000001        0.0000000000000000       -1.5994897858265213E-002   0.0000000000000000     
   3.3660000000000001        0.0000000000000000       -1.4722628171285970E-002   0.0000000000000000     
   3.5640000000000001        0.0000000000000000       -1.3578314107877056E-002   0.0000000000000000     
   3.7620000000000000        0.0000000000000000       -1.2548864336072022E-002   0.0000000000000000     
   3.9600000000000000        0.0000000000000000       -1.1622073837719649E-002   0.0000000000000000     
   4.1580000000000004        0.0000000000000000       -1.0786702158529908E-002   0.0000000000000000     
   4.3559999999999999        0.0000000000000000       -1.0032575800093563E-002   0.0000000000000000     
   4.5540000000000003        0.0000000000000000       -9.3506014599052424E-003   0.0000000000000000     
   4.7520000000000007        0.0000000000000000       -8.7327117572324007E-003   0.0000000000000000     
   4.9500000000000002        0.0000000000000000       -8.1717817277783735E-003   0.0000000000000000     
   5.1480000000000006        0.0000000000000000       -7.6615345580560521E-003   0.0000000000000000     
   5.3460000000000001        0.0000000000000000       -7.1964459970525691E-003   0.0000000000000000     
   5.5440000000000005        0.0000000000000000       -6.7716569344697464E-003   0.0000000000000000     
   5.7420000000000000        0.0000000000000000       -6.3828908149464189E-003   0.0000000000000000     
   5.9400000000000004        0.0000000000000000       -6.0263813192907092E-003   0.0000000000000000     
   6.1379999999999999        0.0000000000000000       -5.6988083352550612E-003   0.0000000000000000     
   6.3360000000000003        0.0000000000000000       -5.3972410784865685E-003   0.0000000000000000     
   6.5340000000000007        0.0000000000000000       -5.1190889469753271E-003   0.0000000000000000     
   6.7320000000000002        0.0000000000000000       -4.8620586316397247E-003   0.0000000000000000     
   6.9300000000000006        0.0000000000000000       -4.6241166191111713E-003   0.0000000000000000     
   7.1280000000000001        0.0000000000000000       -4.4034567738422785E-003   0.0000000000000000     
   7.3260000000000005        0.0000000000000000       -4.1984723882752721E-003   0.0000000000000000     
   7.5240000000000000        0.0000000000000000       -4.0077314726104356E-003   0.0000000000000000     
   7.7220000000000004        0.0000000000000000       -3.8299557846263634E-003   0.0000000000000000     
   7.9199999999999999        0.0000000000000000       -3.6640022603667958E-003   0.0000000000000000     
   8.1180000000000003        0.0000000000000000       -3.5088468654540053E-003   0.0000000000000000     
   8.3160000000000007        0.0000000000000000       -3.3635707491601816E-003   0.0000000000000000     
   8.5140000000000011        0.0000000000000000       -3.2273479680435266E-003   0.0000000000000000     
   8.7119999999999997        0.0000000000000000       -3.0994349625770201E-003   0.0000000000000000     
   8.9100000000000001        0.0000000000000000       -2.9791610379644728E-003   0.0000000000000000     
   9.1080000000000005        0.0000000000000000       -2.8659202718807368E-003   0.0000000000000000     
   9.3060000000000009        0.0000000000000000       -2.7591644836628304E-003   0.0000000000000000     
   9.5040000000000013        0.0000000000000000       -2.6583967802851329E-003   0.0000000000000000     
   9.7020000000000000        0.0000000000000000       -2.5631661113034387E-003   0.0000000000000000     
   9.9000000000000004        0.0000000000000000       -2.4730624130843001E-003   0.0000000000000000     
   10.098000000000001        0.0000000000000000       -2.3877122438077875E-003   0.0000000000000000     
   10.296000000000001        0.0000000000000000       -2.3067749923162536E-003   0.0000000000000000     
   10.494000000000000        0.0000000000000000       -2.2299396560851326E-003   0.0000000000000000     
   10.692000000000000        0.0000000000000000       -2.1569215445897262E-003   0.0000000000000000     
   10.890000000000001        0.0000000000000000       -2.0874600767297538E-003   0.0000000000000000     
   11.088000000000001        0.0000000000000000       -2.0213159977252263E-003   0.0000000000000000     
   11.286000000000001        0.0000000000000000       -1.9582695234064466E-003   0.0000000000000000     
   11.484000000000000        0.0000000000000000       -1.8981183891030463E-003   0.0000000000000000     
   11.682000000000000        0.0000000000000000       -1.8406762617019026E-003   0.0000000000000000     
   11.880000000000001        0.0000000000000000       -1.7857711311961510E-003   0.0000000000000000     
   12.078000000000001        0.0000000000000000       -1.7332440193156520E-003   0.0000000000000000     
   12.276000000000000        0.0000000000000000       -1.6829477884552104E-003   0.0000000000000000     
   12.474000000000000        0.0000000000000000       -1.6347460275111751E-003   0.0000000000000000     
   12.672000000000001        0.0000000000000000       -1.5885120569692421E-003   0.0000000000000000     
   12.870000000000001        0.0000000000000000       -1.5441281158647428E-003   0.0000000000000000     
   13.068000000000001        0.0000000000000000       -1.5014844526506572E-003   0.0000000000000000     
   13.266000000000000        0.0000000000000000       -1.4604786085958296E-003   0.0000000000000000     
   13.464000000000000        0.0000000000000000       -1.4210148300551344E-003   0.0000000000000000     
   13.662000000000001        0.0000000000000000       -1.3830033601634271E-003   0.0000000000000000     
   13.860000000000001        0.0000000000000000       -1.3463598802560038E-003   0.0000000000000000     
   14.058000000000000        0.0000000000000000       -1.3110049857394076E-003   0.0000000000000000     
   14.256000000000000        0.0000000000000000       -1.2768636695666598E-003   0.0000000000000000     
   14.454000000000001        0.0000000000000000       -1.2438648605565203E-003   0.0000000000000000     
   14.652000000000001        0.0000000000000000       -1.2119408738009963E-003   0.0000000000000000     
   14.850000000000001        0.0000000000000000       -1.1810270758402287E-003   0.0000000000000000     
   15.048000000000000        0.0000000000000000       -1.1510612995826838E-003   0.0000000000000000     
   15.246000000000000        0.0000000000000000       -1.1219833596959252E-003   0.0000000000000000     
   15.444000000000001        0.0000000000000000       -1.0937346493416790E-003   0.0000000000000000     
   15.642000000000001        0.0000000000000000       -1.0662573872225981E-003   0.0000000000000000     
   15.840000000000000        0.0000000000000000       -1.0394941628146352E-003   0.0000000000000000     
   16.038000000000000        0.0000000000000000       -1.0133870090881371E-003   0.0000000000000000     
   16.236000000000001        0.0000000000000000       -9.8787659355838923E-004   0.0000000000000000     
   16.434000000000001        0.0000000000000000       -9.6290100929734908E-004   0.0000000000000000     
   16.632000000000001        0.0000000000000000       -9.3839438585878194E-004   0.0000000000000000     
   16.830000000000002        0.0000000000000000       -9.1428494196951207E-004   0.0000000000000000     
   17.028000000000002        0.0000000000000000       -8.9048640716256258E-004   0.0000000000000000     
   17.225999999999999        0.0000000000000000       -8.6691164821443899E-004   0.0000000000000000     
   17.423999999999999        0.0000000000000000       -8.4345069892595903E-004   0.0000000000000000     
   17.622000000000000        0.0000000000000000       -8.1996943660674428E-004   0.0000000000000000     
   17.820000000000000        0.0000000000000000       -7.9629447415779453E-004   0.0000000000000000     
   18.018000000000001        0.0000000000000000       -7.7221800017242617E-004   0.0000000000000000     
   18.216000000000001        0.0000000000000000       -7.4742062675028779E-004   0.0000000000000000     
   18.414000000000001        0.0000000000000000       -7.2150545478403823E-004   0.0000000000000000     
   18.612000000000002        0.0000000000000000       -6.9384133686287294E-004   0.0000000000000000     
   18.810000000000002        0.0000000000000000       -6.6347115915718559E-004   0.0000000000000000     
   19.008000000000003        0.0000000000000000       -6.2895118043908532E-004   0.0000000000000000     
   19.206000000000000        0.0000000000000000       -5.8799294238561363E-004   0.0000000000000000     
   19.404000000000000        0.0000000000000000       -5.3751136641113349E-004   0.0000000000000000     
   19.602000000000000        0.0000000000000000       -4.7587321525254802E-004   0.0000000000000000     
