  -19.602000000000000        0.0000000000000000       -6.2001670875291045E-004   0.0000000000000000     
  -19.404000000000000        0.0000000000000000       -6.6281268121451181E-004   0.0000000000000000     
  -19.206000000000000        0.0000000000000000       -6.9996731785865044E-004   0.0000000000000000     
  -19.008000000000003        0.0000000000000000       -7.3262126299438433E-004   0.0000000000000000     
  -18.810000000000002        0.0000000000000000       -7.6250345487505764E-004   0.0000000000000000     
  -18.612000000000002        0.0000000000000000       -7.9065130843928720E-004   0.0000000000000000     
  -18.414000000000001        0.0000000000000000       -8.1764663958348556E-004   0.0000000000000000     
  -18.216000000000001        0.0000000000000000       -8.4395779743483247E-004   0.0000000000000000     
  -18.018000000000001        0.0000000000000000       -8.6976513451467597E-004   0.0000000000000000     
  -17.820000000000000        0.0000000000000000       -8.9526981365837068E-004   0.0000000000000000     
  -17.622000000000000        0.0000000000000000       -9.2059498414139268E-004   0.0000000000000000     
  -17.423999999999999        0.0000000000000000       -9.4583657831284176E-004   0.0000000000000000     
  -17.225999999999999        0.0000000000000000       -9.7107107686497847E-004   0.0000000000000000     
  -17.028000000000002        0.0000000000000000       -9.9636335752099252E-004   0.0000000000000000     
  -16.830000000000002        0.0000000000000000       -1.0217912195342547E-003   0.0000000000000000     
  -16.632000000000001        0.0000000000000000       -1.0473954498113332E-003   0.0000000000000000     
  -16.434000000000001        0.0000000000000000       -1.0732243673259852E-003   0.0000000000000000     
  -16.236000000000001        0.0000000000000000       -1.0993229663054270E-003   0.0000000000000000     
  -16.038000000000000        0.0000000000000000       -1.1257338100958642E-003   0.0000000000000000     
  -15.840000000000000        0.0000000000000000       -1.1524976805342485E-003   0.0000000000000000     
  -15.642000000000001        0.0000000000000000       -1.1796541194754749E-003   0.0000000000000000     
  -15.444000000000001        0.0000000000000000       -1.2072418580967056E-003   0.0000000000000000     
  -15.246000000000000        0.0000000000000000       -1.2352992250014819E-003   0.0000000000000000     
  -15.048000000000000        0.0000000000000000       -1.2638644250486197E-003   0.0000000000000000     
  -14.850000000000001        0.0000000000000000       -1.2929758976819067E-003   0.0000000000000000     
  -14.652000000000001        0.0000000000000000       -1.3226724577271747E-003   0.0000000000000000     
  -14.454000000000001        0.0000000000000000       -1.3529937078747135E-003   0.0000000000000000     
  -14.256000000000000        0.0000000000000000       -1.3839800810796995E-003   0.0000000000000000     
  -14.058000000000000        0.0000000000000000       -1.4156731961266478E-003   0.0000000000000000     
  -13.860000000000001        0.0000000000000000       -1.4481159905916207E-003   0.0000000000000000     
  -13.662000000000001        0.0000000000000000       -1.4813529821579032E-003   0.0000000000000000     
  -13.464000000000000        0.0000000000000000       -1.5154304442090783E-003   0.0000000000000000     
  -13.266000000000000        0.0000000000000000       -1.5503966581576544E-003   0.0000000000000000     
  -13.068000000000001        0.0000000000000000       -1.5863021086252929E-003   0.0000000000000000     
  -12.870000000000001        0.0000000000000000       -1.6231997157234103E-003   0.0000000000000000     
  -12.672000000000001        0.0000000000000000       -1.6611451127298868E-003   0.0000000000000000     
  -12.474000000000000        0.0000000000000000       -1.7001969004916315E-003   0.0000000000000000     
  -12.276000000000000        0.0000000000000000       -1.7404168937618445E-003   0.0000000000000000     
  -12.078000000000001        0.0000000000000000       -1.7818704463467734E-003   0.0000000000000000     
  -11.880000000000001        0.0000000000000000       -1.8246267633479879E-003   0.0000000000000000     
  -11.682000000000000        0.0000000000000000       -1.8687592597225137E-003   0.0000000000000000     
  -11.484000000000000        0.0000000000000000       -1.9143459566346532E-003   0.0000000000000000     
  -11.286000000000001        0.0000000000000000       -1.9614698070636121E-003   0.0000000000000000     
  -11.088000000000001        0.0000000000000000       -2.0102192520786693E-003   0.0000000000000000     
  -10.890000000000001        0.0000000000000000       -2.0606886146561899E-003   0.0000000000000000     
  -10.692000000000000        0.0000000000000000       -2.1129787080335777E-003   0.0000000000000000     
  -10.494000000000000        0.0000000000000000       -2.1671974020084591E-003   0.0000000000000000     
  -10.296000000000001        0.0000000000000000       -2.2234601761029534E-003   0.0000000000000000     
  -10.098000000000001        0.0000000000000000       -2.2818909981051311E-003   0.0000000000000000     
  -9.9000000000000004        0.0000000000000000       -2.3426229411795800E-003   0.0000000000000000     
  -9.7020000000000000        0.0000000000000000       -2.4057991897253636E-003   0.0000000000000000     
  -9.5040000000000013        0.0000000000000000       -2.4715738474037283E-003   0.0000000000000000     
  -9.3060000000000009        0.0000000000000000       -2.5401131768897234E-003   0.0000000000000000     
  -9.1080000000000005        0.0000000000000000       -2.6115965301467896E-003   0.0000000000000000     
  -8.9100000000000001        0.0000000000000000       -2.6862178966184473E-003   0.0000000000000000     
  -8.7119999999999997        0.0000000000000000       -2.7641872183328457E-003   0.0000000000000000     
  -8.5140000000000011        0.0000000000000000       -2.8457319435097211E-003   0.0000000000000000     
  -8.3160000000000007        0.0000000000000000       -2.9310990533699486E-003   0.0000000000000000     
  -8.1180000000000003        0.0000000000000000       -3.0205567337262939E-003   0.0000000000000000     
  -7.9199999999999999        0.0000000000000000       -3.1143969434353747E-003   0.0000000000000000     
  -7.7220000000000004        0.0000000000000000       -3.2129376519419500E-003   0.0000000000000000     
  -7.5240000000000000        0.0000000000000000       -3.3165258485570543E-003   0.0000000000000000     
  -7.3260000000000005        0.0000000000000000       -3.4255404733875322E-003   0.0000000000000000     
  -7.1280000000000001        0.0000000000000000       -3.5403961297930031E-003   0.0000000000000000     
  -6.9300000000000006        0.0000000000000000       -3.6615468413171899E-003   0.0000000000000000     
  -6.7320000000000002        0.0000000000000000       -3.7894906748323237E-003   0.0000000000000000     
  -6.5340000000000007        0.0000000000000000       -3.9247743798141400E-003   0.0000000000000000     
  -6.3360000000000003        0.0000000000000000       -4.0679994469942273E-003   0.0000000000000000     
  -6.1379999999999999        0.0000000000000000       -4.2198276995707006E-003   0.0000000000000000     
  -5.9400000000000004        0.0000000000000000       -4.3809889199850401E-003   0.0000000000000000     
  -5.7420000000000000        0.0000000000000000       -4.5522880422097702E-003   0.0000000000000000     
  -5.5440000000000005        0.0000000000000000       -4.7346141991700449E-003   0.0000000000000000     
  -5.3460000000000001        0.0000000000000000       -4.9289502228589202E-003   0.0000000000000000     
  -5.1480000000000006        0.0000000000000000       -5.1363829837045676E-003   0.0000000000000000     
  -4.9500000000000002        0.0000000000000000       -5.3581148299290003E-003   0.0000000000000000     
  -4.7520000000000007        0.0000000000000000       -5.5954757592359137E-003   0.0000000000000000     
  -4.5540000000000003        0.0000000000000000       -5.8499360946949160E-003   0.0000000000000000     
  -4.3559999999999999        0.0000000000000000       -6.1231182851951994E-003   0.0000000000000000     
  -4.1580000000000004        0.0000000000000000       -6.4168079608960408E-003   0.0000000000000000     
  -3.9600000000000000        0.0000000000000000       -6.7329612115827539E-003   0.0000000000000000     
  -3.7620000000000000        0.0000000000000000       -7.0737041622015275E-003   0.0000000000000000     
  -3.5640000000000001        0.0000000000000000       -7.4413210302260715E-003   0.0000000000000000     
  -3.3660000000000001        0.0000000000000000       -7.8382234199134860E-003   0.0000000000000000     
  -3.1680000000000001        0.0000000000000000       -8.2669081035191255E-003   0.0000000000000000     
  -2.9700000000000002        0.0000000000000000       -8.7299949419688671E-003   0.0000000000000000     
  -2.7720000000000002        0.0000000000000000       -9.2307472947977393E-003   0.0000000000000000     
  -2.5740000000000003        0.0000000000000000       -9.7744889951288036E-003   0.0000000000000000     
  -2.3760000000000003        0.0000000000000000       -1.0366638568164114E-002   0.0000000000000000     
  -2.1779999999999999        0.0000000000000000       -1.1008905733990574E-002   0.0000000000000000     
  -1.9800000000000000        0.0000000000000000       -1.1701062044809899E-002   0.0000000000000000     
  -1.7820000000000000        0.0000000000000000       -1.2442072976459330E-002   0.0000000000000000     
  -1.5840000000000001        0.0000000000000000       -1.3228196005517705E-002   0.0000000000000000     
  -1.3860000000000001        0.0000000000000000       -1.4049316474941433E-002   0.0000000000000000     
  -1.1880000000000002        0.0000000000000000       -1.4888772610497215E-002   0.0000000000000000     
 -0.98999999999999999        0.0000000000000000       -1.5720984854290240E-002   0.0000000000000000     
 -0.79200000000000004        0.0000000000000000       -1.6509660328632256E-002   0.0000000000000000     
 -0.59400000000000008        0.0000000000000000       -1.7210856660318522E-002   0.0000000000000000     
 -0.39600000000000002        0.0000000000000000       -1.7771621149114555E-002   0.0000000000000000     
 -0.19800000000000001        0.0000000000000000       -1.8136663687301286E-002   0.0000000000000000     
   0.0000000000000000        0.0000000000000000       -1.8264053942913191E-002   0.0000000000000000     
  0.19800000000000001        0.0000000000000000       -1.8136663687301286E-002   0.0000000000000000     
  0.39600000000000002        0.0000000000000000       -1.7771621149114555E-002   0.0000000000000000     
  0.59400000000000008        0.0000000000000000       -1.7210856660318522E-002   0.0000000000000000     
  0.79200000000000004        0.0000000000000000       -1.6509660328632256E-002   0.0000000000000000     
  0.98999999999999999        0.0000000000000000       -1.5720984854290240E-002   0.0000000000000000     
   1.1880000000000002        0.0000000000000000       -1.4888772610497215E-002   0.0000000000000000     
   1.3860000000000001        0.0000000000000000       -1.4049316474941433E-002   0.0000000000000000     
   1.5840000000000001        0.0000000000000000       -1.3228196005517705E-002   0.0000000000000000     
   1.7820000000000000        0.0000000000000000       -1.2442072976459330E-002   0.0000000000000000     
   1.9800000000000000        0.0000000000000000       -1.1701062044809899E-002   0.0000000000000000     
   2.1779999999999999        0.0000000000000000       -1.1008905733990574E-002   0.0000000000000000     
   2.3760000000000003        0.0000000000000000       -1.0366638568164114E-002   0.0000000000000000     
   2.5740000000000003        0.0000000000000000       -9.7744889951288036E-003   0.0000000000000000     
   2.7720000000000002        0.0000000000000000       -9.2307472947977393E-003   0.0000000000000000     
   2.9700000000000002        0.0000000000000000       -8.7299949419688671E-003   0.0000000000000000     
   3.1680000000000001        0.0000000000000000       -8.2669081035191255E-003   0.0000000000000000     
   3.3660000000000001        0.0000000000000000       -7.8382234199134860E-003   0.0000000000000000     
   3.5640000000000001        0.0000000000000000       -7.4413210302260715E-003   0.0000000000000000     
   3.7620000000000000        0.0000000000000000       -7.0737041622015275E-003   0.0000000000000000     
   3.9600000000000000        0.0000000000000000       -6.7329612115827539E-003   0.0000000000000000     
   4.1580000000000004        0.0000000000000000       -6.4168079608960408E-003   0.0000000000000000     
   4.3559999999999999        0.0000000000000000       -6.1231182851951994E-003   0.0000000000000000     
   4.5540000000000003        0.0000000000000000       -5.8499360946949160E-003   0.0000000000000000     
   4.7520000000000007        0.0000000000000000       -5.5954757592359137E-003   0.0000000000000000     
   4.9500000000000002        0.0000000000000000       -5.3581148299290003E-003   0.0000000000000000     
   5.1480000000000006        0.0000000000000000       -5.1363829837045676E-003   0.0000000000000000     
   5.3460000000000001        0.0000000000000000       -4.9289502228589202E-003   0.0000000000000000     
   5.5440000000000005        0.0000000000000000       -4.7346141991700449E-003   0.0000000000000000     
   5.7420000000000000        0.0000000000000000       -4.5522880422097702E-003   0.0000000000000000     
   5.9400000000000004        0.0000000000000000       -4.3809889199850401E-003   0.0000000000000000     
   6.1379999999999999        0.0000000000000000       -4.2198276995707006E-003   0.0000000000000000     
   6.3360000000000003        0.0000000000000000       -4.0679994469942273E-003   0.0000000000000000     
   6.5340000000000007        0.0000000000000000       -3.9247743798141400E-003   0.0000000000000000     
   6.7320000000000002        0.0000000000000000       -3.7894906748323237E-003   0.0000000000000000     
   6.9300000000000006        0.0000000000000000       -3.6615468413171899E-003   0.0000000000000000     
   7.1280000000000001        0.0000000000000000       -3.5403961297930031E-003   0.0000000000000000     
   7.3260000000000005        0.0000000000000000       -3.4255404733875322E-003   0.0000000000000000     
   7.5240000000000000        0.0000000000000000       -3.3165258485570543E-003   0.0000000000000000     
   7.7220000000000004        0.0000000000000000       -3.2129376519419500E-003   0.0000000000000000     
   7.9199999999999999        0.0000000000000000       -3.1143969434353747E-003   0.0000000000000000     
   8.1180000000000003        0.0000000000000000       -3.0205567337262939E-003   0.0000000000000000     
   8.3160000000000007        0.0000000000000000       -2.9310990533699486E-003   0.0000000000000000     
   8.5140000000000011        0.0000000000000000       -2.8457319435097211E-003   0.0000000000000000     
   8.7119999999999997        0.0000000000000000       -2.7641872183328457E-003   0.0000000000000000     
   8.9100000000000001        0.0000000000000000       -2.6862178966184473E-003   0.0000000000000000     
   9.1080000000000005        0.0000000000000000       -2.6115965301467896E-003   0.0000000000000000     
   9.3060000000000009        0.0000000000000000       -2.5401131768897234E-003   0.0000000000000000     
   9.5040000000000013        0.0000000000000000       -2.4715738474037283E-003   0.0000000000000000     
   9.7020000000000000        0.0000000000000000       -2.4057991897253636E-003   0.0000000000000000     
   9.9000000000000004        0.0000000000000000       -2.3426229411795800E-003   0.0000000000000000     
   10.098000000000001        0.0000000000000000       -2.2818909981051311E-003   0.0000000000000000     
   10.296000000000001        0.0000000000000000       -2.2234601761029534E-003   0.0000000000000000     
   10.494000000000000        0.0000000000000000       -2.1671974020084591E-003   0.0000000000000000     
   10.692000000000000        0.0000000000000000       -2.1129787080335777E-003   0.0000000000000000     
   10.890000000000001        0.0000000000000000       -2.0606886146561899E-003   0.0000000000000000     
   11.088000000000001        0.0000000000000000       -2.0102192520786693E-003   0.0000000000000000     
   11.286000000000001        0.0000000000000000       -1.9614698070636121E-003   0.0000000000000000     
   11.484000000000000        0.0000000000000000       -1.9143459566346532E-003   0.0000000000000000     
   11.682000000000000        0.0000000000000000       -1.8687592597225137E-003   0.0000000000000000     
   11.880000000000001        0.0000000000000000       -1.8246267633479879E-003   0.0000000000000000     
   12.078000000000001        0.0000000000000000       -1.7818704463467734E-003   0.0000000000000000     
   12.276000000000000        0.0000000000000000       -1.7404168937618445E-003   0.0000000000000000     
   12.474000000000000        0.0000000000000000       -1.7001969004916315E-003   0.0000000000000000     
   12.672000000000001        0.0000000000000000       -1.6611451127298868E-003   0.0000000000000000     
   12.870000000000001        0.0000000000000000       -1.6231997157234103E-003   0.0000000000000000     
   13.068000000000001        0.0000000000000000       -1.5863021086252929E-003   0.0000000000000000     
   13.266000000000000        0.0000000000000000       -1.5503966581576544E-003   0.0000000000000000     
   13.464000000000000        0.0000000000000000       -1.5154304442090783E-003   0.0000000000000000     
   13.662000000000001        0.0000000000000000       -1.4813529821579032E-003   0.0000000000000000     
   13.860000000000001        0.0000000000000000       -1.4481159905916207E-003   0.0000000000000000     
   14.058000000000000        0.0000000000000000       -1.4156731961266478E-003   0.0000000000000000     
   14.256000000000000        0.0000000000000000       -1.3839800810796995E-003   0.0000000000000000     
   14.454000000000001        0.0000000000000000       -1.3529937078747135E-003   0.0000000000000000     
   14.652000000000001        0.0000000000000000       -1.3226724577271747E-003   0.0000000000000000     
   14.850000000000001        0.0000000000000000       -1.2929758976819067E-003   0.0000000000000000     
   15.048000000000000        0.0000000000000000       -1.2638644250486197E-003   0.0000000000000000     
   15.246000000000000        0.0000000000000000       -1.2352992250014819E-003   0.0000000000000000     
   15.444000000000001        0.0000000000000000       -1.2072418580967056E-003   0.0000000000000000     
   15.642000000000001        0.0000000000000000       -1.1796541194754749E-003   0.0000000000000000     
   15.840000000000000        0.0000000000000000       -1.1524976805342485E-003   0.0000000000000000     
   16.038000000000000        0.0000000000000000       -1.1257338100958642E-003   0.0000000000000000     
   16.236000000000001        0.0000000000000000       -1.0993229663054270E-003   0.0000000000000000     
   16.434000000000001        0.0000000000000000       -1.0732243673259852E-003   0.0000000000000000     
   16.632000000000001        0.0000000000000000       -1.0473954498113332E-003   0.0000000000000000     
   16.830000000000002        0.0000000000000000       -1.0217912195342547E-003   0.0000000000000000     
   17.028000000000002        0.0000000000000000       -9.9636335752099252E-004   0.0000000000000000     
   17.225999999999999        0.0000000000000000       -9.7107107686497847E-004   0.0000000000000000     
   17.423999999999999        0.0000000000000000       -9.4583657831284176E-004   0.0000000000000000     
   17.622000000000000        0.0000000000000000       -9.2059498414139268E-004   0.0000000000000000     
   17.820000000000000        0.0000000000000000       -8.9526981365837068E-004   0.0000000000000000     
   18.018000000000001        0.0000000000000000       -8.6976513451467597E-004   0.0000000000000000     
   18.216000000000001        0.0000000000000000       -8.4395779743483247E-004   0.0000000000000000     
   18.414000000000001        0.0000000000000000       -8.1764663958348556E-004   0.0000000000000000     
   18.612000000000002        0.0000000000000000       -7.9065130843928720E-004   0.0000000000000000     
   18.810000000000002        0.0000000000000000       -7.6250345487505764E-004   0.0000000000000000     
   19.008000000000003        0.0000000000000000       -7.3262126299438433E-004   0.0000000000000000     
   19.206000000000000        0.0000000000000000       -6.9996731785865044E-004   0.0000000000000000     
   19.404000000000000        0.0000000000000000       -6.6281268121451181E-004   0.0000000000000000     
   19.602000000000000        0.0000000000000000       -6.2001670875291045E-004   0.0000000000000000     
