  -19.602000000000000        0.0000000000000000       -1.4692013437249056E-003   0.0000000000000000     
  -19.404000000000000        0.0000000000000000       -1.6019371967834909E-003   0.0000000000000000     
  -19.206000000000000        0.0000000000000000       -1.7198994330542619E-003   0.0000000000000000     
  -19.008000000000003        0.0000000000000000       -1.8243299002136978E-003   0.0000000000000000     
  -18.810000000000002        0.0000000000000000       -1.9189185724024567E-003   0.0000000000000000     
  -18.612000000000002        0.0000000000000000       -2.0066330688836760E-003   0.0000000000000000     
  -18.414000000000001        0.0000000000000000       -2.0895226198158110E-003   0.0000000000000000     
  -18.216000000000001        0.0000000000000000       -2.1690267150926159E-003   0.0000000000000000     
  -18.018000000000001        0.0000000000000000       -2.2461861303474371E-003   0.0000000000000000     
  -17.820000000000000        0.0000000000000000       -2.3217396229708695E-003   0.0000000000000000     
  -17.622000000000000        0.0000000000000000       -2.3962652813087301E-003   0.0000000000000000     
  -17.423999999999999        0.0000000000000000       -2.4702578833196774E-003   0.0000000000000000     
  -17.225999999999999        0.0000000000000000       -2.5440799213165889E-003   0.0000000000000000     
  -17.028000000000002        0.0000000000000000       -2.6180519526681190E-003   0.0000000000000000     
  -16.830000000000002        0.0000000000000000       -2.6924492695216706E-003   0.0000000000000000     
  -16.632000000000001        0.0000000000000000       -2.7675250743238390E-003   0.0000000000000000     
  -16.434000000000001        0.0000000000000000       -2.8434892026408319E-003   0.0000000000000000     
  -16.236000000000001        0.0000000000000000       -2.9205436049420247E-003   0.0000000000000000     
  -16.038000000000000        0.0000000000000000       -2.9988769423889951E-003   0.0000000000000000     
  -15.840000000000000        0.0000000000000000       -3.0786775871751914E-003   0.0000000000000000     
  -15.642000000000001        0.0000000000000000       -3.1601071688072465E-003   0.0000000000000000     
  -15.444000000000001        0.0000000000000000       -3.2433341418779426E-003   0.0000000000000000     
  -15.246000000000000        0.0000000000000000       -3.3285245294077431E-003   0.0000000000000000     
  -15.048000000000000        0.0000000000000000       -3.4158437833939634E-003   0.0000000000000000     
  -14.850000000000001        0.0000000000000000       -3.5054582167469415E-003   0.0000000000000000     
  -14.652000000000001        0.0000000000000000       -3.5975365624274832E-003   0.0000000000000000     
  -14.454000000000001        0.0000000000000000       -3.6922507938029541E-003   0.0000000000000000     
  -14.256000000000000        0.0000000000000000       -3.7897777086719335E-003   0.0000000000000000     
  -14.058000000000000        0.0000000000000000       -3.8902997298027138E-003   0.0000000000000000     
  -13.860000000000001        0.0000000000000000       -3.9940062433120012E-003   0.0000000000000000     
  -13.662000000000001        0.0000000000000000       -4.1010942637064000E-003   0.0000000000000000     
  -13.464000000000000        0.0000000000000000       -4.2117699437063186E-003   0.0000000000000000     
  -13.266000000000000        0.0000000000000000       -4.3262493038098409E-003   0.0000000000000000     
  -13.068000000000001        0.0000000000000000       -4.4447594824140188E-003   0.0000000000000000     
  -12.870000000000001        0.0000000000000000       -4.5675399619706991E-003   0.0000000000000000     
  -12.672000000000001        0.0000000000000000       -4.6948436640236466E-003   0.0000000000000000     
  -12.474000000000000        0.0000000000000000       -4.8269382433433206E-003   0.0000000000000000     
  -12.276000000000000        0.0000000000000000       -4.9641075869202361E-003   0.0000000000000000     
  -12.078000000000001        0.0000000000000000       -5.1066531608698392E-003   0.0000000000000000     
  -11.880000000000001        0.0000000000000000       -5.2548956080529516E-003   0.0000000000000000     
  -11.682000000000000        0.0000000000000000       -5.4091764959412021E-003   0.0000000000000000     
  -11.484000000000000        0.0000000000000000       -5.5698601064220173E-003   0.0000000000000000     
  -11.286000000000001        0.0000000000000000       -5.7373354357622523E-003   0.0000000000000000     
  -11.088000000000001        0.0000000000000000       -5.9120184266219754E-003   0.0000000000000000     
  -10.890000000000001        0.0000000000000000       -6.0943541684983817E-003   0.0000000000000000     
  -10.692000000000000        0.0000000000000000       -6.2848197148193839E-003   0.0000000000000000     
  -10.494000000000000        0.0000000000000000       -6.4839266106082212E-003   0.0000000000000000     
  -10.296000000000001        0.0000000000000000       -6.6922243289919839E-003   0.0000000000000000     
  -10.098000000000001        0.0000000000000000       -6.9103031272390852E-003   0.0000000000000000     
  -9.9000000000000004        0.0000000000000000       -7.1387982978629557E-003   0.0000000000000000     
  -9.7020000000000000        0.0000000000000000       -7.3783940376610365E-003   0.0000000000000000     
  -9.5040000000000013        0.0000000000000000       -7.6298274575508137E-003   0.0000000000000000     
  -9.3060000000000009        0.0000000000000000       -7.8938944153938047E-003   0.0000000000000000     
  -9.1080000000000005        0.0000000000000000       -8.1714539016745323E-003   0.0000000000000000     
  -8.9100000000000001        0.0000000000000000       -8.4634349304916791E-003   0.0000000000000000     
  -8.7119999999999997        0.0000000000000000       -8.7708422500199692E-003   0.0000000000000000     
  -8.5140000000000011        0.0000000000000000       -9.0947641487975125E-003   0.0000000000000000     
  -8.3160000000000007        0.0000000000000000       -9.4363803799969483E-003   0.0000000000000000     
  -8.1180000000000003        0.0000000000000000       -9.7969708749436543E-003   0.0000000000000000     
  -7.9199999999999999        0.0000000000000000       -1.0177925214311169E-002   0.0000000000000000     
  -7.7220000000000004        0.0000000000000000       -1.0580754045703624E-002   0.0000000000000000     
  -7.5240000000000000        0.0000000000000000       -1.1007100361017172E-002   0.0000000000000000     
  -7.3260000000000005        0.0000000000000000       -1.1458752761897553E-002   0.0000000000000000     
  -7.1280000000000001        0.0000000000000000       -1.1937660060465455E-002   0.0000000000000000     
  -6.9300000000000006        0.0000000000000000       -1.2445946797527193E-002   0.0000000000000000     
  -6.7320000000000002        0.0000000000000000       -1.2985930853269535E-002   0.0000000000000000     
  -6.5340000000000007        0.0000000000000000       -1.3560142205992160E-002   0.0000000000000000     
  -6.3360000000000003        0.0000000000000000       -1.4171344597112891E-002   0.0000000000000000     
  -6.1379999999999999        0.0000000000000000       -1.4822555728288563E-002   0.0000000000000000     
  -5.9400000000000004        0.0000000000000000       -1.5517073361527974E-002   0.0000000000000000     
  -5.7420000000000000        0.0000000000000000       -1.6258498824698257E-002   0.0000000000000000     
  -5.5440000000000005        0.0000000000000000       -1.7050763184110314E-002   0.0000000000000000     
  -5.3460000000000001        0.0000000000000000       -1.7898152284851507E-002   0.0000000000000000     
  -5.1480000000000006        0.0000000000000000       -1.8805329169665888E-002   0.0000000000000000     
  -4.9500000000000002        0.0000000000000000       -1.9777351814200247E-002   0.0000000000000000     
  -4.7520000000000007        0.0000000000000000       -2.0819676953988345E-002   0.0000000000000000     
  -4.5540000000000003        0.0000000000000000       -2.1938146686261560E-002   0.0000000000000000     
  -4.3559999999999999        0.0000000000000000       -2.3138939616821935E-002   0.0000000000000000     
  -4.1580000000000004        0.0000000000000000       -2.4428483185982803E-002   0.0000000000000000     
  -3.9600000000000000        0.0000000000000000       -2.5813413963910070E-002   0.0000000000000000     
  -3.7620000000000000        0.0000000000000000       -2.7301016460362662E-002   0.0000000000000000     
  -3.5640000000000001        0.0000000000000000       -2.8900815521011564E-002   0.0000000000000000     
  -3.3660000000000001        0.0000000000000000       -3.0624196595090192E-002   0.0000000000000000     
  -3.1680000000000001        0.0000000000000000       -3.2481874125254391E-002   0.0000000000000000     
  -2.9700000000000002        0.0000000000000000       -3.4482765595021343E-002   0.0000000000000000     
  -2.7720000000000002        0.0000000000000000       -3.6637509243570475E-002   0.0000000000000000     
  -2.5740000000000003        0.0000000000000000       -3.8959646987771872E-002   0.0000000000000000     
  -2.3760000000000003        0.0000000000000000       -4.1457019727887762E-002   0.0000000000000000     
  -2.1779999999999999        0.0000000000000000       -4.4133028402181633E-002   0.0000000000000000     
  -1.9800000000000000        0.0000000000000000       -4.6992923117614202E-002   0.0000000000000000     
  -1.7820000000000000        0.0000000000000000       -5.0031864732558599E-002   0.0000000000000000     
  -1.5840000000000001        0.0000000000000000       -5.3222818674160059E-002   0.0000000000000000     
  -1.3860000000000001        0.0000000000000000       -5.6519762922509785E-002   0.0000000000000000     
  -1.1880000000000002        0.0000000000000000       -5.9860322231086248E-002   0.0000000000000000     
 -0.98999999999999999        0.0000000000000000       -6.3146635834887443E-002   0.0000000000000000     
 -0.79200000000000004        0.0000000000000000       -6.6242987333724454E-002   0.0000000000000000     
 -0.59400000000000008        0.0000000000000000       -6.8979802547270389E-002   0.0000000000000000     
 -0.39600000000000002        0.0000000000000000       -7.1157376637966674E-002   0.0000000000000000     
 -0.19800000000000001        0.0000000000000000       -7.2574056564027156E-002   0.0000000000000000     
   0.0000000000000000        0.0000000000000000       -7.3065899427086745E-002   0.0000000000000000     
  0.19800000000000001        0.0000000000000000       -7.2574056564027156E-002   0.0000000000000000     
  0.39600000000000002        0.0000000000000000       -7.1157376637966674E-002   0.0000000000000000     
  0.59400000000000008        0.0000000000000000       -6.8979802547270389E-002   0.0000000000000000     
  0.79200000000000004        0.0000000000000000       -6.6242987333724454E-002   0.0000000000000000     
  0.98999999999999999        0.0000000000000000       -6.3146635834887443E-002   0.0000000000000000     
   1.1880000000000002        0.0000000000000000       -5.9860322231086248E-002   0.0000000000000000     
   1.3860000000000001        0.0000000000000000       -5.6519762922509785E-002   0.0000000000000000     
   1.5840000000000001        0.0000000000000000       -5.3222818674160059E-002   0.0000000000000000     
   1.7820000000000000        0.0000000000000000       -5.0031864732558599E-002   0.0000000000000000     
   1.9800000000000000        0.0000000000000000       -4.6992923117614202E-002   0.0000000000000000     
   2.1779999999999999        0.0000000000000000       -4.4133028402181633E-002   0.0000000000000000     
   2.3760000000000003        0.0000000000000000       -4.1457019727887762E-002   0.0000000000000000     
   2.5740000000000003        0.0000000000000000       -3.8959646987771872E-002   0.0000000000000000     
   2.7720000000000002        0.0000000000000000       -3.6637509243570475E-002   0.0000000000000000     
   2.9700000000000002        0.0000000000000000       -3.4482765595021343E-002   0.0000000000000000     
   3.1680000000000001        0.0000000000000000       -3.2481874125254391E-002   0.0000000000000000     
   3.3660000000000001        0.0000000000000000       -3.0624196595090192E-002   0.0000000000000000     
   3.5640000000000001        0.0000000000000000       -2.8900815521011564E-002   0.0000000000000000     
   3.7620000000000000        0.0000000000000000       -2.7301016460362662E-002   0.0000000000000000     
   3.9600000000000000        0.0000000000000000       -2.5813413963910070E-002   0.0000000000000000     
   4.1580000000000004        0.0000000000000000       -2.4428483185982803E-002   0.0000000000000000     
   4.3559999999999999        0.0000000000000000       -2.3138939616821935E-002   0.0000000000000000     
   4.5540000000000003        0.0000000000000000       -2.1938146686261560E-002   0.0000000000000000     
   4.7520000000000007        0.0000000000000000       -2.0819676953988345E-002   0.0000000000000000     
   4.9500000000000002        0.0000000000000000       -1.9777351814200247E-002   0.0000000000000000     
   5.1480000000000006        0.0000000000000000       -1.8805329169665888E-002   0.0000000000000000     
   5.3460000000000001        0.0000000000000000       -1.7898152284851507E-002   0.0000000000000000     
   5.5440000000000005        0.0000000000000000       -1.7050763184110314E-002   0.0000000000000000     
   5.7420000000000000        0.0000000000000000       -1.6258498824698257E-002   0.0000000000000000     
   5.9400000000000004        0.0000000000000000       -1.5517073361527974E-002   0.0000000000000000     
   6.1379999999999999        0.0000000000000000       -1.4822555728288563E-002   0.0000000000000000     
   6.3360000000000003        0.0000000000000000       -1.4171344597112891E-002   0.0000000000000000     
   6.5340000000000007        0.0000000000000000       -1.3560142205992160E-002   0.0000000000000000     
   6.7320000000000002        0.0000000000000000       -1.2985930853269535E-002   0.0000000000000000     
   6.9300000000000006        0.0000000000000000       -1.2445946797527193E-002   0.0000000000000000     
   7.1280000000000001        0.0000000000000000       -1.1937660060465455E-002   0.0000000000000000     
   7.3260000000000005        0.0000000000000000       -1.1458752761897553E-002   0.0000000000000000     
   7.5240000000000000        0.0000000000000000       -1.1007100361017172E-002   0.0000000000000000     
   7.7220000000000004        0.0000000000000000       -1.0580754045703624E-002   0.0000000000000000     
   7.9199999999999999        0.0000000000000000       -1.0177925214311169E-002   0.0000000000000000     
   8.1180000000000003        0.0000000000000000       -9.7969708749436543E-003   0.0000000000000000     
   8.3160000000000007        0.0000000000000000       -9.4363803799969483E-003   0.0000000000000000     
   8.5140000000000011        0.0000000000000000       -9.0947641487975125E-003   0.0000000000000000     
   8.7119999999999997        0.0000000000000000       -8.7708422500199692E-003   0.0000000000000000     
   8.9100000000000001        0.0000000000000000       -8.4634349304916791E-003   0.0000000000000000     
   9.1080000000000005        0.0000000000000000       -8.1714539016745323E-003   0.0000000000000000     
   9.3060000000000009        0.0000000000000000       -7.8938944153938047E-003   0.0000000000000000     
   9.5040000000000013        0.0000000000000000       -7.6298274575508137E-003   0.0000000000000000     
   9.7020000000000000        0.0000000000000000       -7.3783940376610365E-003   0.0000000000000000     
   9.9000000000000004        0.0000000000000000       -7.1387982978629557E-003   0.0000000000000000     
   10.098000000000001        0.0000000000000000       -6.9103031272390852E-003   0.0000000000000000     
   10.296000000000001        0.0000000000000000       -6.6922243289919839E-003   0.0000000000000000     
   10.494000000000000        0.0000000000000000       -6.4839266106082212E-003   0.0000000000000000     
   10.692000000000000        0.0000000000000000       -6.2848197148193839E-003   0.0000000000000000     
   10.890000000000001        0.0000000000000000       -6.0943541684983817E-003   0.0000000000000000     
   11.088000000000001        0.0000000000000000       -5.9120184266219754E-003   0.0000000000000000     
   11.286000000000001        0.0000000000000000       -5.7373354357622523E-003   0.0000000000000000     
   11.484000000000000        0.0000000000000000       -5.5698601064220173E-003   0.0000000000000000     
   11.682000000000000        0.0000000000000000       -5.4091764959412021E-003   0.0000000000000000     
   11.880000000000001        0.0000000000000000       -5.2548956080529516E-003   0.0000000000000000     
   12.078000000000001        0.0000000000000000       -5.1066531608698392E-003   0.0000000000000000     
   12.276000000000000        0.0000000000000000       -4.9641075869202361E-003   0.0000000000000000     
   12.474000000000000        0.0000000000000000       -4.8269382433433206E-003   0.0000000000000000     
   12.672000000000001        0.0000000000000000       -4.6948436640236466E-003   0.0000000000000000     
   12.870000000000001        0.0000000000000000       -4.5675399619706991E-003   0.0000000000000000     
   13.068000000000001        0.0000000000000000       -4.4447594824140188E-003   0.0000000000000000     
   13.266000000000000        0.0000000000000000       -4.3262493038098409E-003   0.0000000000000000     
   13.464000000000000        0.0000000000000000       -4.2117699437063186E-003   0.0000000000000000     
   13.662000000000001        0.0000000000000000       -4.1010942637064000E-003   0.0000000000000000     
   13.860000000000001        0.0000000000000000       -3.9940062433120012E-003   0.0000000000000000     
   14.058000000000000        0.0000000000000000       -3.8902997298027138E-003   0.0000000000000000     
   14.256000000000000        0.0000000000000000       -3.7897777086719335E-003   0.0000000000000000     
   14.454000000000001        0.0000000000000000       -3.6922507938029541E-003   0.0000000000000000     
   14.652000000000001        0.0000000000000000       -3.5975365624274832E-003   0.0000000000000000     
   14.850000000000001        0.0000000000000000       -3.5054582167469415E-003   0.0000000000000000     
   15.048000000000000        0.0000000000000000       -3.4158437833939634E-003   0.0000000000000000     
   15.246000000000000        0.0000000000000000       -3.3285245294077431E-003   0.0000000000000000     
   15.444000000000001        0.0000000000000000       -3.2433341418779426E-003   0.0000000000000000     
   15.642000000000001        0.0000000000000000       -3.1601071688072465E-003   0.0000000000000000     
   15.840000000000000        0.0000000000000000       -3.0786775871751914E-003   0.0000000000000000     
   16.038000000000000        0.0000000000000000       -2.9988769423889951E-003   0.0000000000000000     
   16.236000000000001        0.0000000000000000       -2.9205436049420247E-003   0.0000000000000000     
   16.434000000000001        0.0000000000000000       -2.8434892026408319E-003   0.0000000000000000     
   16.632000000000001        0.0000000000000000       -2.7675250743238390E-003   0.0000000000000000     
   16.830000000000002        0.0000000000000000       -2.6924492695216706E-003   0.0000000000000000     
   17.028000000000002        0.0000000000000000       -2.6180519526681190E-003   0.0000000000000000     
   17.225999999999999        0.0000000000000000       -2.5440799213165889E-003   0.0000000000000000     
   17.423999999999999        0.0000000000000000       -2.4702578833196774E-003   0.0000000000000000     
   17.622000000000000        0.0000000000000000       -2.3962652813087301E-003   0.0000000000000000     
   17.820000000000000        0.0000000000000000       -2.3217396229708695E-003   0.0000000000000000     
   18.018000000000001        0.0000000000000000       -2.2461861303474371E-003   0.0000000000000000     
   18.216000000000001        0.0000000000000000       -2.1690267150926159E-003   0.0000000000000000     
   18.414000000000001        0.0000000000000000       -2.0895226198158110E-003   0.0000000000000000     
   18.612000000000002        0.0000000000000000       -2.0066330688836760E-003   0.0000000000000000     
   18.810000000000002        0.0000000000000000       -1.9189185724024567E-003   0.0000000000000000     
   19.008000000000003        0.0000000000000000       -1.8243299002136978E-003   0.0000000000000000     
   19.206000000000000        0.0000000000000000       -1.7198994330542619E-003   0.0000000000000000     
   19.404000000000000        0.0000000000000000       -1.6019371967834909E-003   0.0000000000000000     
   19.602000000000000        0.0000000000000000       -1.4692013437249056E-003   0.0000000000000000     
