  -19.602000000000000        0.0000000000000000        1.2835937223739411E-002   0.0000000000000000     
  -19.404000000000000        0.0000000000000000        1.3097425587621192E-002   0.0000000000000000     
  -19.206000000000000        0.0000000000000000        1.3458640877058175E-002   0.0000000000000000     
  -19.008000000000003        0.0000000000000000        1.3862616250682153E-002   0.0000000000000000     
  -18.810000000000002        0.0000000000000000        1.4285612452248606E-002   0.0000000000000000     
  -18.612000000000002        0.0000000000000000        1.4718938640391081E-002   0.0000000000000000     
  -18.414000000000001        0.0000000000000000        1.5158150142400337E-002   0.0000000000000000     
  -18.216000000000001        0.0000000000000000        1.5600576914889487E-002   0.0000000000000000     
  -18.018000000000001        0.0000000000000000        1.6046327303854430E-002   0.0000000000000000     
  -17.820000000000000        0.0000000000000000        1.6493722674539923E-002   0.0000000000000000     
  -17.622000000000000        0.0000000000000000        1.6942282521339787E-002   0.0000000000000000     
  -17.423999999999999        0.0000000000000000        1.7387256173192367E-002   0.0000000000000000     
  -17.225999999999999        0.0000000000000000        1.7833579755097285E-002   0.0000000000000000     
  -17.028000000000002        0.0000000000000000        1.8279588687119149E-002   0.0000000000000000     
  -16.830000000000002        0.0000000000000000        1.8727272375178922E-002   0.0000000000000000     
  -16.632000000000001        0.0000000000000000        1.9176745127141265E-002   0.0000000000000000     
  -16.434000000000001        0.0000000000000000        1.9628154302925572E-002   0.0000000000000000     
  -16.236000000000001        0.0000000000000000        2.0081640198171363E-002   0.0000000000000000     
  -16.038000000000000        0.0000000000000000        2.0537479411143558E-002   0.0000000000000000     
  -15.840000000000000        0.0000000000000000        2.0995752321991090E-002   0.0000000000000000     
  -15.642000000000001        0.0000000000000000        2.1456663164354156E-002   0.0000000000000000     
  -15.444000000000001        0.0000000000000000        2.1920414588309192E-002   0.0000000000000000     
  -15.246000000000000        0.0000000000000000        2.2387206952466054E-002   0.0000000000000000     
  -15.048000000000000        0.0000000000000000        2.2857237785666961E-002   0.0000000000000000     
  -14.850000000000001        0.0000000000000000        2.3330700594244042E-002   0.0000000000000000     
  -14.652000000000001        0.0000000000000000        2.3807784320031271E-002   0.0000000000000000     
  -14.454000000000001        0.0000000000000000        2.4288673462035244E-002   0.0000000000000000     
  -14.256000000000000        0.0000000000000000        2.4773549572432881E-002   0.0000000000000000     
  -14.058000000000000        0.0000000000000000        2.5262686000325916E-002   0.0000000000000000     
  -13.860000000000001        0.0000000000000000        2.5755375389527071E-002   0.0000000000000000     
  -13.662000000000001        0.0000000000000000        2.6252566577256473E-002   0.0000000000000000     
  -13.464000000000000        0.0000000000000000        2.6754411925301310E-002   0.0000000000000000     
  -13.266000000000000        0.0000000000000000        2.7261056043314132E-002   0.0000000000000000     
  -13.068000000000001        0.0000000000000000        2.7772636201064835E-002   0.0000000000000000     
  -12.870000000000001        0.0000000000000000        2.8289280341323952E-002   0.0000000000000000     
  -12.672000000000001        0.0000000000000000        2.8811107482724238E-002   0.0000000000000000     
  -12.474000000000000        0.0000000000000000        2.9338236823005712E-002   0.0000000000000000     
  -12.276000000000000        0.0000000000000000        2.9870757413665544E-002   0.0000000000000000     
  -12.078000000000001        0.0000000000000000        3.0408755393763962E-002   0.0000000000000000     
  -11.880000000000001        0.0000000000000000        3.0952303202644884E-002   0.0000000000000000     
  -11.682000000000000        0.0000000000000000        3.1501460182932262E-002   0.0000000000000000     
  -11.484000000000000        0.0000000000000000        3.2056269309763415E-002   0.0000000000000000     
  -11.286000000000001        0.0000000000000000        3.2616757942474837E-002   0.0000000000000000     
  -11.088000000000001        0.0000000000000000        3.3182934747345155E-002   0.0000000000000000     
  -10.890000000000001        0.0000000000000000        3.3754789153763530E-002   0.0000000000000000     
  -10.692000000000000        0.0000000000000000        3.4332288981649209E-002   0.0000000000000000     
  -10.494000000000000        0.0000000000000000        3.4915379562103617E-002   0.0000000000000000     
  -10.296000000000001        0.0000000000000000        3.5503980975852015E-002   0.0000000000000000     
  -10.098000000000001        0.0000000000000000        3.6097986829161648E-002   0.0000000000000000     
  -9.9000000000000004        0.0000000000000000        3.6697261997401615E-002   0.0000000000000000     
  -9.7020000000000000        0.0000000000000000        3.7301640890312321E-002   0.0000000000000000     
  -9.5040000000000013        0.0000000000000000        3.7910925560577777E-002   0.0000000000000000     
  -9.3060000000000009        0.0000000000000000        3.8524884140540241E-002   0.0000000000000000     
  -9.1080000000000005        0.0000000000000000        3.9143250392387009E-002   0.0000000000000000     
  -8.9100000000000001        0.0000000000000000        3.9765721967889398E-002   0.0000000000000000     
  -8.7119999999999997        0.0000000000000000        4.0391962852879541E-002   0.0000000000000000     
  -8.5140000000000011        0.0000000000000000        4.1021604019848307E-002   0.0000000000000000     
  -8.3160000000000007        0.0000000000000000        4.1654249599972638E-002   0.0000000000000000     
  -8.1180000000000003        0.0000000000000000        4.2289486668396777E-002   0.0000000000000000     
  -7.9199999999999999        0.0000000000000000        4.2926897986482380E-002   0.0000000000000000     
  -7.7220000000000004        0.0000000000000000        4.3566090443277680E-002   0.0000000000000000     
  -7.5240000000000000        0.0000000000000000        4.4206755607014425E-002   0.0000000000000000     
  -7.3260000000000005        0.0000000000000000        4.4848839629150108E-002   0.0000000000000000     
  -7.1280000000000001        0.0000000000000000        4.5492907419793449E-002   0.0000000000000000     
  -6.9300000000000006        0.0000000000000000        4.6138718402607644E-002   0.0000000000000000     
  -6.7320000000000002        0.0000000000000000        4.6783689632057208E-002   0.0000000000000000     
  -6.5340000000000007        0.0000000000000000        4.7428086302535651E-002   0.0000000000000000     
  -6.3360000000000003        0.0000000000000000        4.8073989681411133E-002   0.0000000000000000     
  -6.1379999999999999        0.0000000000000000        4.8724268806492763E-002   0.0000000000000000     
  -5.9400000000000004        0.0000000000000000        4.9383495715842510E-002   0.0000000000000000     
  -5.7420000000000000        0.0000000000000000        5.0057667713916301E-002   0.0000000000000000     
  -5.5440000000000005        0.0000000000000000        5.0737173707850323E-002   0.0000000000000000     
  -5.3460000000000001        0.0000000000000000        5.1389328277565649E-002   0.0000000000000000     
  -5.1480000000000006        0.0000000000000000        5.2003432788737466E-002   0.0000000000000000     
  -4.9500000000000002        0.0000000000000000        5.2583491731275071E-002   0.0000000000000000     
  -4.7520000000000007        0.0000000000000000        5.3131906029367092E-002   0.0000000000000000     
  -4.5540000000000003        0.0000000000000000        5.3649386605445451E-002   0.0000000000000000     
  -4.3559999999999999        0.0000000000000000        5.4135576261720164E-002   0.0000000000000000     
  -4.1580000000000004        0.0000000000000000        5.4589499712782909E-002   0.0000000000000000     
  -3.9600000000000000        0.0000000000000000        5.5009955063220567E-002   0.0000000000000000     
  -3.7620000000000000        0.0000000000000000        5.5395864800194913E-002   0.0000000000000000     
  -3.5640000000000001        0.0000000000000000        5.5746811126488056E-002   0.0000000000000000     
  -3.3660000000000001        0.0000000000000000        5.6068473747077942E-002   0.0000000000000000     
  -3.1680000000000001        0.0000000000000000        5.6377497587500908E-002   0.0000000000000000     
  -2.9700000000000002        0.0000000000000000        5.6692452196892083E-002   0.0000000000000000     
  -2.7720000000000002        0.0000000000000000        5.7042127315978179E-002   0.0000000000000000     
  -2.5740000000000003        0.0000000000000000        5.7480006128317475E-002   0.0000000000000000     
  -2.3760000000000003        0.0000000000000000        5.8050029946067103E-002   0.0000000000000000     
  -2.1779999999999999        0.0000000000000000        5.8752315860771918E-002   0.0000000000000000     
  -1.9800000000000000        0.0000000000000000        5.9548807086968455E-002   0.0000000000000000     
  -1.7820000000000000        0.0000000000000000        6.0252310730880672E-002   0.0000000000000000     
  -1.5840000000000001        0.0000000000000000        6.0800646899733392E-002   0.0000000000000000     
  -1.3860000000000001        0.0000000000000000        6.1251779184136788E-002   0.0000000000000000     
  -1.1880000000000002        0.0000000000000000        6.1697676499799368E-002   0.0000000000000000     
 -0.98999999999999999        0.0000000000000000        6.2153334489658839E-002   0.0000000000000000     
 -0.79200000000000004        0.0000000000000000        6.2597313687423009E-002   0.0000000000000000     
 -0.59400000000000008        0.0000000000000000        6.3011980446742263E-002   0.0000000000000000     
 -0.39600000000000002        0.0000000000000000        6.3358782442830289E-002   0.0000000000000000     
 -0.19800000000000001        0.0000000000000000        6.3593873952527788E-002   0.0000000000000000     
   0.0000000000000000        0.0000000000000000        6.3689831767692884E-002   0.0000000000000000     
  0.19800000000000001        0.0000000000000000        6.3593873952527788E-002   0.0000000000000000     
  0.39600000000000002        0.0000000000000000        6.3358782442830289E-002   0.0000000000000000     
  0.59400000000000008        0.0000000000000000        6.3011980446742263E-002   0.0000000000000000     
  0.79200000000000004        0.0000000000000000        6.2597313687423009E-002   0.0000000000000000     
  0.98999999999999999        0.0000000000000000        6.2153334489658839E-002   0.0000000000000000     
   1.1880000000000002        0.0000000000000000        6.1697676499799368E-002   0.0000000000000000     
   1.3860000000000001        0.0000000000000000        6.1251779184136788E-002   0.0000000000000000     
   1.5840000000000001        0.0000000000000000        6.0800646899733392E-002   0.0000000000000000     
   1.7820000000000000        0.0000000000000000        6.0252310730880672E-002   0.0000000000000000     
   1.9800000000000000        0.0000000000000000        5.9548807086968455E-002   0.0000000000000000     
   2.1779999999999999        0.0000000000000000        5.8752315860771918E-002   0.0000000000000000     
   2.3760000000000003        0.0000000000000000        5.8050029946067103E-002   0.0000000000000000     
   2.5740000000000003        0.0000000000000000        5.7480006128317475E-002   0.0000000000000000     
   2.7720000000000002        0.0000000000000000        5.7042127315978179E-002   0.0000000000000000     
   2.9700000000000002        0.0000000000000000        5.6692452196892083E-002   0.0000000000000000     
   3.1680000000000001        0.0000000000000000        5.6377497587500908E-002   0.0000000000000000     
   3.3660000000000001        0.0000000000000000        5.6068473747077942E-002   0.0000000000000000     
   3.5640000000000001        0.0000000000000000        5.5746811126488056E-002   0.0000000000000000     
   3.7620000000000000        0.0000000000000000        5.5395864800194913E-002   0.0000000000000000     
   3.9600000000000000        0.0000000000000000        5.5009955063220567E-002   0.0000000000000000     
   4.1580000000000004        0.0000000000000000        5.4589499712782909E-002   0.0000000000000000     
   4.3559999999999999        0.0000000000000000        5.4135576261720164E-002   0.0000000000000000     
   4.5540000000000003        0.0000000000000000        5.3649386605445451E-002   0.0000000000000000     
   4.7520000000000007        0.0000000000000000        5.3131906029367092E-002   0.0000000000000000     
   4.9500000000000002        0.0000000000000000        5.2583491731275071E-002   0.0000000000000000     
   5.1480000000000006        0.0000000000000000        5.2003432788737466E-002   0.0000000000000000     
   5.3460000000000001        0.0000000000000000        5.1389328277565649E-002   0.0000000000000000     
   5.5440000000000005        0.0000000000000000        5.0737173707850323E-002   0.0000000000000000     
   5.7420000000000000        0.0000000000000000        5.0057667713916301E-002   0.0000000000000000     
   5.9400000000000004        0.0000000000000000        4.9383495715842510E-002   0.0000000000000000     
   6.1379999999999999        0.0000000000000000        4.8724268806492763E-002   0.0000000000000000     
   6.3360000000000003        0.0000000000000000        4.8073989681411133E-002   0.0000000000000000     
   6.5340000000000007        0.0000000000000000        4.7428086302535651E-002   0.0000000000000000     
   6.7320000000000002        0.0000000000000000        4.6783689632057208E-002   0.0000000000000000     
   6.9300000000000006        0.0000000000000000        4.6138718402607644E-002   0.0000000000000000     
   7.1280000000000001        0.0000000000000000        4.5492907419793449E-002   0.0000000000000000     
   7.3260000000000005        0.0000000000000000        4.4848839629150108E-002   0.0000000000000000     
   7.5240000000000000        0.0000000000000000        4.4206755607014425E-002   0.0000000000000000     
   7.7220000000000004        0.0000000000000000        4.3566090443277680E-002   0.0000000000000000     
   7.9199999999999999        0.0000000000000000        4.2926897986482380E-002   0.0000000000000000     
   8.1180000000000003        0.0000000000000000        4.2289486668396777E-002   0.0000000000000000     
   8.3160000000000007        0.0000000000000000        4.1654249599972638E-002   0.0000000000000000     
   8.5140000000000011        0.0000000000000000        4.1021604019848307E-002   0.0000000000000000     
   8.7119999999999997        0.0000000000000000        4.0391962852879541E-002   0.0000000000000000     
   8.9100000000000001        0.0000000000000000        3.9765721967889398E-002   0.0000000000000000     
   9.1080000000000005        0.0000000000000000        3.9143250392387009E-002   0.0000000000000000     
   9.3060000000000009        0.0000000000000000        3.8524884140540241E-002   0.0000000000000000     
   9.5040000000000013        0.0000000000000000        3.7910925560577777E-002   0.0000000000000000     
   9.7020000000000000        0.0000000000000000        3.7301640890312321E-002   0.0000000000000000     
   9.9000000000000004        0.0000000000000000        3.6697261997401615E-002   0.0000000000000000     
   10.098000000000001        0.0000000000000000        3.6097986829161648E-002   0.0000000000000000     
   10.296000000000001        0.0000000000000000        3.5503980975852015E-002   0.0000000000000000     
   10.494000000000000        0.0000000000000000        3.4915379562103617E-002   0.0000000000000000     
   10.692000000000000        0.0000000000000000        3.4332288981649209E-002   0.0000000000000000     
   10.890000000000001        0.0000000000000000        3.3754789153763530E-002   0.0000000000000000     
   11.088000000000001        0.0000000000000000        3.3182934747345155E-002   0.0000000000000000     
   11.286000000000001        0.0000000000000000        3.2616757942474837E-002   0.0000000000000000     
   11.484000000000000        0.0000000000000000        3.2056269309763415E-002   0.0000000000000000     
   11.682000000000000        0.0000000000000000        3.1501460182932262E-002   0.0000000000000000     
   11.880000000000001        0.0000000000000000        3.0952303202644884E-002   0.0000000000000000     
   12.078000000000001        0.0000000000000000        3.0408755393763962E-002   0.0000000000000000     
   12.276000000000000        0.0000000000000000        2.9870757413665544E-002   0.0000000000000000     
   12.474000000000000        0.0000000000000000        2.9338236823005712E-002   0.0000000000000000     
   12.672000000000001        0.0000000000000000        2.8811107482724238E-002   0.0000000000000000     
   12.870000000000001        0.0000000000000000        2.8289280341323952E-002   0.0000000000000000     
   13.068000000000001        0.0000000000000000        2.7772636201064835E-002   0.0000000000000000     
   13.266000000000000        0.0000000000000000        2.7261056043314132E-002   0.0000000000000000     
   13.464000000000000        0.0000000000000000        2.6754411925301310E-002   0.0000000000000000     
   13.662000000000001        0.0000000000000000        2.6252566577256473E-002   0.0000000000000000     
   13.860000000000001        0.0000000000000000        2.5755375389527071E-002   0.0000000000000000     
   14.058000000000000        0.0000000000000000        2.5262686000325916E-002   0.0000000000000000     
   14.256000000000000        0.0000000000000000        2.4773549572432881E-002   0.0000000000000000     
   14.454000000000001        0.0000000000000000        2.4288673462035244E-002   0.0000000000000000     
   14.652000000000001        0.0000000000000000        2.3807784320031271E-002   0.0000000000000000     
   14.850000000000001        0.0000000000000000        2.3330700594244042E-002   0.0000000000000000     
   15.048000000000000        0.0000000000000000        2.2857237785666961E-002   0.0000000000000000     
   15.246000000000000        0.0000000000000000        2.2387206952466054E-002   0.0000000000000000     
   15.444000000000001        0.0000000000000000        2.1920414588309192E-002   0.0000000000000000     
   15.642000000000001        0.0000000000000000        2.1456663164354156E-002   0.0000000000000000     
   15.840000000000000        0.0000000000000000        2.0995752321991090E-002   0.0000000000000000     
   16.038000000000000        0.0000000000000000        2.0537479411143558E-002   0.0000000000000000     
   16.236000000000001        0.0000000000000000        2.0081640198171363E-002   0.0000000000000000     
   16.434000000000001        0.0000000000000000        1.9628154302925572E-002   0.0000000000000000     
   16.632000000000001        0.0000000000000000        1.9176745127141265E-002   0.0000000000000000     
   16.830000000000002        0.0000000000000000        1.8727272375178922E-002   0.0000000000000000     
   17.028000000000002        0.0000000000000000        1.8279588687119149E-002   0.0000000000000000     
   17.225999999999999        0.0000000000000000        1.7833579755097285E-002   0.0000000000000000     
   17.423999999999999        0.0000000000000000        1.7387256173192367E-002   0.0000000000000000     
   17.622000000000000        0.0000000000000000        1.6942282521339787E-002   0.0000000000000000     
   17.820000000000000        0.0000000000000000        1.6493722674539923E-002   0.0000000000000000     
   18.018000000000001        0.0000000000000000        1.6046327303854430E-002   0.0000000000000000     
   18.216000000000001        0.0000000000000000        1.5600576914889487E-002   0.0000000000000000     
   18.414000000000001        0.0000000000000000        1.5158150142400337E-002   0.0000000000000000     
   18.612000000000002        0.0000000000000000        1.4718938640391081E-002   0.0000000000000000     
   18.810000000000002        0.0000000000000000        1.4285612452248606E-002   0.0000000000000000     
   19.008000000000003        0.0000000000000000        1.3862616250682153E-002   0.0000000000000000     
   19.206000000000000        0.0000000000000000        1.3458640877058175E-002   0.0000000000000000     
   19.404000000000000        0.0000000000000000        1.3097425587621192E-002   0.0000000000000000     
   19.602000000000000        0.0000000000000000        1.2835937223739411E-002   0.0000000000000000     
