  -19.602000000000000        0.0000000000000000       -2.3316551066578529E-003   0.0000000000000000     
  -19.404000000000000        0.0000000000000000       -2.5070278019922398E-003   0.0000000000000000     
  -19.206000000000000        0.0000000000000000       -2.6664660766701296E-003   0.0000000000000000     
  -19.008000000000003        0.0000000000000000       -2.8127744894336122E-003   0.0000000000000000     
  -18.810000000000002        0.0000000000000000       -2.9496193434631265E-003   0.0000000000000000     
  -18.612000000000002        0.0000000000000000       -3.0797389661900228E-003   0.0000000000000000     
  -18.414000000000001        0.0000000000000000       -3.2051072910663342E-003   0.0000000000000000     
  -18.216000000000001        0.0000000000000000       -3.3267991495641628E-003   0.0000000000000000     
  -18.018000000000001        0.0000000000000000       -3.4459375658498301E-003   0.0000000000000000     
  -17.820000000000000        0.0000000000000000       -3.5632726440369437E-003   0.0000000000000000     
  -17.622000000000000        0.0000000000000000       -3.6794753063631165E-003   0.0000000000000000     
  -17.423999999999999        0.0000000000000000       -3.7950360262219008E-003   0.0000000000000000     
  -17.225999999999999        0.0000000000000000       -3.9103048836619941E-003   0.0000000000000000     
  -17.028000000000002        0.0000000000000000       -4.0258149202623333E-003   0.0000000000000000     
  -16.830000000000002        0.0000000000000000       -4.1418350745584843E-003   0.0000000000000000     
  -16.632000000000001        0.0000000000000000       -4.2587184536209454E-003   0.0000000000000000     
  -16.434000000000001        0.0000000000000000       -4.3767525498591628E-003   0.0000000000000000     
  -16.236000000000001        0.0000000000000000       -4.4962049062816012E-003   0.0000000000000000     
  -16.038000000000000        0.0000000000000000       -4.6173274680700142E-003   0.0000000000000000     
  -15.840000000000000        0.0000000000000000       -4.7403602419206613E-003   0.0000000000000000     
  -15.642000000000001        0.0000000000000000       -4.8655343617795433E-003   0.0000000000000000     
  -15.444000000000001        0.0000000000000000       -4.9930746494595019E-003   0.0000000000000000     
  -15.246000000000000        0.0000000000000000       -5.1232021061261923E-003   0.0000000000000000     
  -15.048000000000000        0.0000000000000000       -5.2561607517684792E-003   0.0000000000000000     
  -14.850000000000001        0.0000000000000000       -5.3921397042742828E-003   0.0000000000000000     
  -14.652000000000001        0.0000000000000000       -5.5313586909529425E-003   0.0000000000000000     
  -14.454000000000001        0.0000000000000000       -5.6740394743343093E-003   0.0000000000000000     
  -14.256000000000000        0.0000000000000000       -5.8204075933514883E-003   0.0000000000000000     
  -14.058000000000000        0.0000000000000000       -5.9706933984643284E-003   0.0000000000000000     
  -13.860000000000001        0.0000000000000000       -6.1251332139841642E-003   0.0000000000000000     
  -13.662000000000001        0.0000000000000000       -6.2839703473883358E-003   0.0000000000000000     
  -13.464000000000000        0.0000000000000000       -6.4474565415348203E-003   0.0000000000000000     
  -13.266000000000000        0.0000000000000000       -6.6158526549125627E-003   0.0000000000000000     
  -13.068000000000001        0.0000000000000000       -6.7894301373606896E-003   0.0000000000000000     
  -12.870000000000001        0.0000000000000000       -6.9684719149469936E-003   0.0000000000000000     
  -12.672000000000001        0.0000000000000000       -7.1532736711982263E-003   0.0000000000000000     
  -12.474000000000000        0.0000000000000000       -7.3441450200249659E-003   0.0000000000000000     
  -12.276000000000000        0.0000000000000000       -7.5414109496405052E-003   0.0000000000000000     
  -12.078000000000001        0.0000000000000000       -7.7454127696573571E-003   0.0000000000000000     
  -11.880000000000001        0.0000000000000000       -7.9565100693417563E-003   0.0000000000000000     
  -11.682000000000000        0.0000000000000000       -8.1750817610328798E-003   0.0000000000000000     
  -11.484000000000000        0.0000000000000000       -8.4015279065873198E-003   0.0000000000000000     
  -11.286000000000001        0.0000000000000000       -8.6362715567280639E-003   0.0000000000000000     
  -11.088000000000001        0.0000000000000000       -8.8797603899131699E-003   0.0000000000000000     
  -10.890000000000001        0.0000000000000000       -9.1324688148439123E-003   0.0000000000000000     
  -10.692000000000000        0.0000000000000000       -9.3949002646965835E-003   0.0000000000000000     
  -10.494000000000000        0.0000000000000000       -9.6675894531017478E-003   0.0000000000000000     
  -10.296000000000001        0.0000000000000000       -9.9511049154046294E-003   0.0000000000000000     
  -10.098000000000001        0.0000000000000000       -1.0246051696944371E-002   0.0000000000000000     
  -9.9000000000000004        0.0000000000000000       -1.0553074822054186E-002   0.0000000000000000     
  -9.7020000000000000        0.0000000000000000       -1.0872862009993085E-002   0.0000000000000000     
  -9.5040000000000013        0.0000000000000000       -1.1206147741239018E-002   0.0000000000000000     
  -9.3060000000000009        0.0000000000000000       -1.1553716900238592E-002   0.0000000000000000     
  -9.1080000000000005        0.0000000000000000       -1.1916409168920941E-002   0.0000000000000000     
  -8.9100000000000001        0.0000000000000000       -1.2295123936851496E-002   0.0000000000000000     
  -8.7119999999999997        0.0000000000000000       -1.2690825022427417E-002   0.0000000000000000     
  -8.5140000000000011        0.0000000000000000       -1.3104546698577406E-002   0.0000000000000000     
  -8.3160000000000007        0.0000000000000000       -1.3537399524433500E-002   0.0000000000000000     
  -8.1180000000000003        0.0000000000000000       -1.3990577248074553E-002   0.0000000000000000     
  -7.9199999999999999        0.0000000000000000       -1.4465364145947981E-002   0.0000000000000000     
  -7.7220000000000004        0.0000000000000000       -1.4963142919949327E-002   0.0000000000000000     
  -7.5240000000000000        0.0000000000000000       -1.5485403260925930E-002   0.0000000000000000     
  -7.3260000000000005        0.0000000000000000       -1.6033751779133507E-002   0.0000000000000000     
  -7.1280000000000001        0.0000000000000000       -1.6609921445013841E-002   0.0000000000000000     
  -6.9300000000000006        0.0000000000000000       -1.7215783563398059E-002   0.0000000000000000     
  -6.7320000000000002        0.0000000000000000       -1.7853358106306377E-002   0.0000000000000000     
  -6.5340000000000007        0.0000000000000000       -1.8524827222553747E-002   0.0000000000000000     
  -6.3360000000000003        0.0000000000000000       -1.9232547278319027E-002   0.0000000000000000     
  -6.1379999999999999        0.0000000000000000       -1.9979062106587130E-002   0.0000000000000000     
  -5.9400000000000004        0.0000000000000000       -2.0767114458720932E-002   0.0000000000000000     
  -5.7420000000000000        0.0000000000000000       -2.1599656543963102E-002   0.0000000000000000     
  -5.5440000000000005        0.0000000000000000       -2.2479855964804597E-002   0.0000000000000000     
  -5.3460000000000001        0.0000000000000000       -2.3411093471605506E-002   0.0000000000000000     
  -5.1480000000000006        0.0000000000000000       -2.4396947374677170E-002   0.0000000000000000     
  -4.9500000000000002        0.0000000000000000       -2.5441157952810524E-002   0.0000000000000000     
  -4.7520000000000007        0.0000000000000000       -2.6547603289180495E-002   0.0000000000000000     
  -4.5540000000000003        0.0000000000000000       -2.7720465921385842E-002   0.0000000000000000     
  -4.3559999999999999        0.0000000000000000       -2.8965223510838529E-002   0.0000000000000000     
  -4.1580000000000004        0.0000000000000000       -3.0288776496623732E-002   0.0000000000000000     
  -3.9600000000000000        0.0000000000000000       -3.1697563249723594E-002   0.0000000000000000     
  -3.7620000000000000        0.0000000000000000       -3.3197311526321903E-002   0.0000000000000000     
  -3.5640000000000001        0.0000000000000000       -3.4793775302657891E-002   0.0000000000000000     
  -3.3660000000000001        0.0000000000000000       -3.6492760619008371E-002   0.0000000000000000     
  -3.1680000000000001        0.0000000000000000       -3.8299849844409782E-002   0.0000000000000000     
  -2.9700000000000002        0.0000000000000000       -4.0219747496367496E-002   0.0000000000000000     
  -2.7720000000000002        0.0000000000000000       -4.2254972557989975E-002   0.0000000000000000     
  -2.5740000000000003        0.0000000000000000       -4.4407206586205394E-002   0.0000000000000000     
  -2.3760000000000003        0.0000000000000000       -4.6678163954489919E-002   0.0000000000000000     
  -2.1779999999999999        0.0000000000000000       -4.9066515093868099E-002   0.0000000000000000     
  -1.9800000000000000        0.0000000000000000       -5.1575663635952271E-002   0.0000000000000000     
  -1.7820000000000000        0.0000000000000000       -5.4196052859282959E-002   0.0000000000000000     
  -1.5840000000000001        0.0000000000000000       -5.6922867927356353E-002   0.0000000000000000     
  -1.3860000000000001        0.0000000000000000       -5.9720152027924363E-002   0.0000000000000000     
  -1.1880000000000002        0.0000000000000000       -6.2516761334450527E-002   0.0000000000000000     
 -0.98999999999999999        0.0000000000000000       -6.5217150552438832E-002   0.0000000000000000     
 -0.79200000000000004        0.0000000000000000       -6.7716392536817258E-002   0.0000000000000000     
 -0.59400000000000008        0.0000000000000000       -6.9887162923620350E-002   0.0000000000000000     
 -0.39600000000000002        0.0000000000000000       -7.1584550692806434E-002   0.0000000000000000     
 -0.19800000000000001        0.0000000000000000       -7.2669920020959011E-002   0.0000000000000000     
   0.0000000000000000        0.0000000000000000       -7.3044219506589458E-002   0.0000000000000000     
  0.19800000000000001        0.0000000000000000       -7.2669920020959011E-002   0.0000000000000000     
  0.39600000000000002        0.0000000000000000       -7.1584550692806434E-002   0.0000000000000000     
  0.59400000000000008        0.0000000000000000       -6.9887162923620350E-002   0.0000000000000000     
  0.79200000000000004        0.0000000000000000       -6.7716392536817258E-002   0.0000000000000000     
  0.98999999999999999        0.0000000000000000       -6.5217150552438832E-002   0.0000000000000000     
   1.1880000000000002        0.0000000000000000       -6.2516761334450527E-002   0.0000000000000000     
   1.3860000000000001        0.0000000000000000       -5.9720152027924363E-002   0.0000000000000000     
   1.5840000000000001        0.0000000000000000       -5.6922867927356353E-002   0.0000000000000000     
   1.7820000000000000        0.0000000000000000       -5.4196052859282959E-002   0.0000000000000000     
   1.9800000000000000        0.0000000000000000       -5.1575663635952271E-002   0.0000000000000000     
   2.1779999999999999        0.0000000000000000       -4.9066515093868099E-002   0.0000000000000000     
   2.3760000000000003        0.0000000000000000       -4.6678163954489919E-002   0.0000000000000000     
   2.5740000000000003        0.0000000000000000       -4.4407206586205394E-002   0.0000000000000000     
   2.7720000000000002        0.0000000000000000       -4.2254972557989975E-002   0.0000000000000000     
   2.9700000000000002        0.0000000000000000       -4.0219747496367496E-002   0.0000000000000000     
   3.1680000000000001        0.0000000000000000       -3.8299849844409782E-002   0.0000000000000000     
   3.3660000000000001        0.0000000000000000       -3.6492760619008371E-002   0.0000000000000000     
   3.5640000000000001        0.0000000000000000       -3.4793775302657891E-002   0.0000000000000000     
   3.7620000000000000        0.0000000000000000       -3.3197311526321903E-002   0.0000000000000000     
   3.9600000000000000        0.0000000000000000       -3.1697563249723594E-002   0.0000000000000000     
   4.1580000000000004        0.0000000000000000       -3.0288776496623732E-002   0.0000000000000000     
   4.3559999999999999        0.0000000000000000       -2.8965223510838529E-002   0.0000000000000000     
   4.5540000000000003        0.0000000000000000       -2.7720465921385842E-002   0.0000000000000000     
   4.7520000000000007        0.0000000000000000       -2.6547603289180495E-002   0.0000000000000000     
   4.9500000000000002        0.0000000000000000       -2.5441157952810524E-002   0.0000000000000000     
   5.1480000000000006        0.0000000000000000       -2.4396947374677170E-002   0.0000000000000000     
   5.3460000000000001        0.0000000000000000       -2.3411093471605506E-002   0.0000000000000000     
   5.5440000000000005        0.0000000000000000       -2.2479855964804597E-002   0.0000000000000000     
   5.7420000000000000        0.0000000000000000       -2.1599656543963102E-002   0.0000000000000000     
   5.9400000000000004        0.0000000000000000       -2.0767114458720932E-002   0.0000000000000000     
   6.1379999999999999        0.0000000000000000       -1.9979062106587130E-002   0.0000000000000000     
   6.3360000000000003        0.0000000000000000       -1.9232547278319027E-002   0.0000000000000000     
   6.5340000000000007        0.0000000000000000       -1.8524827222553747E-002   0.0000000000000000     
   6.7320000000000002        0.0000000000000000       -1.7853358106306377E-002   0.0000000000000000     
   6.9300000000000006        0.0000000000000000       -1.7215783563398059E-002   0.0000000000000000     
   7.1280000000000001        0.0000000000000000       -1.6609921445013841E-002   0.0000000000000000     
   7.3260000000000005        0.0000000000000000       -1.6033751779133507E-002   0.0000000000000000     
   7.5240000000000000        0.0000000000000000       -1.5485403260925930E-002   0.0000000000000000     
   7.7220000000000004        0.0000000000000000       -1.4963142919949327E-002   0.0000000000000000     
   7.9199999999999999        0.0000000000000000       -1.4465364145947981E-002   0.0000000000000000     
   8.1180000000000003        0.0000000000000000       -1.3990577248074553E-002   0.0000000000000000     
   8.3160000000000007        0.0000000000000000       -1.3537399524433500E-002   0.0000000000000000     
   8.5140000000000011        0.0000000000000000       -1.3104546698577406E-002   0.0000000000000000     
   8.7119999999999997        0.0000000000000000       -1.2690825022427417E-002   0.0000000000000000     
   8.9100000000000001        0.0000000000000000       -1.2295123936851496E-002   0.0000000000000000     
   9.1080000000000005        0.0000000000000000       -1.1916409168920941E-002   0.0000000000000000     
   9.3060000000000009        0.0000000000000000       -1.1553716900238592E-002   0.0000000000000000     
   9.5040000000000013        0.0000000000000000       -1.1206147741239018E-002   0.0000000000000000     
   9.7020000000000000        0.0000000000000000       -1.0872862009993085E-002   0.0000000000000000     
   9.9000000000000004        0.0000000000000000       -1.0553074822054186E-002   0.0000000000000000     
   10.098000000000001        0.0000000000000000       -1.0246051696944371E-002   0.0000000000000000     
   10.296000000000001        0.0000000000000000       -9.9511049154046294E-003   0.0000000000000000     
   10.494000000000000        0.0000000000000000       -9.6675894531017478E-003   0.0000000000000000     
   10.692000000000000        0.0000000000000000       -9.3949002646965835E-003   0.0000000000000000     
   10.890000000000001        0.0000000000000000       -9.1324688148439123E-003   0.0000000000000000     
   11.088000000000001        0.0000000000000000       -8.8797603899131699E-003   0.0000000000000000     
   11.286000000000001        0.0000000000000000       -8.6362715567280639E-003   0.0000000000000000     
   11.484000000000000        0.0000000000000000       -8.4015279065873198E-003   0.0000000000000000     
   11.682000000000000        0.0000000000000000       -8.1750817610328798E-003   0.0000000000000000     
   11.880000000000001        0.0000000000000000       -7.9565100693417563E-003   0.0000000000000000     
   12.078000000000001        0.0000000000000000       -7.7454127696573571E-003   0.0000000000000000     
   12.276000000000000        0.0000000000000000       -7.5414109496405052E-003   0.0000000000000000     
   12.474000000000000        0.0000000000000000       -7.3441450200249659E-003   0.0000000000000000     
   12.672000000000001        0.0000000000000000       -7.1532736711982263E-003   0.0000000000000000     
   12.870000000000001        0.0000000000000000       -6.9684719149469936E-003   0.0000000000000000     
   13.068000000000001        0.0000000000000000       -6.7894301373606896E-003   0.0000000000000000     
   13.266000000000000        0.0000000000000000       -6.6158526549125627E-003   0.0000000000000000     
   13.464000000000000        0.0000000000000000       -6.4474565415348203E-003   0.0000000000000000     
   13.662000000000001        0.0000000000000000       -6.2839703473883358E-003   0.0000000000000000     
   13.860000000000001        0.0000000000000000       -6.1251332139841642E-003   0.0000000000000000     
   14.058000000000000        0.0000000000000000       -5.9706933984643284E-003   0.0000000000000000     
   14.256000000000000        0.0000000000000000       -5.8204075933514883E-003   0.0000000000000000     
   14.454000000000001        0.0000000000000000       -5.6740394743343093E-003   0.0000000000000000     
   14.652000000000001        0.0000000000000000       -5.5313586909529425E-003   0.0000000000000000     
   14.850000000000001        0.0000000000000000       -5.3921397042742828E-003   0.0000000000000000     
   15.048000000000000        0.0000000000000000       -5.2561607517684792E-003   0.0000000000000000     
   15.246000000000000        0.0000000000000000       -5.1232021061261923E-003   0.0000000000000000     
   15.444000000000001        0.0000000000000000       -4.9930746494595019E-003   0.0000000000000000     
   15.642000000000001        0.0000000000000000       -4.8655343617795433E-003   0.0000000000000000     
   15.840000000000000        0.0000000000000000       -4.7403602419206613E-003   0.0000000000000000     
   16.038000000000000        0.0000000000000000       -4.6173274680700142E-003   0.0000000000000000     
   16.236000000000001        0.0000000000000000       -4.4962049062816012E-003   0.0000000000000000     
   16.434000000000001        0.0000000000000000       -4.3767525498591628E-003   0.0000000000000000     
   16.632000000000001        0.0000000000000000       -4.2587184536209454E-003   0.0000000000000000     
   16.830000000000002        0.0000000000000000       -4.1418350745584843E-003   0.0000000000000000     
   17.028000000000002        0.0000000000000000       -4.0258149202623333E-003   0.0000000000000000     
   17.225999999999999        0.0000000000000000       -3.9103048836619941E-003   0.0000000000000000     
   17.423999999999999        0.0000000000000000       -3.7950360262219008E-003   0.0000000000000000     
   17.622000000000000        0.0000000000000000       -3.6794753063631165E-003   0.0000000000000000     
   17.820000000000000        0.0000000000000000       -3.5632726440369437E-003   0.0000000000000000     
   18.018000000000001        0.0000000000000000       -3.4459375658498301E-003   0.0000000000000000     
   18.216000000000001        0.0000000000000000       -3.3267991495641628E-003   0.0000000000000000     
   18.414000000000001        0.0000000000000000       -3.2051072910663342E-003   0.0000000000000000     
   18.612000000000002        0.0000000000000000       -3.0797389661900228E-003   0.0000000000000000     
   18.810000000000002        0.0000000000000000       -2.9496193434631265E-003   0.0000000000000000     
   19.008000000000003        0.0000000000000000       -2.8127744894336122E-003   0.0000000000000000     
   19.206000000000000        0.0000000000000000       -2.6664660766701296E-003   0.0000000000000000     
   19.404000000000000        0.0000000000000000       -2.5070278019922398E-003   0.0000000000000000     
   19.602000000000000        0.0000000000000000       -2.3316551066578529E-003   0.0000000000000000     
