  -19.602000000000000        0.0000000000000000       -1.4693015847869798E-003   0.0000000000000000     
  -19.404000000000000        0.0000000000000000       -1.6019405113907978E-003   0.0000000000000000     
  -19.206000000000000        0.0000000000000000       -1.7199429027095975E-003   0.0000000000000000     
  -19.008000000000003        0.0000000000000000       -1.8244086239807302E-003   0.0000000000000000     
  -18.810000000000002        0.0000000000000000       -1.9190211353487926E-003   0.0000000000000000     
  -18.612000000000002        0.0000000000000000       -2.0067548982154199E-003   0.0000000000000000     
  -18.414000000000001        0.0000000000000000       -2.0896455211409631E-003   0.0000000000000000     
  -18.216000000000001        0.0000000000000000       -2.1691987327039056E-003   0.0000000000000000     
  -18.018000000000001        0.0000000000000000       -2.2464066098034871E-003   0.0000000000000000     
  -17.820000000000000        0.0000000000000000       -2.3220034043240439E-003   0.0000000000000000     
  -17.622000000000000        0.0000000000000000       -2.3965898989791604E-003   0.0000000000000000     
  -17.423999999999999        0.0000000000000000       -2.4706169688504054E-003   0.0000000000000000     
  -17.225999999999999        0.0000000000000000       -2.5444753854920819E-003   0.0000000000000000     
  -17.028000000000002        0.0000000000000000       -2.6184831299860211E-003   0.0000000000000000     
  -16.830000000000002        0.0000000000000000       -2.6929251202983404E-003   0.0000000000000000     
  -16.632000000000001        0.0000000000000000       -2.7680421115850160E-003   0.0000000000000000     
  -16.434000000000001        0.0000000000000000       -2.8440474618738306E-003   0.0000000000000000     
  -16.236000000000001        0.0000000000000000       -2.9211432391570819E-003   0.0000000000000000     
  -16.038000000000000        0.0000000000000000       -2.9995182986243900E-003   0.0000000000000000     
  -15.840000000000000        0.0000000000000000       -3.0793610617827431E-003   0.0000000000000000     
  -15.642000000000001        0.0000000000000000       -3.1608333950281166E-003   0.0000000000000000     
  -15.444000000000001        0.0000000000000000       -3.2441037552576662E-003   0.0000000000000000     
  -15.246000000000000        0.0000000000000000       -3.3293383203455863E-003   0.0000000000000000     
  -15.048000000000000        0.0000000000000000       -3.4167025593415390E-003   0.0000000000000000     
  -14.850000000000001        0.0000000000000000       -3.5063629220355025E-003   0.0000000000000000     
  -14.652000000000001        0.0000000000000000       -3.5984880713354045E-003   0.0000000000000000     
  -14.454000000000001        0.0000000000000000       -3.6932501373058385E-003   0.0000000000000000     
  -14.256000000000000        0.0000000000000000       -3.7908258089790724E-003   0.0000000000000000     
  -14.058000000000000        0.0000000000000000       -3.8913976169679628E-003   0.0000000000000000     
  -13.860000000000001        0.0000000000000000       -3.9951547870049915E-003   0.0000000000000000     
  -13.662000000000001        0.0000000000000000       -4.1022943948930326E-003   0.0000000000000000     
  -13.464000000000000        0.0000000000000000       -4.2130223813503587E-003   0.0000000000000000     
  -13.266000000000000        0.0000000000000000       -4.3275547014309168E-003   0.0000000000000000     
  -13.068000000000001        0.0000000000000000       -4.4461184220962536E-003   0.0000000000000000     
  -12.870000000000001        0.0000000000000000       -4.5689527389040250E-003   0.0000000000000000     
  -12.672000000000001        0.0000000000000000       -4.6963103519479365E-003   0.0000000000000000     
  -12.474000000000000        0.0000000000000000       -4.8284586102084097E-003   0.0000000000000000     
  -12.276000000000000        0.0000000000000000       -4.9656811045642830E-003   0.0000000000000000     
  -12.078000000000001        0.0000000000000000       -5.1082788838094050E-003   0.0000000000000000     
  -11.880000000000001        0.0000000000000000       -5.2565720130987766E-003   0.0000000000000000     
  -11.682000000000000        0.0000000000000000       -5.4109016121647348E-003   0.0000000000000000     
  -11.484000000000000        0.0000000000000000       -5.5716311934652157E-003   0.0000000000000000     
  -11.286000000000001        0.0000000000000000       -5.7391489531894470E-003   0.0000000000000000     
  -11.088000000000001        0.0000000000000000       -5.9138699813802110E-003   0.0000000000000000     
  -10.890000000000001        0.0000000000000000       -6.0962383169719447E-003   0.0000000000000000     
  -10.692000000000000        0.0000000000000000       -6.2867296789312944E-003   0.0000000000000000     
  -10.494000000000000        0.0000000000000000       -6.4858543190684671E-003   0.0000000000000000     
  -10.296000000000001        0.0000000000000000       -6.6941599483580161E-003   0.0000000000000000     
  -10.098000000000001        0.0000000000000000       -6.9122350503939643E-003   0.0000000000000000     
  -9.9000000000000004        0.0000000000000000       -7.1407127278459463E-003   0.0000000000000000     
  -9.7020000000000000        0.0000000000000000       -7.3802745325543141E-003   0.0000000000000000     
  -9.5040000000000013        0.0000000000000000       -7.6316549936192414E-003   0.0000000000000000     
  -9.3060000000000009        0.0000000000000000       -7.8956463849139645E-003   0.0000000000000000     
  -9.1080000000000005        0.0000000000000000       -8.1731042115618050E-003   0.0000000000000000     
  -8.9100000000000001        0.0000000000000000       -8.4649529851508632E-003   0.0000000000000000     
  -8.7119999999999997        0.0000000000000000       -8.7721926646815336E-003   0.0000000000000000     
  -8.5140000000000011        0.0000000000000000       -9.0959059890751426E-003   0.0000000000000000     
  -8.3160000000000007        0.0000000000000000       -9.4372662700959540E-003   0.0000000000000000     
  -8.1180000000000003        0.0000000000000000       -9.7975459871942686E-003   0.0000000000000000     
  -7.9199999999999999        0.0000000000000000       -1.0178126789168063E-002   0.0000000000000000     
  -7.7220000000000004        0.0000000000000000       -1.0580509659434979E-002   0.0000000000000000     
  -7.5240000000000000        0.0000000000000000       -1.1006327032069583E-002   0.0000000000000000     
  -7.3260000000000005        0.0000000000000000       -1.1457355336568891E-002   0.0000000000000000     
  -7.1280000000000001        0.0000000000000000       -1.1935529714141952E-002   0.0000000000000000     
  -6.9300000000000006        0.0000000000000000       -1.2442959141757847E-002   0.0000000000000000     
  -6.7320000000000002        0.0000000000000000       -1.2981944291136489E-002   0.0000000000000000     
  -6.5340000000000007        0.0000000000000000       -1.3554995649861635E-002   0.0000000000000000     
  -6.3360000000000003        0.0000000000000000       -1.4164854663639528E-002   0.0000000000000000     
  -6.1379999999999999        0.0000000000000000       -1.4814515153469016E-002   0.0000000000000000     
  -5.9400000000000004        0.0000000000000000       -1.5507247746237695E-002   0.0000000000000000     
  -5.7420000000000000        0.0000000000000000       -1.6246624017156430E-002   0.0000000000000000     
  -5.5440000000000005        0.0000000000000000       -1.7036543153867118E-002   0.0000000000000000     
  -5.3460000000000001        0.0000000000000000       -1.7881256118810050E-002   0.0000000000000000     
  -5.1480000000000006        0.0000000000000000       -1.8785389338734283E-002   0.0000000000000000     
  -4.9500000000000002        0.0000000000000000       -1.9753962893213520E-002   0.0000000000000000     
  -4.7520000000000007        0.0000000000000000       -2.0792396564196174E-002   0.0000000000000000     
  -4.5540000000000003        0.0000000000000000       -2.1906497336290316E-002   0.0000000000000000     
  -4.3559999999999999        0.0000000000000000       -2.3102414702795986E-002   0.0000000000000000     
  -4.1580000000000004        0.0000000000000000       -2.4386558931738300E-002   0.0000000000000000     
  -3.9600000000000000        0.0000000000000000       -2.5765564123688713E-002   0.0000000000000000     
  -3.7620000000000000        0.0000000000000000       -2.7246730825100329E-002   0.0000000000000000     
  -3.5640000000000001        0.0000000000000000       -2.8839612444668844E-002   0.0000000000000000     
  -3.3660000000000001        0.0000000000000000       -3.0555676793420503E-002   0.0000000000000000     
  -3.1680000000000001        0.0000000000000000       -3.2405895869184194E-002   0.0000000000000000     
  -2.9700000000000002        0.0000000000000000       -3.4399767754089525E-002   0.0000000000000000     
  -2.7720000000000002        0.0000000000000000       -3.6547424595701962E-002   0.0000000000000000     
  -2.5740000000000003        0.0000000000000000       -3.8862338330023512E-002   0.0000000000000000     
  -2.3760000000000003        0.0000000000000000       -4.1359355591064566E-002   0.0000000000000000     
  -2.1779999999999999        0.0000000000000000       -4.4045696571629572E-002   0.0000000000000000     
  -1.9800000000000000        0.0000000000000000       -4.6916747217713675E-002   0.0000000000000000     
  -1.7820000000000000        0.0000000000000000       -4.9954683777656349E-002   0.0000000000000000     
  -1.5840000000000001        0.0000000000000000       -5.3132077471116063E-002   0.0000000000000000     
  -1.3860000000000001        0.0000000000000000       -5.6413978850171867E-002   0.0000000000000000     
  -1.1880000000000002        0.0000000000000000       -5.9750034309329847E-002   0.0000000000000000     
 -0.98999999999999999        0.0000000000000000       -6.3056989967148203E-002   0.0000000000000000     
 -0.79200000000000004        0.0000000000000000       -6.6193051709567657E-002   0.0000000000000000     
 -0.59400000000000008        0.0000000000000000       -6.8971239218275540E-002   0.0000000000000000     
 -0.39600000000000002        0.0000000000000000       -7.1170821535285422E-002   0.0000000000000000     
 -0.19800000000000001        0.0000000000000000       -7.2579585289034007E-002   0.0000000000000000     
   0.0000000000000000        0.0000000000000000       -7.3063877332510380E-002   0.0000000000000000     
  0.19800000000000001        0.0000000000000000       -7.2579585289034007E-002   0.0000000000000000     
  0.39600000000000002        0.0000000000000000       -7.1170821535285422E-002   0.0000000000000000     
  0.59400000000000008        0.0000000000000000       -6.8971239218275540E-002   0.0000000000000000     
  0.79200000000000004        0.0000000000000000       -6.6193051709567657E-002   0.0000000000000000     
  0.98999999999999999        0.0000000000000000       -6.3056989967148203E-002   0.0000000000000000     
   1.1880000000000002        0.0000000000000000       -5.9750034309329847E-002   0.0000000000000000     
   1.3860000000000001        0.0000000000000000       -5.6413978850171867E-002   0.0000000000000000     
   1.5840000000000001        0.0000000000000000       -5.3132077471116063E-002   0.0000000000000000     
   1.7820000000000000        0.0000000000000000       -4.9954683777656349E-002   0.0000000000000000     
   1.9800000000000000        0.0000000000000000       -4.6916747217713675E-002   0.0000000000000000     
   2.1779999999999999        0.0000000000000000       -4.4045696571629572E-002   0.0000000000000000     
   2.3760000000000003        0.0000000000000000       -4.1359355591064566E-002   0.0000000000000000     
   2.5740000000000003        0.0000000000000000       -3.8862338330023512E-002   0.0000000000000000     
   2.7720000000000002        0.0000000000000000       -3.6547424595701962E-002   0.0000000000000000     
   2.9700000000000002        0.0000000000000000       -3.4399767754089525E-002   0.0000000000000000     
   3.1680000000000001        0.0000000000000000       -3.2405895869184194E-002   0.0000000000000000     
   3.3660000000000001        0.0000000000000000       -3.0555676793420503E-002   0.0000000000000000     
   3.5640000000000001        0.0000000000000000       -2.8839612444668844E-002   0.0000000000000000     
   3.7620000000000000        0.0000000000000000       -2.7246730825100329E-002   0.0000000000000000     
   3.9600000000000000        0.0000000000000000       -2.5765564123688713E-002   0.0000000000000000     
   4.1580000000000004        0.0000000000000000       -2.4386558931738300E-002   0.0000000000000000     
   4.3559999999999999        0.0000000000000000       -2.3102414702795986E-002   0.0000000000000000     
   4.5540000000000003        0.0000000000000000       -2.1906497336290316E-002   0.0000000000000000     
   4.7520000000000007        0.0000000000000000       -2.0792396564196174E-002   0.0000000000000000     
   4.9500000000000002        0.0000000000000000       -1.9753962893213520E-002   0.0000000000000000     
   5.1480000000000006        0.0000000000000000       -1.8785389338734283E-002   0.0000000000000000     
   5.3460000000000001        0.0000000000000000       -1.7881256118810050E-002   0.0000000000000000     
   5.5440000000000005        0.0000000000000000       -1.7036543153867118E-002   0.0000000000000000     
   5.7420000000000000        0.0000000000000000       -1.6246624017156430E-002   0.0000000000000000     
   5.9400000000000004        0.0000000000000000       -1.5507247746237695E-002   0.0000000000000000     
   6.1379999999999999        0.0000000000000000       -1.4814515153469016E-002   0.0000000000000000     
   6.3360000000000003        0.0000000000000000       -1.4164854663639528E-002   0.0000000000000000     
   6.5340000000000007        0.0000000000000000       -1.3554995649861635E-002   0.0000000000000000     
   6.7320000000000002        0.0000000000000000       -1.2981944291136489E-002   0.0000000000000000     
   6.9300000000000006        0.0000000000000000       -1.2442959141757847E-002   0.0000000000000000     
   7.1280000000000001        0.0000000000000000       -1.1935529714141952E-002   0.0000000000000000     
   7.3260000000000005        0.0000000000000000       -1.1457355336568891E-002   0.0000000000000000     
   7.5240000000000000        0.0000000000000000       -1.1006327032069583E-002   0.0000000000000000     
   7.7220000000000004        0.0000000000000000       -1.0580509659434979E-002   0.0000000000000000     
   7.9199999999999999        0.0000000000000000       -1.0178126789168063E-002   0.0000000000000000     
   8.1180000000000003        0.0000000000000000       -9.7975459871942686E-003   0.0000000000000000     
   8.3160000000000007        0.0000000000000000       -9.4372662700959540E-003   0.0000000000000000     
   8.5140000000000011        0.0000000000000000       -9.0959059890751426E-003   0.0000000000000000     
   8.7119999999999997        0.0000000000000000       -8.7721926646815336E-003   0.0000000000000000     
   8.9100000000000001        0.0000000000000000       -8.4649529851508632E-003   0.0000000000000000     
   9.1080000000000005        0.0000000000000000       -8.1731042115618050E-003   0.0000000000000000     
   9.3060000000000009        0.0000000000000000       -7.8956463849139645E-003   0.0000000000000000     
   9.5040000000000013        0.0000000000000000       -7.6316549936192414E-003   0.0000000000000000     
   9.7020000000000000        0.0000000000000000       -7.3802745325543141E-003   0.0000000000000000     
   9.9000000000000004        0.0000000000000000       -7.1407127278459463E-003   0.0000000000000000     
   10.098000000000001        0.0000000000000000       -6.9122350503939643E-003   0.0000000000000000     
   10.296000000000001        0.0000000000000000       -6.6941599483580161E-003   0.0000000000000000     
   10.494000000000000        0.0000000000000000       -6.4858543190684671E-003   0.0000000000000000     
   10.692000000000000        0.0000000000000000       -6.2867296789312944E-003   0.0000000000000000     
   10.890000000000001        0.0000000000000000       -6.0962383169719447E-003   0.0000000000000000     
   11.088000000000001        0.0000000000000000       -5.9138699813802110E-003   0.0000000000000000     
   11.286000000000001        0.0000000000000000       -5.7391489531894470E-003   0.0000000000000000     
   11.484000000000000        0.0000000000000000       -5.5716311934652157E-003   0.0000000000000000     
   11.682000000000000        0.0000000000000000       -5.4109016121647348E-003   0.0000000000000000     
   11.880000000000001        0.0000000000000000       -5.2565720130987766E-003   0.0000000000000000     
   12.078000000000001        0.0000000000000000       -5.1082788838094050E-003   0.0000000000000000     
   12.276000000000000        0.0000000000000000       -4.9656811045642830E-003   0.0000000000000000     
   12.474000000000000        0.0000000000000000       -4.8284586102084097E-003   0.0000000000000000     
   12.672000000000001        0.0000000000000000       -4.6963103519479365E-003   0.0000000000000000     
   12.870000000000001        0.0000000000000000       -4.5689527389040250E-003   0.0000000000000000     
   13.068000000000001        0.0000000000000000       -4.4461184220962536E-003   0.0000000000000000     
   13.266000000000000        0.0000000000000000       -4.3275547014309168E-003   0.0000000000000000     
   13.464000000000000        0.0000000000000000       -4.2130223813503587E-003   0.0000000000000000     
   13.662000000000001        0.0000000000000000       -4.1022943948930326E-003   0.0000000000000000     
   13.860000000000001        0.0000000000000000       -3.9951547870049915E-003   0.0000000000000000     
   14.058000000000000        0.0000000000000000       -3.8913976169679628E-003   0.0000000000000000     
   14.256000000000000        0.0000000000000000       -3.7908258089790724E-003   0.0000000000000000     
   14.454000000000001        0.0000000000000000       -3.6932501373058385E-003   0.0000000000000000     
   14.652000000000001        0.0000000000000000       -3.5984880713354045E-003   0.0000000000000000     
   14.850000000000001        0.0000000000000000       -3.5063629220355025E-003   0.0000000000000000     
   15.048000000000000        0.0000000000000000       -3.4167025593415390E-003   0.0000000000000000     
   15.246000000000000        0.0000000000000000       -3.3293383203455863E-003   0.0000000000000000     
   15.444000000000001        0.0000000000000000       -3.2441037552576662E-003   0.0000000000000000     
   15.642000000000001        0.0000000000000000       -3.1608333950281166E-003   0.0000000000000000     
   15.840000000000000        0.0000000000000000       -3.0793610617827431E-003   0.0000000000000000     
   16.038000000000000        0.0000000000000000       -2.9995182986243900E-003   0.0000000000000000     
   16.236000000000001        0.0000000000000000       -2.9211432391570819E-003   0.0000000000000000     
   16.434000000000001        0.0000000000000000       -2.8440474618738306E-003   0.0000000000000000     
   16.632000000000001        0.0000000000000000       -2.7680421115850160E-003   0.0000000000000000     
   16.830000000000002        0.0000000000000000       -2.6929251202983404E-003   0.0000000000000000     
   17.028000000000002        0.0000000000000000       -2.6184831299860211E-003   0.0000000000000000     
   17.225999999999999        0.0000000000000000       -2.5444753854920819E-003   0.0000000000000000     
   17.423999999999999        0.0000000000000000       -2.4706169688504054E-003   0.0000000000000000     
   17.622000000000000        0.0000000000000000       -2.3965898989791604E-003   0.0000000000000000     
   17.820000000000000        0.0000000000000000       -2.3220034043240439E-003   0.0000000000000000     
   18.018000000000001        0.0000000000000000       -2.2464066098034871E-003   0.0000000000000000     
   18.216000000000001        0.0000000000000000       -2.1691987327039056E-003   0.0000000000000000     
   18.414000000000001        0.0000000000000000       -2.0896455211409631E-003   0.0000000000000000     
   18.612000000000002        0.0000000000000000       -2.0067548982154199E-003   0.0000000000000000     
   18.810000000000002        0.0000000000000000       -1.9190211353487926E-003   0.0000000000000000     
   19.008000000000003        0.0000000000000000       -1.8244086239807302E-003   0.0000000000000000     
   19.206000000000000        0.0000000000000000       -1.7199429027095975E-003   0.0000000000000000     
   19.404000000000000        0.0000000000000000       -1.6019405113907978E-003   0.0000000000000000     
   19.602000000000000        0.0000000000000000       -1.4693015847869798E-003   0.0000000000000000     
