  -19.602000000000000        0.0000000000000000       -3.2416373042045256E-004   0.0000000000000000     
  -19.404000000000000        0.0000000000000000       -3.6198533615368025E-004   0.0000000000000000     
  -19.206000000000000        0.0000000000000000       -3.9301724165652168E-004   0.0000000000000000     
  -19.008000000000003        0.0000000000000000       -4.1843168589329917E-004   0.0000000000000000     
  -18.810000000000002        0.0000000000000000       -4.4004423464662581E-004   0.0000000000000000     
  -18.612000000000002        0.0000000000000000       -4.5918323131222735E-004   0.0000000000000000     
  -18.414000000000001        0.0000000000000000       -4.7676202222441674E-004   0.0000000000000000     
  -18.216000000000001        0.0000000000000000       -4.9332405020170451E-004   0.0000000000000000     
  -18.018000000000001        0.0000000000000000       -5.0923695102835127E-004   0.0000000000000000     
  -17.820000000000000        0.0000000000000000       -5.2474393320896132E-004   0.0000000000000000     
  -17.622000000000000        0.0000000000000000       -5.4002920148195366E-004   0.0000000000000000     
  -17.423999999999999        0.0000000000000000       -5.5522084696172302E-004   0.0000000000000000     
  -17.225999999999999        0.0000000000000000       -5.7041646621413579E-004   0.0000000000000000     
  -17.028000000000002        0.0000000000000000       -5.8569283327788578E-004   0.0000000000000000     
  -16.830000000000002        0.0000000000000000       -6.0106016861463706E-004   0.0000000000000000     
  -16.632000000000001        0.0000000000000000       -6.1665957600683954E-004   0.0000000000000000     
  -16.434000000000001        0.0000000000000000       -6.3250385738781707E-004   0.0000000000000000     
  -16.236000000000001        0.0000000000000000       -6.4863365610182220E-004   0.0000000000000000     
  -16.038000000000000        0.0000000000000000       -6.6508631759249111E-004   0.0000000000000000     
  -15.840000000000000        0.0000000000000000       -6.8189698916392273E-004   0.0000000000000000     
  -15.642000000000001        0.0000000000000000       -6.9909945289559246E-004   0.0000000000000000     
  -15.444000000000001        0.0000000000000000       -7.1672672028529928E-004   0.0000000000000000     
  -15.246000000000000        0.0000000000000000       -7.3481161502460181E-004   0.0000000000000000     
  -15.048000000000000        0.0000000000000000       -7.5338710286953375E-004   0.0000000000000000     
  -14.850000000000001        0.0000000000000000       -7.7248669974471537E-004   0.0000000000000000     
  -14.652000000000001        0.0000000000000000       -7.9214474342869832E-004   0.0000000000000000     
  -14.454000000000001        0.0000000000000000       -8.1239666869586946E-004   0.0000000000000000     
  -14.256000000000000        0.0000000000000000       -8.3327929225192917E-004   0.0000000000000000     
  -14.058000000000000        0.0000000000000000       -8.5483100330537682E-004   0.0000000000000000     
  -13.860000000000001        0.0000000000000000       -8.7709204038008230E-004   0.0000000000000000     
  -13.662000000000001        0.0000000000000000       -9.0010471063380027E-004   0.0000000000000000     
  -13.464000000000000        0.0000000000000000       -9.2391367018490643E-004   0.0000000000000000     
  -13.266000000000000        0.0000000000000000       -9.4856611416540019E-004   0.0000000000000000     
  -13.068000000000001        0.0000000000000000       -9.7411211477213577E-004   0.0000000000000000     
  -12.870000000000001        0.0000000000000000       -1.0006048453669069E-003   0.0000000000000000     
  -12.672000000000001        0.0000000000000000       -1.0281009593726546E-003   0.0000000000000000     
  -12.474000000000000        0.0000000000000000       -1.0566608707154230E-003   0.0000000000000000     
  -12.276000000000000        0.0000000000000000       -1.0863491116931830E-003   0.0000000000000000     
  -12.078000000000001        0.0000000000000000       -1.1172347973642054E-003   0.0000000000000000     
  -11.880000000000001        0.0000000000000000       -1.1493919490231474E-003   0.0000000000000000     
  -11.682000000000000        0.0000000000000000       -1.1829000939136140E-003   0.0000000000000000     
  -11.484000000000000        0.0000000000000000       -1.2178446908454918E-003   0.0000000000000000     
  -11.286000000000001        0.0000000000000000       -1.2543177789330049E-003   0.0000000000000000     
  -11.088000000000001        0.0000000000000000       -1.2924186295012840E-003   0.0000000000000000     
  -10.890000000000001        0.0000000000000000       -1.3322544011614432E-003   0.0000000000000000     
  -10.692000000000000        0.0000000000000000       -1.3739409990529332E-003   0.0000000000000000     
  -10.494000000000000        0.0000000000000000       -1.4176039880657843E-003   0.0000000000000000     
  -10.296000000000001        0.0000000000000000       -1.4633794955203534E-003   0.0000000000000000     
  -10.098000000000001        0.0000000000000000       -1.5114154887106305E-003   0.0000000000000000     
  -9.9000000000000004        0.0000000000000000       -1.5618728971329339E-003   0.0000000000000000     
  -9.7020000000000000        0.0000000000000000       -1.6149270891268755E-003   0.0000000000000000     
  -9.5040000000000013        0.0000000000000000       -1.6707695014689533E-003   0.0000000000000000     
  -9.3060000000000009        0.0000000000000000       -1.7296093748519908E-003   0.0000000000000000     
  -9.1080000000000005        0.0000000000000000       -1.7916758866381441E-003   0.0000000000000000     
  -8.9100000000000001        0.0000000000000000       -1.8572203529158740E-003   0.0000000000000000     
  -8.7119999999999997        0.0000000000000000       -1.9265190196117580E-003   0.0000000000000000     
  -8.5140000000000011        0.0000000000000000       -1.9998758877069972E-003   0.0000000000000000     
  -8.3160000000000007        0.0000000000000000       -2.0776262996452894E-003   0.0000000000000000     
  -8.1180000000000003        0.0000000000000000       -2.1601406727019615E-003   0.0000000000000000     
  -7.9199999999999999        0.0000000000000000       -2.2478290702512196E-003   0.0000000000000000     
  -7.7220000000000004        0.0000000000000000       -2.3411463722274807E-003   0.0000000000000000     
  -7.5240000000000000        0.0000000000000000       -2.4405979947471250E-003   0.0000000000000000     
  -7.3260000000000005        0.0000000000000000       -2.5467468196978750E-003   0.0000000000000000     
  -7.1280000000000001        0.0000000000000000       -2.6602209231672016E-003   0.0000000000000000     
  -6.9300000000000006        0.0000000000000000       -2.7817225165171840E-003   0.0000000000000000     
  -6.7320000000000002        0.0000000000000000       -2.9120384321080872E-003   0.0000000000000000     
  -6.5340000000000007        0.0000000000000000       -3.0520521943427992E-003   0.0000000000000000     
  -6.3360000000000003        0.0000000000000000       -3.2027576336317040E-003   0.0000000000000000     
  -6.1379999999999999        0.0000000000000000       -3.3652752430775815E-003   0.0000000000000000     
  -5.9400000000000004        0.0000000000000000       -3.5408706633335758E-003   0.0000000000000000     
  -5.7420000000000000        0.0000000000000000       -3.7309760860911108E-003   0.0000000000000000     
  -5.5440000000000005        0.0000000000000000       -3.9372146321363620E-003   0.0000000000000000     
  -5.3460000000000001        0.0000000000000000       -4.1614289538373338E-003   0.0000000000000000     
  -5.1480000000000006        0.0000000000000000       -4.4057126296932975E-003   0.0000000000000000     
  -4.9500000000000002        0.0000000000000000       -4.6724457711880924E-003   0.0000000000000000     
  -4.7520000000000007        0.0000000000000000       -4.9643338570302779E-003   0.0000000000000000     
  -4.5540000000000003        0.0000000000000000       -5.2844476698620047E-003   0.0000000000000000     
  -4.3559999999999999        0.0000000000000000       -5.6362618969511757E-003   0.0000000000000000     
  -4.1580000000000004        0.0000000000000000       -6.0236851861605436E-003   0.0000000000000000     
  -3.9600000000000000        0.0000000000000000       -6.4510672884321770E-003   0.0000000000000000     
  -3.7620000000000000        0.0000000000000000       -6.9231596954142660E-003   0.0000000000000000     
  -3.5640000000000001        0.0000000000000000       -7.4449876608000285E-003   0.0000000000000000     
  -3.3660000000000001        0.0000000000000000       -8.0216071872049703E-003   0.0000000000000000     
  -3.1680000000000001        0.0000000000000000       -8.6579973400276317E-003   0.0000000000000000     
  -2.9700000000000002        0.0000000000000000       -9.3608132975757322E-003   0.0000000000000000     
  -2.7720000000000002        0.0000000000000000       -1.0146280078372051E-002   0.0000000000000000     
  -2.5740000000000003        0.0000000000000000       -1.1035203026498970E-002   0.0000000000000000     
  -2.3760000000000003        0.0000000000000000       -1.2037576627202434E-002   0.0000000000000000     
  -2.1779999999999999        0.0000000000000000       -1.3157536093270706E-002   0.0000000000000000     
  -1.9800000000000000        0.0000000000000000       -1.4404361794638922E-002   0.0000000000000000     
  -1.7820000000000000        0.0000000000000000       -1.5787189873596764E-002   0.0000000000000000     
  -1.5840000000000001        0.0000000000000000       -1.7304453495925135E-002   0.0000000000000000     
  -1.3860000000000001        0.0000000000000000       -1.8937735960613614E-002   0.0000000000000000     
  -1.1880000000000002        0.0000000000000000       -2.0656602241066767E-002   0.0000000000000000     
 -0.98999999999999999        0.0000000000000000       -2.2420229107347266E-002   0.0000000000000000     
 -0.79200000000000004        0.0000000000000000       -2.4159799036532162E-002   0.0000000000000000     
 -0.59400000000000008        0.0000000000000000       -2.5756675851473419E-002   0.0000000000000000     
 -0.39600000000000002        0.0000000000000000       -2.7064009952424271E-002   0.0000000000000000     
 -0.19800000000000001        0.0000000000000000       -2.7935327013519275E-002   0.0000000000000000     
   0.0000000000000000        0.0000000000000000       -2.8243736227748430E-002   0.0000000000000000     
  0.19800000000000001        0.0000000000000000       -2.7935327013519275E-002   0.0000000000000000     
  0.39600000000000002        0.0000000000000000       -2.7064009952424271E-002   0.0000000000000000     
  0.59400000000000008        0.0000000000000000       -2.5756675851473419E-002   0.0000000000000000     
  0.79200000000000004        0.0000000000000000       -2.4159799036532162E-002   0.0000000000000000     
  0.98999999999999999        0.0000000000000000       -2.2420229107347266E-002   0.0000000000000000     
   1.1880000000000002        0.0000000000000000       -2.0656602241066767E-002   0.0000000000000000     
   1.3860000000000001        0.0000000000000000       -1.8937735960613614E-002   0.0000000000000000     
   1.5840000000000001        0.0000000000000000       -1.7304453495925135E-002   0.0000000000000000     
   1.7820000000000000        0.0000000000000000       -1.5787189873596764E-002   0.0000000000000000     
   1.9800000000000000        0.0000000000000000       -1.4404361794638922E-002   0.0000000000000000     
   2.1779999999999999        0.0000000000000000       -1.3157536093270706E-002   0.0000000000000000     
   2.3760000000000003        0.0000000000000000       -1.2037576627202434E-002   0.0000000000000000     
   2.5740000000000003        0.0000000000000000       -1.1035203026498970E-002   0.0000000000000000     
   2.7720000000000002        0.0000000000000000       -1.0146280078372051E-002   0.0000000000000000     
   2.9700000000000002        0.0000000000000000       -9.3608132975757322E-003   0.0000000000000000     
   3.1680000000000001        0.0000000000000000       -8.6579973400276317E-003   0.0000000000000000     
   3.3660000000000001        0.0000000000000000       -8.0216071872049703E-003   0.0000000000000000     
   3.5640000000000001        0.0000000000000000       -7.4449876608000285E-003   0.0000000000000000     
   3.7620000000000000        0.0000000000000000       -6.9231596954142660E-003   0.0000000000000000     
   3.9600000000000000        0.0000000000000000       -6.4510672884321770E-003   0.0000000000000000     
   4.1580000000000004        0.0000000000000000       -6.0236851861605436E-003   0.0000000000000000     
   4.3559999999999999        0.0000000000000000       -5.6362618969511757E-003   0.0000000000000000     
   4.5540000000000003        0.0000000000000000       -5.2844476698620047E-003   0.0000000000000000     
   4.7520000000000007        0.0000000000000000       -4.9643338570302779E-003   0.0000000000000000     
   4.9500000000000002        0.0000000000000000       -4.6724457711880924E-003   0.0000000000000000     
   5.1480000000000006        0.0000000000000000       -4.4057126296932975E-003   0.0000000000000000     
   5.3460000000000001        0.0000000000000000       -4.1614289538373338E-003   0.0000000000000000     
   5.5440000000000005        0.0000000000000000       -3.9372146321363620E-003   0.0000000000000000     
   5.7420000000000000        0.0000000000000000       -3.7309760860911108E-003   0.0000000000000000     
   5.9400000000000004        0.0000000000000000       -3.5408706633335758E-003   0.0000000000000000     
   6.1379999999999999        0.0000000000000000       -3.3652752430775815E-003   0.0000000000000000     
   6.3360000000000003        0.0000000000000000       -3.2027576336317040E-003   0.0000000000000000     
   6.5340000000000007        0.0000000000000000       -3.0520521943427992E-003   0.0000000000000000     
   6.7320000000000002        0.0000000000000000       -2.9120384321080872E-003   0.0000000000000000     
   6.9300000000000006        0.0000000000000000       -2.7817225165171840E-003   0.0000000000000000     
   7.1280000000000001        0.0000000000000000       -2.6602209231672016E-003   0.0000000000000000     
   7.3260000000000005        0.0000000000000000       -2.5467468196978750E-003   0.0000000000000000     
   7.5240000000000000        0.0000000000000000       -2.4405979947471250E-003   0.0000000000000000     
   7.7220000000000004        0.0000000000000000       -2.3411463722274807E-003   0.0000000000000000     
   7.9199999999999999        0.0000000000000000       -2.2478290702512196E-003   0.0000000000000000     
   8.1180000000000003        0.0000000000000000       -2.1601406727019615E-003   0.0000000000000000     
   8.3160000000000007        0.0000000000000000       -2.0776262996452894E-003   0.0000000000000000     
   8.5140000000000011        0.0000000000000000       -1.9998758877069972E-003   0.0000000000000000     
   8.7119999999999997        0.0000000000000000       -1.9265190196117580E-003   0.0000000000000000     
   8.9100000000000001        0.0000000000000000       -1.8572203529158740E-003   0.0000000000000000     
   9.1080000000000005        0.0000000000000000       -1.7916758866381441E-003   0.0000000000000000     
   9.3060000000000009        0.0000000000000000       -1.7296093748519908E-003   0.0000000000000000     
   9.5040000000000013        0.0000000000000000       -1.6707695014689533E-003   0.0000000000000000     
   9.7020000000000000        0.0000000000000000       -1.6149270891268755E-003   0.0000000000000000     
   9.9000000000000004        0.0000000000000000       -1.5618728971329339E-003   0.0000000000000000     
   10.098000000000001        0.0000000000000000       -1.5114154887106305E-003   0.0000000000000000     
   10.296000000000001        0.0000000000000000       -1.4633794955203534E-003   0.0000000000000000     
   10.494000000000000        0.0000000000000000       -1.4176039880657843E-003   0.0000000000000000     
   10.692000000000000        0.0000000000000000       -1.3739409990529332E-003   0.0000000000000000     
   10.890000000000001        0.0000000000000000       -1.3322544011614432E-003   0.0000000000000000     
   11.088000000000001        0.0000000000000000       -1.2924186295012840E-003   0.0000000000000000     
   11.286000000000001        0.0000000000000000       -1.2543177789330049E-003   0.0000000000000000     
   11.484000000000000        0.0000000000000000       -1.2178446908454918E-003   0.0000000000000000     
   11.682000000000000        0.0000000000000000       -1.1829000939136140E-003   0.0000000000000000     
   11.880000000000001        0.0000000000000000       -1.1493919490231474E-003   0.0000000000000000     
   12.078000000000001        0.0000000000000000       -1.1172347973642054E-003   0.0000000000000000     
   12.276000000000000        0.0000000000000000       -1.0863491116931830E-003   0.0000000000000000     
   12.474000000000000        0.0000000000000000       -1.0566608707154230E-003   0.0000000000000000     
   12.672000000000001        0.0000000000000000       -1.0281009593726546E-003   0.0000000000000000     
   12.870000000000001        0.0000000000000000       -1.0006048453669069E-003   0.0000000000000000     
   13.068000000000001        0.0000000000000000       -9.7411211477213577E-004   0.0000000000000000     
   13.266000000000000        0.0000000000000000       -9.4856611416540019E-004   0.0000000000000000     
   13.464000000000000        0.0000000000000000       -9.2391367018490643E-004   0.0000000000000000     
   13.662000000000001        0.0000000000000000       -9.0010471063380027E-004   0.0000000000000000     
   13.860000000000001        0.0000000000000000       -8.7709204038008230E-004   0.0000000000000000     
   14.058000000000000        0.0000000000000000       -8.5483100330537682E-004   0.0000000000000000     
   14.256000000000000        0.0000000000000000       -8.3327929225192917E-004   0.0000000000000000     
   14.454000000000001        0.0000000000000000       -8.1239666869586946E-004   0.0000000000000000     
   14.652000000000001        0.0000000000000000       -7.9214474342869832E-004   0.0000000000000000     
   14.850000000000001        0.0000000000000000       -7.7248669974471537E-004   0.0000000000000000     
   15.048000000000000        0.0000000000000000       -7.5338710286953375E-004   0.0000000000000000     
   15.246000000000000        0.0000000000000000       -7.3481161502460181E-004   0.0000000000000000     
   15.444000000000001        0.0000000000000000       -7.1672672028529928E-004   0.0000000000000000     
   15.642000000000001        0.0000000000000000       -6.9909945289559246E-004   0.0000000000000000     
   15.840000000000000        0.0000000000000000       -6.8189698916392273E-004   0.0000000000000000     
   16.038000000000000        0.0000000000000000       -6.6508631759249111E-004   0.0000000000000000     
   16.236000000000001        0.0000000000000000       -6.4863365610182220E-004   0.0000000000000000     
   16.434000000000001        0.0000000000000000       -6.3250385738781707E-004   0.0000000000000000     
   16.632000000000001        0.0000000000000000       -6.1665957600683954E-004   0.0000000000000000     
   16.830000000000002        0.0000000000000000       -6.0106016861463706E-004   0.0000000000000000     
   17.028000000000002        0.0000000000000000       -5.8569283327788578E-004   0.0000000000000000     
   17.225999999999999        0.0000000000000000       -5.7041646621413579E-004   0.0000000000000000     
   17.423999999999999        0.0000000000000000       -5.5522084696172302E-004   0.0000000000000000     
   17.622000000000000        0.0000000000000000       -5.4002920148195366E-004   0.0000000000000000     
   17.820000000000000        0.0000000000000000       -5.2474393320896132E-004   0.0000000000000000     
   18.018000000000001        0.0000000000000000       -5.0923695102835127E-004   0.0000000000000000     
   18.216000000000001        0.0000000000000000       -4.9332405020170451E-004   0.0000000000000000     
   18.414000000000001        0.0000000000000000       -4.7676202222441674E-004   0.0000000000000000     
   18.612000000000002        0.0000000000000000       -4.5918323131222735E-004   0.0000000000000000     
   18.810000000000002        0.0000000000000000       -4.4004423464662581E-004   0.0000000000000000     
   19.008000000000003        0.0000000000000000       -4.1843168589329917E-004   0.0000000000000000     
   19.206000000000000        0.0000000000000000       -3.9301724165652168E-004   0.0000000000000000     
   19.404000000000000        0.0000000000000000       -3.6198533615368025E-004   0.0000000000000000     
   19.602000000000000        0.0000000000000000       -3.2416373042045256E-004   0.0000000000000000     
