  -19.602000000000000        0.0000000000000000       -2.8438817445281878E-004   0.0000000000000000     
  -19.404000000000000        0.0000000000000000       -3.2621353955213144E-004   0.0000000000000000     
  -19.206000000000000        0.0000000000000000       -3.5944675920867409E-004   0.0000000000000000     
  -19.008000000000003        0.0000000000000000       -3.8558894237069246E-004   0.0000000000000000     
  -18.810000000000002        0.0000000000000000       -4.0701944777041894E-004   0.0000000000000000     
  -18.612000000000002        0.0000000000000000       -4.2546096443736868E-004   0.0000000000000000     
  -18.414000000000001        0.0000000000000000       -4.4200028180107082E-004   0.0000000000000000     
  -18.216000000000001        0.0000000000000000       -4.5734608739917689E-004   0.0000000000000000     
  -18.018000000000001        0.0000000000000000       -4.7194669800052489E-004   0.0000000000000000     
  -17.820000000000000        0.0000000000000000       -4.8611116282956738E-004   0.0000000000000000     
  -17.622000000000000        0.0000000000000000       -5.0002829386896629E-004   0.0000000000000000     
  -17.423999999999999        0.0000000000000000       -5.1385320490101390E-004   0.0000000000000000     
  -17.225999999999999        0.0000000000000000       -5.2769633406008214E-004   0.0000000000000000     
  -17.028000000000002        0.0000000000000000       -5.4163888254251085E-004   0.0000000000000000     
  -16.830000000000002        0.0000000000000000       -5.5573986644287066E-004   0.0000000000000000     
  -16.632000000000001        0.0000000000000000       -5.7006711192709926E-004   0.0000000000000000     
  -16.434000000000001        0.0000000000000000       -5.8466706520660767E-004   0.0000000000000000     
  -16.236000000000001        0.0000000000000000       -5.9958075618389052E-004   0.0000000000000000     
  -16.038000000000000        0.0000000000000000       -6.1484553917441262E-004   0.0000000000000000     
  -15.840000000000000        0.0000000000000000       -6.3049643145813683E-004   0.0000000000000000     
  -15.642000000000001        0.0000000000000000       -6.4656702926701407E-004   0.0000000000000000     
  -15.444000000000001        0.0000000000000000       -6.6309021845301205E-004   0.0000000000000000     
  -15.246000000000000        0.0000000000000000       -6.8009876498319503E-004   0.0000000000000000     
  -15.048000000000000        0.0000000000000000       -6.9762574320708214E-004   0.0000000000000000     
  -14.850000000000001        0.0000000000000000       -7.1570494280857302E-004   0.0000000000000000     
  -14.652000000000001        0.0000000000000000       -7.3437115725559325E-004   0.0000000000000000     
  -14.454000000000001        0.0000000000000000       -7.5366049120319126E-004   0.0000000000000000     
  -14.256000000000000        0.0000000000000000       -7.7361066576509257E-004   0.0000000000000000     
  -14.058000000000000        0.0000000000000000       -7.9426121421240919E-004   0.0000000000000000     
  -13.860000000000001        0.0000000000000000       -8.1565380838779958E-004   0.0000000000000000     
  -13.662000000000001        0.0000000000000000       -8.3783246396731774E-004   0.0000000000000000     
  -13.464000000000000        0.0000000000000000       -8.6084383553512570E-004   0.0000000000000000     
  -13.266000000000000        0.0000000000000000       -8.8473752070286193E-004   0.0000000000000000     
  -13.068000000000001        0.0000000000000000       -9.0956633600046367E-004   0.0000000000000000     
  -12.870000000000001        0.0000000000000000       -9.3538661114435048E-004   0.0000000000000000     
  -12.672000000000001        0.0000000000000000       -9.6225861160146187E-004   0.0000000000000000     
  -12.474000000000000        0.0000000000000000       -9.9024684236297188E-004   0.0000000000000000     
  -12.276000000000000        0.0000000000000000       -1.0194205322366671E-003   0.0000000000000000     
  -12.078000000000001        0.0000000000000000       -1.0498540236313090E-003   0.0000000000000000     
  -11.880000000000001        0.0000000000000000       -1.0816273296959415E-003   0.0000000000000000     
  -11.682000000000000        0.0000000000000000       -1.1148266900477743E-003   0.0000000000000000     
  -11.484000000000000        0.0000000000000000       -1.1495451374746299E-003   0.0000000000000000     
  -11.286000000000001        0.0000000000000000       -1.1858832485550053E-003   0.0000000000000000     
  -11.088000000000001        0.0000000000000000       -1.2239498657327405E-003   0.0000000000000000     
  -10.890000000000001        0.0000000000000000       -1.2638629854216155E-003   0.0000000000000000     
  -10.692000000000000        0.0000000000000000       -1.3057506820581401E-003   0.0000000000000000     
  -10.494000000000000        0.0000000000000000       -1.3497522220345130E-003   0.0000000000000000     
  -10.296000000000001        0.0000000000000000       -1.3960192310641906E-003   0.0000000000000000     
  -10.098000000000001        0.0000000000000000       -1.4447170525798084E-003   0.0000000000000000     
  -9.9000000000000004        0.0000000000000000       -1.4960262743501933E-003   0.0000000000000000     
  -9.7020000000000000        0.0000000000000000       -1.5501445174212125E-003   0.0000000000000000     
  -9.5040000000000013        0.0000000000000000       -1.6072882595357743E-003   0.0000000000000000     
  -9.3060000000000009        0.0000000000000000       -1.6676952016364743E-003   0.0000000000000000     
  -9.1080000000000005        0.0000000000000000       -1.7316266325535490E-003   0.0000000000000000     
  -8.9100000000000001        0.0000000000000000       -1.7993703438902214E-003   0.0000000000000000     
  -8.7119999999999997        0.0000000000000000       -1.8712439257629698E-003   0.0000000000000000     
  -8.5140000000000011        0.0000000000000000       -1.9475983456049733E-003   0.0000000000000000     
  -8.3160000000000007        0.0000000000000000       -2.0288223902157573E-003   0.0000000000000000     
  -8.1180000000000003        0.0000000000000000       -2.1153473048921693E-003   0.0000000000000000     
  -7.9199999999999999        0.0000000000000000       -2.2076525075484482E-003   0.0000000000000000     
  -7.7220000000000004        0.0000000000000000       -2.3062719400524932E-003   0.0000000000000000     
  -7.5240000000000000        0.0000000000000000       -2.4118015211091024E-003   0.0000000000000000     
  -7.3260000000000005        0.0000000000000000       -2.5249075013620832E-003   0.0000000000000000     
  -7.1280000000000001        0.0000000000000000       -2.6463363461503406E-003   0.0000000000000000     
  -6.9300000000000006        0.0000000000000000       -2.7769261164796006E-003   0.0000000000000000     
  -6.7320000000000002        0.0000000000000000       -2.9176195906296075E-003   0.0000000000000000     
  -6.5340000000000007        0.0000000000000000       -3.0694794210394355E-003   0.0000000000000000     
  -6.3360000000000003        0.0000000000000000       -3.2337057802879808E-003   0.0000000000000000     
  -6.1379999999999999        0.0000000000000000       -3.4116567975237717E-003   0.0000000000000000     
  -5.9400000000000004        0.0000000000000000       -3.6048722513167025E-003   0.0000000000000000     
  -5.7420000000000000        0.0000000000000000       -3.8151011130993918E-003   0.0000000000000000     
  -5.5440000000000005        0.0000000000000000       -4.0443330051012291E-003   0.0000000000000000     
  -5.3460000000000001        0.0000000000000000       -4.2948350413363834E-003   0.0000000000000000     
  -5.1480000000000006        0.0000000000000000       -4.5691934116067227E-003   0.0000000000000000     
  -4.9500000000000002        0.0000000000000000       -4.8703614860250346E-003   0.0000000000000000     
  -4.7520000000000007        0.0000000000000000       -5.2017129719581778E-003   0.0000000000000000     
  -4.5540000000000003        0.0000000000000000       -5.5671018622829478E-003   0.0000000000000000     
  -4.3559999999999999        0.0000000000000000       -5.9709257079420090E-003   0.0000000000000000     
  -4.1580000000000004        0.0000000000000000       -6.4181906841070200E-003   0.0000000000000000     
  -3.9600000000000000        0.0000000000000000       -6.9145717931827231E-003   0.0000000000000000     
  -3.7620000000000000        0.0000000000000000       -7.4664561747837680E-003   0.0000000000000000     
  -3.5640000000000001        0.0000000000000000       -8.0809449119295333E-003   0.0000000000000000     
  -3.3660000000000001        0.0000000000000000       -8.7657751525780109E-003   0.0000000000000000     
  -3.1680000000000001        0.0000000000000000       -9.5291048027050119E-003   0.0000000000000000     
  -2.9700000000000002        0.0000000000000000       -1.0379174473488057E-002   0.0000000000000000     
  -2.7720000000000002        0.0000000000000000       -1.1324612241044949E-002   0.0000000000000000     
  -2.5740000000000003        0.0000000000000000       -1.2379675142924878E-002   0.0000000000000000     
  -2.3760000000000003        0.0000000000000000       -1.3567544395313850E-002   0.0000000000000000     
  -2.1779999999999999        0.0000000000000000       -1.4908857432440378E-002   0.0000000000000000     
  -1.9800000000000000        0.0000000000000000       -1.6416487246466577E-002   0.0000000000000000     
  -1.7820000000000000        0.0000000000000000       -1.8101050519252763E-002   0.0000000000000000     
  -1.5840000000000001        0.0000000000000000       -1.9965721461117074E-002   0.0000000000000000     
  -1.3860000000000001        0.0000000000000000       -2.1994693029516194E-002   0.0000000000000000     
  -1.1880000000000002        0.0000000000000000       -2.4153333673343019E-002   0.0000000000000000     
 -0.98999999999999999        0.0000000000000000       -2.6391669606025590E-002   0.0000000000000000     
 -0.79200000000000004        0.0000000000000000       -2.8629863664099194E-002   0.0000000000000000     
 -0.59400000000000008        0.0000000000000000       -3.0728023941737220E-002   0.0000000000000000     
 -0.39600000000000002        0.0000000000000000       -3.2477194059228512E-002   0.0000000000000000     
 -0.19800000000000001        0.0000000000000000       -3.3647854873242199E-002   0.0000000000000000     
   0.0000000000000000        0.0000000000000000       -3.4061547612584078E-002   0.0000000000000000     
  0.19800000000000001        0.0000000000000000       -3.3647854873242199E-002   0.0000000000000000     
  0.39600000000000002        0.0000000000000000       -3.2477194059228512E-002   0.0000000000000000     
  0.59400000000000008        0.0000000000000000       -3.0728023941737220E-002   0.0000000000000000     
  0.79200000000000004        0.0000000000000000       -2.8629863664099194E-002   0.0000000000000000     
  0.98999999999999999        0.0000000000000000       -2.6391669606025590E-002   0.0000000000000000     
   1.1880000000000002        0.0000000000000000       -2.4153333673343019E-002   0.0000000000000000     
   1.3860000000000001        0.0000000000000000       -2.1994693029516194E-002   0.0000000000000000     
   1.5840000000000001        0.0000000000000000       -1.9965721461117074E-002   0.0000000000000000     
   1.7820000000000000        0.0000000000000000       -1.8101050519252763E-002   0.0000000000000000     
   1.9800000000000000        0.0000000000000000       -1.6416487246466577E-002   0.0000000000000000     
   2.1779999999999999        0.0000000000000000       -1.4908857432440378E-002   0.0000000000000000     
   2.3760000000000003        0.0000000000000000       -1.3567544395313850E-002   0.0000000000000000     
   2.5740000000000003        0.0000000000000000       -1.2379675142924878E-002   0.0000000000000000     
   2.7720000000000002        0.0000000000000000       -1.1324612241044949E-002   0.0000000000000000     
   2.9700000000000002        0.0000000000000000       -1.0379174473488057E-002   0.0000000000000000     
   3.1680000000000001        0.0000000000000000       -9.5291048027050119E-003   0.0000000000000000     
   3.3660000000000001        0.0000000000000000       -8.7657751525780109E-003   0.0000000000000000     
   3.5640000000000001        0.0000000000000000       -8.0809449119295333E-003   0.0000000000000000     
   3.7620000000000000        0.0000000000000000       -7.4664561747837680E-003   0.0000000000000000     
   3.9600000000000000        0.0000000000000000       -6.9145717931827231E-003   0.0000000000000000     
   4.1580000000000004        0.0000000000000000       -6.4181906841070200E-003   0.0000000000000000     
   4.3559999999999999        0.0000000000000000       -5.9709257079420090E-003   0.0000000000000000     
   4.5540000000000003        0.0000000000000000       -5.5671018622829478E-003   0.0000000000000000     
   4.7520000000000007        0.0000000000000000       -5.2017129719581778E-003   0.0000000000000000     
   4.9500000000000002        0.0000000000000000       -4.8703614860250346E-003   0.0000000000000000     
   5.1480000000000006        0.0000000000000000       -4.5691934116067227E-003   0.0000000000000000     
   5.3460000000000001        0.0000000000000000       -4.2948350413363834E-003   0.0000000000000000     
   5.5440000000000005        0.0000000000000000       -4.0443330051012291E-003   0.0000000000000000     
   5.7420000000000000        0.0000000000000000       -3.8151011130993918E-003   0.0000000000000000     
   5.9400000000000004        0.0000000000000000       -3.6048722513167025E-003   0.0000000000000000     
   6.1379999999999999        0.0000000000000000       -3.4116567975237717E-003   0.0000000000000000     
   6.3360000000000003        0.0000000000000000       -3.2337057802879808E-003   0.0000000000000000     
   6.5340000000000007        0.0000000000000000       -3.0694794210394355E-003   0.0000000000000000     
   6.7320000000000002        0.0000000000000000       -2.9176195906296075E-003   0.0000000000000000     
   6.9300000000000006        0.0000000000000000       -2.7769261164796006E-003   0.0000000000000000     
   7.1280000000000001        0.0000000000000000       -2.6463363461503406E-003   0.0000000000000000     
   7.3260000000000005        0.0000000000000000       -2.5249075013620832E-003   0.0000000000000000     
   7.5240000000000000        0.0000000000000000       -2.4118015211091024E-003   0.0000000000000000     
   7.7220000000000004        0.0000000000000000       -2.3062719400524932E-003   0.0000000000000000     
   7.9199999999999999        0.0000000000000000       -2.2076525075484482E-003   0.0000000000000000     
   8.1180000000000003        0.0000000000000000       -2.1153473048921693E-003   0.0000000000000000     
   8.3160000000000007        0.0000000000000000       -2.0288223902157573E-003   0.0000000000000000     
   8.5140000000000011        0.0000000000000000       -1.9475983456049733E-003   0.0000000000000000     
   8.7119999999999997        0.0000000000000000       -1.8712439257629698E-003   0.0000000000000000     
   8.9100000000000001        0.0000000000000000       -1.7993703438902214E-003   0.0000000000000000     
   9.1080000000000005        0.0000000000000000       -1.7316266325535490E-003   0.0000000000000000     
   9.3060000000000009        0.0000000000000000       -1.6676952016364743E-003   0.0000000000000000     
   9.5040000000000013        0.0000000000000000       -1.6072882595357743E-003   0.0000000000000000     
   9.7020000000000000        0.0000000000000000       -1.5501445174212125E-003   0.0000000000000000     
   9.9000000000000004        0.0000000000000000       -1.4960262743501933E-003   0.0000000000000000     
   10.098000000000001        0.0000000000000000       -1.4447170525798084E-003   0.0000000000000000     
   10.296000000000001        0.0000000000000000       -1.3960192310641906E-003   0.0000000000000000     
   10.494000000000000        0.0000000000000000       -1.3497522220345130E-003   0.0000000000000000     
   10.692000000000000        0.0000000000000000       -1.3057506820581401E-003   0.0000000000000000     
   10.890000000000001        0.0000000000000000       -1.2638629854216155E-003   0.0000000000000000     
   11.088000000000001        0.0000000000000000       -1.2239498657327405E-003   0.0000000000000000     
   11.286000000000001        0.0000000000000000       -1.1858832485550053E-003   0.0000000000000000     
   11.484000000000000        0.0000000000000000       -1.1495451374746299E-003   0.0000000000000000     
   11.682000000000000        0.0000000000000000       -1.1148266900477743E-003   0.0000000000000000     
   11.880000000000001        0.0000000000000000       -1.0816273296959415E-003   0.0000000000000000     
   12.078000000000001        0.0000000000000000       -1.0498540236313090E-003   0.0000000000000000     
   12.276000000000000        0.0000000000000000       -1.0194205322366671E-003   0.0000000000000000     
   12.474000000000000        0.0000000000000000       -9.9024684236297188E-004   0.0000000000000000     
   12.672000000000001        0.0000000000000000       -9.6225861160146187E-004   0.0000000000000000     
   12.870000000000001        0.0000000000000000       -9.3538661114435048E-004   0.0000000000000000     
   13.068000000000001        0.0000000000000000       -9.0956633600046367E-004   0.0000000000000000     
   13.266000000000000        0.0000000000000000       -8.8473752070286193E-004   0.0000000000000000     
   13.464000000000000        0.0000000000000000       -8.6084383553512570E-004   0.0000000000000000     
   13.662000000000001        0.0000000000000000       -8.3783246396731774E-004   0.0000000000000000     
   13.860000000000001        0.0000000000000000       -8.1565380838779958E-004   0.0000000000000000     
   14.058000000000000        0.0000000000000000       -7.9426121421240919E-004   0.0000000000000000     
   14.256000000000000        0.0000000000000000       -7.7361066576509257E-004   0.0000000000000000     
   14.454000000000001        0.0000000000000000       -7.5366049120319126E-004   0.0000000000000000     
   14.652000000000001        0.0000000000000000       -7.3437115725559325E-004   0.0000000000000000     
   14.850000000000001        0.0000000000000000       -7.1570494280857302E-004   0.0000000000000000     
   15.048000000000000        0.0000000000000000       -6.9762574320708214E-004   0.0000000000000000     
   15.246000000000000        0.0000000000000000       -6.8009876498319503E-004   0.0000000000000000     
   15.444000000000001        0.0000000000000000       -6.6309021845301205E-004   0.0000000000000000     
   15.642000000000001        0.0000000000000000       -6.4656702926701407E-004   0.0000000000000000     
   15.840000000000000        0.0000000000000000       -6.3049643145813683E-004   0.0000000000000000     
   16.038000000000000        0.0000000000000000       -6.1484553917441262E-004   0.0000000000000000     
   16.236000000000001        0.0000000000000000       -5.9958075618389052E-004   0.0000000000000000     
   16.434000000000001        0.0000000000000000       -5.8466706520660767E-004   0.0000000000000000     
   16.632000000000001        0.0000000000000000       -5.7006711192709926E-004   0.0000000000000000     
   16.830000000000002        0.0000000000000000       -5.5573986644287066E-004   0.0000000000000000     
   17.028000000000002        0.0000000000000000       -5.4163888254251085E-004   0.0000000000000000     
   17.225999999999999        0.0000000000000000       -5.2769633406008214E-004   0.0000000000000000     
   17.423999999999999        0.0000000000000000       -5.1385320490101390E-004   0.0000000000000000     
   17.622000000000000        0.0000000000000000       -5.0002829386896629E-004   0.0000000000000000     
   17.820000000000000        0.0000000000000000       -4.8611116282956738E-004   0.0000000000000000     
   18.018000000000001        0.0000000000000000       -4.7194669800052489E-004   0.0000000000000000     
   18.216000000000001        0.0000000000000000       -4.5734608739917689E-004   0.0000000000000000     
   18.414000000000001        0.0000000000000000       -4.4200028180107082E-004   0.0000000000000000     
   18.612000000000002        0.0000000000000000       -4.2546096443736868E-004   0.0000000000000000     
   18.810000000000002        0.0000000000000000       -4.0701944777041894E-004   0.0000000000000000     
   19.008000000000003        0.0000000000000000       -3.8558894237069246E-004   0.0000000000000000     
   19.206000000000000        0.0000000000000000       -3.5944675920867409E-004   0.0000000000000000     
   19.404000000000000        0.0000000000000000       -3.2621353955213144E-004   0.0000000000000000     
   19.602000000000000        0.0000000000000000       -2.8438817445281878E-004   0.0000000000000000     
