  -19.602000000000000        0.0000000000000000       -6.1785829012049988E-004   0.0000000000000000     
  -19.404000000000000        0.0000000000000000       -6.6032862822316702E-004   0.0000000000000000     
  -19.206000000000000        0.0000000000000000       -6.9726605992250575E-004   0.0000000000000000     
  -19.008000000000003        0.0000000000000000       -7.2990921968001490E-004   0.0000000000000000     
  -18.810000000000002        0.0000000000000000       -7.5971426260082540E-004   0.0000000000000000     
  -18.612000000000002        0.0000000000000000       -7.8781485259323577E-004   0.0000000000000000     
  -18.414000000000001        0.0000000000000000       -8.1481906340080733E-004   0.0000000000000000     
  -18.216000000000001        0.0000000000000000       -8.4107251980126334E-004   0.0000000000000000     
  -18.018000000000001        0.0000000000000000       -8.6685563195009125E-004   0.0000000000000000     
  -17.820000000000000        0.0000000000000000       -8.9233398503725384E-004   0.0000000000000000     
  -17.622000000000000        0.0000000000000000       -9.1762858296878769E-004   0.0000000000000000     
  -17.423999999999999        0.0000000000000000       -9.4283677666460617E-004   0.0000000000000000     
  -17.225999999999999        0.0000000000000000       -9.6803858771351235E-004   0.0000000000000000     
  -17.028000000000002        0.0000000000000000       -9.9322183981892108E-004   0.0000000000000000     
  -16.830000000000002        0.0000000000000000       -1.0186038688139068E-003   0.0000000000000000     
  -16.632000000000001        0.0000000000000000       -1.0441610350776984E-003   0.0000000000000000     
  -16.434000000000001        0.0000000000000000       -1.0699418198117738E-003   0.0000000000000000     
  -16.236000000000001        0.0000000000000000       -1.0959913997495368E-003   0.0000000000000000     
  -16.038000000000000        0.0000000000000000       -1.1223524287989740E-003   0.0000000000000000     
  -15.840000000000000        0.0000000000000000       -1.1490658012503446E-003   0.0000000000000000     
  -15.642000000000001        0.0000000000000000       -1.1761711133417003E-003   0.0000000000000000     
  -15.444000000000001        0.0000000000000000       -1.2037071690683277E-003   0.0000000000000000     
  -15.246000000000000        0.0000000000000000       -1.2317123387428836E-003   0.0000000000000000     
  -15.048000000000000        0.0000000000000000       -1.2602248744637910E-003   0.0000000000000000     
  -14.850000000000001        0.0000000000000000       -1.2892832290401896E-003   0.0000000000000000     
  -14.652000000000001        0.0000000000000000       -1.3189262829724859E-003   0.0000000000000000     
  -14.454000000000001        0.0000000000000000       -1.3491936076115228E-003   0.0000000000000000     
  -14.256000000000000        0.0000000000000000       -1.3801257066566688E-003   0.0000000000000000     
  -14.058000000000000        0.0000000000000000       -1.4117641945141333E-003   0.0000000000000000     
  -13.860000000000001        0.0000000000000000       -1.4441520331863118E-003   0.0000000000000000     
  -13.662000000000001        0.0000000000000000       -1.4773337680089418E-003   0.0000000000000000     
  -13.464000000000000        0.0000000000000000       -1.5113556825048391E-003   0.0000000000000000     
  -13.266000000000000        0.0000000000000000       -1.5462660495603388E-003   0.0000000000000000     
  -13.068000000000001        0.0000000000000000       -1.5821154008062719E-003   0.0000000000000000     
  -12.870000000000001        0.0000000000000000       -1.6189566641889161E-003   0.0000000000000000     
  -12.672000000000001        0.0000000000000000       -1.6568454681469727E-003   0.0000000000000000     
  -12.474000000000000        0.0000000000000000       -1.6958404568495262E-003   0.0000000000000000     
  -12.276000000000000        0.0000000000000000       -1.7360034275365577E-003   0.0000000000000000     
  -12.078000000000001        0.0000000000000000       -1.7773997752625551E-003   0.0000000000000000     
  -11.880000000000001        0.0000000000000000       -1.8200987256379911E-003   0.0000000000000000     
  -11.682000000000000        0.0000000000000000       -1.8641736853241555E-003   0.0000000000000000     
  -11.484000000000000        0.0000000000000000       -1.9097026722592310E-003   0.0000000000000000     
  -11.286000000000001        0.0000000000000000       -1.9567687014100045E-003   0.0000000000000000     
  -11.088000000000001        0.0000000000000000       -2.0054601868846147E-003   0.0000000000000000     
  -10.890000000000001        0.0000000000000000       -2.0558714947511636E-003   0.0000000000000000     
  -10.692000000000000        0.0000000000000000       -2.1081034249969223E-003   0.0000000000000000     
  -10.494000000000000        0.0000000000000000       -2.1622638062864935E-003   0.0000000000000000     
  -10.296000000000001        0.0000000000000000       -2.2184682271387478E-003   0.0000000000000000     
  -10.098000000000001        0.0000000000000000       -2.2768405676604373E-003   0.0000000000000000     
  -9.9000000000000004        0.0000000000000000       -2.3375139358121520E-003   0.0000000000000000     
  -9.7020000000000000        0.0000000000000000       -2.4006314778556147E-003   0.0000000000000000     
  -9.5040000000000013        0.0000000000000000       -2.4663472858149982E-003   0.0000000000000000     
  -9.3060000000000009        0.0000000000000000       -2.5348275480493853E-003   0.0000000000000000     
  -9.1080000000000005        0.0000000000000000       -2.6062515745826653E-003   0.0000000000000000     
  -8.9100000000000001        0.0000000000000000       -2.6808132684444422E-003   0.0000000000000000     
  -8.7119999999999997        0.0000000000000000       -2.7587224456137706E-003   0.0000000000000000     
  -8.5140000000000011        0.0000000000000000       -2.8402064488854120E-003   0.0000000000000000     
  -8.3160000000000007        0.0000000000000000       -2.9255119706273311E-003   0.0000000000000000     
  -8.1180000000000003        0.0000000000000000       -3.0149070808576472E-003   0.0000000000000000     
  -7.9199999999999999        0.0000000000000000       -3.1086832959937413E-003   0.0000000000000000     
  -7.7220000000000004        0.0000000000000000       -3.2071582361377186E-003   0.0000000000000000     
  -7.5240000000000000        0.0000000000000000       -3.3106782908880520E-003   0.0000000000000000     
  -7.3260000000000005        0.0000000000000000       -3.4196218093956324E-003   0.0000000000000000     
  -7.1280000000000001        0.0000000000000000       -3.5344024506888247E-003   0.0000000000000000     
  -6.9300000000000006        0.0000000000000000       -3.6554732629863109E-003   0.0000000000000000     
  -6.7320000000000002        0.0000000000000000       -3.7833308353671709E-003   0.0000000000000000     
  -6.5340000000000007        0.0000000000000000       -3.9185203613958134E-003   0.0000000000000000     
  -6.3360000000000003        0.0000000000000000       -4.0616409790409924E-003   0.0000000000000000     
  -6.1379999999999999        0.0000000000000000       -4.2133518486848660E-003   0.0000000000000000     
  -5.9400000000000004        0.0000000000000000       -4.3743791329476627E-003   0.0000000000000000     
  -5.7420000000000000        0.0000000000000000       -4.5455233048852257E-003   0.0000000000000000     
  -5.5440000000000005        0.0000000000000000       -4.7276676707053112E-003   0.0000000000000000     
  -5.3460000000000001        0.0000000000000000       -4.9217874457633684E-003   0.0000000000000000     
  -5.1480000000000006        0.0000000000000000       -5.1289596100118412E-003   0.0000000000000000     
  -4.9500000000000002        0.0000000000000000       -5.3503734352888252E-003   0.0000000000000000     
  -4.7520000000000007        0.0000000000000000       -5.5873413695538164E-003   0.0000000000000000     
  -4.5540000000000003        0.0000000000000000       -5.8413096365336299E-003   0.0000000000000000     
  -4.3559999999999999        0.0000000000000000       -6.1138672182759384E-003   0.0000000000000000     
  -4.1580000000000004        0.0000000000000000       -6.4067517588326647E-003   0.0000000000000000     
  -3.9600000000000000        0.0000000000000000       -6.7218484776338161E-003   0.0000000000000000     
  -3.7620000000000000        0.0000000000000000       -7.0611751986801290E-003   0.0000000000000000     
  -3.5640000000000001        0.0000000000000000       -7.4268453247157166E-003   0.0000000000000000     
  -3.3660000000000001        0.0000000000000000       -7.8209970325473152E-003   0.0000000000000000     
  -3.1680000000000001        0.0000000000000000       -8.2457149852066588E-003   0.0000000000000000     
  -2.9700000000000002        0.0000000000000000       -8.7032044719451088E-003   0.0000000000000000     
  -2.7720000000000002        0.0000000000000000       -9.1973278080483035E-003   0.0000000000000000     
  -2.5740000000000003        0.0000000000000000       -9.7369512546673937E-003   0.0000000000000000     
  -2.3760000000000003        0.0000000000000000       -1.0329206649260131E-002   0.0000000000000000     
  -2.1779999999999999        0.0000000000000000       -1.0973127797219555E-002   0.0000000000000000     
  -1.9800000000000000        0.0000000000000000       -1.1664903239576739E-002   0.0000000000000000     
  -1.7820000000000000        0.0000000000000000       -1.2402562076008025E-002   0.0000000000000000     
  -1.5840000000000001        0.0000000000000000       -1.3182570343477135E-002   0.0000000000000000     
  -1.3860000000000001        0.0000000000000000       -1.3997127502434982E-002   0.0000000000000000     
  -1.1880000000000002        0.0000000000000000       -1.4829194779513159E-002   0.0000000000000000     
 -0.98999999999999999        0.0000000000000000       -1.5651904841700492E-002   0.0000000000000000     
 -0.79200000000000004        0.0000000000000000       -1.6432860793800953E-002   0.0000000000000000     
 -0.59400000000000008        0.0000000000000000       -1.7129487043087331E-002   0.0000000000000000     
 -0.39600000000000002        0.0000000000000000       -1.7687248265843704E-002   0.0000000000000000     
 -0.19800000000000001        0.0000000000000000       -1.8048839987137261E-002   0.0000000000000000     
   0.0000000000000000        0.0000000000000000       -1.8175170777168830E-002   0.0000000000000000     
  0.19800000000000001        0.0000000000000000       -1.8048839987137261E-002   0.0000000000000000     
  0.39600000000000002        0.0000000000000000       -1.7687248265843704E-002   0.0000000000000000     
  0.59400000000000008        0.0000000000000000       -1.7129487043087331E-002   0.0000000000000000     
  0.79200000000000004        0.0000000000000000       -1.6432860793800953E-002   0.0000000000000000     
  0.98999999999999999        0.0000000000000000       -1.5651904841700492E-002   0.0000000000000000     
   1.1880000000000002        0.0000000000000000       -1.4829194779513159E-002   0.0000000000000000     
   1.3860000000000001        0.0000000000000000       -1.3997127502434982E-002   0.0000000000000000     
   1.5840000000000001        0.0000000000000000       -1.3182570343477135E-002   0.0000000000000000     
   1.7820000000000000        0.0000000000000000       -1.2402562076008025E-002   0.0000000000000000     
   1.9800000000000000        0.0000000000000000       -1.1664903239576739E-002   0.0000000000000000     
   2.1779999999999999        0.0000000000000000       -1.0973127797219555E-002   0.0000000000000000     
   2.3760000000000003        0.0000000000000000       -1.0329206649260131E-002   0.0000000000000000     
   2.5740000000000003        0.0000000000000000       -9.7369512546673937E-003   0.0000000000000000     
   2.7720000000000002        0.0000000000000000       -9.1973278080483035E-003   0.0000000000000000     
   2.9700000000000002        0.0000000000000000       -8.7032044719451088E-003   0.0000000000000000     
   3.1680000000000001        0.0000000000000000       -8.2457149852066588E-003   0.0000000000000000     
   3.3660000000000001        0.0000000000000000       -7.8209970325473152E-003   0.0000000000000000     
   3.5640000000000001        0.0000000000000000       -7.4268453247157166E-003   0.0000000000000000     
   3.7620000000000000        0.0000000000000000       -7.0611751986801290E-003   0.0000000000000000     
   3.9600000000000000        0.0000000000000000       -6.7218484776338161E-003   0.0000000000000000     
   4.1580000000000004        0.0000000000000000       -6.4067517588326647E-003   0.0000000000000000     
   4.3559999999999999        0.0000000000000000       -6.1138672182759384E-003   0.0000000000000000     
   4.5540000000000003        0.0000000000000000       -5.8413096365336299E-003   0.0000000000000000     
   4.7520000000000007        0.0000000000000000       -5.5873413695538164E-003   0.0000000000000000     
   4.9500000000000002        0.0000000000000000       -5.3503734352888252E-003   0.0000000000000000     
   5.1480000000000006        0.0000000000000000       -5.1289596100118412E-003   0.0000000000000000     
   5.3460000000000001        0.0000000000000000       -4.9217874457633684E-003   0.0000000000000000     
   5.5440000000000005        0.0000000000000000       -4.7276676707053112E-003   0.0000000000000000     
   5.7420000000000000        0.0000000000000000       -4.5455233048852257E-003   0.0000000000000000     
   5.9400000000000004        0.0000000000000000       -4.3743791329476627E-003   0.0000000000000000     
   6.1379999999999999        0.0000000000000000       -4.2133518486848660E-003   0.0000000000000000     
   6.3360000000000003        0.0000000000000000       -4.0616409790409924E-003   0.0000000000000000     
   6.5340000000000007        0.0000000000000000       -3.9185203613958134E-003   0.0000000000000000     
   6.7320000000000002        0.0000000000000000       -3.7833308353671709E-003   0.0000000000000000     
   6.9300000000000006        0.0000000000000000       -3.6554732629863109E-003   0.0000000000000000     
   7.1280000000000001        0.0000000000000000       -3.5344024506888247E-003   0.0000000000000000     
   7.3260000000000005        0.0000000000000000       -3.4196218093956324E-003   0.0000000000000000     
   7.5240000000000000        0.0000000000000000       -3.3106782908880520E-003   0.0000000000000000     
   7.7220000000000004        0.0000000000000000       -3.2071582361377186E-003   0.0000000000000000     
   7.9199999999999999        0.0000000000000000       -3.1086832959937413E-003   0.0000000000000000     
   8.1180000000000003        0.0000000000000000       -3.0149070808576472E-003   0.0000000000000000     
   8.3160000000000007        0.0000000000000000       -2.9255119706273311E-003   0.0000000000000000     
   8.5140000000000011        0.0000000000000000       -2.8402064488854120E-003   0.0000000000000000     
   8.7119999999999997        0.0000000000000000       -2.7587224456137706E-003   0.0000000000000000     
   8.9100000000000001        0.0000000000000000       -2.6808132684444422E-003   0.0000000000000000     
   9.1080000000000005        0.0000000000000000       -2.6062515745826653E-003   0.0000000000000000     
   9.3060000000000009        0.0000000000000000       -2.5348275480493853E-003   0.0000000000000000     
   9.5040000000000013        0.0000000000000000       -2.4663472858149982E-003   0.0000000000000000     
   9.7020000000000000        0.0000000000000000       -2.4006314778556147E-003   0.0000000000000000     
   9.9000000000000004        0.0000000000000000       -2.3375139358121520E-003   0.0000000000000000     
   10.098000000000001        0.0000000000000000       -2.2768405676604373E-003   0.0000000000000000     
   10.296000000000001        0.0000000000000000       -2.2184682271387478E-003   0.0000000000000000     
   10.494000000000000        0.0000000000000000       -2.1622638062864935E-003   0.0000000000000000     
   10.692000000000000        0.0000000000000000       -2.1081034249969223E-003   0.0000000000000000     
   10.890000000000001        0.0000000000000000       -2.0558714947511636E-003   0.0000000000000000     
   11.088000000000001        0.0000000000000000       -2.0054601868846147E-003   0.0000000000000000     
   11.286000000000001        0.0000000000000000       -1.9567687014100045E-003   0.0000000000000000     
   11.484000000000000        0.0000000000000000       -1.9097026722592310E-003   0.0000000000000000     
   11.682000000000000        0.0000000000000000       -1.8641736853241555E-003   0.0000000000000000     
   11.880000000000001        0.0000000000000000       -1.8200987256379911E-003   0.0000000000000000     
   12.078000000000001        0.0000000000000000       -1.7773997752625551E-003   0.0000000000000000     
   12.276000000000000        0.0000000000000000       -1.7360034275365577E-003   0.0000000000000000     
   12.474000000000000        0.0000000000000000       -1.6958404568495262E-003   0.0000000000000000     
   12.672000000000001        0.0000000000000000       -1.6568454681469727E-003   0.0000000000000000     
   12.870000000000001        0.0000000000000000       -1.6189566641889161E-003   0.0000000000000000     
   13.068000000000001        0.0000000000000000       -1.5821154008062719E-003   0.0000000000000000     
   13.266000000000000        0.0000000000000000       -1.5462660495603388E-003   0.0000000000000000     
   13.464000000000000        0.0000000000000000       -1.5113556825048391E-003   0.0000000000000000     
   13.662000000000001        0.0000000000000000       -1.4773337680089418E-003   0.0000000000000000     
   13.860000000000001        0.0000000000000000       -1.4441520331863118E-003   0.0000000000000000     
   14.058000000000000        0.0000000000000000       -1.4117641945141333E-003   0.0000000000000000     
   14.256000000000000        0.0000000000000000       -1.3801257066566688E-003   0.0000000000000000     
   14.454000000000001        0.0000000000000000       -1.3491936076115228E-003   0.0000000000000000     
   14.652000000000001        0.0000000000000000       -1.3189262829724859E-003   0.0000000000000000     
   14.850000000000001        0.0000000000000000       -1.2892832290401896E-003   0.0000000000000000     
   15.048000000000000        0.0000000000000000       -1.2602248744637910E-003   0.0000000000000000     
   15.246000000000000        0.0000000000000000       -1.2317123387428836E-003   0.0000000000000000     
   15.444000000000001        0.0000000000000000       -1.2037071690683277E-003   0.0000000000000000     
   15.642000000000001        0.0000000000000000       -1.1761711133417003E-003   0.0000000000000000     
   15.840000000000000        0.0000000000000000       -1.1490658012503446E-003   0.0000000000000000     
   16.038000000000000        0.0000000000000000       -1.1223524287989740E-003   0.0000000000000000     
   16.236000000000001        0.0000000000000000       -1.0959913997495368E-003   0.0000000000000000     
   16.434000000000001        0.0000000000000000       -1.0699418198117738E-003   0.0000000000000000     
   16.632000000000001        0.0000000000000000       -1.0441610350776984E-003   0.0000000000000000     
   16.830000000000002        0.0000000000000000       -1.0186038688139068E-003   0.0000000000000000     
   17.028000000000002        0.0000000000000000       -9.9322183981892108E-004   0.0000000000000000     
   17.225999999999999        0.0000000000000000       -9.6803858771351235E-004   0.0000000000000000     
   17.423999999999999        0.0000000000000000       -9.4283677666460617E-004   0.0000000000000000     
   17.622000000000000        0.0000000000000000       -9.1762858296878769E-004   0.0000000000000000     
   17.820000000000000        0.0000000000000000       -8.9233398503725384E-004   0.0000000000000000     
   18.018000000000001        0.0000000000000000       -8.6685563195009125E-004   0.0000000000000000     
   18.216000000000001        0.0000000000000000       -8.4107251980126334E-004   0.0000000000000000     
   18.414000000000001        0.0000000000000000       -8.1481906340080733E-004   0.0000000000000000     
   18.612000000000002        0.0000000000000000       -7.8781485259323577E-004   0.0000000000000000     
   18.810000000000002        0.0000000000000000       -7.5971426260082540E-004   0.0000000000000000     
   19.008000000000003        0.0000000000000000       -7.2990921968001490E-004   0.0000000000000000     
   19.206000000000000        0.0000000000000000       -6.9726605992250575E-004   0.0000000000000000     
   19.404000000000000        0.0000000000000000       -6.6032862822316702E-004   0.0000000000000000     
   19.602000000000000        0.0000000000000000       -6.1785829012049988E-004   0.0000000000000000     
