  -19.602000000000000        0.0000000000000000       -4.4053195039935381E-004   0.0000000000000000     
  -19.404000000000000        0.0000000000000000       -4.8573853808200077E-004   0.0000000000000000     
  -19.206000000000000        0.0000000000000000       -5.2328793998589575E-004   0.0000000000000000     
  -19.008000000000003        0.0000000000000000       -5.5471780322413524E-004   0.0000000000000000     
  -18.810000000000002        0.0000000000000000       -5.8204102839351166E-004   0.0000000000000000     
  -18.612000000000002        0.0000000000000000       -6.0680286564893766E-004   0.0000000000000000     
  -18.414000000000001        0.0000000000000000       -6.2991661189596738E-004   0.0000000000000000     
  -18.216000000000001        0.0000000000000000       -6.5199408732460244E-004   0.0000000000000000     
  -18.018000000000001        0.0000000000000000       -6.7337709975237255E-004   0.0000000000000000     
  -17.820000000000000        0.0000000000000000       -6.9429779220935690E-004   0.0000000000000000     
  -17.622000000000000        0.0000000000000000       -7.1499682375925739E-004   0.0000000000000000     
  -17.423999999999999        0.0000000000000000       -7.3556288872173134E-004   0.0000000000000000     
  -17.225999999999999        0.0000000000000000       -7.5613785109123562E-004   0.0000000000000000     
  -17.028000000000002        0.0000000000000000       -7.7680953736129245E-004   0.0000000000000000     
  -16.830000000000002        0.0000000000000000       -7.9765142770262887E-004   0.0000000000000000     
  -16.632000000000001        0.0000000000000000       -8.1867505480099809E-004   0.0000000000000000     
  -16.434000000000001        0.0000000000000000       -8.4005769046410284E-004   0.0000000000000000     
  -16.236000000000001        0.0000000000000000       -8.6177989363521001E-004   0.0000000000000000     
  -16.038000000000000        0.0000000000000000       -8.8389027133445655E-004   0.0000000000000000     
  -15.840000000000000        0.0000000000000000       -9.0643490752612545E-004   0.0000000000000000     
  -15.642000000000001        0.0000000000000000       -9.2945820836194324E-004   0.0000000000000000     
  -15.444000000000001        0.0000000000000000       -9.5300365547997575E-004   0.0000000000000000     
  -15.246000000000000        0.0000000000000000       -9.7711435709496044E-004   0.0000000000000000     
  -15.048000000000000        0.0000000000000000       -1.0018334915897335E-003   0.0000000000000000     
  -14.850000000000001        0.0000000000000000       -1.0272047907418365E-003   0.0000000000000000     
  -14.652000000000001        0.0000000000000000       -1.0532728161328233E-003   0.0000000000000000     
  -14.454000000000001        0.0000000000000000       -1.0800833909873936E-003   0.0000000000000000     
  -14.256000000000000        0.0000000000000000       -1.1076838099863759E-003   0.0000000000000000     
  -14.058000000000000        0.0000000000000000       -1.1361231989790463E-003   0.0000000000000000     
  -13.860000000000001        0.0000000000000000       -1.1654528003794840E-003   0.0000000000000000     
  -13.662000000000001        0.0000000000000000       -1.1957262430084192E-003   0.0000000000000000     
  -13.464000000000000        0.0000000000000000       -1.2269998541050715E-003   0.0000000000000000     
  -13.266000000000000        0.0000000000000000       -1.2593329560149228E-003   0.0000000000000000     
  -13.068000000000001        0.0000000000000000       -1.2927882442217863E-003   0.0000000000000000     
  -12.870000000000001        0.0000000000000000       -1.3274320062630553E-003   0.0000000000000000     
  -12.672000000000001        0.0000000000000000       -1.3633346389457840E-003   0.0000000000000000     
  -12.474000000000000        0.0000000000000000       -1.4005709135797933E-003   0.0000000000000000     
  -12.276000000000000        0.0000000000000000       -1.4392204481432991E-003   0.0000000000000000     
  -12.078000000000001        0.0000000000000000       -1.4793681534091439E-003   0.0000000000000000     
  -11.880000000000001        0.0000000000000000       -1.5211047803481406E-003   0.0000000000000000     
  -11.682000000000000        0.0000000000000000       -1.5645273301918964E-003   0.0000000000000000     
  -11.484000000000000        0.0000000000000000       -1.6097398176405037E-003   0.0000000000000000     
  -11.286000000000001        0.0000000000000000       -1.6568537916503950E-003   0.0000000000000000     
  -11.088000000000001        0.0000000000000000       -1.7059891420794268E-003   0.0000000000000000     
  -10.890000000000001        0.0000000000000000       -1.7572748049396363E-003   0.0000000000000000     
  -10.692000000000000        0.0000000000000000       -1.8108497713084928E-003   0.0000000000000000     
  -10.494000000000000        0.0000000000000000       -1.8668639436907870E-003   0.0000000000000000     
  -10.296000000000001        0.0000000000000000       -1.9254792587082015E-003   0.0000000000000000     
  -10.098000000000001        0.0000000000000000       -1.9868709428087013E-003   0.0000000000000000     
  -9.9000000000000004        0.0000000000000000       -2.0512287731607598E-003   0.0000000000000000     
  -9.7020000000000000        0.0000000000000000       -2.1187586944576885E-003   0.0000000000000000     
  -9.5040000000000013        0.0000000000000000       -2.1896843673397622E-003   0.0000000000000000     
  -9.3060000000000009        0.0000000000000000       -2.2642491912863352E-003   0.0000000000000000     
  -9.1080000000000005        0.0000000000000000       -2.3427183214013783E-003   0.0000000000000000     
  -8.9100000000000001        0.0000000000000000       -2.4253811510852302E-003   0.0000000000000000     
  -8.7119999999999997        0.0000000000000000       -2.5125539374045262E-003   0.0000000000000000     
  -8.5140000000000011        0.0000000000000000       -2.6045828959777241E-003   0.0000000000000000     
  -8.3160000000000007        0.0000000000000000       -2.7018476056257126E-003   0.0000000000000000     
  -8.1180000000000003        0.0000000000000000       -2.8047650553082322E-003   0.0000000000000000     
  -7.9199999999999999        0.0000000000000000       -2.9137938627935528E-003   0.0000000000000000     
  -7.7220000000000004        0.0000000000000000       -3.0294396494310997E-003   0.0000000000000000     
  -7.5240000000000000        0.0000000000000000       -3.1522606250251137E-003   0.0000000000000000     
  -7.3260000000000005        0.0000000000000000       -3.2828743581343784E-003   0.0000000000000000     
  -7.1280000000000001        0.0000000000000000       -3.4219652242603051E-003   0.0000000000000000     
  -6.9300000000000006        0.0000000000000000       -3.5702933804503891E-003   0.0000000000000000     
  -6.7320000000000002        0.0000000000000000       -3.7287047489281437E-003   0.0000000000000000     
  -6.5340000000000007        0.0000000000000000       -3.8981425768552110E-003   0.0000000000000000     
  -6.3360000000000003        0.0000000000000000       -4.0796609177660989E-003   0.0000000000000000     
  -6.1379999999999999        0.0000000000000000       -4.2744401315743374E-003   0.0000000000000000     
  -5.9400000000000004        0.0000000000000000       -4.4838051350759110E-003   0.0000000000000000     
  -5.7420000000000000        0.0000000000000000       -4.7092455933668157E-003   0.0000000000000000     
  -5.5440000000000005        0.0000000000000000       -4.9524406160179517E-003   0.0000000000000000     
  -5.3460000000000001        0.0000000000000000       -5.2152859792439429E-003   0.0000000000000000     
  -5.1480000000000006        0.0000000000000000       -5.4999256862808812E-003   0.0000000000000000     
  -4.9500000000000002        0.0000000000000000       -5.8087871824965449E-003   0.0000000000000000     
  -4.7520000000000007        0.0000000000000000       -6.1446204397700320E-003   0.0000000000000000     
  -4.5540000000000003        0.0000000000000000       -6.5105369496182989E-003   0.0000000000000000     
  -4.3559999999999999        0.0000000000000000       -6.9100460217640372E-003   0.0000000000000000     
  -4.1580000000000004        0.0000000000000000       -7.3470757561012985E-003   0.0000000000000000     
  -3.9600000000000000        0.0000000000000000       -7.8259561352947340E-003   0.0000000000000000     
  -3.7620000000000000        0.0000000000000000       -8.3513230395451683E-003   0.0000000000000000     
  -3.5640000000000001        0.0000000000000000       -8.9278975491688620E-003   0.0000000000000000     
  -3.3660000000000001        0.0000000000000000       -9.5603085603653028E-003   0.0000000000000000     
  -3.1680000000000001        0.0000000000000000       -1.0254523675255841E-002   0.0000000000000000     
  -2.9700000000000002        0.0000000000000000       -1.1025842041685907E-002   0.0000000000000000     
  -2.7720000000000002        0.0000000000000000       -1.1895163738735793E-002   0.0000000000000000     
  -2.5740000000000003        0.0000000000000000       -1.2872850786648278E-002   0.0000000000000000     
  -2.3760000000000003        0.0000000000000000       -1.3964255226006689E-002   0.0000000000000000     
  -2.1779999999999999        0.0000000000000000       -1.5180256514872278E-002   0.0000000000000000     
  -1.9800000000000000        0.0000000000000000       -1.6529135742673035E-002   0.0000000000000000     
  -1.7820000000000000        0.0000000000000000       -1.8016665070390646E-002   0.0000000000000000     
  -1.5840000000000001        0.0000000000000000       -1.9645913335346033E-002   0.0000000000000000     
  -1.3860000000000001        0.0000000000000000       -2.1404071676181611E-002   0.0000000000000000     
  -1.1880000000000002        0.0000000000000000       -2.3271162636569850E-002   0.0000000000000000     
 -0.98999999999999999        0.0000000000000000       -2.5214589347938104E-002   0.0000000000000000     
 -0.79200000000000004        0.0000000000000000       -2.7161718882648740E-002   0.0000000000000000     
 -0.59400000000000008        0.0000000000000000       -2.8980805111376330E-002   0.0000000000000000     
 -0.39600000000000002        0.0000000000000000       -3.0487824967273952E-002   0.0000000000000000     
 -0.19800000000000001        0.0000000000000000       -3.1493850420735096E-002   0.0000000000000000     
   0.0000000000000000        0.0000000000000000       -3.1849260308119631E-002   0.0000000000000000     
  0.19800000000000001        0.0000000000000000       -3.1493850420735096E-002   0.0000000000000000     
  0.39600000000000002        0.0000000000000000       -3.0487824967273952E-002   0.0000000000000000     
  0.59400000000000008        0.0000000000000000       -2.8980805111376330E-002   0.0000000000000000     
  0.79200000000000004        0.0000000000000000       -2.7161718882648740E-002   0.0000000000000000     
  0.98999999999999999        0.0000000000000000       -2.5214589347938104E-002   0.0000000000000000     
   1.1880000000000002        0.0000000000000000       -2.3271162636569850E-002   0.0000000000000000     
   1.3860000000000001        0.0000000000000000       -2.1404071676181611E-002   0.0000000000000000     
   1.5840000000000001        0.0000000000000000       -1.9645913335346033E-002   0.0000000000000000     
   1.7820000000000000        0.0000000000000000       -1.8016665070390646E-002   0.0000000000000000     
   1.9800000000000000        0.0000000000000000       -1.6529135742673035E-002   0.0000000000000000     
   2.1779999999999999        0.0000000000000000       -1.5180256514872278E-002   0.0000000000000000     
   2.3760000000000003        0.0000000000000000       -1.3964255226006689E-002   0.0000000000000000     
   2.5740000000000003        0.0000000000000000       -1.2872850786648278E-002   0.0000000000000000     
   2.7720000000000002        0.0000000000000000       -1.1895163738735793E-002   0.0000000000000000     
   2.9700000000000002        0.0000000000000000       -1.1025842041685907E-002   0.0000000000000000     
   3.1680000000000001        0.0000000000000000       -1.0254523675255841E-002   0.0000000000000000     
   3.3660000000000001        0.0000000000000000       -9.5603085603653028E-003   0.0000000000000000     
   3.5640000000000001        0.0000000000000000       -8.9278975491688620E-003   0.0000000000000000     
   3.7620000000000000        0.0000000000000000       -8.3513230395451683E-003   0.0000000000000000     
   3.9600000000000000        0.0000000000000000       -7.8259561352947340E-003   0.0000000000000000     
   4.1580000000000004        0.0000000000000000       -7.3470757561012985E-003   0.0000000000000000     
   4.3559999999999999        0.0000000000000000       -6.9100460217640372E-003   0.0000000000000000     
   4.5540000000000003        0.0000000000000000       -6.5105369496182989E-003   0.0000000000000000     
   4.7520000000000007        0.0000000000000000       -6.1446204397700320E-003   0.0000000000000000     
   4.9500000000000002        0.0000000000000000       -5.8087871824965449E-003   0.0000000000000000     
   5.1480000000000006        0.0000000000000000       -5.4999256862808812E-003   0.0000000000000000     
   5.3460000000000001        0.0000000000000000       -5.2152859792439429E-003   0.0000000000000000     
   5.5440000000000005        0.0000000000000000       -4.9524406160179517E-003   0.0000000000000000     
   5.7420000000000000        0.0000000000000000       -4.7092455933668157E-003   0.0000000000000000     
   5.9400000000000004        0.0000000000000000       -4.4838051350759110E-003   0.0000000000000000     
   6.1379999999999999        0.0000000000000000       -4.2744401315743374E-003   0.0000000000000000     
   6.3360000000000003        0.0000000000000000       -4.0796609177660989E-003   0.0000000000000000     
   6.5340000000000007        0.0000000000000000       -3.8981425768552110E-003   0.0000000000000000     
   6.7320000000000002        0.0000000000000000       -3.7287047489281437E-003   0.0000000000000000     
   6.9300000000000006        0.0000000000000000       -3.5702933804503891E-003   0.0000000000000000     
   7.1280000000000001        0.0000000000000000       -3.4219652242603051E-003   0.0000000000000000     
   7.3260000000000005        0.0000000000000000       -3.2828743581343784E-003   0.0000000000000000     
   7.5240000000000000        0.0000000000000000       -3.1522606250251137E-003   0.0000000000000000     
   7.7220000000000004        0.0000000000000000       -3.0294396494310997E-003   0.0000000000000000     
   7.9199999999999999        0.0000000000000000       -2.9137938627935528E-003   0.0000000000000000     
   8.1180000000000003        0.0000000000000000       -2.8047650553082322E-003   0.0000000000000000     
   8.3160000000000007        0.0000000000000000       -2.7018476056257126E-003   0.0000000000000000     
   8.5140000000000011        0.0000000000000000       -2.6045828959777241E-003   0.0000000000000000     
   8.7119999999999997        0.0000000000000000       -2.5125539374045262E-003   0.0000000000000000     
   8.9100000000000001        0.0000000000000000       -2.4253811510852302E-003   0.0000000000000000     
   9.1080000000000005        0.0000000000000000       -2.3427183214013783E-003   0.0000000000000000     
   9.3060000000000009        0.0000000000000000       -2.2642491912863352E-003   0.0000000000000000     
   9.5040000000000013        0.0000000000000000       -2.1896843673397622E-003   0.0000000000000000     
   9.7020000000000000        0.0000000000000000       -2.1187586944576885E-003   0.0000000000000000     
   9.9000000000000004        0.0000000000000000       -2.0512287731607598E-003   0.0000000000000000     
   10.098000000000001        0.0000000000000000       -1.9868709428087013E-003   0.0000000000000000     
   10.296000000000001        0.0000000000000000       -1.9254792587082015E-003   0.0000000000000000     
   10.494000000000000        0.0000000000000000       -1.8668639436907870E-003   0.0000000000000000     
   10.692000000000000        0.0000000000000000       -1.8108497713084928E-003   0.0000000000000000     
   10.890000000000001        0.0000000000000000       -1.7572748049396363E-003   0.0000000000000000     
   11.088000000000001        0.0000000000000000       -1.7059891420794268E-003   0.0000000000000000     
   11.286000000000001        0.0000000000000000       -1.6568537916503950E-003   0.0000000000000000     
   11.484000000000000        0.0000000000000000       -1.6097398176405037E-003   0.0000000000000000     
   11.682000000000000        0.0000000000000000       -1.5645273301918964E-003   0.0000000000000000     
   11.880000000000001        0.0000000000000000       -1.5211047803481406E-003   0.0000000000000000     
   12.078000000000001        0.0000000000000000       -1.4793681534091439E-003   0.0000000000000000     
   12.276000000000000        0.0000000000000000       -1.4392204481432991E-003   0.0000000000000000     
   12.474000000000000        0.0000000000000000       -1.4005709135797933E-003   0.0000000000000000     
   12.672000000000001        0.0000000000000000       -1.3633346389457840E-003   0.0000000000000000     
   12.870000000000001        0.0000000000000000       -1.3274320062630553E-003   0.0000000000000000     
   13.068000000000001        0.0000000000000000       -1.2927882442217863E-003   0.0000000000000000     
   13.266000000000000        0.0000000000000000       -1.2593329560149228E-003   0.0000000000000000     
   13.464000000000000        0.0000000000000000       -1.2269998541050715E-003   0.0000000000000000     
   13.662000000000001        0.0000000000000000       -1.1957262430084192E-003   0.0000000000000000     
   13.860000000000001        0.0000000000000000       -1.1654528003794840E-003   0.0000000000000000     
   14.058000000000000        0.0000000000000000       -1.1361231989790463E-003   0.0000000000000000     
   14.256000000000000        0.0000000000000000       -1.1076838099863759E-003   0.0000000000000000     
   14.454000000000001        0.0000000000000000       -1.0800833909873936E-003   0.0000000000000000     
   14.652000000000001        0.0000000000000000       -1.0532728161328233E-003   0.0000000000000000     
   14.850000000000001        0.0000000000000000       -1.0272047907418365E-003   0.0000000000000000     
   15.048000000000000        0.0000000000000000       -1.0018334915897335E-003   0.0000000000000000     
   15.246000000000000        0.0000000000000000       -9.7711435709496044E-004   0.0000000000000000     
   15.444000000000001        0.0000000000000000       -9.5300365547997575E-004   0.0000000000000000     
   15.642000000000001        0.0000000000000000       -9.2945820836194324E-004   0.0000000000000000     
   15.840000000000000        0.0000000000000000       -9.0643490752612545E-004   0.0000000000000000     
   16.038000000000000        0.0000000000000000       -8.8389027133445655E-004   0.0000000000000000     
   16.236000000000001        0.0000000000000000       -8.6177989363521001E-004   0.0000000000000000     
   16.434000000000001        0.0000000000000000       -8.4005769046410284E-004   0.0000000000000000     
   16.632000000000001        0.0000000000000000       -8.1867505480099809E-004   0.0000000000000000     
   16.830000000000002        0.0000000000000000       -7.9765142770262887E-004   0.0000000000000000     
   17.028000000000002        0.0000000000000000       -7.7680953736129245E-004   0.0000000000000000     
   17.225999999999999        0.0000000000000000       -7.5613785109123562E-004   0.0000000000000000     
   17.423999999999999        0.0000000000000000       -7.3556288872173134E-004   0.0000000000000000     
   17.622000000000000        0.0000000000000000       -7.1499682375925739E-004   0.0000000000000000     
   17.820000000000000        0.0000000000000000       -6.9429779220935690E-004   0.0000000000000000     
   18.018000000000001        0.0000000000000000       -6.7337709975237255E-004   0.0000000000000000     
   18.216000000000001        0.0000000000000000       -6.5199408732460244E-004   0.0000000000000000     
   18.414000000000001        0.0000000000000000       -6.2991661189596738E-004   0.0000000000000000     
   18.612000000000002        0.0000000000000000       -6.0680286564893766E-004   0.0000000000000000     
   18.810000000000002        0.0000000000000000       -5.8204102839351166E-004   0.0000000000000000     
   19.008000000000003        0.0000000000000000       -5.5471780322413524E-004   0.0000000000000000     
   19.206000000000000        0.0000000000000000       -5.2328793998589575E-004   0.0000000000000000     
   19.404000000000000        0.0000000000000000       -4.8573853808200077E-004   0.0000000000000000     
   19.602000000000000        0.0000000000000000       -4.4053195039935381E-004   0.0000000000000000     
