  -19.602000000000000        0.0000000000000000       -3.2202797447070992E-004   0.0000000000000000     
  -19.404000000000000        0.0000000000000000       -3.6300141837737615E-004   0.0000000000000000     
  -19.206000000000000        0.0000000000000000       -3.9622803578044646E-004   0.0000000000000000     
  -19.008000000000003        0.0000000000000000       -4.2300087805704578E-004   0.0000000000000000     
  -18.810000000000002        0.0000000000000000       -4.4544547804522590E-004   0.0000000000000000     
  -18.612000000000002        0.0000000000000000       -4.6512575798801550E-004   0.0000000000000000     
  -18.414000000000001        0.0000000000000000       -4.8304848618701456E-004   0.0000000000000000     
  -18.216000000000001        0.0000000000000000       -4.9985353036914322E-004   0.0000000000000000     
  -18.018000000000001        0.0000000000000000       -5.1594602235294587E-004   0.0000000000000000     
  -17.820000000000000        0.0000000000000000       -5.3162806529724323E-004   0.0000000000000000     
  -17.622000000000000        0.0000000000000000       -5.4708615517658156E-004   0.0000000000000000     
  -17.423999999999999        0.0000000000000000       -5.6246092303169164E-004   0.0000000000000000     
  -17.225999999999999        0.0000000000000000       -5.7785780409219461E-004   0.0000000000000000     
  -17.028000000000002        0.0000000000000000       -5.9335607275458357E-004   0.0000000000000000     
  -16.830000000000002        0.0000000000000000       -6.0902140071309103E-004   0.0000000000000000     
  -16.632000000000001        0.0000000000000000       -6.2491537136206510E-004   0.0000000000000000     
  -16.434000000000001        0.0000000000000000       -6.4108627752065080E-004   0.0000000000000000     
  -16.236000000000001        0.0000000000000000       -6.5757725459516440E-004   0.0000000000000000     
  -16.038000000000000        0.0000000000000000       -6.7442790343239911E-004   0.0000000000000000     
  -15.840000000000000        0.0000000000000000       -6.9167553663870374E-004   0.0000000000000000     
  -15.642000000000001        0.0000000000000000       -7.0935606587805178E-004   0.0000000000000000     
  -15.444000000000001        0.0000000000000000       -7.2750471265529027E-004   0.0000000000000000     
  -15.246000000000000        0.0000000000000000       -7.4615652668440430E-004   0.0000000000000000     
  -15.048000000000000        0.0000000000000000       -7.6534687833260996E-004   0.0000000000000000     
  -14.850000000000001        0.0000000000000000       -7.8511180830865949E-004   0.0000000000000000     
  -14.652000000000001        0.0000000000000000       -8.0548837619896080E-004   0.0000000000000000     
  -14.454000000000001        0.0000000000000000       -8.2651492103433429E-004   0.0000000000000000     
  -14.256000000000000        0.0000000000000000       -8.4823141184245626E-004   0.0000000000000000     
  -14.058000000000000        0.0000000000000000       -8.7067962456594688E-004   0.0000000000000000     
  -13.860000000000001        0.0000000000000000       -8.9390349774203935E-004   0.0000000000000000     
  -13.662000000000001        0.0000000000000000       -9.1794932088491363E-004   0.0000000000000000     
  -13.464000000000000        0.0000000000000000       -9.4286604638231628E-004   0.0000000000000000     
  -13.266000000000000        0.0000000000000000       -9.6870557466147719E-004   0.0000000000000000     
  -13.068000000000001        0.0000000000000000       -9.9552308526961895E-004   0.0000000000000000     
  -12.870000000000001        0.0000000000000000       -1.0233772739361277E-003   0.0000000000000000     
  -12.672000000000001        0.0000000000000000       -1.0523308167304905E-003   0.0000000000000000     
  -12.474000000000000        0.0000000000000000       -1.0824506506770795E-003   0.0000000000000000     
  -12.276000000000000        0.0000000000000000       -1.1138084683883936E-003   0.0000000000000000     
  -12.078000000000001        0.0000000000000000       -1.1464811271485315E-003   0.0000000000000000     
  -11.880000000000001        0.0000000000000000       -1.1805511270125708E-003   0.0000000000000000     
  -11.682000000000000        0.0000000000000000       -1.2161072109800066E-003   0.0000000000000000     
  -11.484000000000000        0.0000000000000000       -1.2532449716204286E-003   0.0000000000000000     
  -11.286000000000001        0.0000000000000000       -1.2920674987746115E-003   0.0000000000000000     
  -11.088000000000001        0.0000000000000000       -1.3326861164923744E-003   0.0000000000000000     
  -10.890000000000001        0.0000000000000000       -1.3752212298313289E-003   0.0000000000000000     
  -10.692000000000000        0.0000000000000000       -1.4198032858372142E-003   0.0000000000000000     
  -10.494000000000000        0.0000000000000000       -1.4665738155228713E-003   0.0000000000000000     
  -10.296000000000001        0.0000000000000000       -1.5156865151943555E-003   0.0000000000000000     
  -10.098000000000001        0.0000000000000000       -1.5673086224484946E-003   0.0000000000000000     
  -9.9000000000000004        0.0000000000000000       -1.6216223901638256E-003   0.0000000000000000     
  -9.7020000000000000        0.0000000000000000       -1.6788267174768098E-003   0.0000000000000000     
  -9.5040000000000013        0.0000000000000000       -1.7391390078538114E-003   0.0000000000000000     
  -9.3060000000000009        0.0000000000000000       -1.8027973144605410E-003   0.0000000000000000     
  -9.1080000000000005        0.0000000000000000       -1.8700625945858506E-003   0.0000000000000000     
  -8.9100000000000001        0.0000000000000000       -1.9412216304032287E-003   0.0000000000000000     
  -8.7119999999999997        0.0000000000000000       -2.0165899265157509E-003   0.0000000000000000     
  -8.5140000000000011        0.0000000000000000       -2.0965152726865389E-003   0.0000000000000000     
  -8.3160000000000007        0.0000000000000000       -2.1813816962383639E-003   0.0000000000000000     
  -8.1180000000000003        0.0000000000000000       -2.2716140728984667E-003   0.0000000000000000     
  -7.9199999999999999        0.0000000000000000       -2.3676832713645200E-003   0.0000000000000000     
  -7.7220000000000004        0.0000000000000000       -2.4701121555862943E-003   0.0000000000000000     
  -7.5240000000000000        0.0000000000000000       -2.5794823977538638E-003   0.0000000000000000     
  -7.3260000000000005        0.0000000000000000       -2.6964423612340863E-003   0.0000000000000000     
  -7.1280000000000001        0.0000000000000000       -2.8217162110167403E-003   0.0000000000000000     
  -6.9300000000000006        0.0000000000000000       -2.9561142082617170E-003   0.0000000000000000     
  -6.7320000000000002        0.0000000000000000       -3.1005449329422649E-003   0.0000000000000000     
  -6.5340000000000007        0.0000000000000000       -3.2560289610072449E-003   0.0000000000000000     
  -6.3360000000000003        0.0000000000000000       -3.4237151769661244E-003   0.0000000000000000     
  -6.1379999999999999        0.0000000000000000       -3.6048991340228644E-003   0.0000000000000000     
  -5.9400000000000004        0.0000000000000000       -3.8010444572181786E-003   0.0000000000000000     
  -5.7420000000000000        0.0000000000000000       -4.0138079062010581E-003   0.0000000000000000     
  -5.5440000000000005        0.0000000000000000       -4.2450673183488784E-003   0.0000000000000000     
  -5.3460000000000001        0.0000000000000000       -4.4969548164823852E-003   0.0000000000000000     
  -5.1480000000000006        0.0000000000000000       -4.7718938110732729E-003   0.0000000000000000     
  -4.9500000000000002        0.0000000000000000       -5.0726415029566218E-003   0.0000000000000000     
  -4.7520000000000007        0.0000000000000000       -5.4023361724236264E-003   0.0000000000000000     
  -4.5540000000000003        0.0000000000000000       -5.7645494712190741E-003   0.0000000000000000     
  -4.3559999999999999        0.0000000000000000       -6.1633415812340124E-003   0.0000000000000000     
  -4.1580000000000004        0.0000000000000000       -6.6033181882362664E-003   0.0000000000000000     
  -3.9600000000000000        0.0000000000000000       -7.0896811345383505E-003   0.0000000000000000     
  -3.7620000000000000        0.0000000000000000       -7.6282649740994531E-003   0.0000000000000000     
  -3.5640000000000001        0.0000000000000000       -8.2255371312678002E-003   0.0000000000000000     
  -3.3660000000000001        0.0000000000000000       -8.8885303248694026E-003   0.0000000000000000     
  -3.1680000000000001        0.0000000000000000       -9.6246524610824578E-003   0.0000000000000000     
  -2.9700000000000002        0.0000000000000000       -1.0441350709888894E-002   0.0000000000000000     
  -2.7720000000000002        0.0000000000000000       -1.1346086377550009E-002   0.0000000000000000     
  -2.5740000000000003        0.0000000000000000       -1.2350196229399511E-002   0.0000000000000000     
  -2.3760000000000003        0.0000000000000000       -1.3472299253009712E-002   0.0000000000000000     
  -2.1779999999999999        0.0000000000000000       -1.4729859425935543E-002   0.0000000000000000     
  -1.9800000000000000        0.0000000000000000       -1.6136404424149282E-002   0.0000000000000000     
  -1.7820000000000000        0.0000000000000000       -1.7701245936840172E-002   0.0000000000000000     
  -1.5840000000000001        0.0000000000000000       -1.9421928896605635E-002   0.0000000000000000     
  -1.3860000000000001        0.0000000000000000       -2.1280273193967213E-002   0.0000000000000000     
  -1.1880000000000002        0.0000000000000000       -2.3243779917638589E-002   0.0000000000000000     
 -0.98999999999999999        0.0000000000000000       -2.5266488151220089E-002   0.0000000000000000     
 -0.79200000000000004        0.0000000000000000       -2.7265871049361991E-002   0.0000000000000000     
 -0.59400000000000008        0.0000000000000000       -2.9102430536153231E-002   0.0000000000000000     
 -0.39600000000000002        0.0000000000000000       -3.0609139944850899E-002   0.0000000000000000     
 -0.19800000000000001        0.0000000000000000       -3.1611576003111867E-002   0.0000000000000000     
   0.0000000000000000        0.0000000000000000       -3.1965390664409732E-002   0.0000000000000000     
  0.19800000000000001        0.0000000000000000       -3.1611576003111867E-002   0.0000000000000000     
  0.39600000000000002        0.0000000000000000       -3.0609139944850899E-002   0.0000000000000000     
  0.59400000000000008        0.0000000000000000       -2.9102430536153231E-002   0.0000000000000000     
  0.79200000000000004        0.0000000000000000       -2.7265871049361991E-002   0.0000000000000000     
  0.98999999999999999        0.0000000000000000       -2.5266488151220089E-002   0.0000000000000000     
   1.1880000000000002        0.0000000000000000       -2.3243779917638589E-002   0.0000000000000000     
   1.3860000000000001        0.0000000000000000       -2.1280273193967213E-002   0.0000000000000000     
   1.5840000000000001        0.0000000000000000       -1.9421928896605635E-002   0.0000000000000000     
   1.7820000000000000        0.0000000000000000       -1.7701245936840172E-002   0.0000000000000000     
   1.9800000000000000        0.0000000000000000       -1.6136404424149282E-002   0.0000000000000000     
   2.1779999999999999        0.0000000000000000       -1.4729859425935543E-002   0.0000000000000000     
   2.3760000000000003        0.0000000000000000       -1.3472299253009712E-002   0.0000000000000000     
   2.5740000000000003        0.0000000000000000       -1.2350196229399511E-002   0.0000000000000000     
   2.7720000000000002        0.0000000000000000       -1.1346086377550009E-002   0.0000000000000000     
   2.9700000000000002        0.0000000000000000       -1.0441350709888894E-002   0.0000000000000000     
   3.1680000000000001        0.0000000000000000       -9.6246524610824578E-003   0.0000000000000000     
   3.3660000000000001        0.0000000000000000       -8.8885303248694026E-003   0.0000000000000000     
   3.5640000000000001        0.0000000000000000       -8.2255371312678002E-003   0.0000000000000000     
   3.7620000000000000        0.0000000000000000       -7.6282649740994531E-003   0.0000000000000000     
   3.9600000000000000        0.0000000000000000       -7.0896811345383505E-003   0.0000000000000000     
   4.1580000000000004        0.0000000000000000       -6.6033181882362664E-003   0.0000000000000000     
   4.3559999999999999        0.0000000000000000       -6.1633415812340124E-003   0.0000000000000000     
   4.5540000000000003        0.0000000000000000       -5.7645494712190741E-003   0.0000000000000000     
   4.7520000000000007        0.0000000000000000       -5.4023361724236264E-003   0.0000000000000000     
   4.9500000000000002        0.0000000000000000       -5.0726415029566218E-003   0.0000000000000000     
   5.1480000000000006        0.0000000000000000       -4.7718938110732729E-003   0.0000000000000000     
   5.3460000000000001        0.0000000000000000       -4.4969548164823852E-003   0.0000000000000000     
   5.5440000000000005        0.0000000000000000       -4.2450673183488784E-003   0.0000000000000000     
   5.7420000000000000        0.0000000000000000       -4.0138079062010581E-003   0.0000000000000000     
   5.9400000000000004        0.0000000000000000       -3.8010444572181786E-003   0.0000000000000000     
   6.1379999999999999        0.0000000000000000       -3.6048991340228644E-003   0.0000000000000000     
   6.3360000000000003        0.0000000000000000       -3.4237151769661244E-003   0.0000000000000000     
   6.5340000000000007        0.0000000000000000       -3.2560289610072449E-003   0.0000000000000000     
   6.7320000000000002        0.0000000000000000       -3.1005449329422649E-003   0.0000000000000000     
   6.9300000000000006        0.0000000000000000       -2.9561142082617170E-003   0.0000000000000000     
   7.1280000000000001        0.0000000000000000       -2.8217162110167403E-003   0.0000000000000000     
   7.3260000000000005        0.0000000000000000       -2.6964423612340863E-003   0.0000000000000000     
   7.5240000000000000        0.0000000000000000       -2.5794823977538638E-003   0.0000000000000000     
   7.7220000000000004        0.0000000000000000       -2.4701121555862943E-003   0.0000000000000000     
   7.9199999999999999        0.0000000000000000       -2.3676832713645200E-003   0.0000000000000000     
   8.1180000000000003        0.0000000000000000       -2.2716140728984667E-003   0.0000000000000000     
   8.3160000000000007        0.0000000000000000       -2.1813816962383639E-003   0.0000000000000000     
   8.5140000000000011        0.0000000000000000       -2.0965152726865389E-003   0.0000000000000000     
   8.7119999999999997        0.0000000000000000       -2.0165899265157509E-003   0.0000000000000000     
   8.9100000000000001        0.0000000000000000       -1.9412216304032287E-003   0.0000000000000000     
   9.1080000000000005        0.0000000000000000       -1.8700625945858506E-003   0.0000000000000000     
   9.3060000000000009        0.0000000000000000       -1.8027973144605410E-003   0.0000000000000000     
   9.5040000000000013        0.0000000000000000       -1.7391390078538114E-003   0.0000000000000000     
   9.7020000000000000        0.0000000000000000       -1.6788267174768098E-003   0.0000000000000000     
   9.9000000000000004        0.0000000000000000       -1.6216223901638256E-003   0.0000000000000000     
   10.098000000000001        0.0000000000000000       -1.5673086224484946E-003   0.0000000000000000     
   10.296000000000001        0.0000000000000000       -1.5156865151943555E-003   0.0000000000000000     
   10.494000000000000        0.0000000000000000       -1.4665738155228713E-003   0.0000000000000000     
   10.692000000000000        0.0000000000000000       -1.4198032858372142E-003   0.0000000000000000     
   10.890000000000001        0.0000000000000000       -1.3752212298313289E-003   0.0000000000000000     
   11.088000000000001        0.0000000000000000       -1.3326861164923744E-003   0.0000000000000000     
   11.286000000000001        0.0000000000000000       -1.2920674987746115E-003   0.0000000000000000     
   11.484000000000000        0.0000000000000000       -1.2532449716204286E-003   0.0000000000000000     
   11.682000000000000        0.0000000000000000       -1.2161072109800066E-003   0.0000000000000000     
   11.880000000000001        0.0000000000000000       -1.1805511270125708E-003   0.0000000000000000     
   12.078000000000001        0.0000000000000000       -1.1464811271485315E-003   0.0000000000000000     
   12.276000000000000        0.0000000000000000       -1.1138084683883936E-003   0.0000000000000000     
   12.474000000000000        0.0000000000000000       -1.0824506506770795E-003   0.0000000000000000     
   12.672000000000001        0.0000000000000000       -1.0523308167304905E-003   0.0000000000000000     
   12.870000000000001        0.0000000000000000       -1.0233772739361277E-003   0.0000000000000000     
   13.068000000000001        0.0000000000000000       -9.9552308526961895E-004   0.0000000000000000     
   13.266000000000000        0.0000000000000000       -9.6870557466147719E-004   0.0000000000000000     
   13.464000000000000        0.0000000000000000       -9.4286604638231628E-004   0.0000000000000000     
   13.662000000000001        0.0000000000000000       -9.1794932088491363E-004   0.0000000000000000     
   13.860000000000001        0.0000000000000000       -8.9390349774203935E-004   0.0000000000000000     
   14.058000000000000        0.0000000000000000       -8.7067962456594688E-004   0.0000000000000000     
   14.256000000000000        0.0000000000000000       -8.4823141184245626E-004   0.0000000000000000     
   14.454000000000001        0.0000000000000000       -8.2651492103433429E-004   0.0000000000000000     
   14.652000000000001        0.0000000000000000       -8.0548837619896080E-004   0.0000000000000000     
   14.850000000000001        0.0000000000000000       -7.8511180830865949E-004   0.0000000000000000     
   15.048000000000000        0.0000000000000000       -7.6534687833260996E-004   0.0000000000000000     
   15.246000000000000        0.0000000000000000       -7.4615652668440430E-004   0.0000000000000000     
   15.444000000000001        0.0000000000000000       -7.2750471265529027E-004   0.0000000000000000     
   15.642000000000001        0.0000000000000000       -7.0935606587805178E-004   0.0000000000000000     
   15.840000000000000        0.0000000000000000       -6.9167553663870374E-004   0.0000000000000000     
   16.038000000000000        0.0000000000000000       -6.7442790343239911E-004   0.0000000000000000     
   16.236000000000001        0.0000000000000000       -6.5757725459516440E-004   0.0000000000000000     
   16.434000000000001        0.0000000000000000       -6.4108627752065080E-004   0.0000000000000000     
   16.632000000000001        0.0000000000000000       -6.2491537136206510E-004   0.0000000000000000     
   16.830000000000002        0.0000000000000000       -6.0902140071309103E-004   0.0000000000000000     
   17.028000000000002        0.0000000000000000       -5.9335607275458357E-004   0.0000000000000000     
   17.225999999999999        0.0000000000000000       -5.7785780409219461E-004   0.0000000000000000     
   17.423999999999999        0.0000000000000000       -5.6246092303169164E-004   0.0000000000000000     
   17.622000000000000        0.0000000000000000       -5.4708615517658156E-004   0.0000000000000000     
   17.820000000000000        0.0000000000000000       -5.3162806529724323E-004   0.0000000000000000     
   18.018000000000001        0.0000000000000000       -5.1594602235294587E-004   0.0000000000000000     
   18.216000000000001        0.0000000000000000       -4.9985353036914322E-004   0.0000000000000000     
   18.414000000000001        0.0000000000000000       -4.8304848618701456E-004   0.0000000000000000     
   18.612000000000002        0.0000000000000000       -4.6512575798801550E-004   0.0000000000000000     
   18.810000000000002        0.0000000000000000       -4.4544547804522590E-004   0.0000000000000000     
   19.008000000000003        0.0000000000000000       -4.2300087805704578E-004   0.0000000000000000     
   19.206000000000000        0.0000000000000000       -3.9622803578044646E-004   0.0000000000000000     
   19.404000000000000        0.0000000000000000       -3.6300141837737615E-004   0.0000000000000000     
   19.602000000000000        0.0000000000000000       -3.2202797447070992E-004   0.0000000000000000     
