  -19.602000000000000        0.0000000000000000       -3.9699816315013031E-004   0.0000000000000000     
  -19.404000000000000        0.0000000000000000       -4.4297243349522266E-004   0.0000000000000000     
  -19.206000000000000        0.0000000000000000       -4.8072941348823394E-004   0.0000000000000000     
  -19.008000000000003        0.0000000000000000       -5.1162476691752614E-004   0.0000000000000000     
  -18.810000000000002        0.0000000000000000       -5.3797513940307968E-004   0.0000000000000000     
  -18.612000000000002        0.0000000000000000       -5.6142843771882624E-004   0.0000000000000000     
  -18.414000000000001        0.0000000000000000       -5.8302393389600524E-004   0.0000000000000000     
  -18.216000000000001        0.0000000000000000       -6.0343473794209569E-004   0.0000000000000000     
  -18.018000000000001        0.0000000000000000       -6.2309472282824434E-004   0.0000000000000000     
  -17.820000000000000        0.0000000000000000       -6.4230699745601355E-004   0.0000000000000000     
  -17.622000000000000        0.0000000000000000       -6.6127119686275619E-004   0.0000000000000000     
  -17.423999999999999        0.0000000000000000       -6.8014146273184090E-004   0.0000000000000000     
  -17.225999999999999        0.0000000000000000       -6.9902948055368451E-004   0.0000000000000000     
  -17.028000000000002        0.0000000000000000       -7.1803730055206624E-004   0.0000000000000000     
  -16.830000000000002        0.0000000000000000       -7.3722288918054663E-004   0.0000000000000000     
  -16.632000000000001        0.0000000000000000       -7.5666060526653094E-004   0.0000000000000000     
  -16.434000000000001        0.0000000000000000       -7.7641426272031730E-004   0.0000000000000000     
  -16.236000000000001        0.0000000000000000       -7.9653449733030769E-004   0.0000000000000000     
  -16.038000000000000        0.0000000000000000       -8.1706807515461333E-004   0.0000000000000000     
  -15.840000000000000        0.0000000000000000       -8.3805923585415385E-004   0.0000000000000000     
  -15.642000000000001        0.0000000000000000       -8.5955061340410653E-004   0.0000000000000000     
  -15.444000000000001        0.0000000000000000       -8.8158405921524266E-004   0.0000000000000000     
  -15.246000000000000        0.0000000000000000       -9.0420122479414606E-004   0.0000000000000000     
  -15.048000000000000        0.0000000000000000       -9.2744403920889235E-004   0.0000000000000000     
  -14.850000000000001        0.0000000000000000       -9.5135520257010758E-004   0.0000000000000000     
  -14.652000000000001        0.0000000000000000       -9.7597846958382545E-004   0.0000000000000000     
  -14.454000000000001        0.0000000000000000       -1.0013590766666598E-003   0.0000000000000000     
  -14.256000000000000        0.0000000000000000       -1.0275440222725413E-003   0.0000000000000000     
  -14.058000000000000        0.0000000000000000       -1.0545823377715337E-003   0.0000000000000000     
  -13.860000000000001        0.0000000000000000       -1.0825254435903793E-003   0.0000000000000000     
  -13.662000000000001        0.0000000000000000       -1.1114274554634091E-003   0.0000000000000000     
  -13.464000000000000        0.0000000000000000       -1.1413454303089332E-003   0.0000000000000000     
  -13.266000000000000        0.0000000000000000       -1.1723397461048083E-003   0.0000000000000000     
  -13.068000000000001        0.0000000000000000       -1.2044744647116566E-003   0.0000000000000000     
  -12.870000000000001        0.0000000000000000       -1.2378176390455266E-003   0.0000000000000000     
  -12.672000000000001        0.0000000000000000       -1.2724417189352427E-003   0.0000000000000000     
  -12.474000000000000        0.0000000000000000       -1.3084240449491194E-003   0.0000000000000000     
  -12.276000000000000        0.0000000000000000       -1.3458471726775772E-003   0.0000000000000000     
  -12.078000000000001        0.0000000000000000       -1.3847995686531952E-003   0.0000000000000000     
  -11.880000000000001        0.0000000000000000       -1.4253759369953077E-003   0.0000000000000000     
  -11.682000000000000        0.0000000000000000       -1.4676780436835258E-003   0.0000000000000000     
  -11.484000000000000        0.0000000000000000       -1.5118152592947271E-003   0.0000000000000000     
  -11.286000000000001        0.0000000000000000       -1.5579052852255893E-003   0.0000000000000000     
  -11.088000000000001        0.0000000000000000       -1.6060751139240033E-003   0.0000000000000000     
  -10.890000000000001        0.0000000000000000       -1.6564617455484679E-003   0.0000000000000000     
  -10.692000000000000        0.0000000000000000       -1.7092134280653653E-003   0.0000000000000000     
  -10.494000000000000        0.0000000000000000       -1.7644905405719905E-003   0.0000000000000000     
  -10.296000000000001        0.0000000000000000       -1.8224671202304147E-003   0.0000000000000000     
  -10.098000000000001        0.0000000000000000       -1.8833320414717548E-003   0.0000000000000000     
  -9.9000000000000004        0.0000000000000000       -1.9472908307459791E-003   0.0000000000000000     
  -9.7020000000000000        0.0000000000000000       -2.0145672164418697E-003   0.0000000000000000     
  -9.5040000000000013        0.0000000000000000       -2.0854054057208317E-003   0.0000000000000000     
  -9.3060000000000009        0.0000000000000000       -2.1600721179515095E-003   0.0000000000000000     
  -9.1080000000000005        0.0000000000000000       -2.2388592914240092E-003   0.0000000000000000     
  -8.9100000000000001        0.0000000000000000       -2.3220869844378291E-003   0.0000000000000000     
  -8.7119999999999997        0.0000000000000000       -2.4101066123094653E-003   0.0000000000000000     
  -8.5140000000000011        0.0000000000000000       -2.5033047490661490E-003   0.0000000000000000     
  -8.3160000000000007        0.0000000000000000       -2.6021074355251201E-003   0.0000000000000000     
  -8.1180000000000003        0.0000000000000000       -2.7069849854050925E-003   0.0000000000000000     
  -7.9199999999999999        0.0000000000000000       -2.8184575680683618E-003   0.0000000000000000     
  -7.7220000000000004        0.0000000000000000       -2.9371017108221894E-003   0.0000000000000000     
  -7.5240000000000000        0.0000000000000000       -3.0635575741638382E-003   0.0000000000000000     
  -7.3260000000000005        0.0000000000000000       -3.1985373259225429E-003   0.0000000000000000     
  -7.1280000000000001        0.0000000000000000       -3.3428350315048093E-003   0.0000000000000000     
  -6.9300000000000006        0.0000000000000000       -3.4973377859652587E-003   0.0000000000000000     
  -6.7320000000000002        0.0000000000000000       -3.6630388085950754E-003   0.0000000000000000     
  -6.5340000000000007        0.0000000000000000       -3.8410522290916256E-003   0.0000000000000000     
  -6.3360000000000003        0.0000000000000000       -4.0326309075477710E-003   0.0000000000000000     
  -6.1379999999999999        0.0000000000000000       -4.2391862586678960E-003   0.0000000000000000     
  -5.9400000000000004        0.0000000000000000       -4.4623122482205348E-003   0.0000000000000000     
  -5.7420000000000000        0.0000000000000000       -4.7038119023788162E-003   0.0000000000000000     
  -5.5440000000000005        0.0000000000000000       -4.9657295973740299E-003   0.0000000000000000     
  -5.3460000000000001        0.0000000000000000       -5.2503869643329079E-003   0.0000000000000000     
  -5.1480000000000006        0.0000000000000000       -5.5604251439533231E-003   0.0000000000000000     
  -4.9500000000000002        0.0000000000000000       -5.8988522489145222E-003   0.0000000000000000     
  -4.7520000000000007        0.0000000000000000       -6.2690980598808978E-003   0.0000000000000000     
  -4.5540000000000003        0.0000000000000000       -6.6750726662721206E-003   0.0000000000000000     
  -4.3559999999999999        0.0000000000000000       -7.1212302333947030E-003   0.0000000000000000     
  -4.1580000000000004        0.0000000000000000       -7.6126319058376930E-003   0.0000000000000000     
  -3.9600000000000000        0.0000000000000000       -8.1549982358601180E-003   0.0000000000000000     
  -3.7620000000000000        0.0000000000000000       -8.7547348669888593E-003   0.0000000000000000     
  -3.5640000000000001        0.0000000000000000       -9.4188957537796377E-003   0.0000000000000000     
  -3.3660000000000001        0.0000000000000000       -1.0155038209792518E-002   0.0000000000000000     
  -3.1680000000000001        0.0000000000000000       -1.0970986286621621E-002   0.0000000000000000     
  -2.9700000000000002        0.0000000000000000       -1.1875074341276697E-002   0.0000000000000000     
  -2.7720000000000002        0.0000000000000000       -1.2879427350156914E-002   0.0000000000000000     
  -2.5740000000000003        0.0000000000000000       -1.4002676571264730E-002   0.0000000000000000     
  -2.3760000000000003        0.0000000000000000       -1.5263935382305463E-002   0.0000000000000000     
  -2.1779999999999999        0.0000000000000000       -1.6677473652171163E-002   0.0000000000000000     
  -1.9800000000000000        0.0000000000000000       -1.8258226086579631E-002   0.0000000000000000     
  -1.7820000000000000        0.0000000000000000       -2.0018027288163841E-002   0.0000000000000000     
  -1.5840000000000001        0.0000000000000000       -2.1956365724488190E-002   0.0000000000000000     
  -1.3860000000000001        0.0000000000000000       -2.4054941392068492E-002   0.0000000000000000     
  -1.1880000000000002        0.0000000000000000       -2.6279495145730778E-002   0.0000000000000000     
 -0.98999999999999999        0.0000000000000000       -2.8577795176179959E-002   0.0000000000000000     
 -0.79200000000000004        0.0000000000000000       -3.0859845490491245E-002   0.0000000000000000     
 -0.59400000000000008        0.0000000000000000       -3.2982852621625723E-002   0.0000000000000000     
 -0.39600000000000002        0.0000000000000000       -3.4748760036533190E-002   0.0000000000000000     
 -0.19800000000000001        0.0000000000000000       -3.5926262797767498E-002   0.0000000000000000     
   0.0000000000000000        0.0000000000000000       -3.6338865199510129E-002   0.0000000000000000     
  0.19800000000000001        0.0000000000000000       -3.5926262797767498E-002   0.0000000000000000     
  0.39600000000000002        0.0000000000000000       -3.4748760036533190E-002   0.0000000000000000     
  0.59400000000000008        0.0000000000000000       -3.2982852621625723E-002   0.0000000000000000     
  0.79200000000000004        0.0000000000000000       -3.0859845490491245E-002   0.0000000000000000     
  0.98999999999999999        0.0000000000000000       -2.8577795176179959E-002   0.0000000000000000     
   1.1880000000000002        0.0000000000000000       -2.6279495145730778E-002   0.0000000000000000     
   1.3860000000000001        0.0000000000000000       -2.4054941392068492E-002   0.0000000000000000     
   1.5840000000000001        0.0000000000000000       -2.1956365724488190E-002   0.0000000000000000     
   1.7820000000000000        0.0000000000000000       -2.0018027288163841E-002   0.0000000000000000     
   1.9800000000000000        0.0000000000000000       -1.8258226086579631E-002   0.0000000000000000     
   2.1779999999999999        0.0000000000000000       -1.6677473652171163E-002   0.0000000000000000     
   2.3760000000000003        0.0000000000000000       -1.5263935382305463E-002   0.0000000000000000     
   2.5740000000000003        0.0000000000000000       -1.4002676571264730E-002   0.0000000000000000     
   2.7720000000000002        0.0000000000000000       -1.2879427350156914E-002   0.0000000000000000     
   2.9700000000000002        0.0000000000000000       -1.1875074341276697E-002   0.0000000000000000     
   3.1680000000000001        0.0000000000000000       -1.0970986286621621E-002   0.0000000000000000     
   3.3660000000000001        0.0000000000000000       -1.0155038209792518E-002   0.0000000000000000     
   3.5640000000000001        0.0000000000000000       -9.4188957537796377E-003   0.0000000000000000     
   3.7620000000000000        0.0000000000000000       -8.7547348669888593E-003   0.0000000000000000     
   3.9600000000000000        0.0000000000000000       -8.1549982358601180E-003   0.0000000000000000     
   4.1580000000000004        0.0000000000000000       -7.6126319058376930E-003   0.0000000000000000     
   4.3559999999999999        0.0000000000000000       -7.1212302333947030E-003   0.0000000000000000     
   4.5540000000000003        0.0000000000000000       -6.6750726662721206E-003   0.0000000000000000     
   4.7520000000000007        0.0000000000000000       -6.2690980598808978E-003   0.0000000000000000     
   4.9500000000000002        0.0000000000000000       -5.8988522489145222E-003   0.0000000000000000     
   5.1480000000000006        0.0000000000000000       -5.5604251439533231E-003   0.0000000000000000     
   5.3460000000000001        0.0000000000000000       -5.2503869643329079E-003   0.0000000000000000     
   5.5440000000000005        0.0000000000000000       -4.9657295973740299E-003   0.0000000000000000     
   5.7420000000000000        0.0000000000000000       -4.7038119023788162E-003   0.0000000000000000     
   5.9400000000000004        0.0000000000000000       -4.4623122482205348E-003   0.0000000000000000     
   6.1379999999999999        0.0000000000000000       -4.2391862586678960E-003   0.0000000000000000     
   6.3360000000000003        0.0000000000000000       -4.0326309075477710E-003   0.0000000000000000     
   6.5340000000000007        0.0000000000000000       -3.8410522290916256E-003   0.0000000000000000     
   6.7320000000000002        0.0000000000000000       -3.6630388085950754E-003   0.0000000000000000     
   6.9300000000000006        0.0000000000000000       -3.4973377859652587E-003   0.0000000000000000     
   7.1280000000000001        0.0000000000000000       -3.3428350315048093E-003   0.0000000000000000     
   7.3260000000000005        0.0000000000000000       -3.1985373259225429E-003   0.0000000000000000     
   7.5240000000000000        0.0000000000000000       -3.0635575741638382E-003   0.0000000000000000     
   7.7220000000000004        0.0000000000000000       -2.9371017108221894E-003   0.0000000000000000     
   7.9199999999999999        0.0000000000000000       -2.8184575680683618E-003   0.0000000000000000     
   8.1180000000000003        0.0000000000000000       -2.7069849854050925E-003   0.0000000000000000     
   8.3160000000000007        0.0000000000000000       -2.6021074355251201E-003   0.0000000000000000     
   8.5140000000000011        0.0000000000000000       -2.5033047490661490E-003   0.0000000000000000     
   8.7119999999999997        0.0000000000000000       -2.4101066123094653E-003   0.0000000000000000     
   8.9100000000000001        0.0000000000000000       -2.3220869844378291E-003   0.0000000000000000     
   9.1080000000000005        0.0000000000000000       -2.2388592914240092E-003   0.0000000000000000     
   9.3060000000000009        0.0000000000000000       -2.1600721179515095E-003   0.0000000000000000     
   9.5040000000000013        0.0000000000000000       -2.0854054057208317E-003   0.0000000000000000     
   9.7020000000000000        0.0000000000000000       -2.0145672164418697E-003   0.0000000000000000     
   9.9000000000000004        0.0000000000000000       -1.9472908307459791E-003   0.0000000000000000     
   10.098000000000001        0.0000000000000000       -1.8833320414717548E-003   0.0000000000000000     
   10.296000000000001        0.0000000000000000       -1.8224671202304147E-003   0.0000000000000000     
   10.494000000000000        0.0000000000000000       -1.7644905405719905E-003   0.0000000000000000     
   10.692000000000000        0.0000000000000000       -1.7092134280653653E-003   0.0000000000000000     
   10.890000000000001        0.0000000000000000       -1.6564617455484679E-003   0.0000000000000000     
   11.088000000000001        0.0000000000000000       -1.6060751139240033E-003   0.0000000000000000     
   11.286000000000001        0.0000000000000000       -1.5579052852255893E-003   0.0000000000000000     
   11.484000000000000        0.0000000000000000       -1.5118152592947271E-003   0.0000000000000000     
   11.682000000000000        0.0000000000000000       -1.4676780436835258E-003   0.0000000000000000     
   11.880000000000001        0.0000000000000000       -1.4253759369953077E-003   0.0000000000000000     
   12.078000000000001        0.0000000000000000       -1.3847995686531952E-003   0.0000000000000000     
   12.276000000000000        0.0000000000000000       -1.3458471726775772E-003   0.0000000000000000     
   12.474000000000000        0.0000000000000000       -1.3084240449491194E-003   0.0000000000000000     
   12.672000000000001        0.0000000000000000       -1.2724417189352427E-003   0.0000000000000000     
   12.870000000000001        0.0000000000000000       -1.2378176390455266E-003   0.0000000000000000     
   13.068000000000001        0.0000000000000000       -1.2044744647116566E-003   0.0000000000000000     
   13.266000000000000        0.0000000000000000       -1.1723397461048083E-003   0.0000000000000000     
   13.464000000000000        0.0000000000000000       -1.1413454303089332E-003   0.0000000000000000     
   13.662000000000001        0.0000000000000000       -1.1114274554634091E-003   0.0000000000000000     
   13.860000000000001        0.0000000000000000       -1.0825254435903793E-003   0.0000000000000000     
   14.058000000000000        0.0000000000000000       -1.0545823377715337E-003   0.0000000000000000     
   14.256000000000000        0.0000000000000000       -1.0275440222725413E-003   0.0000000000000000     
   14.454000000000001        0.0000000000000000       -1.0013590766666598E-003   0.0000000000000000     
   14.652000000000001        0.0000000000000000       -9.7597846958382545E-004   0.0000000000000000     
   14.850000000000001        0.0000000000000000       -9.5135520257010758E-004   0.0000000000000000     
   15.048000000000000        0.0000000000000000       -9.2744403920889235E-004   0.0000000000000000     
   15.246000000000000        0.0000000000000000       -9.0420122479414606E-004   0.0000000000000000     
   15.444000000000001        0.0000000000000000       -8.8158405921524266E-004   0.0000000000000000     
   15.642000000000001        0.0000000000000000       -8.5955061340410653E-004   0.0000000000000000     
   15.840000000000000        0.0000000000000000       -8.3805923585415385E-004   0.0000000000000000     
   16.038000000000000        0.0000000000000000       -8.1706807515461333E-004   0.0000000000000000     
   16.236000000000001        0.0000000000000000       -7.9653449733030769E-004   0.0000000000000000     
   16.434000000000001        0.0000000000000000       -7.7641426272031730E-004   0.0000000000000000     
   16.632000000000001        0.0000000000000000       -7.5666060526653094E-004   0.0000000000000000     
   16.830000000000002        0.0000000000000000       -7.3722288918054663E-004   0.0000000000000000     
   17.028000000000002        0.0000000000000000       -7.1803730055206624E-004   0.0000000000000000     
   17.225999999999999        0.0000000000000000       -6.9902948055368451E-004   0.0000000000000000     
   17.423999999999999        0.0000000000000000       -6.8014146273184090E-004   0.0000000000000000     
   17.622000000000000        0.0000000000000000       -6.6127119686275619E-004   0.0000000000000000     
   17.820000000000000        0.0000000000000000       -6.4230699745601355E-004   0.0000000000000000     
   18.018000000000001        0.0000000000000000       -6.2309472282824434E-004   0.0000000000000000     
   18.216000000000001        0.0000000000000000       -6.0343473794209569E-004   0.0000000000000000     
   18.414000000000001        0.0000000000000000       -5.8302393389600524E-004   0.0000000000000000     
   18.612000000000002        0.0000000000000000       -5.6142843771882624E-004   0.0000000000000000     
   18.810000000000002        0.0000000000000000       -5.3797513940307968E-004   0.0000000000000000     
   19.008000000000003        0.0000000000000000       -5.1162476691752614E-004   0.0000000000000000     
   19.206000000000000        0.0000000000000000       -4.8072941348823394E-004   0.0000000000000000     
   19.404000000000000        0.0000000000000000       -4.4297243349522266E-004   0.0000000000000000     
   19.602000000000000        0.0000000000000000       -3.9699816315013031E-004   0.0000000000000000     
