  -19.602000000000000        0.0000000000000000       -8.2530667079960026E-004   0.0000000000000000     
  -19.404000000000000        0.0000000000000000       -8.8086484047149218E-004   0.0000000000000000     
  -19.206000000000000        0.0000000000000000       -9.2966664217924609E-004   0.0000000000000000     
  -19.008000000000003        0.0000000000000000       -9.7317514967160937E-004   0.0000000000000000     
  -18.810000000000002        0.0000000000000000       -1.0132198132580344E-003   0.0000000000000000     
  -18.612000000000002        0.0000000000000000       -1.0511899732661650E-003   0.0000000000000000     
  -18.414000000000001        0.0000000000000000       -1.0877821433566564E-003   0.0000000000000000     
  -18.216000000000001        0.0000000000000000       -1.1234547246869004E-003   0.0000000000000000     
  -18.018000000000001        0.0000000000000000       -1.1584517330978958E-003   0.0000000000000000     
  -17.820000000000000        0.0000000000000000       -1.1930405982230508E-003   0.0000000000000000     
  -17.622000000000000        0.0000000000000000       -1.2273945373292186E-003   0.0000000000000000     
  -17.423999999999999        0.0000000000000000       -1.2615738535021973E-003   0.0000000000000000     
  -17.225999999999999        0.0000000000000000       -1.2957083261538249E-003   0.0000000000000000     
  -17.028000000000002        0.0000000000000000       -1.3298967482794132E-003   0.0000000000000000     
  -16.830000000000002        0.0000000000000000       -1.3642109733941696E-003   0.0000000000000000     
  -16.632000000000001        0.0000000000000000       -1.3987670445541518E-003   0.0000000000000000     
  -16.434000000000001        0.0000000000000000       -1.4335904351986063E-003   0.0000000000000000     
  -16.236000000000001        0.0000000000000000       -1.4687423360570558E-003   0.0000000000000000     
  -16.038000000000000        0.0000000000000000       -1.5042806430693066E-003   0.0000000000000000     
  -15.840000000000000        0.0000000000000000       -1.5402607090712844E-003   0.0000000000000000     
  -15.642000000000001        0.0000000000000000       -1.5767360632196711E-003   0.0000000000000000     
  -15.444000000000001        0.0000000000000000       -1.6137589566669690E-003   0.0000000000000000     
  -15.246000000000000        0.0000000000000000       -1.6513808621491427E-003   0.0000000000000000     
  -15.048000000000000        0.0000000000000000       -1.6896528597373319E-003   0.0000000000000000     
  -14.850000000000001        0.0000000000000000       -1.7286261101556609E-003   0.0000000000000000     
  -14.652000000000001        0.0000000000000000       -1.7683520644790069E-003   0.0000000000000000     
  -14.454000000000001        0.0000000000000000       -1.8088828660153078E-003   0.0000000000000000     
  -14.256000000000000        0.0000000000000000       -1.8502716328214514E-003   0.0000000000000000     
  -14.058000000000000        0.0000000000000000       -1.8925727379147960E-003   0.0000000000000000     
  -13.860000000000001        0.0000000000000000       -1.9358420270362325E-003   0.0000000000000000     
  -13.662000000000001        0.0000000000000000       -1.9801371868886771E-003   0.0000000000000000     
  -13.464000000000000        0.0000000000000000       -2.0255179078256672E-003   0.0000000000000000     
  -13.266000000000000        0.0000000000000000       -2.0720462594638412E-003   0.0000000000000000     
  -13.068000000000001        0.0000000000000000       -2.1197868623585789E-003   0.0000000000000000     
  -12.870000000000001        0.0000000000000000       -2.1688072638469248E-003   0.0000000000000000     
  -12.672000000000001        0.0000000000000000       -2.2191781786239160E-003   0.0000000000000000     
  -12.474000000000000        0.0000000000000000       -2.2709738613593874E-003   0.0000000000000000     
  -12.276000000000000        0.0000000000000000       -2.3242723650179608E-003   0.0000000000000000     
  -12.078000000000001        0.0000000000000000       -2.3791559844504725E-003   0.0000000000000000     
  -11.880000000000001        0.0000000000000000       -2.4357115534274008E-003   0.0000000000000000     
  -11.682000000000000        0.0000000000000000       -2.4940309456091287E-003   0.0000000000000000     
  -11.484000000000000        0.0000000000000000       -2.5542114132884896E-003   0.0000000000000000     
  -11.286000000000001        0.0000000000000000       -2.6163561773097513E-003   0.0000000000000000     
  -11.088000000000001        0.0000000000000000       -2.6805748324074843E-003   0.0000000000000000     
  -10.890000000000001        0.0000000000000000       -2.7469840129393558E-003   0.0000000000000000     
  -10.692000000000000        0.0000000000000000       -2.8157079885660426E-003   0.0000000000000000     
  -10.494000000000000        0.0000000000000000       -2.8868792200655280E-003   0.0000000000000000     
  -10.296000000000001        0.0000000000000000       -2.9606393511343973E-003   0.0000000000000000     
  -10.098000000000001        0.0000000000000000       -3.0371397473802236E-003   0.0000000000000000     
  -9.9000000000000004        0.0000000000000000       -3.1165425461930170E-003   0.0000000000000000     
  -9.7020000000000000        0.0000000000000000       -3.1990215826415091E-003   0.0000000000000000     
  -9.5040000000000013        0.0000000000000000       -3.2847635884374021E-003   0.0000000000000000     
  -9.3060000000000009        0.0000000000000000       -3.3739690936357629E-003   0.0000000000000000     
  -9.1080000000000005        0.0000000000000000       -3.4668541173520518E-003   0.0000000000000000     
  -8.9100000000000001        0.0000000000000000       -3.5636513425304846E-003   0.0000000000000000     
  -8.7119999999999997        0.0000000000000000       -3.6646117903000276E-003   0.0000000000000000     
  -8.5140000000000011        0.0000000000000000       -3.7700068280033245E-003   0.0000000000000000     
  -8.3160000000000007        0.0000000000000000       -3.8801298109458469E-003   0.0000000000000000     
  -8.1180000000000003        0.0000000000000000       -3.9952985741123015E-003   0.0000000000000000     
  -7.9199999999999999        0.0000000000000000       -4.1158576579586170E-003   0.0000000000000000     
  -7.7220000000000004        0.0000000000000000       -4.2421813057073607E-003   0.0000000000000000     
  -7.5240000000000000        0.0000000000000000       -4.3746763219200176E-003   0.0000000000000000     
  -7.3260000000000005        0.0000000000000000       -4.5137855510602939E-003   0.0000000000000000     
  -7.1280000000000001        0.0000000000000000       -4.6599916309688887E-003   0.0000000000000000     
  -6.9300000000000006        0.0000000000000000       -4.8138212697761504E-003   0.0000000000000000     
  -6.7320000000000002        0.0000000000000000       -4.9758499240057253E-003   0.0000000000000000     
  -6.5340000000000007        0.0000000000000000       -5.1467071949506688E-003   0.0000000000000000     
  -6.3360000000000003        0.0000000000000000       -5.3270825276134654E-003   0.0000000000000000     
  -6.1379999999999999        0.0000000000000000       -5.5177318410728282E-003   0.0000000000000000     
  -5.9400000000000004        0.0000000000000000       -5.7194849306995777E-003   0.0000000000000000     
  -5.7420000000000000        0.0000000000000000       -5.9332533673101392E-003   0.0000000000000000     
  -5.5440000000000005        0.0000000000000000       -6.1600393261337536E-003   0.0000000000000000     
  -5.3460000000000001        0.0000000000000000       -6.4009455600151236E-003   0.0000000000000000     
  -5.1480000000000006        0.0000000000000000       -6.6571860738371784E-003   0.0000000000000000     
  -4.9500000000000002        0.0000000000000000       -6.9300968805185636E-003   0.0000000000000000     
  -4.7520000000000007        0.0000000000000000       -7.2211487033981368E-003   0.0000000000000000     
  -4.5540000000000003        0.0000000000000000       -7.5319580760446238E-003   0.0000000000000000     
  -4.3559999999999999        0.0000000000000000       -7.8642986432378593E-003   0.0000000000000000     
  -4.1580000000000004        0.0000000000000000       -8.2201090721050179E-003   0.0000000000000000     
  -3.9600000000000000        0.0000000000000000       -8.6014948339755131E-003   0.0000000000000000     
  -3.7620000000000000        0.0000000000000000       -9.0107176322723245E-003   0.0000000000000000     
  -3.5640000000000001        0.0000000000000000       -9.4501626448406529E-003   0.0000000000000000     
  -3.3660000000000001        0.0000000000000000       -9.9222832967002361E-003   0.0000000000000000     
  -3.1680000000000001        0.0000000000000000       -1.0429604910169060E-002   0.0000000000000000     
  -2.9700000000000002        0.0000000000000000       -1.0975257922841923E-002   0.0000000000000000     
  -2.7720000000000002        0.0000000000000000       -1.1564794478587697E-002   0.0000000000000000     
  -2.5740000000000003        0.0000000000000000       -1.2204565187684807E-002   0.0000000000000000     
  -2.3760000000000003        0.0000000000000000       -1.2897758373874269E-002   0.0000000000000000     
  -2.1779999999999999        0.0000000000000000       -1.3647511477388812E-002   0.0000000000000000     
  -1.9800000000000000        0.0000000000000000       -1.4454282293912341E-002   0.0000000000000000     
  -1.7820000000000000        0.0000000000000000       -1.5314572427914735E-002   0.0000000000000000     
  -1.5840000000000001        0.0000000000000000       -1.6224411234936353E-002   0.0000000000000000     
  -1.3860000000000001        0.0000000000000000       -1.7173336350119670E-002   0.0000000000000000     
  -1.1880000000000002        0.0000000000000000       -1.8138917287979586E-002   0.0000000000000000     
 -0.98999999999999999        0.0000000000000000       -1.9089695893708035E-002   0.0000000000000000     
 -0.79200000000000004        0.0000000000000000       -1.9987266661486994E-002   0.0000000000000000     
 -0.59400000000000008        0.0000000000000000       -2.0780548844766378E-002   0.0000000000000000     
 -0.39600000000000002        0.0000000000000000       -2.1409262372193788E-002   0.0000000000000000     
 -0.19800000000000001        0.0000000000000000       -2.1814149068856693E-002   0.0000000000000000     
   0.0000000000000000        0.0000000000000000       -2.1954738322411054E-002   0.0000000000000000     
  0.19800000000000001        0.0000000000000000       -2.1814149068856693E-002   0.0000000000000000     
  0.39600000000000002        0.0000000000000000       -2.1409262372193788E-002   0.0000000000000000     
  0.59400000000000008        0.0000000000000000       -2.0780548844766378E-002   0.0000000000000000     
  0.79200000000000004        0.0000000000000000       -1.9987266661486994E-002   0.0000000000000000     
  0.98999999999999999        0.0000000000000000       -1.9089695893708035E-002   0.0000000000000000     
   1.1880000000000002        0.0000000000000000       -1.8138917287979586E-002   0.0000000000000000     
   1.3860000000000001        0.0000000000000000       -1.7173336350119670E-002   0.0000000000000000     
   1.5840000000000001        0.0000000000000000       -1.6224411234936353E-002   0.0000000000000000     
   1.7820000000000000        0.0000000000000000       -1.5314572427914735E-002   0.0000000000000000     
   1.9800000000000000        0.0000000000000000       -1.4454282293912341E-002   0.0000000000000000     
   2.1779999999999999        0.0000000000000000       -1.3647511477388812E-002   0.0000000000000000     
   2.3760000000000003        0.0000000000000000       -1.2897758373874269E-002   0.0000000000000000     
   2.5740000000000003        0.0000000000000000       -1.2204565187684807E-002   0.0000000000000000     
   2.7720000000000002        0.0000000000000000       -1.1564794478587697E-002   0.0000000000000000     
   2.9700000000000002        0.0000000000000000       -1.0975257922841923E-002   0.0000000000000000     
   3.1680000000000001        0.0000000000000000       -1.0429604910169060E-002   0.0000000000000000     
   3.3660000000000001        0.0000000000000000       -9.9222832967002361E-003   0.0000000000000000     
   3.5640000000000001        0.0000000000000000       -9.4501626448406529E-003   0.0000000000000000     
   3.7620000000000000        0.0000000000000000       -9.0107176322723245E-003   0.0000000000000000     
   3.9600000000000000        0.0000000000000000       -8.6014948339755131E-003   0.0000000000000000     
   4.1580000000000004        0.0000000000000000       -8.2201090721050179E-003   0.0000000000000000     
   4.3559999999999999        0.0000000000000000       -7.8642986432378593E-003   0.0000000000000000     
   4.5540000000000003        0.0000000000000000       -7.5319580760446238E-003   0.0000000000000000     
   4.7520000000000007        0.0000000000000000       -7.2211487033981368E-003   0.0000000000000000     
   4.9500000000000002        0.0000000000000000       -6.9300968805185636E-003   0.0000000000000000     
   5.1480000000000006        0.0000000000000000       -6.6571860738371784E-003   0.0000000000000000     
   5.3460000000000001        0.0000000000000000       -6.4009455600151236E-003   0.0000000000000000     
   5.5440000000000005        0.0000000000000000       -6.1600393261337536E-003   0.0000000000000000     
   5.7420000000000000        0.0000000000000000       -5.9332533673101392E-003   0.0000000000000000     
   5.9400000000000004        0.0000000000000000       -5.7194849306995777E-003   0.0000000000000000     
   6.1379999999999999        0.0000000000000000       -5.5177318410728282E-003   0.0000000000000000     
   6.3360000000000003        0.0000000000000000       -5.3270825276134654E-003   0.0000000000000000     
   6.5340000000000007        0.0000000000000000       -5.1467071949506688E-003   0.0000000000000000     
   6.7320000000000002        0.0000000000000000       -4.9758499240057253E-003   0.0000000000000000     
   6.9300000000000006        0.0000000000000000       -4.8138212697761504E-003   0.0000000000000000     
   7.1280000000000001        0.0000000000000000       -4.6599916309688887E-003   0.0000000000000000     
   7.3260000000000005        0.0000000000000000       -4.5137855510602939E-003   0.0000000000000000     
   7.5240000000000000        0.0000000000000000       -4.3746763219200176E-003   0.0000000000000000     
   7.7220000000000004        0.0000000000000000       -4.2421813057073607E-003   0.0000000000000000     
   7.9199999999999999        0.0000000000000000       -4.1158576579586170E-003   0.0000000000000000     
   8.1180000000000003        0.0000000000000000       -3.9952985741123015E-003   0.0000000000000000     
   8.3160000000000007        0.0000000000000000       -3.8801298109458469E-003   0.0000000000000000     
   8.5140000000000011        0.0000000000000000       -3.7700068280033245E-003   0.0000000000000000     
   8.7119999999999997        0.0000000000000000       -3.6646117903000276E-003   0.0000000000000000     
   8.9100000000000001        0.0000000000000000       -3.5636513425304846E-003   0.0000000000000000     
   9.1080000000000005        0.0000000000000000       -3.4668541173520518E-003   0.0000000000000000     
   9.3060000000000009        0.0000000000000000       -3.3739690936357629E-003   0.0000000000000000     
   9.5040000000000013        0.0000000000000000       -3.2847635884374021E-003   0.0000000000000000     
   9.7020000000000000        0.0000000000000000       -3.1990215826415091E-003   0.0000000000000000     
   9.9000000000000004        0.0000000000000000       -3.1165425461930170E-003   0.0000000000000000     
   10.098000000000001        0.0000000000000000       -3.0371397473802236E-003   0.0000000000000000     
   10.296000000000001        0.0000000000000000       -2.9606393511343973E-003   0.0000000000000000     
   10.494000000000000        0.0000000000000000       -2.8868792200655280E-003   0.0000000000000000     
   10.692000000000000        0.0000000000000000       -2.8157079885660426E-003   0.0000000000000000     
   10.890000000000001        0.0000000000000000       -2.7469840129393558E-003   0.0000000000000000     
   11.088000000000001        0.0000000000000000       -2.6805748324074843E-003   0.0000000000000000     
   11.286000000000001        0.0000000000000000       -2.6163561773097513E-003   0.0000000000000000     
   11.484000000000000        0.0000000000000000       -2.5542114132884896E-003   0.0000000000000000     
   11.682000000000000        0.0000000000000000       -2.4940309456091287E-003   0.0000000000000000     
   11.880000000000001        0.0000000000000000       -2.4357115534274008E-003   0.0000000000000000     
   12.078000000000001        0.0000000000000000       -2.3791559844504725E-003   0.0000000000000000     
   12.276000000000000        0.0000000000000000       -2.3242723650179608E-003   0.0000000000000000     
   12.474000000000000        0.0000000000000000       -2.2709738613593874E-003   0.0000000000000000     
   12.672000000000001        0.0000000000000000       -2.2191781786239160E-003   0.0000000000000000     
   12.870000000000001        0.0000000000000000       -2.1688072638469248E-003   0.0000000000000000     
   13.068000000000001        0.0000000000000000       -2.1197868623585789E-003   0.0000000000000000     
   13.266000000000000        0.0000000000000000       -2.0720462594638412E-003   0.0000000000000000     
   13.464000000000000        0.0000000000000000       -2.0255179078256672E-003   0.0000000000000000     
   13.662000000000001        0.0000000000000000       -1.9801371868886771E-003   0.0000000000000000     
   13.860000000000001        0.0000000000000000       -1.9358420270362325E-003   0.0000000000000000     
   14.058000000000000        0.0000000000000000       -1.8925727379147960E-003   0.0000000000000000     
   14.256000000000000        0.0000000000000000       -1.8502716328214514E-003   0.0000000000000000     
   14.454000000000001        0.0000000000000000       -1.8088828660153078E-003   0.0000000000000000     
   14.652000000000001        0.0000000000000000       -1.7683520644790069E-003   0.0000000000000000     
   14.850000000000001        0.0000000000000000       -1.7286261101556609E-003   0.0000000000000000     
   15.048000000000000        0.0000000000000000       -1.6896528597373319E-003   0.0000000000000000     
   15.246000000000000        0.0000000000000000       -1.6513808621491427E-003   0.0000000000000000     
   15.444000000000001        0.0000000000000000       -1.6137589566669690E-003   0.0000000000000000     
   15.642000000000001        0.0000000000000000       -1.5767360632196711E-003   0.0000000000000000     
   15.840000000000000        0.0000000000000000       -1.5402607090712844E-003   0.0000000000000000     
   16.038000000000000        0.0000000000000000       -1.5042806430693066E-003   0.0000000000000000     
   16.236000000000001        0.0000000000000000       -1.4687423360570558E-003   0.0000000000000000     
   16.434000000000001        0.0000000000000000       -1.4335904351986063E-003   0.0000000000000000     
   16.632000000000001        0.0000000000000000       -1.3987670445541518E-003   0.0000000000000000     
   16.830000000000002        0.0000000000000000       -1.3642109733941696E-003   0.0000000000000000     
   17.028000000000002        0.0000000000000000       -1.3298967482794132E-003   0.0000000000000000     
   17.225999999999999        0.0000000000000000       -1.2957083261538249E-003   0.0000000000000000     
   17.423999999999999        0.0000000000000000       -1.2615738535021973E-003   0.0000000000000000     
   17.622000000000000        0.0000000000000000       -1.2273945373292186E-003   0.0000000000000000     
   17.820000000000000        0.0000000000000000       -1.1930405982230508E-003   0.0000000000000000     
   18.018000000000001        0.0000000000000000       -1.1584517330978958E-003   0.0000000000000000     
   18.216000000000001        0.0000000000000000       -1.1234547246869004E-003   0.0000000000000000     
   18.414000000000001        0.0000000000000000       -1.0877821433566564E-003   0.0000000000000000     
   18.612000000000002        0.0000000000000000       -1.0511899732661650E-003   0.0000000000000000     
   18.810000000000002        0.0000000000000000       -1.0132198132580344E-003   0.0000000000000000     
   19.008000000000003        0.0000000000000000       -9.7317514967160937E-004   0.0000000000000000     
   19.206000000000000        0.0000000000000000       -9.2966664217924609E-004   0.0000000000000000     
   19.404000000000000        0.0000000000000000       -8.8086484047149218E-004   0.0000000000000000     
   19.602000000000000        0.0000000000000000       -8.2530667079960026E-004   0.0000000000000000     
