  -19.602000000000000        0.0000000000000000       -4.4032096771724153E-004   0.0000000000000000     
  -19.404000000000000        0.0000000000000000       -4.8548603985119638E-004   0.0000000000000000     
  -19.206000000000000        0.0000000000000000       -5.2298826229281513E-004   0.0000000000000000     
  -19.008000000000003        0.0000000000000000       -5.5429210431794844E-004   0.0000000000000000     
  -18.810000000000002        0.0000000000000000       -5.8161064539230794E-004   0.0000000000000000     
  -18.612000000000002        0.0000000000000000       -6.0640303215551148E-004   0.0000000000000000     
  -18.414000000000001        0.0000000000000000       -6.2949782679421796E-004   0.0000000000000000     
  -18.216000000000001        0.0000000000000000       -6.5155641052817674E-004   0.0000000000000000     
  -18.018000000000001        0.0000000000000000       -6.7291498072274167E-004   0.0000000000000000     
  -17.820000000000000        0.0000000000000000       -6.9384009204163607E-004   0.0000000000000000     
  -17.622000000000000        0.0000000000000000       -7.1449642636137428E-004   0.0000000000000000     
  -17.423999999999999        0.0000000000000000       -7.3505171170655114E-004   0.0000000000000000     
  -17.225999999999999        0.0000000000000000       -7.5561426457711992E-004   0.0000000000000000     
  -17.028000000000002        0.0000000000000000       -7.7627210342071139E-004   0.0000000000000000     
  -16.830000000000002        0.0000000000000000       -7.9709913540800621E-004   0.0000000000000000     
  -16.632000000000001        0.0000000000000000       -8.1813506323899748E-004   0.0000000000000000     
  -16.434000000000001        0.0000000000000000       -8.3949854473956427E-004   0.0000000000000000     
  -16.236000000000001        0.0000000000000000       -8.6120091050211967E-004   0.0000000000000000     
  -16.038000000000000        0.0000000000000000       -8.8329074012478493E-004   0.0000000000000000     
  -15.840000000000000        0.0000000000000000       -9.0581408876720508E-004   0.0000000000000000     
  -15.642000000000001        0.0000000000000000       -9.2881533170253506E-004   0.0000000000000000     
  -15.444000000000001        0.0000000000000000       -9.5233791047278412E-004   0.0000000000000000     
  -15.246000000000000        0.0000000000000000       -9.7642488789658041E-004   0.0000000000000000     
  -15.048000000000000        0.0000000000000000       -1.0011194317566532E-003   0.0000000000000000     
  -14.850000000000001        0.0000000000000000       -1.0264652083864067E-003   0.0000000000000000     
  -14.652000000000001        0.0000000000000000       -1.0525067633520161E-003   0.0000000000000000     
  -14.454000000000001        0.0000000000000000       -1.0792898515535792E-003   0.0000000000000000     
  -14.256000000000000        0.0000000000000000       -1.1068617290737096E-003   0.0000000000000000     
  -14.058000000000000        0.0000000000000000       -1.1352714942244500E-003   0.0000000000000000     
  -13.860000000000001        0.0000000000000000       -1.1645703136060721E-003   0.0000000000000000     
  -13.662000000000001        0.0000000000000000       -1.1948117729475671E-003   0.0000000000000000     
  -13.464000000000000        0.0000000000000000       -1.2260521705682989E-003   0.0000000000000000     
  -13.266000000000000        0.0000000000000000       -1.2583507599130545E-003   0.0000000000000000     
  -13.068000000000001        0.0000000000000000       -1.2917701636475229E-003   0.0000000000000000     
  -12.870000000000001        0.0000000000000000       -1.3263766681569111E-003   0.0000000000000000     
  -12.672000000000001        0.0000000000000000       -1.3622405380925942E-003   0.0000000000000000     
  -12.474000000000000        0.0000000000000000       -1.3994365362382207E-003   0.0000000000000000     
  -12.276000000000000        0.0000000000000000       -1.4380442011864237E-003   0.0000000000000000     
  -12.078000000000001        0.0000000000000000       -1.4781484097205731E-003   0.0000000000000000     
  -11.880000000000001        0.0000000000000000       -1.5198397716687552E-003   0.0000000000000000     
  -11.682000000000000        0.0000000000000000       -1.5632153213303017E-003   0.0000000000000000     
  -11.484000000000000        0.0000000000000000       -1.6083789432083414E-003   0.0000000000000000     
  -11.286000000000001        0.0000000000000000       -1.6554421448958466E-003   0.0000000000000000     
  -11.088000000000001        0.0000000000000000       -1.7045247418194889E-003   0.0000000000000000     
  -10.890000000000001        0.0000000000000000       -1.7557556283397989E-003   0.0000000000000000     
  -10.692000000000000        0.0000000000000000       -1.8092736872288070E-003   0.0000000000000000     
  -10.494000000000000        0.0000000000000000       -1.8652288033628654E-003   0.0000000000000000     
  -10.296000000000001        0.0000000000000000       -1.9237828774730775E-003   0.0000000000000000     
  -10.098000000000001        0.0000000000000000       -1.9851110590990255E-003   0.0000000000000000     
  -9.9000000000000004        0.0000000000000000       -2.0494030745978006E-003   0.0000000000000000     
  -9.7020000000000000        0.0000000000000000       -2.1168648703333835E-003   0.0000000000000000     
  -9.5040000000000013        0.0000000000000000       -2.1877200807338287E-003   0.0000000000000000     
  -9.3060000000000009        0.0000000000000000       -2.2622121577029314E-003   0.0000000000000000     
  -9.1080000000000005        0.0000000000000000       -2.3406062549044307E-003   0.0000000000000000     
  -8.9100000000000001        0.0000000000000000       -2.4231918534199830E-003   0.0000000000000000     
  -8.7119999999999997        0.0000000000000000       -2.5102853441425722E-003   0.0000000000000000     
  -8.5140000000000011        0.0000000000000000       -2.6022331129836769E-003   0.0000000000000000     
  -8.3160000000000007        0.0000000000000000       -2.6994150523314735E-003   0.0000000000000000     
  -8.1180000000000003        0.0000000000000000       -2.8022483797393110E-003   0.0000000000000000     
  -7.9199999999999999        0.0000000000000000       -2.9111923145891290E-003   0.0000000000000000     
  -7.7220000000000004        0.0000000000000000       -3.0267529966562286E-003   0.0000000000000000     
  -7.5240000000000000        0.0000000000000000       -3.1494894865762473E-003   0.0000000000000000     
  -7.3260000000000005        0.0000000000000000       -3.2800204278394516E-003   0.0000000000000000     
  -7.1280000000000001        0.0000000000000000       -3.4190316940188648E-003   0.0000000000000000     
  -6.9300000000000006        0.0000000000000000       -3.5672852206179470E-003   0.0000000000000000     
  -6.7320000000000002        0.0000000000000000       -3.7256292631511075E-003   0.0000000000000000     
  -6.5340000000000007        0.0000000000000000       -3.8950102370021258E-003   0.0000000000000000     
  -6.3360000000000003        0.0000000000000000       -4.0764863594159352E-003   0.0000000000000000     
  -6.1379999999999999        0.0000000000000000       -4.2712433756787989E-003   0.0000000000000000     
  -5.9400000000000004        0.0000000000000000       -4.4806130995692344E-003   0.0000000000000000     
  -5.7420000000000000        0.0000000000000000       -4.7060947992462864E-003   0.0000000000000000     
  -5.5440000000000005        0.0000000000000000       -4.9493798991853610E-003   0.0000000000000000     
  -5.3460000000000001        0.0000000000000000       -5.2123810173272771E-003   0.0000000000000000     
  -5.1480000000000006        0.0000000000000000       -5.4972646554043601E-003   0.0000000000000000     
  -4.9500000000000002        0.0000000000000000       -5.8064895825608344E-003   0.0000000000000000     
  -4.7520000000000007        0.0000000000000000       -6.1428486396392151E-003   0.0000000000000000     
  -4.5540000000000003        0.0000000000000000       -6.5095143960294064E-003   0.0000000000000000     
  -4.3559999999999999        0.0000000000000000       -6.9100848173483699E-003   0.0000000000000000     
  -4.1580000000000004        0.0000000000000000       -7.3486193611657247E-003   0.0000000000000000     
  -3.9600000000000000        0.0000000000000000       -7.8296505238037769E-003   0.0000000000000000     
  -3.7620000000000000        0.0000000000000000       -8.3581291703443486E-003   0.0000000000000000     
  -3.5640000000000001        0.0000000000000000       -8.9392378632627799E-003   0.0000000000000000     
  -3.3660000000000001        0.0000000000000000       -9.5780456691724990E-003   0.0000000000000000     
  -3.1680000000000001        0.0000000000000000       -1.0279809423423212E-002   0.0000000000000000     
  -2.9700000000000002        0.0000000000000000       -1.1056396459818959E-002   0.0000000000000000     
  -2.7720000000000002        0.0000000000000000       -1.1927152919633454E-002   0.0000000000000000     
  -2.5740000000000003        0.0000000000000000       -1.2903858010464959E-002   0.0000000000000000     
  -2.3760000000000003        0.0000000000000000       -1.3994618860393191E-002   0.0000000000000000     
  -2.1779999999999999        0.0000000000000000       -1.5211994248015481E-002   0.0000000000000000     
  -1.9800000000000000        0.0000000000000000       -1.6570449918486392E-002   0.0000000000000000     
  -1.7820000000000000        0.0000000000000000       -1.8077950768833694E-002   0.0000000000000000     
  -1.5840000000000001        0.0000000000000000       -1.9731416083798324E-002   0.0000000000000000     
  -1.3860000000000001        0.0000000000000000       -2.1525287395021051E-002   0.0000000000000000     
  -1.1880000000000002        0.0000000000000000       -2.3451278187662704E-002   0.0000000000000000     
 -0.98999999999999999        0.0000000000000000       -2.5480249221534156E-002   0.0000000000000000     
 -0.79200000000000004        0.0000000000000000       -2.7538011158514685E-002   0.0000000000000000     
 -0.59400000000000008        0.0000000000000000       -2.9493132605057329E-002   0.0000000000000000     
 -0.39600000000000002        0.0000000000000000       -3.1138817957728545E-002   0.0000000000000000     
 -0.19800000000000001        0.0000000000000000       -3.2236805716637028E-002   0.0000000000000000     
   0.0000000000000000        0.0000000000000000       -3.2621080843115970E-002   0.0000000000000000     
  0.19800000000000001        0.0000000000000000       -3.2236805716637028E-002   0.0000000000000000     
  0.39600000000000002        0.0000000000000000       -3.1138817957728545E-002   0.0000000000000000     
  0.59400000000000008        0.0000000000000000       -2.9493132605057329E-002   0.0000000000000000     
  0.79200000000000004        0.0000000000000000       -2.7538011158514685E-002   0.0000000000000000     
  0.98999999999999999        0.0000000000000000       -2.5480249221534156E-002   0.0000000000000000     
   1.1880000000000002        0.0000000000000000       -2.3451278187662704E-002   0.0000000000000000     
   1.3860000000000001        0.0000000000000000       -2.1525287395021051E-002   0.0000000000000000     
   1.5840000000000001        0.0000000000000000       -1.9731416083798324E-002   0.0000000000000000     
   1.7820000000000000        0.0000000000000000       -1.8077950768833694E-002   0.0000000000000000     
   1.9800000000000000        0.0000000000000000       -1.6570449918486392E-002   0.0000000000000000     
   2.1779999999999999        0.0000000000000000       -1.5211994248015481E-002   0.0000000000000000     
   2.3760000000000003        0.0000000000000000       -1.3994618860393191E-002   0.0000000000000000     
   2.5740000000000003        0.0000000000000000       -1.2903858010464959E-002   0.0000000000000000     
   2.7720000000000002        0.0000000000000000       -1.1927152919633454E-002   0.0000000000000000     
   2.9700000000000002        0.0000000000000000       -1.1056396459818959E-002   0.0000000000000000     
   3.1680000000000001        0.0000000000000000       -1.0279809423423212E-002   0.0000000000000000     
   3.3660000000000001        0.0000000000000000       -9.5780456691724990E-003   0.0000000000000000     
   3.5640000000000001        0.0000000000000000       -8.9392378632627799E-003   0.0000000000000000     
   3.7620000000000000        0.0000000000000000       -8.3581291703443486E-003   0.0000000000000000     
   3.9600000000000000        0.0000000000000000       -7.8296505238037769E-003   0.0000000000000000     
   4.1580000000000004        0.0000000000000000       -7.3486193611657247E-003   0.0000000000000000     
   4.3559999999999999        0.0000000000000000       -6.9100848173483699E-003   0.0000000000000000     
   4.5540000000000003        0.0000000000000000       -6.5095143960294064E-003   0.0000000000000000     
   4.7520000000000007        0.0000000000000000       -6.1428486396392151E-003   0.0000000000000000     
   4.9500000000000002        0.0000000000000000       -5.8064895825608344E-003   0.0000000000000000     
   5.1480000000000006        0.0000000000000000       -5.4972646554043601E-003   0.0000000000000000     
   5.3460000000000001        0.0000000000000000       -5.2123810173272771E-003   0.0000000000000000     
   5.5440000000000005        0.0000000000000000       -4.9493798991853610E-003   0.0000000000000000     
   5.7420000000000000        0.0000000000000000       -4.7060947992462864E-003   0.0000000000000000     
   5.9400000000000004        0.0000000000000000       -4.4806130995692344E-003   0.0000000000000000     
   6.1379999999999999        0.0000000000000000       -4.2712433756787989E-003   0.0000000000000000     
   6.3360000000000003        0.0000000000000000       -4.0764863594159352E-003   0.0000000000000000     
   6.5340000000000007        0.0000000000000000       -3.8950102370021258E-003   0.0000000000000000     
   6.7320000000000002        0.0000000000000000       -3.7256292631511075E-003   0.0000000000000000     
   6.9300000000000006        0.0000000000000000       -3.5672852206179470E-003   0.0000000000000000     
   7.1280000000000001        0.0000000000000000       -3.4190316940188648E-003   0.0000000000000000     
   7.3260000000000005        0.0000000000000000       -3.2800204278394516E-003   0.0000000000000000     
   7.5240000000000000        0.0000000000000000       -3.1494894865762473E-003   0.0000000000000000     
   7.7220000000000004        0.0000000000000000       -3.0267529966562286E-003   0.0000000000000000     
   7.9199999999999999        0.0000000000000000       -2.9111923145891290E-003   0.0000000000000000     
   8.1180000000000003        0.0000000000000000       -2.8022483797393110E-003   0.0000000000000000     
   8.3160000000000007        0.0000000000000000       -2.6994150523314735E-003   0.0000000000000000     
   8.5140000000000011        0.0000000000000000       -2.6022331129836769E-003   0.0000000000000000     
   8.7119999999999997        0.0000000000000000       -2.5102853441425722E-003   0.0000000000000000     
   8.9100000000000001        0.0000000000000000       -2.4231918534199830E-003   0.0000000000000000     
   9.1080000000000005        0.0000000000000000       -2.3406062549044307E-003   0.0000000000000000     
   9.3060000000000009        0.0000000000000000       -2.2622121577029314E-003   0.0000000000000000     
   9.5040000000000013        0.0000000000000000       -2.1877200807338287E-003   0.0000000000000000     
   9.7020000000000000        0.0000000000000000       -2.1168648703333835E-003   0.0000000000000000     
   9.9000000000000004        0.0000000000000000       -2.0494030745978006E-003   0.0000000000000000     
   10.098000000000001        0.0000000000000000       -1.9851110590990255E-003   0.0000000000000000     
   10.296000000000001        0.0000000000000000       -1.9237828774730775E-003   0.0000000000000000     
   10.494000000000000        0.0000000000000000       -1.8652288033628654E-003   0.0000000000000000     
   10.692000000000000        0.0000000000000000       -1.8092736872288070E-003   0.0000000000000000     
   10.890000000000001        0.0000000000000000       -1.7557556283397989E-003   0.0000000000000000     
   11.088000000000001        0.0000000000000000       -1.7045247418194889E-003   0.0000000000000000     
   11.286000000000001        0.0000000000000000       -1.6554421448958466E-003   0.0000000000000000     
   11.484000000000000        0.0000000000000000       -1.6083789432083414E-003   0.0000000000000000     
   11.682000000000000        0.0000000000000000       -1.5632153213303017E-003   0.0000000000000000     
   11.880000000000001        0.0000000000000000       -1.5198397716687552E-003   0.0000000000000000     
   12.078000000000001        0.0000000000000000       -1.4781484097205731E-003   0.0000000000000000     
   12.276000000000000        0.0000000000000000       -1.4380442011864237E-003   0.0000000000000000     
   12.474000000000000        0.0000000000000000       -1.3994365362382207E-003   0.0000000000000000     
   12.672000000000001        0.0000000000000000       -1.3622405380925942E-003   0.0000000000000000     
   12.870000000000001        0.0000000000000000       -1.3263766681569111E-003   0.0000000000000000     
   13.068000000000001        0.0000000000000000       -1.2917701636475229E-003   0.0000000000000000     
   13.266000000000000        0.0000000000000000       -1.2583507599130545E-003   0.0000000000000000     
   13.464000000000000        0.0000000000000000       -1.2260521705682989E-003   0.0000000000000000     
   13.662000000000001        0.0000000000000000       -1.1948117729475671E-003   0.0000000000000000     
   13.860000000000001        0.0000000000000000       -1.1645703136060721E-003   0.0000000000000000     
   14.058000000000000        0.0000000000000000       -1.1352714942244500E-003   0.0000000000000000     
   14.256000000000000        0.0000000000000000       -1.1068617290737096E-003   0.0000000000000000     
   14.454000000000001        0.0000000000000000       -1.0792898515535792E-003   0.0000000000000000     
   14.652000000000001        0.0000000000000000       -1.0525067633520161E-003   0.0000000000000000     
   14.850000000000001        0.0000000000000000       -1.0264652083864067E-003   0.0000000000000000     
   15.048000000000000        0.0000000000000000       -1.0011194317566532E-003   0.0000000000000000     
   15.246000000000000        0.0000000000000000       -9.7642488789658041E-004   0.0000000000000000     
   15.444000000000001        0.0000000000000000       -9.5233791047278412E-004   0.0000000000000000     
   15.642000000000001        0.0000000000000000       -9.2881533170253506E-004   0.0000000000000000     
   15.840000000000000        0.0000000000000000       -9.0581408876720508E-004   0.0000000000000000     
   16.038000000000000        0.0000000000000000       -8.8329074012478493E-004   0.0000000000000000     
   16.236000000000001        0.0000000000000000       -8.6120091050211967E-004   0.0000000000000000     
   16.434000000000001        0.0000000000000000       -8.3949854473956427E-004   0.0000000000000000     
   16.632000000000001        0.0000000000000000       -8.1813506323899748E-004   0.0000000000000000     
   16.830000000000002        0.0000000000000000       -7.9709913540800621E-004   0.0000000000000000     
   17.028000000000002        0.0000000000000000       -7.7627210342071139E-004   0.0000000000000000     
   17.225999999999999        0.0000000000000000       -7.5561426457711992E-004   0.0000000000000000     
   17.423999999999999        0.0000000000000000       -7.3505171170655114E-004   0.0000000000000000     
   17.622000000000000        0.0000000000000000       -7.1449642636137428E-004   0.0000000000000000     
   17.820000000000000        0.0000000000000000       -6.9384009204163607E-004   0.0000000000000000     
   18.018000000000001        0.0000000000000000       -6.7291498072274167E-004   0.0000000000000000     
   18.216000000000001        0.0000000000000000       -6.5155641052817674E-004   0.0000000000000000     
   18.414000000000001        0.0000000000000000       -6.2949782679421796E-004   0.0000000000000000     
   18.612000000000002        0.0000000000000000       -6.0640303215551148E-004   0.0000000000000000     
   18.810000000000002        0.0000000000000000       -5.8161064539230794E-004   0.0000000000000000     
   19.008000000000003        0.0000000000000000       -5.5429210431794844E-004   0.0000000000000000     
   19.206000000000000        0.0000000000000000       -5.2298826229281513E-004   0.0000000000000000     
   19.404000000000000        0.0000000000000000       -4.8548603985119638E-004   0.0000000000000000     
   19.602000000000000        0.0000000000000000       -4.4032096771724153E-004   0.0000000000000000     
