  -19.602000000000000        0.0000000000000000       -4.2901692764964341E-004   0.0000000000000000     
  -19.404000000000000        0.0000000000000000       -4.8718156000047107E-004   0.0000000000000000     
  -19.206000000000000        0.0000000000000000       -5.3462226536513146E-004   0.0000000000000000     
  -19.008000000000003        0.0000000000000000       -5.7297798582289132E-004   0.0000000000000000     
  -18.810000000000002        0.0000000000000000       -6.0511657727093130E-004   0.0000000000000000     
  -18.612000000000002        0.0000000000000000       -6.3326664383789105E-004   0.0000000000000000     
  -18.414000000000001        0.0000000000000000       -6.5881419142651643E-004   0.0000000000000000     
  -18.216000000000001        0.0000000000000000       -6.8266931029483855E-004   0.0000000000000000     
  -18.018000000000001        0.0000000000000000       -7.0543129257403332E-004   0.0000000000000000     
  -17.820000000000000        0.0000000000000000       -7.2750458579966433E-004   0.0000000000000000     
  -17.622000000000000        0.0000000000000000       -7.4918034817463301E-004   0.0000000000000000     
  -17.423999999999999        0.0000000000000000       -7.7068586096699422E-004   0.0000000000000000     
  -17.225999999999999        0.0000000000000000       -7.9216206480972812E-004   0.0000000000000000     
  -17.028000000000002        0.0000000000000000       -8.1374257082284201E-004   0.0000000000000000     
  -16.830000000000002        0.0000000000000000       -8.3553097050868635E-004   0.0000000000000000     
  -16.632000000000001        0.0000000000000000       -8.5761791125659500E-004   0.0000000000000000     
  -16.434000000000001        0.0000000000000000       -8.8007521800757479E-004   0.0000000000000000     
  -16.236000000000001        0.0000000000000000       -9.0297044190088005E-004   0.0000000000000000     
  -16.038000000000000        0.0000000000000000       -9.2636537556774982E-004   0.0000000000000000     
  -15.840000000000000        0.0000000000000000       -9.5031798281171764E-004   0.0000000000000000     
  -15.642000000000001        0.0000000000000000       -9.7488374574392458E-004   0.0000000000000000     
  -15.444000000000001        0.0000000000000000       -1.0001167633920112E-003   0.0000000000000000     
  -15.246000000000000        0.0000000000000000       -1.0260706090413653E-003   0.0000000000000000     
  -15.048000000000000        0.0000000000000000       -1.0527990867601348E-003   0.0000000000000000     
  -14.850000000000001        0.0000000000000000       -1.0803567941266353E-003   0.0000000000000000     
  -14.652000000000001        0.0000000000000000       -1.1087997219419148E-003   0.0000000000000000     
  -14.454000000000001        0.0000000000000000       -1.1381856824971117E-003   0.0000000000000000     
  -14.256000000000000        0.0000000000000000       -1.1685748057045390E-003   0.0000000000000000     
  -14.058000000000000        0.0000000000000000       -1.2000299297461870E-003   0.0000000000000000     
  -13.860000000000001        0.0000000000000000       -1.2326171079201326E-003   0.0000000000000000     
  -13.662000000000001        0.0000000000000000       -1.2664059578103609E-003   0.0000000000000000     
  -13.464000000000000        0.0000000000000000       -1.3014701581091654E-003   0.0000000000000000     
  -13.266000000000000        0.0000000000000000       -1.3378879350122602E-003   0.0000000000000000     
  -13.068000000000001        0.0000000000000000       -1.3757424783305855E-003   0.0000000000000000     
  -12.870000000000001        0.0000000000000000       -1.4151225693161957E-003   0.0000000000000000     
  -12.672000000000001        0.0000000000000000       -1.4561230547866025E-003   0.0000000000000000     
  -12.474000000000000        0.0000000000000000       -1.4988455249555154E-003   0.0000000000000000     
  -12.276000000000000        0.0000000000000000       -1.5433988966691535E-003   0.0000000000000000     
  -12.078000000000001        0.0000000000000000       -1.5899003254763048E-003   0.0000000000000000     
  -11.880000000000001        0.0000000000000000       -1.6384757699111820E-003   0.0000000000000000     
  -11.682000000000000        0.0000000000000000       -1.6892611016817852E-003   0.0000000000000000     
  -11.484000000000000        0.0000000000000000       -1.7424028962996030E-003   0.0000000000000000     
  -11.286000000000001        0.0000000000000000       -1.7980597269263458E-003   0.0000000000000000     
  -11.088000000000001        0.0000000000000000       -1.8564031515664982E-003   0.0000000000000000     
  -10.890000000000001        0.0000000000000000       -1.9176192429968650E-003   0.0000000000000000     
  -10.692000000000000        0.0000000000000000       -1.9819099652826112E-003   0.0000000000000000     
  -10.494000000000000        0.0000000000000000       -2.0494949241198976E-003   0.0000000000000000     
  -10.296000000000001        0.0000000000000000       -2.1206131766888961E-003   0.0000000000000000     
  -10.098000000000001        0.0000000000000000       -2.1955253795004296E-003   0.0000000000000000     
  -9.9000000000000004        0.0000000000000000       -2.2745161066508490E-003   0.0000000000000000     
  -9.7020000000000000        0.0000000000000000       -2.3578965690374725E-003   0.0000000000000000     
  -9.5040000000000013        0.0000000000000000       -2.4460074326619779E-003   0.0000000000000000     
  -9.3060000000000009        0.0000000000000000       -2.5392223299157803E-003   0.0000000000000000     
  -9.1080000000000005        0.0000000000000000       -2.6379516230212044E-003   0.0000000000000000     
  -8.9100000000000001        0.0000000000000000       -2.7426465067913013E-003   0.0000000000000000     
  -8.7119999999999997        0.0000000000000000       -2.8538041262634712E-003   0.0000000000000000     
  -8.5140000000000011        0.0000000000000000       -2.9719729300990471E-003   0.0000000000000000     
  -8.3160000000000007        0.0000000000000000       -3.0977587400949904E-003   0.0000000000000000     
  -8.1180000000000003        0.0000000000000000       -3.2318321370099277E-003   0.0000000000000000     
  -7.9199999999999999        0.0000000000000000       -3.3749363213498714E-003   0.0000000000000000     
  -7.7220000000000004        0.0000000000000000       -3.5278963731952052E-003   0.0000000000000000     
  -7.5240000000000000        0.0000000000000000       -3.6916295508381300E-003   0.0000000000000000     
  -7.3260000000000005        0.0000000000000000       -3.8671576087692724E-003   0.0000000000000000     
  -7.1280000000000001        0.0000000000000000       -4.0556200254011614E-003   0.0000000000000000     
  -6.9300000000000006        0.0000000000000000       -4.2582900244671432E-003   0.0000000000000000     
  -6.7320000000000002        0.0000000000000000       -4.4765921205601007E-003   0.0000000000000000     
  -6.5340000000000007        0.0000000000000000       -4.7121229391536264E-003   0.0000000000000000     
  -6.3360000000000003        0.0000000000000000       -4.9666745154927248E-003   0.0000000000000000     
  -6.1379999999999999        0.0000000000000000       -5.2422609201897806E-003   0.0000000000000000     
  -5.9400000000000004        0.0000000000000000       -5.5411496092420305E-003   0.0000000000000000     
  -5.7420000000000000        0.0000000000000000       -5.8658956277245220E-003   0.0000000000000000     
  -5.5440000000000005        0.0000000000000000       -6.2193820160433930E-003   0.0000000000000000     
  -5.3460000000000001        0.0000000000000000       -6.6048644885506724E-003   0.0000000000000000     
  -5.1480000000000006        0.0000000000000000       -7.0260227591749493E-003   0.0000000000000000     
  -4.9500000000000002        0.0000000000000000       -7.4870156282464797E-003   0.0000000000000000     
  -4.7520000000000007        0.0000000000000000       -7.9925435796995639E-003   0.0000000000000000     
  -4.5540000000000003        0.0000000000000000       -8.5479131275806013E-003   0.0000000000000000     
  -4.3559999999999999        0.0000000000000000       -9.1591030986310946E-003   0.0000000000000000     
  -4.1580000000000004        0.0000000000000000       -9.8328245749122033E-003   0.0000000000000000     
  -3.9600000000000000        0.0000000000000000       -1.0576564381549382E-002   0.0000000000000000     
  -3.7620000000000000        0.0000000000000000       -1.1398590669935389E-002   0.0000000000000000     
  -3.5640000000000001        0.0000000000000000       -1.2307886683395039E-002   0.0000000000000000     
  -3.3660000000000001        0.0000000000000000       -1.3313983368594476E-002   0.0000000000000000     
  -3.1680000000000001        0.0000000000000000       -1.4426785780760726E-002   0.0000000000000000     
  -2.9700000000000002        0.0000000000000000       -1.5657226445171743E-002   0.0000000000000000     
  -2.7720000000000002        0.0000000000000000       -1.7021107630290126E-002   0.0000000000000000     
  -2.5740000000000003        0.0000000000000000       -1.8539157174492959E-002   0.0000000000000000     
  -2.3760000000000003        0.0000000000000000       -2.0230178713855219E-002   0.0000000000000000     
  -2.1779999999999999        0.0000000000000000       -2.2110630517151241E-002   0.0000000000000000     
  -1.9800000000000000        0.0000000000000000       -2.4192649752141606E-002   0.0000000000000000     
  -1.7820000000000000        0.0000000000000000       -2.6480533978788762E-002   0.0000000000000000     
  -1.5840000000000001        0.0000000000000000       -2.8978008598086493E-002   0.0000000000000000     
  -1.3860000000000001        0.0000000000000000       -3.1671696110931485E-002   0.0000000000000000     
  -1.1880000000000002        0.0000000000000000       -3.4508632089194469E-002   0.0000000000000000     
 -0.98999999999999999        0.0000000000000000       -3.7411859647524089E-002   0.0000000000000000     
 -0.79200000000000004        0.0000000000000000       -4.0263763035830021E-002   0.0000000000000000     
 -0.59400000000000008        0.0000000000000000       -4.2878223419988017E-002   0.0000000000000000     
 -0.39600000000000002        0.0000000000000000       -4.5025986174108523E-002   0.0000000000000000     
 -0.19800000000000001        0.0000000000000000       -4.6463844925303220E-002   0.0000000000000000     
   0.0000000000000000        0.0000000000000000       -4.6973098936382518E-002   0.0000000000000000     
  0.19800000000000001        0.0000000000000000       -4.6463844925303220E-002   0.0000000000000000     
  0.39600000000000002        0.0000000000000000       -4.5025986174108523E-002   0.0000000000000000     
  0.59400000000000008        0.0000000000000000       -4.2878223419988017E-002   0.0000000000000000     
  0.79200000000000004        0.0000000000000000       -4.0263763035830021E-002   0.0000000000000000     
  0.98999999999999999        0.0000000000000000       -3.7411859647524089E-002   0.0000000000000000     
   1.1880000000000002        0.0000000000000000       -3.4508632089194469E-002   0.0000000000000000     
   1.3860000000000001        0.0000000000000000       -3.1671696110931485E-002   0.0000000000000000     
   1.5840000000000001        0.0000000000000000       -2.8978008598086493E-002   0.0000000000000000     
   1.7820000000000000        0.0000000000000000       -2.6480533978788762E-002   0.0000000000000000     
   1.9800000000000000        0.0000000000000000       -2.4192649752141606E-002   0.0000000000000000     
   2.1779999999999999        0.0000000000000000       -2.2110630517151241E-002   0.0000000000000000     
   2.3760000000000003        0.0000000000000000       -2.0230178713855219E-002   0.0000000000000000     
   2.5740000000000003        0.0000000000000000       -1.8539157174492959E-002   0.0000000000000000     
   2.7720000000000002        0.0000000000000000       -1.7021107630290126E-002   0.0000000000000000     
   2.9700000000000002        0.0000000000000000       -1.5657226445171743E-002   0.0000000000000000     
   3.1680000000000001        0.0000000000000000       -1.4426785780760726E-002   0.0000000000000000     
   3.3660000000000001        0.0000000000000000       -1.3313983368594476E-002   0.0000000000000000     
   3.5640000000000001        0.0000000000000000       -1.2307886683395039E-002   0.0000000000000000     
   3.7620000000000000        0.0000000000000000       -1.1398590669935389E-002   0.0000000000000000     
   3.9600000000000000        0.0000000000000000       -1.0576564381549382E-002   0.0000000000000000     
   4.1580000000000004        0.0000000000000000       -9.8328245749122033E-003   0.0000000000000000     
   4.3559999999999999        0.0000000000000000       -9.1591030986310946E-003   0.0000000000000000     
   4.5540000000000003        0.0000000000000000       -8.5479131275806013E-003   0.0000000000000000     
   4.7520000000000007        0.0000000000000000       -7.9925435796995639E-003   0.0000000000000000     
   4.9500000000000002        0.0000000000000000       -7.4870156282464797E-003   0.0000000000000000     
   5.1480000000000006        0.0000000000000000       -7.0260227591749493E-003   0.0000000000000000     
   5.3460000000000001        0.0000000000000000       -6.6048644885506724E-003   0.0000000000000000     
   5.5440000000000005        0.0000000000000000       -6.2193820160433930E-003   0.0000000000000000     
   5.7420000000000000        0.0000000000000000       -5.8658956277245220E-003   0.0000000000000000     
   5.9400000000000004        0.0000000000000000       -5.5411496092420305E-003   0.0000000000000000     
   6.1379999999999999        0.0000000000000000       -5.2422609201897806E-003   0.0000000000000000     
   6.3360000000000003        0.0000000000000000       -4.9666745154927248E-003   0.0000000000000000     
   6.5340000000000007        0.0000000000000000       -4.7121229391536264E-003   0.0000000000000000     
   6.7320000000000002        0.0000000000000000       -4.4765921205601007E-003   0.0000000000000000     
   6.9300000000000006        0.0000000000000000       -4.2582900244671432E-003   0.0000000000000000     
   7.1280000000000001        0.0000000000000000       -4.0556200254011614E-003   0.0000000000000000     
   7.3260000000000005        0.0000000000000000       -3.8671576087692724E-003   0.0000000000000000     
   7.5240000000000000        0.0000000000000000       -3.6916295508381300E-003   0.0000000000000000     
   7.7220000000000004        0.0000000000000000       -3.5278963731952052E-003   0.0000000000000000     
   7.9199999999999999        0.0000000000000000       -3.3749363213498714E-003   0.0000000000000000     
   8.1180000000000003        0.0000000000000000       -3.2318321370099277E-003   0.0000000000000000     
   8.3160000000000007        0.0000000000000000       -3.0977587400949904E-003   0.0000000000000000     
   8.5140000000000011        0.0000000000000000       -2.9719729300990471E-003   0.0000000000000000     
   8.7119999999999997        0.0000000000000000       -2.8538041262634712E-003   0.0000000000000000     
   8.9100000000000001        0.0000000000000000       -2.7426465067913013E-003   0.0000000000000000     
   9.1080000000000005        0.0000000000000000       -2.6379516230212044E-003   0.0000000000000000     
   9.3060000000000009        0.0000000000000000       -2.5392223299157803E-003   0.0000000000000000     
   9.5040000000000013        0.0000000000000000       -2.4460074326619779E-003   0.0000000000000000     
   9.7020000000000000        0.0000000000000000       -2.3578965690374725E-003   0.0000000000000000     
   9.9000000000000004        0.0000000000000000       -2.2745161066508490E-003   0.0000000000000000     
   10.098000000000001        0.0000000000000000       -2.1955253795004296E-003   0.0000000000000000     
   10.296000000000001        0.0000000000000000       -2.1206131766888961E-003   0.0000000000000000     
   10.494000000000000        0.0000000000000000       -2.0494949241198976E-003   0.0000000000000000     
   10.692000000000000        0.0000000000000000       -1.9819099652826112E-003   0.0000000000000000     
   10.890000000000001        0.0000000000000000       -1.9176192429968650E-003   0.0000000000000000     
   11.088000000000001        0.0000000000000000       -1.8564031515664982E-003   0.0000000000000000     
   11.286000000000001        0.0000000000000000       -1.7980597269263458E-003   0.0000000000000000     
   11.484000000000000        0.0000000000000000       -1.7424028962996030E-003   0.0000000000000000     
   11.682000000000000        0.0000000000000000       -1.6892611016817852E-003   0.0000000000000000     
   11.880000000000001        0.0000000000000000       -1.6384757699111820E-003   0.0000000000000000     
   12.078000000000001        0.0000000000000000       -1.5899003254763048E-003   0.0000000000000000     
   12.276000000000000        0.0000000000000000       -1.5433988966691535E-003   0.0000000000000000     
   12.474000000000000        0.0000000000000000       -1.4988455249555154E-003   0.0000000000000000     
   12.672000000000001        0.0000000000000000       -1.4561230547866025E-003   0.0000000000000000     
   12.870000000000001        0.0000000000000000       -1.4151225693161957E-003   0.0000000000000000     
   13.068000000000001        0.0000000000000000       -1.3757424783305855E-003   0.0000000000000000     
   13.266000000000000        0.0000000000000000       -1.3378879350122602E-003   0.0000000000000000     
   13.464000000000000        0.0000000000000000       -1.3014701581091654E-003   0.0000000000000000     
   13.662000000000001        0.0000000000000000       -1.2664059578103609E-003   0.0000000000000000     
   13.860000000000001        0.0000000000000000       -1.2326171079201326E-003   0.0000000000000000     
   14.058000000000000        0.0000000000000000       -1.2000299297461870E-003   0.0000000000000000     
   14.256000000000000        0.0000000000000000       -1.1685748057045390E-003   0.0000000000000000     
   14.454000000000001        0.0000000000000000       -1.1381856824971117E-003   0.0000000000000000     
   14.652000000000001        0.0000000000000000       -1.1087997219419148E-003   0.0000000000000000     
   14.850000000000001        0.0000000000000000       -1.0803567941266353E-003   0.0000000000000000     
   15.048000000000000        0.0000000000000000       -1.0527990867601348E-003   0.0000000000000000     
   15.246000000000000        0.0000000000000000       -1.0260706090413653E-003   0.0000000000000000     
   15.444000000000001        0.0000000000000000       -1.0001167633920112E-003   0.0000000000000000     
   15.642000000000001        0.0000000000000000       -9.7488374574392458E-004   0.0000000000000000     
   15.840000000000000        0.0000000000000000       -9.5031798281171764E-004   0.0000000000000000     
   16.038000000000000        0.0000000000000000       -9.2636537556774982E-004   0.0000000000000000     
   16.236000000000001        0.0000000000000000       -9.0297044190088005E-004   0.0000000000000000     
   16.434000000000001        0.0000000000000000       -8.8007521800757479E-004   0.0000000000000000     
   16.632000000000001        0.0000000000000000       -8.5761791125659500E-004   0.0000000000000000     
   16.830000000000002        0.0000000000000000       -8.3553097050868635E-004   0.0000000000000000     
   17.028000000000002        0.0000000000000000       -8.1374257082284201E-004   0.0000000000000000     
   17.225999999999999        0.0000000000000000       -7.9216206480972812E-004   0.0000000000000000     
   17.423999999999999        0.0000000000000000       -7.7068586096699422E-004   0.0000000000000000     
   17.622000000000000        0.0000000000000000       -7.4918034817463301E-004   0.0000000000000000     
   17.820000000000000        0.0000000000000000       -7.2750458579966433E-004   0.0000000000000000     
   18.018000000000001        0.0000000000000000       -7.0543129257403332E-004   0.0000000000000000     
   18.216000000000001        0.0000000000000000       -6.8266931029483855E-004   0.0000000000000000     
   18.414000000000001        0.0000000000000000       -6.5881419142651643E-004   0.0000000000000000     
   18.612000000000002        0.0000000000000000       -6.3326664383789105E-004   0.0000000000000000     
   18.810000000000002        0.0000000000000000       -6.0511657727093130E-004   0.0000000000000000     
   19.008000000000003        0.0000000000000000       -5.7297798582289132E-004   0.0000000000000000     
   19.206000000000000        0.0000000000000000       -5.3462226536513146E-004   0.0000000000000000     
   19.404000000000000        0.0000000000000000       -4.8718156000047107E-004   0.0000000000000000     
   19.602000000000000        0.0000000000000000       -4.2901692764964341E-004   0.0000000000000000     
