  -19.602000000000000        0.0000000000000000       -3.2219313738467934E-004   0.0000000000000000     
  -19.404000000000000        0.0000000000000000       -3.6327454706602656E-004   0.0000000000000000     
  -19.206000000000000        0.0000000000000000       -3.9656738587104124E-004   0.0000000000000000     
  -19.008000000000003        0.0000000000000000       -4.2336112291684502E-004   0.0000000000000000     
  -18.810000000000002        0.0000000000000000       -4.4582806608664820E-004   0.0000000000000000     
  -18.612000000000002        0.0000000000000000       -4.6552864523394656E-004   0.0000000000000000     
  -18.414000000000001        0.0000000000000000       -4.8346594800369316E-004   0.0000000000000000     
  -18.216000000000001        0.0000000000000000       -5.0027615800960520E-004   0.0000000000000000     
  -18.018000000000001        0.0000000000000000       -5.1637609633799284E-004   0.0000000000000000     
  -17.820000000000000        0.0000000000000000       -5.3206883214001782E-004   0.0000000000000000     
  -17.622000000000000        0.0000000000000000       -5.4753817944798889E-004   0.0000000000000000     
  -17.423999999999999        0.0000000000000000       -5.6292656555986418E-004   0.0000000000000000     
  -17.225999999999999        0.0000000000000000       -5.7833158704150998E-004   0.0000000000000000     
  -17.028000000000002        0.0000000000000000       -5.9382111222885459E-004   0.0000000000000000     
  -16.830000000000002        0.0000000000000000       -6.0949755612761268E-004   0.0000000000000000     
  -16.632000000000001        0.0000000000000000       -6.2540313723486330E-004   0.0000000000000000     
  -16.434000000000001        0.0000000000000000       -6.4158617083736864E-004   0.0000000000000000     
  -16.236000000000001        0.0000000000000000       -6.5808982932660039E-004   0.0000000000000000     
  -16.038000000000000        0.0000000000000000       -6.7495376816294542E-004   0.0000000000000000     
  -15.840000000000000        0.0000000000000000       -6.9221531781162807E-004   0.0000000000000000     
  -15.642000000000001        0.0000000000000000       -7.0991044443499728E-004   0.0000000000000000     
  -15.444000000000001        0.0000000000000000       -7.2807442852979823E-004   0.0000000000000000     
  -15.246000000000000        0.0000000000000000       -7.4674236831702694E-004   0.0000000000000000     
  -15.048000000000000        0.0000000000000000       -7.6594970168197070E-004   0.0000000000000000     
  -14.850000000000001        0.0000000000000000       -7.8573253811885745E-004   0.0000000000000000     
  -14.652000000000001        0.0000000000000000       -8.0612800219735865E-004   0.0000000000000000     
  -14.454000000000001        0.0000000000000000       -8.2717454211787258E-004   0.0000000000000000     
  -14.256000000000000        0.0000000000000000       -8.4891220341319423E-004   0.0000000000000000     
  -14.058000000000000        0.0000000000000000       -8.7138286278456761E-004   0.0000000000000000     
  -13.860000000000001        0.0000000000000000       -8.9463054760272943E-004   0.0000000000000000     
  -13.662000000000001        0.0000000000000000       -9.1870168282126791E-004   0.0000000000000000     
  -13.464000000000000        0.0000000000000000       -9.4364534699224408E-004   0.0000000000000000     
  -13.266000000000000        0.0000000000000000       -9.6951358059103768E-004   0.0000000000000000     
  -13.068000000000001        0.0000000000000000       -9.9636169768253097E-004   0.0000000000000000     
  -12.870000000000001        0.0000000000000000       -1.0242485718359455E-003   0.0000000000000000     
  -12.672000000000001        0.0000000000000000       -1.0532370492985696E-003   0.0000000000000000     
  -12.474000000000000        0.0000000000000000       -1.0833942888904878E-003   0.0000000000000000     
  -12.276000000000000        0.0000000000000000       -1.1147921760424468E-003   0.0000000000000000     
  -12.078000000000001        0.0000000000000000       -1.1475077968625892E-003   0.0000000000000000     
  -11.880000000000001        0.0000000000000000       -1.1816239287370475E-003   0.0000000000000000     
  -11.682000000000000        0.0000000000000000       -1.2172296368739978E-003   0.0000000000000000     
  -11.484000000000000        0.0000000000000000       -1.2544207839153159E-003   0.0000000000000000     
  -11.286000000000001        0.0000000000000000       -1.2933008159575399E-003   0.0000000000000000     
  -11.088000000000001        0.0000000000000000       -1.3339814307618625E-003   0.0000000000000000     
  -10.890000000000001        0.0000000000000000       -1.3765835216245097E-003   0.0000000000000000     
  -10.692000000000000        0.0000000000000000       -1.4212379820055007E-003   0.0000000000000000     
  -10.494000000000000        0.0000000000000000       -1.4680868324236953E-003   0.0000000000000000     
  -10.296000000000001        0.0000000000000000       -1.5172843912501111E-003   0.0000000000000000     
  -10.098000000000001        0.0000000000000000       -1.5689985664807220E-003   0.0000000000000000     
  -9.9000000000000004        0.0000000000000000       -1.6234123322045914E-003   0.0000000000000000     
  -9.7020000000000000        0.0000000000000000       -1.6807253568148432E-003   0.0000000000000000     
  -9.5040000000000013        0.0000000000000000       -1.7411560055647071E-003   0.0000000000000000     
  -9.3060000000000009        0.0000000000000000       -1.8049433354327224E-003   0.0000000000000000     
  -9.1080000000000005        0.0000000000000000       -1.8723494363061090E-003   0.0000000000000000     
  -8.9100000000000001        0.0000000000000000       -1.9436623965910802E-003   0.0000000000000000     
  -8.7119999999999997        0.0000000000000000       -2.0191991341038627E-003   0.0000000000000000     
  -8.5140000000000011        0.0000000000000000       -2.0993090943269761E-003   0.0000000000000000     
  -8.3160000000000007        0.0000000000000000       -2.1843781153867608E-003   0.0000000000000000     
  -8.1180000000000003        0.0000000000000000       -2.2748331450144856E-003   0.0000000000000000     
  -7.9199999999999999        0.0000000000000000       -2.3711473575750734E-003   0.0000000000000000     
  -7.7220000000000004        0.0000000000000000       -2.4738462868913883E-003   0.0000000000000000     
  -7.5240000000000000        0.0000000000000000       -2.5835145431113643E-003   0.0000000000000000     
  -7.3260000000000005        0.0000000000000000       -2.7008039036139722E-003   0.0000000000000000     
  -7.1280000000000001        0.0000000000000000       -2.8264422244441124E-003   0.0000000000000000     
  -6.9300000000000006        0.0000000000000000       -2.9612440856426861E-003   0.0000000000000000     
  -6.7320000000000002        0.0000000000000000       -3.1061228317581179E-003   0.0000000000000000     
  -6.5340000000000007        0.0000000000000000       -3.2621044743184877E-003   0.0000000000000000     
  -6.3360000000000003        0.0000000000000000       -3.4303437809501420E-003   0.0000000000000000     
  -6.1379999999999999        0.0000000000000000       -3.6121428997077216E-003   0.0000000000000000     
  -5.9400000000000004        0.0000000000000000       -3.8089727883134253E-003   0.0000000000000000     
  -5.7420000000000000        0.0000000000000000       -4.0224976788002208E-003   0.0000000000000000     
  -5.5440000000000005        0.0000000000000000       -4.2546036762831250E-003   0.0000000000000000     
  -5.3460000000000001        0.0000000000000000       -4.5074308943639342E-003   0.0000000000000000     
  -5.1480000000000006        0.0000000000000000       -4.7834103638965510E-003   0.0000000000000000     
  -4.9500000000000002        0.0000000000000000       -5.0853049532590218E-003   0.0000000000000000     
  -4.7520000000000007        0.0000000000000000       -5.4162558267205107E-003   0.0000000000000000     
  -4.5540000000000003        0.0000000000000000       -5.7798307739575488E-003   0.0000000000000000     
  -4.3559999999999999        0.0000000000000000       -6.1800759384887730E-003   0.0000000000000000     
  -4.1580000000000004        0.0000000000000000       -6.6215632627735733E-003   0.0000000000000000     
  -3.9600000000000000        0.0000000000000000       -7.1094290636137718E-003   0.0000000000000000     
  -3.7620000000000000        0.0000000000000000       -7.6493853644743160E-003   0.0000000000000000     
  -3.5640000000000001        0.0000000000000000       -8.2476801046122861E-003   0.0000000000000000     
  -3.3660000000000001        0.0000000000000000       -8.9109610083863994E-003   0.0000000000000000     
  -3.1680000000000001        0.0000000000000000       -9.6460059166678849E-003   0.0000000000000000     
  -2.9700000000000002        0.0000000000000000       -1.0459468935915086E-002   0.0000000000000000     
  -2.7720000000000002        0.0000000000000000       -1.1358917719026472E-002   0.0000000000000000     
  -2.5740000000000003        0.0000000000000000       -1.2359607987773561E-002   0.0000000000000000     
  -2.3760000000000003        0.0000000000000000       -1.3483115828645049E-002   0.0000000000000000     
  -2.1779999999999999        0.0000000000000000       -1.4744339634129307E-002   0.0000000000000000     
  -1.9800000000000000        0.0000000000000000       -1.6153274527811866E-002   0.0000000000000000     
  -1.7820000000000000        0.0000000000000000       -1.7716950939500566E-002   0.0000000000000000     
  -1.5840000000000001        0.0000000000000000       -1.9432408025244003E-002   0.0000000000000000     
  -1.3860000000000001        0.0000000000000000       -2.1279007525690421E-002   0.0000000000000000     
  -1.1880000000000002        0.0000000000000000       -2.3220956399665527E-002   0.0000000000000000     
 -0.98999999999999999        0.0000000000000000       -2.5214312405342547E-002   0.0000000000000000     
 -0.79200000000000004        0.0000000000000000       -2.7189500423051276E-002   0.0000000000000000     
 -0.59400000000000008        0.0000000000000000       -2.9022839094066537E-002   0.0000000000000000     
 -0.39600000000000002        0.0000000000000000       -3.0535693887356285E-002   0.0000000000000000     
 -0.19800000000000001        0.0000000000000000       -3.1542458661050647E-002   0.0000000000000000     
   0.0000000000000000        0.0000000000000000       -3.1897479560881736E-002   0.0000000000000000     
  0.19800000000000001        0.0000000000000000       -3.1542458661050647E-002   0.0000000000000000     
  0.39600000000000002        0.0000000000000000       -3.0535693887356285E-002   0.0000000000000000     
  0.59400000000000008        0.0000000000000000       -2.9022839094066537E-002   0.0000000000000000     
  0.79200000000000004        0.0000000000000000       -2.7189500423051276E-002   0.0000000000000000     
  0.98999999999999999        0.0000000000000000       -2.5214312405342547E-002   0.0000000000000000     
   1.1880000000000002        0.0000000000000000       -2.3220956399665527E-002   0.0000000000000000     
   1.3860000000000001        0.0000000000000000       -2.1279007525690421E-002   0.0000000000000000     
   1.5840000000000001        0.0000000000000000       -1.9432408025244003E-002   0.0000000000000000     
   1.7820000000000000        0.0000000000000000       -1.7716950939500566E-002   0.0000000000000000     
   1.9800000000000000        0.0000000000000000       -1.6153274527811866E-002   0.0000000000000000     
   2.1779999999999999        0.0000000000000000       -1.4744339634129307E-002   0.0000000000000000     
   2.3760000000000003        0.0000000000000000       -1.3483115828645049E-002   0.0000000000000000     
   2.5740000000000003        0.0000000000000000       -1.2359607987773561E-002   0.0000000000000000     
   2.7720000000000002        0.0000000000000000       -1.1358917719026472E-002   0.0000000000000000     
   2.9700000000000002        0.0000000000000000       -1.0459468935915086E-002   0.0000000000000000     
   3.1680000000000001        0.0000000000000000       -9.6460059166678849E-003   0.0000000000000000     
   3.3660000000000001        0.0000000000000000       -8.9109610083863994E-003   0.0000000000000000     
   3.5640000000000001        0.0000000000000000       -8.2476801046122861E-003   0.0000000000000000     
   3.7620000000000000        0.0000000000000000       -7.6493853644743160E-003   0.0000000000000000     
   3.9600000000000000        0.0000000000000000       -7.1094290636137718E-003   0.0000000000000000     
   4.1580000000000004        0.0000000000000000       -6.6215632627735733E-003   0.0000000000000000     
   4.3559999999999999        0.0000000000000000       -6.1800759384887730E-003   0.0000000000000000     
   4.5540000000000003        0.0000000000000000       -5.7798307739575488E-003   0.0000000000000000     
   4.7520000000000007        0.0000000000000000       -5.4162558267205107E-003   0.0000000000000000     
   4.9500000000000002        0.0000000000000000       -5.0853049532590218E-003   0.0000000000000000     
   5.1480000000000006        0.0000000000000000       -4.7834103638965510E-003   0.0000000000000000     
   5.3460000000000001        0.0000000000000000       -4.5074308943639342E-003   0.0000000000000000     
   5.5440000000000005        0.0000000000000000       -4.2546036762831250E-003   0.0000000000000000     
   5.7420000000000000        0.0000000000000000       -4.0224976788002208E-003   0.0000000000000000     
   5.9400000000000004        0.0000000000000000       -3.8089727883134253E-003   0.0000000000000000     
   6.1379999999999999        0.0000000000000000       -3.6121428997077216E-003   0.0000000000000000     
   6.3360000000000003        0.0000000000000000       -3.4303437809501420E-003   0.0000000000000000     
   6.5340000000000007        0.0000000000000000       -3.2621044743184877E-003   0.0000000000000000     
   6.7320000000000002        0.0000000000000000       -3.1061228317581179E-003   0.0000000000000000     
   6.9300000000000006        0.0000000000000000       -2.9612440856426861E-003   0.0000000000000000     
   7.1280000000000001        0.0000000000000000       -2.8264422244441124E-003   0.0000000000000000     
   7.3260000000000005        0.0000000000000000       -2.7008039036139722E-003   0.0000000000000000     
   7.5240000000000000        0.0000000000000000       -2.5835145431113643E-003   0.0000000000000000     
   7.7220000000000004        0.0000000000000000       -2.4738462868913883E-003   0.0000000000000000     
   7.9199999999999999        0.0000000000000000       -2.3711473575750734E-003   0.0000000000000000     
   8.1180000000000003        0.0000000000000000       -2.2748331450144856E-003   0.0000000000000000     
   8.3160000000000007        0.0000000000000000       -2.1843781153867608E-003   0.0000000000000000     
   8.5140000000000011        0.0000000000000000       -2.0993090943269761E-003   0.0000000000000000     
   8.7119999999999997        0.0000000000000000       -2.0191991341038627E-003   0.0000000000000000     
   8.9100000000000001        0.0000000000000000       -1.9436623965910802E-003   0.0000000000000000     
   9.1080000000000005        0.0000000000000000       -1.8723494363061090E-003   0.0000000000000000     
   9.3060000000000009        0.0000000000000000       -1.8049433354327224E-003   0.0000000000000000     
   9.5040000000000013        0.0000000000000000       -1.7411560055647071E-003   0.0000000000000000     
   9.7020000000000000        0.0000000000000000       -1.6807253568148432E-003   0.0000000000000000     
   9.9000000000000004        0.0000000000000000       -1.6234123322045914E-003   0.0000000000000000     
   10.098000000000001        0.0000000000000000       -1.5689985664807220E-003   0.0000000000000000     
   10.296000000000001        0.0000000000000000       -1.5172843912501111E-003   0.0000000000000000     
   10.494000000000000        0.0000000000000000       -1.4680868324236953E-003   0.0000000000000000     
   10.692000000000000        0.0000000000000000       -1.4212379820055007E-003   0.0000000000000000     
   10.890000000000001        0.0000000000000000       -1.3765835216245097E-003   0.0000000000000000     
   11.088000000000001        0.0000000000000000       -1.3339814307618625E-003   0.0000000000000000     
   11.286000000000001        0.0000000000000000       -1.2933008159575399E-003   0.0000000000000000     
   11.484000000000000        0.0000000000000000       -1.2544207839153159E-003   0.0000000000000000     
   11.682000000000000        0.0000000000000000       -1.2172296368739978E-003   0.0000000000000000     
   11.880000000000001        0.0000000000000000       -1.1816239287370475E-003   0.0000000000000000     
   12.078000000000001        0.0000000000000000       -1.1475077968625892E-003   0.0000000000000000     
   12.276000000000000        0.0000000000000000       -1.1147921760424468E-003   0.0000000000000000     
   12.474000000000000        0.0000000000000000       -1.0833942888904878E-003   0.0000000000000000     
   12.672000000000001        0.0000000000000000       -1.0532370492985696E-003   0.0000000000000000     
   12.870000000000001        0.0000000000000000       -1.0242485718359455E-003   0.0000000000000000     
   13.068000000000001        0.0000000000000000       -9.9636169768253097E-004   0.0000000000000000     
   13.266000000000000        0.0000000000000000       -9.6951358059103768E-004   0.0000000000000000     
   13.464000000000000        0.0000000000000000       -9.4364534699224408E-004   0.0000000000000000     
   13.662000000000001        0.0000000000000000       -9.1870168282126791E-004   0.0000000000000000     
   13.860000000000001        0.0000000000000000       -8.9463054760272943E-004   0.0000000000000000     
   14.058000000000000        0.0000000000000000       -8.7138286278456761E-004   0.0000000000000000     
   14.256000000000000        0.0000000000000000       -8.4891220341319423E-004   0.0000000000000000     
   14.454000000000001        0.0000000000000000       -8.2717454211787258E-004   0.0000000000000000     
   14.652000000000001        0.0000000000000000       -8.0612800219735865E-004   0.0000000000000000     
   14.850000000000001        0.0000000000000000       -7.8573253811885745E-004   0.0000000000000000     
   15.048000000000000        0.0000000000000000       -7.6594970168197070E-004   0.0000000000000000     
   15.246000000000000        0.0000000000000000       -7.4674236831702694E-004   0.0000000000000000     
   15.444000000000001        0.0000000000000000       -7.2807442852979823E-004   0.0000000000000000     
   15.642000000000001        0.0000000000000000       -7.0991044443499728E-004   0.0000000000000000     
   15.840000000000000        0.0000000000000000       -6.9221531781162807E-004   0.0000000000000000     
   16.038000000000000        0.0000000000000000       -6.7495376816294542E-004   0.0000000000000000     
   16.236000000000001        0.0000000000000000       -6.5808982932660039E-004   0.0000000000000000     
   16.434000000000001        0.0000000000000000       -6.4158617083736864E-004   0.0000000000000000     
   16.632000000000001        0.0000000000000000       -6.2540313723486330E-004   0.0000000000000000     
   16.830000000000002        0.0000000000000000       -6.0949755612761268E-004   0.0000000000000000     
   17.028000000000002        0.0000000000000000       -5.9382111222885459E-004   0.0000000000000000     
   17.225999999999999        0.0000000000000000       -5.7833158704150998E-004   0.0000000000000000     
   17.423999999999999        0.0000000000000000       -5.6292656555986418E-004   0.0000000000000000     
   17.622000000000000        0.0000000000000000       -5.4753817944798889E-004   0.0000000000000000     
   17.820000000000000        0.0000000000000000       -5.3206883214001782E-004   0.0000000000000000     
   18.018000000000001        0.0000000000000000       -5.1637609633799284E-004   0.0000000000000000     
   18.216000000000001        0.0000000000000000       -5.0027615800960520E-004   0.0000000000000000     
   18.414000000000001        0.0000000000000000       -4.8346594800369316E-004   0.0000000000000000     
   18.612000000000002        0.0000000000000000       -4.6552864523394656E-004   0.0000000000000000     
   18.810000000000002        0.0000000000000000       -4.4582806608664820E-004   0.0000000000000000     
   19.008000000000003        0.0000000000000000       -4.2336112291684502E-004   0.0000000000000000     
   19.206000000000000        0.0000000000000000       -3.9656738587104124E-004   0.0000000000000000     
   19.404000000000000        0.0000000000000000       -3.6327454706602656E-004   0.0000000000000000     
   19.602000000000000        0.0000000000000000       -3.2219313738467934E-004   0.0000000000000000     
