  -19.602000000000000        0.0000000000000000       -5.6331099709812013E-004   0.0000000000000000     
  -19.404000000000000        0.0000000000000000       -6.3454980358709973E-004   0.0000000000000000     
  -19.206000000000000        0.0000000000000000       -6.9401500970388177E-004   0.0000000000000000     
  -19.008000000000003        0.0000000000000000       -7.4344108534449619E-004   0.0000000000000000     
  -18.810000000000002        0.0000000000000000       -7.8593925679279377E-004   0.0000000000000000     
  -18.612000000000002        0.0000000000000000       -8.2381715623664278E-004   0.0000000000000000     
  -18.414000000000001        0.0000000000000000       -8.5863537748553877E-004   0.0000000000000000     
  -18.216000000000001        0.0000000000000000       -8.9139467408700670E-004   0.0000000000000000     
  -18.018000000000001        0.0000000000000000       -9.2277885432152451E-004   0.0000000000000000     
  -17.820000000000000        0.0000000000000000       -9.5325162677386828E-004   0.0000000000000000     
  -17.622000000000000        0.0000000000000000       -9.8317769894879707E-004   0.0000000000000000     
  -17.423999999999999        0.0000000000000000       -1.0128200832308679E-003   0.0000000000000000     
  -17.225999999999999        0.0000000000000000       -1.0423823903887937E-003   0.0000000000000000     
  -17.028000000000002        0.0000000000000000       -1.0720320124698705E-003   0.0000000000000000     
  -16.830000000000002        0.0000000000000000       -1.1019122306567463E-003   0.0000000000000000     
  -16.632000000000001        0.0000000000000000       -1.1321417136058436E-003   0.0000000000000000     
  -16.434000000000001        0.0000000000000000       -1.1628293845580113E-003   0.0000000000000000     
  -16.236000000000001        0.0000000000000000       -1.1940662523431808E-003   0.0000000000000000     
  -16.038000000000000        0.0000000000000000       -1.2259397263637162E-003   0.0000000000000000     
  -15.840000000000000        0.0000000000000000       -1.2585320483547017E-003   0.0000000000000000     
  -15.642000000000001        0.0000000000000000       -1.2919220729714442E-003   0.0000000000000000     
  -15.444000000000001        0.0000000000000000       -1.3261865961441636E-003   0.0000000000000000     
  -15.246000000000000        0.0000000000000000       -1.3614014434324324E-003   0.0000000000000000     
  -15.048000000000000        0.0000000000000000       -1.3976424486915598E-003   0.0000000000000000     
  -14.850000000000001        0.0000000000000000       -1.4349862312217241E-003   0.0000000000000000     
  -14.652000000000001        0.0000000000000000       -1.4735109359319523E-003   0.0000000000000000     
  -14.454000000000001        0.0000000000000000       -1.5132967564323459E-003   0.0000000000000000     
  -14.256000000000000        0.0000000000000000       -1.5544267570032329E-003   0.0000000000000000     
  -14.058000000000000        0.0000000000000000       -1.5969872279291797E-003   0.0000000000000000     
  -13.860000000000001        0.0000000000000000       -1.6410684296956225E-003   0.0000000000000000     
  -13.662000000000001        0.0000000000000000       -1.6867650001712287E-003   0.0000000000000000     
  -13.464000000000000        0.0000000000000000       -1.7341766718433828E-003   0.0000000000000000     
  -13.266000000000000        0.0000000000000000       -1.7834087634557504E-003   0.0000000000000000     
  -13.068000000000001        0.0000000000000000       -1.8345728653282238E-003   0.0000000000000000     
  -12.870000000000001        0.0000000000000000       -1.8877874636110399E-003   0.0000000000000000     
  -12.672000000000001        0.0000000000000000       -1.9431785728922376E-003   0.0000000000000000     
  -12.474000000000000        0.0000000000000000       -2.0008806869235419E-003   0.0000000000000000     
  -12.276000000000000        0.0000000000000000       -2.0610373156540358E-003   0.0000000000000000     
  -12.078000000000001        0.0000000000000000       -2.1238020382701173E-003   0.0000000000000000     
  -11.880000000000001        0.0000000000000000       -2.1893393843293741E-003   0.0000000000000000     
  -11.682000000000000        0.0000000000000000       -2.2578258573622027E-003   0.0000000000000000     
  -11.484000000000000        0.0000000000000000       -2.3294510999041988E-003   0.0000000000000000     
  -11.286000000000001        0.0000000000000000       -2.4044191098584080E-003   0.0000000000000000     
  -11.088000000000001        0.0000000000000000       -2.4829495524313740E-003   0.0000000000000000     
  -10.890000000000001        0.0000000000000000       -2.5652793522806970E-003   0.0000000000000000     
  -10.692000000000000        0.0000000000000000       -2.6516642268435277E-003   0.0000000000000000     
  -10.494000000000000        0.0000000000000000       -2.7423806525411570E-003   0.0000000000000000     
  -10.296000000000001        0.0000000000000000       -2.8377277101193457E-003   0.0000000000000000     
  -10.098000000000001        0.0000000000000000       -2.9380294823463981E-003   0.0000000000000000     
  -9.9000000000000004        0.0000000000000000       -3.0436373203620759E-003   0.0000000000000000     
  -9.7020000000000000        0.0000000000000000       -3.1549328815299467E-003   0.0000000000000000     
  -9.5040000000000013        0.0000000000000000       -3.2723308847738392E-003   0.0000000000000000     
  -9.3060000000000009        0.0000000000000000       -3.3962828059248521E-003   0.0000000000000000     
  -9.1080000000000005        0.0000000000000000       -3.5272804401061584E-003   0.0000000000000000     
  -8.9100000000000001        0.0000000000000000       -3.6658602345266606E-003   0.0000000000000000     
  -8.7119999999999997        0.0000000000000000       -3.8126081531234743E-003   0.0000000000000000     
  -8.5140000000000011        0.0000000000000000       -3.9681647731969723E-003   0.0000000000000000     
  -8.3160000000000007        0.0000000000000000       -4.1332314698817874E-003   0.0000000000000000     
  -8.1180000000000003        0.0000000000000000       -4.3085769388994857E-003   0.0000000000000000     
  -7.9199999999999999        0.0000000000000000       -4.4950448360670490E-003   0.0000000000000000     
  -7.7220000000000004        0.0000000000000000       -4.6935622122742538E-003   0.0000000000000000     
  -7.5240000000000000        0.0000000000000000       -4.9051490082988860E-003   0.0000000000000000     
  -7.3260000000000005        0.0000000000000000       -5.1309288078373629E-003   0.0000000000000000     
  -7.1280000000000001        0.0000000000000000       -5.3721410739742039E-003   0.0000000000000000     
  -6.9300000000000006        0.0000000000000000       -5.6301550505019780E-003   0.0000000000000000     
  -6.7320000000000002        0.0000000000000000       -5.9064846509810859E-003   0.0000000000000000     
  -6.5340000000000007        0.0000000000000000       -6.2028066210433929E-003   0.0000000000000000     
  -6.3360000000000003        0.0000000000000000       -6.5209801797564164E-003   0.0000000000000000     
  -6.1379999999999999        0.0000000000000000       -6.8630691234096005E-003   0.0000000000000000     
  -5.9400000000000004        0.0000000000000000       -7.2313675354396378E-003   0.0000000000000000     
  -5.7420000000000000        0.0000000000000000       -7.6284278140921948E-003   0.0000000000000000     
  -5.5440000000000005        0.0000000000000000       -8.0570922383013353E-003   0.0000000000000000     
  -5.3460000000000001        0.0000000000000000       -8.5205285869864242E-003   0.0000000000000000     
  -5.1480000000000006        0.0000000000000000       -9.0222682253222417E-003   0.0000000000000000     
  -4.9500000000000002        0.0000000000000000       -9.5662483487281760E-003   0.0000000000000000     
  -4.7520000000000007        0.0000000000000000       -1.0156854047663743E-002   0.0000000000000000     
  -4.5540000000000003        0.0000000000000000       -1.0798962060952003E-002   0.0000000000000000     
  -4.3559999999999999        0.0000000000000000       -1.1497976399886837E-002   0.0000000000000000     
  -4.1580000000000004        0.0000000000000000       -1.2259850576887317E-002   0.0000000000000000     
  -3.9600000000000000        0.0000000000000000       -1.3091075891429155E-002   0.0000000000000000     
  -3.7620000000000000        0.0000000000000000       -1.3998611022608744E-002   0.0000000000000000     
  -3.5640000000000001        0.0000000000000000       -1.4989712559964589E-002   0.0000000000000000     
  -3.3660000000000001        0.0000000000000000       -1.6071731473217579E-002   0.0000000000000000     
  -3.1680000000000001        0.0000000000000000       -1.7252531616354681E-002   0.0000000000000000     
  -2.9700000000000002        0.0000000000000000       -1.8544158730236019E-002   0.0000000000000000     
  -2.7720000000000002        0.0000000000000000       -1.9963235065732565E-002   0.0000000000000000     
  -2.5740000000000003        0.0000000000000000       -2.1523554105193431E-002   0.0000000000000000     
  -2.3760000000000003        0.0000000000000000       -2.3238330385568714E-002   0.0000000000000000     
  -2.1779999999999999        0.0000000000000000       -2.5124835094740606E-002   0.0000000000000000     
  -1.9800000000000000        0.0000000000000000       -2.7198358379940498E-002   0.0000000000000000     
  -1.7820000000000000        0.0000000000000000       -2.9464192541940611E-002   0.0000000000000000     
  -1.5840000000000001        0.0000000000000000       -3.1912493479440522E-002   0.0000000000000000     
  -1.3860000000000001        0.0000000000000000       -3.4516895474514198E-002   0.0000000000000000     
  -1.1880000000000002        0.0000000000000000       -3.7230012674325151E-002   0.0000000000000000     
 -0.98999999999999999        0.0000000000000000       -3.9981885901981200E-002   0.0000000000000000     
 -0.79200000000000004        0.0000000000000000       -4.2659118913727312E-002   0.0000000000000000     
 -0.59400000000000008        0.0000000000000000       -4.5093545147835368E-002   0.0000000000000000     
 -0.39600000000000002        0.0000000000000000       -4.7081022285605116E-002   0.0000000000000000     
 -0.19800000000000001        0.0000000000000000       -4.8398047944513599E-002   0.0000000000000000     
   0.0000000000000000        0.0000000000000000       -4.8860662360975568E-002   0.0000000000000000     
  0.19800000000000001        0.0000000000000000       -4.8398047944513599E-002   0.0000000000000000     
  0.39600000000000002        0.0000000000000000       -4.7081022285605116E-002   0.0000000000000000     
  0.59400000000000008        0.0000000000000000       -4.5093545147835368E-002   0.0000000000000000     
  0.79200000000000004        0.0000000000000000       -4.2659118913727312E-002   0.0000000000000000     
  0.98999999999999999        0.0000000000000000       -3.9981885901981200E-002   0.0000000000000000     
   1.1880000000000002        0.0000000000000000       -3.7230012674325151E-002   0.0000000000000000     
   1.3860000000000001        0.0000000000000000       -3.4516895474514198E-002   0.0000000000000000     
   1.5840000000000001        0.0000000000000000       -3.1912493479440522E-002   0.0000000000000000     
   1.7820000000000000        0.0000000000000000       -2.9464192541940611E-002   0.0000000000000000     
   1.9800000000000000        0.0000000000000000       -2.7198358379940498E-002   0.0000000000000000     
   2.1779999999999999        0.0000000000000000       -2.5124835094740606E-002   0.0000000000000000     
   2.3760000000000003        0.0000000000000000       -2.3238330385568714E-002   0.0000000000000000     
   2.5740000000000003        0.0000000000000000       -2.1523554105193431E-002   0.0000000000000000     
   2.7720000000000002        0.0000000000000000       -1.9963235065732565E-002   0.0000000000000000     
   2.9700000000000002        0.0000000000000000       -1.8544158730236019E-002   0.0000000000000000     
   3.1680000000000001        0.0000000000000000       -1.7252531616354681E-002   0.0000000000000000     
   3.3660000000000001        0.0000000000000000       -1.6071731473217579E-002   0.0000000000000000     
   3.5640000000000001        0.0000000000000000       -1.4989712559964589E-002   0.0000000000000000     
   3.7620000000000000        0.0000000000000000       -1.3998611022608744E-002   0.0000000000000000     
   3.9600000000000000        0.0000000000000000       -1.3091075891429155E-002   0.0000000000000000     
   4.1580000000000004        0.0000000000000000       -1.2259850576887317E-002   0.0000000000000000     
   4.3559999999999999        0.0000000000000000       -1.1497976399886837E-002   0.0000000000000000     
   4.5540000000000003        0.0000000000000000       -1.0798962060952003E-002   0.0000000000000000     
   4.7520000000000007        0.0000000000000000       -1.0156854047663743E-002   0.0000000000000000     
   4.9500000000000002        0.0000000000000000       -9.5662483487281760E-003   0.0000000000000000     
   5.1480000000000006        0.0000000000000000       -9.0222682253222417E-003   0.0000000000000000     
   5.3460000000000001        0.0000000000000000       -8.5205285869864242E-003   0.0000000000000000     
   5.5440000000000005        0.0000000000000000       -8.0570922383013353E-003   0.0000000000000000     
   5.7420000000000000        0.0000000000000000       -7.6284278140921948E-003   0.0000000000000000     
   5.9400000000000004        0.0000000000000000       -7.2313675354396378E-003   0.0000000000000000     
   6.1379999999999999        0.0000000000000000       -6.8630691234096005E-003   0.0000000000000000     
   6.3360000000000003        0.0000000000000000       -6.5209801797564164E-003   0.0000000000000000     
   6.5340000000000007        0.0000000000000000       -6.2028066210433929E-003   0.0000000000000000     
   6.7320000000000002        0.0000000000000000       -5.9064846509810859E-003   0.0000000000000000     
   6.9300000000000006        0.0000000000000000       -5.6301550505019780E-003   0.0000000000000000     
   7.1280000000000001        0.0000000000000000       -5.3721410739742039E-003   0.0000000000000000     
   7.3260000000000005        0.0000000000000000       -5.1309288078373629E-003   0.0000000000000000     
   7.5240000000000000        0.0000000000000000       -4.9051490082988860E-003   0.0000000000000000     
   7.7220000000000004        0.0000000000000000       -4.6935622122742538E-003   0.0000000000000000     
   7.9199999999999999        0.0000000000000000       -4.4950448360670490E-003   0.0000000000000000     
   8.1180000000000003        0.0000000000000000       -4.3085769388994857E-003   0.0000000000000000     
   8.3160000000000007        0.0000000000000000       -4.1332314698817874E-003   0.0000000000000000     
   8.5140000000000011        0.0000000000000000       -3.9681647731969723E-003   0.0000000000000000     
   8.7119999999999997        0.0000000000000000       -3.8126081531234743E-003   0.0000000000000000     
   8.9100000000000001        0.0000000000000000       -3.6658602345266606E-003   0.0000000000000000     
   9.1080000000000005        0.0000000000000000       -3.5272804401061584E-003   0.0000000000000000     
   9.3060000000000009        0.0000000000000000       -3.3962828059248521E-003   0.0000000000000000     
   9.5040000000000013        0.0000000000000000       -3.2723308847738392E-003   0.0000000000000000     
   9.7020000000000000        0.0000000000000000       -3.1549328815299467E-003   0.0000000000000000     
   9.9000000000000004        0.0000000000000000       -3.0436373203620759E-003   0.0000000000000000     
   10.098000000000001        0.0000000000000000       -2.9380294823463981E-003   0.0000000000000000     
   10.296000000000001        0.0000000000000000       -2.8377277101193457E-003   0.0000000000000000     
   10.494000000000000        0.0000000000000000       -2.7423806525411570E-003   0.0000000000000000     
   10.692000000000000        0.0000000000000000       -2.6516642268435277E-003   0.0000000000000000     
   10.890000000000001        0.0000000000000000       -2.5652793522806970E-003   0.0000000000000000     
   11.088000000000001        0.0000000000000000       -2.4829495524313740E-003   0.0000000000000000     
   11.286000000000001        0.0000000000000000       -2.4044191098584080E-003   0.0000000000000000     
   11.484000000000000        0.0000000000000000       -2.3294510999041988E-003   0.0000000000000000     
   11.682000000000000        0.0000000000000000       -2.2578258573622027E-003   0.0000000000000000     
   11.880000000000001        0.0000000000000000       -2.1893393843293741E-003   0.0000000000000000     
   12.078000000000001        0.0000000000000000       -2.1238020382701173E-003   0.0000000000000000     
   12.276000000000000        0.0000000000000000       -2.0610373156540358E-003   0.0000000000000000     
   12.474000000000000        0.0000000000000000       -2.0008806869235419E-003   0.0000000000000000     
   12.672000000000001        0.0000000000000000       -1.9431785728922376E-003   0.0000000000000000     
   12.870000000000001        0.0000000000000000       -1.8877874636110399E-003   0.0000000000000000     
   13.068000000000001        0.0000000000000000       -1.8345728653282238E-003   0.0000000000000000     
   13.266000000000000        0.0000000000000000       -1.7834087634557504E-003   0.0000000000000000     
   13.464000000000000        0.0000000000000000       -1.7341766718433828E-003   0.0000000000000000     
   13.662000000000001        0.0000000000000000       -1.6867650001712287E-003   0.0000000000000000     
   13.860000000000001        0.0000000000000000       -1.6410684296956225E-003   0.0000000000000000     
   14.058000000000000        0.0000000000000000       -1.5969872279291797E-003   0.0000000000000000     
   14.256000000000000        0.0000000000000000       -1.5544267570032329E-003   0.0000000000000000     
   14.454000000000001        0.0000000000000000       -1.5132967564323459E-003   0.0000000000000000     
   14.652000000000001        0.0000000000000000       -1.4735109359319523E-003   0.0000000000000000     
   14.850000000000001        0.0000000000000000       -1.4349862312217241E-003   0.0000000000000000     
   15.048000000000000        0.0000000000000000       -1.3976424486915598E-003   0.0000000000000000     
   15.246000000000000        0.0000000000000000       -1.3614014434324324E-003   0.0000000000000000     
   15.444000000000001        0.0000000000000000       -1.3261865961441636E-003   0.0000000000000000     
   15.642000000000001        0.0000000000000000       -1.2919220729714442E-003   0.0000000000000000     
   15.840000000000000        0.0000000000000000       -1.2585320483547017E-003   0.0000000000000000     
   16.038000000000000        0.0000000000000000       -1.2259397263637162E-003   0.0000000000000000     
   16.236000000000001        0.0000000000000000       -1.1940662523431808E-003   0.0000000000000000     
   16.434000000000001        0.0000000000000000       -1.1628293845580113E-003   0.0000000000000000     
   16.632000000000001        0.0000000000000000       -1.1321417136058436E-003   0.0000000000000000     
   16.830000000000002        0.0000000000000000       -1.1019122306567463E-003   0.0000000000000000     
   17.028000000000002        0.0000000000000000       -1.0720320124698705E-003   0.0000000000000000     
   17.225999999999999        0.0000000000000000       -1.0423823903887937E-003   0.0000000000000000     
   17.423999999999999        0.0000000000000000       -1.0128200832308679E-003   0.0000000000000000     
   17.622000000000000        0.0000000000000000       -9.8317769894879707E-004   0.0000000000000000     
   17.820000000000000        0.0000000000000000       -9.5325162677386828E-004   0.0000000000000000     
   18.018000000000001        0.0000000000000000       -9.2277885432152451E-004   0.0000000000000000     
   18.216000000000001        0.0000000000000000       -8.9139467408700670E-004   0.0000000000000000     
   18.414000000000001        0.0000000000000000       -8.5863537748553877E-004   0.0000000000000000     
   18.612000000000002        0.0000000000000000       -8.2381715623664278E-004   0.0000000000000000     
   18.810000000000002        0.0000000000000000       -7.8593925679279377E-004   0.0000000000000000     
   19.008000000000003        0.0000000000000000       -7.4344108534449619E-004   0.0000000000000000     
   19.206000000000000        0.0000000000000000       -6.9401500970388177E-004   0.0000000000000000     
   19.404000000000000        0.0000000000000000       -6.3454980358709973E-004   0.0000000000000000     
   19.602000000000000        0.0000000000000000       -5.6331099709812013E-004   0.0000000000000000     
