  -19.602000000000000        0.0000000000000000       -5.2503405843145560E-003   0.0000000000000000     
  -19.404000000000000        0.0000000000000000       -5.5509729377609032E-003   0.0000000000000000     
  -19.206000000000000        0.0000000000000000       -5.8323690469727759E-003   0.0000000000000000     
  -19.008000000000003        0.0000000000000000       -6.0983393240433420E-003   0.0000000000000000     
  -18.810000000000002        0.0000000000000000       -6.3523515303093086E-003   0.0000000000000000     
  -18.612000000000002        0.0000000000000000       -6.5973346540967957E-003   0.0000000000000000     
  -18.414000000000001        0.0000000000000000       -6.8349200794937046E-003   0.0000000000000000     
  -18.216000000000001        0.0000000000000000       -7.0672598272766849E-003   0.0000000000000000     
  -18.018000000000001        0.0000000000000000       -7.2952510867977088E-003   0.0000000000000000     
  -17.820000000000000        0.0000000000000000       -7.5199440428979593E-003   0.0000000000000000     
  -17.622000000000000        0.0000000000000000       -7.7428092308796190E-003   0.0000000000000000     
  -17.423999999999999        0.0000000000000000       -7.9638506511308139E-003   0.0000000000000000     
  -17.225999999999999        0.0000000000000000       -8.1837412758576384E-003   0.0000000000000000     
  -17.028000000000002        0.0000000000000000       -8.4030499749999880E-003   0.0000000000000000     
  -16.830000000000002        0.0000000000000000       -8.6220898038161520E-003   0.0000000000000000     
  -16.632000000000001        0.0000000000000000       -8.8415199967738223E-003   0.0000000000000000     
  -16.434000000000001        0.0000000000000000       -9.0617539248549813E-003   0.0000000000000000     
  -16.236000000000001        0.0000000000000000       -9.2831776771319756E-003   0.0000000000000000     
  -16.038000000000000        0.0000000000000000       -9.5061547727454190E-003   0.0000000000000000     
  -15.840000000000000        0.0000000000000000       -9.7310307604287927E-003   0.0000000000000000     
  -15.642000000000001        0.0000000000000000       -9.9581364851848275E-003   0.0000000000000000     
  -15.444000000000001        0.0000000000000000       -1.0187791666512869E-002   0.0000000000000000     
  -15.246000000000000        0.0000000000000000       -1.0420307175127461E-002   0.0000000000000000     
  -15.048000000000000        0.0000000000000000       -1.0655987659941329E-002   0.0000000000000000     
  -14.850000000000001        0.0000000000000000       -1.0895133728922146E-002   0.0000000000000000     
  -14.652000000000001        0.0000000000000000       -1.1138044019339471E-002   0.0000000000000000     
  -14.454000000000001        0.0000000000000000       -1.1385016713119134E-002   0.0000000000000000     
  -14.256000000000000        0.0000000000000000       -1.1636351407992544E-002   0.0000000000000000     
  -14.058000000000000        0.0000000000000000       -1.1892350538832733E-002   0.0000000000000000     
  -13.860000000000001        0.0000000000000000       -1.2153321827661654E-002   0.0000000000000000     
  -13.662000000000001        0.0000000000000000       -1.2419635533444341E-002   0.0000000000000000     
  -13.464000000000000        0.0000000000000000       -1.2691549187157954E-002   0.0000000000000000     
  -13.266000000000000        0.0000000000000000       -1.2969393040199248E-002   0.0000000000000000     
  -13.068000000000001        0.0000000000000000       -1.3253507435266643E-002   0.0000000000000000     
  -12.870000000000001        0.0000000000000000       -1.3544244242444263E-002   0.0000000000000000     
  -12.672000000000001        0.0000000000000000       -1.3841968905483414E-002   0.0000000000000000     
  -12.474000000000000        0.0000000000000000       -1.4147061437290874E-002   0.0000000000000000     
  -12.276000000000000        0.0000000000000000       -1.4459918425653463E-002   0.0000000000000000     
  -12.078000000000001        0.0000000000000000       -1.4780954578088370E-002   0.0000000000000000     
  -11.880000000000001        0.0000000000000000       -1.5110604259319522E-002   0.0000000000000000     
  -11.682000000000000        0.0000000000000000       -1.5449323877684230E-002   0.0000000000000000     
  -11.484000000000000        0.0000000000000000       -1.5797593747986755E-002   0.0000000000000000     
  -11.286000000000001        0.0000000000000000       -1.6155919709166751E-002   0.0000000000000000     
  -11.088000000000001        0.0000000000000000       -1.6524836325531544E-002   0.0000000000000000     
  -10.890000000000001        0.0000000000000000       -1.6904908415936736E-002   0.0000000000000000     
  -10.692000000000000        0.0000000000000000       -1.7296734287279670E-002   0.0000000000000000     
  -10.494000000000000        0.0000000000000000       -1.7700947905216938E-002   0.0000000000000000     
  -10.296000000000001        0.0000000000000000       -1.8118222593140765E-002   0.0000000000000000     
  -10.098000000000001        0.0000000000000000       -1.8549273741197646E-002   0.0000000000000000     
  -9.9000000000000004        0.0000000000000000       -1.8994862258236121E-002   0.0000000000000000     
  -9.7020000000000000        0.0000000000000000       -1.9455798518733532E-002   0.0000000000000000     
  -9.5040000000000013        0.0000000000000000       -1.9932945752986677E-002   0.0000000000000000     
  -9.3060000000000009        0.0000000000000000       -2.0427224194057948E-002   0.0000000000000000     
  -9.1080000000000005        0.0000000000000000       -2.0939616521621469E-002   0.0000000000000000     
  -8.9100000000000001        0.0000000000000000       -2.1471170855801979E-002   0.0000000000000000     
  -8.7119999999999997        0.0000000000000000       -2.2023006138342061E-002   0.0000000000000000     
  -8.5140000000000011        0.0000000000000000       -2.2596317783841698E-002   0.0000000000000000     
  -8.3160000000000007        0.0000000000000000       -2.3192381561240854E-002   0.0000000000000000     
  -8.1180000000000003        0.0000000000000000       -2.3812559085596548E-002   0.0000000000000000     
  -7.9199999999999999        0.0000000000000000       -2.4458302199153056E-002   0.0000000000000000     
  -7.7220000000000004        0.0000000000000000       -2.5131158379239921E-002   0.0000000000000000     
  -7.5240000000000000        0.0000000000000000       -2.5832772827875557E-002   0.0000000000000000     
  -7.3260000000000005        0.0000000000000000       -2.6564891420440460E-002   0.0000000000000000     
  -7.1280000000000001        0.0000000000000000       -2.7329362562078532E-002   0.0000000000000000     
  -6.9300000000000006        0.0000000000000000       -2.8128132676660311E-002   0.0000000000000000     
  -6.7320000000000002        0.0000000000000000       -2.8963242118828739E-002   0.0000000000000000     
  -6.5340000000000007        0.0000000000000000       -2.9836814053104541E-002   0.0000000000000000     
  -6.3360000000000003        0.0000000000000000       -3.0751042119970616E-002   0.0000000000000000     
  -6.1379999999999999        0.0000000000000000       -3.1708175753341554E-002   0.0000000000000000     
  -5.9400000000000004        0.0000000000000000       -3.2710563359868182E-002   0.0000000000000000     
  -5.7420000000000000        0.0000000000000000       -3.3761204926470174E-002   0.0000000000000000     
  -5.5440000000000005        0.0000000000000000       -3.4863965254849527E-002   0.0000000000000000     
  -5.3460000000000001        0.0000000000000000       -3.6022162580314772E-002   0.0000000000000000     
  -5.1480000000000006        0.0000000000000000       -3.7238595646297244E-002   0.0000000000000000     
  -4.9500000000000002        0.0000000000000000       -3.8515985871675325E-002   0.0000000000000000     
  -4.7520000000000007        0.0000000000000000       -3.9856958955441321E-002   0.0000000000000000     
  -4.5540000000000003        0.0000000000000000       -4.1263951853390338E-002   0.0000000000000000     
  -4.3559999999999999        0.0000000000000000       -4.2739086985270396E-002   0.0000000000000000     
  -4.1580000000000004        0.0000000000000000       -4.4284016447317165E-002   0.0000000000000000     
  -3.9600000000000000        0.0000000000000000       -4.5899726328291320E-002   0.0000000000000000     
  -3.7620000000000000        0.0000000000000000       -4.7586298555496495E-002   0.0000000000000000     
  -3.5640000000000001        0.0000000000000000       -4.9342609294088659E-002   0.0000000000000000     
  -3.3660000000000001        0.0000000000000000       -5.1165935536095136E-002   0.0000000000000000     
  -3.1680000000000001        0.0000000000000000       -5.3051365375916829E-002   0.0000000000000000     
  -2.9700000000000002        0.0000000000000000       -5.4990729419092887E-002   0.0000000000000000     
  -2.7720000000000002        0.0000000000000000       -5.6970224666509861E-002   0.0000000000000000     
  -2.5740000000000003        0.0000000000000000       -5.8964616423283191E-002   0.0000000000000000     
  -2.3760000000000003        0.0000000000000000       -6.0944350389253006E-002   0.0000000000000000     
  -2.1779999999999999        0.0000000000000000       -6.2886719961361096E-002   0.0000000000000000     
  -1.9800000000000000        0.0000000000000000       -6.4734806840276132E-002   0.0000000000000000     
  -1.7820000000000000        0.0000000000000000       -6.6435391696611085E-002   0.0000000000000000     
  -1.5840000000000001        0.0000000000000000       -6.7979563802688575E-002   0.0000000000000000     
  -1.3860000000000001        0.0000000000000000       -6.9314558428066775E-002   0.0000000000000000     
  -1.1880000000000002        0.0000000000000000       -7.0414698433551470E-002   0.0000000000000000     
 -0.98999999999999999        0.0000000000000000       -7.1239916533545708E-002   0.0000000000000000     
 -0.79200000000000004        0.0000000000000000       -7.1768692399533943E-002   0.0000000000000000     
 -0.59400000000000008        0.0000000000000000       -7.2015439408744247E-002   0.0000000000000000     
 -0.39600000000000002        0.0000000000000000       -7.2016544983291284E-002   0.0000000000000000     
 -0.19800000000000001        0.0000000000000000       -7.1910929436635990E-002   0.0000000000000000     
   0.0000000000000000        0.0000000000000000       -7.1859294460045672E-002   0.0000000000000000     
  0.19800000000000001        0.0000000000000000       -7.1910929436635990E-002   0.0000000000000000     
  0.39600000000000002        0.0000000000000000       -7.2016544983291284E-002   0.0000000000000000     
  0.59400000000000008        0.0000000000000000       -7.2015439408744247E-002   0.0000000000000000     
  0.79200000000000004        0.0000000000000000       -7.1768692399533943E-002   0.0000000000000000     
  0.98999999999999999        0.0000000000000000       -7.1239916533545708E-002   0.0000000000000000     
   1.1880000000000002        0.0000000000000000       -7.0414698433551470E-002   0.0000000000000000     
   1.3860000000000001        0.0000000000000000       -6.9314558428066775E-002   0.0000000000000000     
   1.5840000000000001        0.0000000000000000       -6.7979563802688575E-002   0.0000000000000000     
   1.7820000000000000        0.0000000000000000       -6.6435391696611085E-002   0.0000000000000000     
   1.9800000000000000        0.0000000000000000       -6.4734806840276132E-002   0.0000000000000000     
   2.1779999999999999        0.0000000000000000       -6.2886719961361096E-002   0.0000000000000000     
   2.3760000000000003        0.0000000000000000       -6.0944350389253006E-002   0.0000000000000000     
   2.5740000000000003        0.0000000000000000       -5.8964616423283191E-002   0.0000000000000000     
   2.7720000000000002        0.0000000000000000       -5.6970224666509861E-002   0.0000000000000000     
   2.9700000000000002        0.0000000000000000       -5.4990729419092887E-002   0.0000000000000000     
   3.1680000000000001        0.0000000000000000       -5.3051365375916829E-002   0.0000000000000000     
   3.3660000000000001        0.0000000000000000       -5.1165935536095136E-002   0.0000000000000000     
   3.5640000000000001        0.0000000000000000       -4.9342609294088659E-002   0.0000000000000000     
   3.7620000000000000        0.0000000000000000       -4.7586298555496495E-002   0.0000000000000000     
   3.9600000000000000        0.0000000000000000       -4.5899726328291320E-002   0.0000000000000000     
   4.1580000000000004        0.0000000000000000       -4.4284016447317165E-002   0.0000000000000000     
   4.3559999999999999        0.0000000000000000       -4.2739086985270396E-002   0.0000000000000000     
   4.5540000000000003        0.0000000000000000       -4.1263951853390338E-002   0.0000000000000000     
   4.7520000000000007        0.0000000000000000       -3.9856958955441321E-002   0.0000000000000000     
   4.9500000000000002        0.0000000000000000       -3.8515985871675325E-002   0.0000000000000000     
   5.1480000000000006        0.0000000000000000       -3.7238595646297244E-002   0.0000000000000000     
   5.3460000000000001        0.0000000000000000       -3.6022162580314772E-002   0.0000000000000000     
   5.5440000000000005        0.0000000000000000       -3.4863965254849527E-002   0.0000000000000000     
   5.7420000000000000        0.0000000000000000       -3.3761204926470174E-002   0.0000000000000000     
   5.9400000000000004        0.0000000000000000       -3.2710563359868182E-002   0.0000000000000000     
   6.1379999999999999        0.0000000000000000       -3.1708175753341554E-002   0.0000000000000000     
   6.3360000000000003        0.0000000000000000       -3.0751042119970616E-002   0.0000000000000000     
   6.5340000000000007        0.0000000000000000       -2.9836814053104541E-002   0.0000000000000000     
   6.7320000000000002        0.0000000000000000       -2.8963242118828739E-002   0.0000000000000000     
   6.9300000000000006        0.0000000000000000       -2.8128132676660311E-002   0.0000000000000000     
   7.1280000000000001        0.0000000000000000       -2.7329362562078532E-002   0.0000000000000000     
   7.3260000000000005        0.0000000000000000       -2.6564891420440460E-002   0.0000000000000000     
   7.5240000000000000        0.0000000000000000       -2.5832772827875557E-002   0.0000000000000000     
   7.7220000000000004        0.0000000000000000       -2.5131158379239921E-002   0.0000000000000000     
   7.9199999999999999        0.0000000000000000       -2.4458302199153056E-002   0.0000000000000000     
   8.1180000000000003        0.0000000000000000       -2.3812559085596548E-002   0.0000000000000000     
   8.3160000000000007        0.0000000000000000       -2.3192381561240854E-002   0.0000000000000000     
   8.5140000000000011        0.0000000000000000       -2.2596317783841698E-002   0.0000000000000000     
   8.7119999999999997        0.0000000000000000       -2.2023006138342061E-002   0.0000000000000000     
   8.9100000000000001        0.0000000000000000       -2.1471170855801979E-002   0.0000000000000000     
   9.1080000000000005        0.0000000000000000       -2.0939616521621469E-002   0.0000000000000000     
   9.3060000000000009        0.0000000000000000       -2.0427224194057948E-002   0.0000000000000000     
   9.5040000000000013        0.0000000000000000       -1.9932945752986677E-002   0.0000000000000000     
   9.7020000000000000        0.0000000000000000       -1.9455798518733532E-002   0.0000000000000000     
   9.9000000000000004        0.0000000000000000       -1.8994862258236121E-002   0.0000000000000000     
   10.098000000000001        0.0000000000000000       -1.8549273741197646E-002   0.0000000000000000     
   10.296000000000001        0.0000000000000000       -1.8118222593140765E-002   0.0000000000000000     
   10.494000000000000        0.0000000000000000       -1.7700947905216938E-002   0.0000000000000000     
   10.692000000000000        0.0000000000000000       -1.7296734287279670E-002   0.0000000000000000     
   10.890000000000001        0.0000000000000000       -1.6904908415936736E-002   0.0000000000000000     
   11.088000000000001        0.0000000000000000       -1.6524836325531544E-002   0.0000000000000000     
   11.286000000000001        0.0000000000000000       -1.6155919709166751E-002   0.0000000000000000     
   11.484000000000000        0.0000000000000000       -1.5797593747986755E-002   0.0000000000000000     
   11.682000000000000        0.0000000000000000       -1.5449323877684230E-002   0.0000000000000000     
   11.880000000000001        0.0000000000000000       -1.5110604259319522E-002   0.0000000000000000     
   12.078000000000001        0.0000000000000000       -1.4780954578088370E-002   0.0000000000000000     
   12.276000000000000        0.0000000000000000       -1.4459918425653463E-002   0.0000000000000000     
   12.474000000000000        0.0000000000000000       -1.4147061437290874E-002   0.0000000000000000     
   12.672000000000001        0.0000000000000000       -1.3841968905483414E-002   0.0000000000000000     
   12.870000000000001        0.0000000000000000       -1.3544244242444263E-002   0.0000000000000000     
   13.068000000000001        0.0000000000000000       -1.3253507435266643E-002   0.0000000000000000     
   13.266000000000000        0.0000000000000000       -1.2969393040199248E-002   0.0000000000000000     
   13.464000000000000        0.0000000000000000       -1.2691549187157954E-002   0.0000000000000000     
   13.662000000000001        0.0000000000000000       -1.2419635533444341E-002   0.0000000000000000     
   13.860000000000001        0.0000000000000000       -1.2153321827661654E-002   0.0000000000000000     
   14.058000000000000        0.0000000000000000       -1.1892350538832733E-002   0.0000000000000000     
   14.256000000000000        0.0000000000000000       -1.1636351407992544E-002   0.0000000000000000     
   14.454000000000001        0.0000000000000000       -1.1385016713119134E-002   0.0000000000000000     
   14.652000000000001        0.0000000000000000       -1.1138044019339471E-002   0.0000000000000000     
   14.850000000000001        0.0000000000000000       -1.0895133728922146E-002   0.0000000000000000     
   15.048000000000000        0.0000000000000000       -1.0655987659941329E-002   0.0000000000000000     
   15.246000000000000        0.0000000000000000       -1.0420307175127461E-002   0.0000000000000000     
   15.444000000000001        0.0000000000000000       -1.0187791666512869E-002   0.0000000000000000     
   15.642000000000001        0.0000000000000000       -9.9581364851848275E-003   0.0000000000000000     
   15.840000000000000        0.0000000000000000       -9.7310307604287927E-003   0.0000000000000000     
   16.038000000000000        0.0000000000000000       -9.5061547727454190E-003   0.0000000000000000     
   16.236000000000001        0.0000000000000000       -9.2831776771319756E-003   0.0000000000000000     
   16.434000000000001        0.0000000000000000       -9.0617539248549813E-003   0.0000000000000000     
   16.632000000000001        0.0000000000000000       -8.8415199967738223E-003   0.0000000000000000     
   16.830000000000002        0.0000000000000000       -8.6220898038161520E-003   0.0000000000000000     
   17.028000000000002        0.0000000000000000       -8.4030499749999880E-003   0.0000000000000000     
   17.225999999999999        0.0000000000000000       -8.1837412758576384E-003   0.0000000000000000     
   17.423999999999999        0.0000000000000000       -7.9638506511308139E-003   0.0000000000000000     
   17.622000000000000        0.0000000000000000       -7.7428092308796190E-003   0.0000000000000000     
   17.820000000000000        0.0000000000000000       -7.5199440428979593E-003   0.0000000000000000     
   18.018000000000001        0.0000000000000000       -7.2952510867977088E-003   0.0000000000000000     
   18.216000000000001        0.0000000000000000       -7.0672598272766849E-003   0.0000000000000000     
   18.414000000000001        0.0000000000000000       -6.8349200794937046E-003   0.0000000000000000     
   18.612000000000002        0.0000000000000000       -6.5973346540967957E-003   0.0000000000000000     
   18.810000000000002        0.0000000000000000       -6.3523515303093086E-003   0.0000000000000000     
   19.008000000000003        0.0000000000000000       -6.0983393240433420E-003   0.0000000000000000     
   19.206000000000000        0.0000000000000000       -5.8323690469727759E-003   0.0000000000000000     
   19.404000000000000        0.0000000000000000       -5.5509729377609032E-003   0.0000000000000000     
   19.602000000000000        0.0000000000000000       -5.2503405843145560E-003   0.0000000000000000     
