  -19.602000000000000        0.0000000000000000       -2.9811603844927554E-002   0.0000000000000000     
  -19.404000000000000        0.0000000000000000       -3.0571434638650224E-002   0.0000000000000000     
  -19.206000000000000        0.0000000000000000       -3.1546308423635101E-002   0.0000000000000000     
  -19.008000000000003        0.0000000000000000       -3.2611435662036989E-002   0.0000000000000000     
  -18.810000000000002        0.0000000000000000       -3.3707525381003148E-002   0.0000000000000000     
  -18.612000000000002        0.0000000000000000       -3.4809381366341069E-002   0.0000000000000000     
  -18.414000000000001        0.0000000000000000       -3.5907137075517688E-002   0.0000000000000000     
  -18.216000000000001        0.0000000000000000       -3.6996892060054506E-002   0.0000000000000000     
  -18.018000000000001        0.0000000000000000       -3.8074558572194710E-002   0.0000000000000000     
  -17.820000000000000        0.0000000000000000       -3.9141426757388319E-002   0.0000000000000000     
  -17.622000000000000        0.0000000000000000       -4.0198133189839939E-002   0.0000000000000000     
  -17.423999999999999        0.0000000000000000       -4.1248263566752708E-002   0.0000000000000000     
  -17.225999999999999        0.0000000000000000       -4.2290334942403765E-002   0.0000000000000000     
  -17.028000000000002        0.0000000000000000       -4.3325974379724443E-002   0.0000000000000000     
  -16.830000000000002        0.0000000000000000       -4.4357716281291600E-002   0.0000000000000000     
  -16.632000000000001        0.0000000000000000       -4.5385342207478425E-002   0.0000000000000000     
  -16.434000000000001        0.0000000000000000       -4.6410151167267731E-002   0.0000000000000000     
  -16.236000000000001        0.0000000000000000       -4.7433380390376430E-002   0.0000000000000000     
  -16.038000000000000        0.0000000000000000       -4.8456222051458796E-002   0.0000000000000000     
  -15.840000000000000        0.0000000000000000       -4.9479192167400529E-002   0.0000000000000000     
  -15.642000000000001        0.0000000000000000       -5.0504045562837510E-002   0.0000000000000000     
  -15.444000000000001        0.0000000000000000       -5.1531777364734480E-002   0.0000000000000000     
  -15.246000000000000        0.0000000000000000       -5.2563341331987271E-002   0.0000000000000000     
  -15.048000000000000        0.0000000000000000       -5.3599657067182324E-002   0.0000000000000000     
  -14.850000000000001        0.0000000000000000       -5.4641610503279960E-002   0.0000000000000000     
  -14.652000000000001        0.0000000000000000       -5.5690058003551264E-002   0.0000000000000000     
  -14.454000000000001        0.0000000000000000       -5.6745830166555607E-002   0.0000000000000000     
  -14.256000000000000        0.0000000000000000       -5.7809733876109042E-002   0.0000000000000000     
  -14.058000000000000        0.0000000000000000       -5.8882557064880221E-002   0.0000000000000000     
  -13.860000000000001        0.0000000000000000       -5.9965067033121211E-002   0.0000000000000000     
  -13.662000000000001        0.0000000000000000       -6.1058018456817770E-002   0.0000000000000000     
  -13.464000000000000        0.0000000000000000       -6.2162150371728515E-002   0.0000000000000000     
  -13.266000000000000        0.0000000000000000       -6.3278192537135985E-002   0.0000000000000000     
  -13.068000000000001        0.0000000000000000       -6.4406869159710278E-002   0.0000000000000000     
  -12.870000000000001        0.0000000000000000       -6.5549233996989462E-002   0.0000000000000000     
  -12.672000000000001        0.0000000000000000       -6.6705619615802264E-002   0.0000000000000000     
  -12.474000000000000        0.0000000000000000       -6.7876727872263218E-002   0.0000000000000000     
  -12.276000000000000        0.0000000000000000       -6.9063253897410318E-002   0.0000000000000000     
  -12.078000000000001        0.0000000000000000       -7.0265890698573252E-002   0.0000000000000000     
  -11.880000000000001        0.0000000000000000       -7.1485326276144304E-002   0.0000000000000000     
  -11.682000000000000        0.0000000000000000       -7.2722244589570689E-002   0.0000000000000000     
  -11.484000000000000        0.0000000000000000       -7.3977327909656512E-002   0.0000000000000000     
  -11.286000000000001        0.0000000000000000       -7.5251253868967888E-002   0.0000000000000000     
  -11.088000000000001        0.0000000000000000       -7.6544695970637969E-002   0.0000000000000000     
  -10.890000000000001        0.0000000000000000       -7.7858323868578563E-002   0.0000000000000000     
  -10.692000000000000        0.0000000000000000       -7.9192800897194299E-002   0.0000000000000000     
  -10.494000000000000        0.0000000000000000       -8.0548783474089697E-002   0.0000000000000000     
  -10.296000000000001        0.0000000000000000       -8.1926918755141229E-002   0.0000000000000000     
  -10.098000000000001        0.0000000000000000       -8.3327842813122333E-002   0.0000000000000000     
  -9.9000000000000004        0.0000000000000000       -8.4752178089990887E-002   0.0000000000000000     
  -9.7020000000000000        0.0000000000000000       -8.6200529378066118E-002   0.0000000000000000     
  -9.5040000000000013        0.0000000000000000       -8.7673480582848060E-002   0.0000000000000000     
  -9.3060000000000009        0.0000000000000000       -8.9171589417433805E-002   0.0000000000000000     
  -9.1080000000000005        0.0000000000000000       -9.0695384257511794E-002   0.0000000000000000     
  -8.9100000000000001        0.0000000000000000       -9.2245355672337409E-002   0.0000000000000000     
  -8.7119999999999997        0.0000000000000000       -9.3821950971669357E-002   0.0000000000000000     
  -8.5140000000000011        0.0000000000000000       -9.5425567628172947E-002   0.0000000000000000     
  -8.3160000000000007        0.0000000000000000       -9.7056545225025853E-002   0.0000000000000000     
  -8.1180000000000003        0.0000000000000000       -9.8715160441606886E-002   0.0000000000000000     
  -7.9199999999999999        0.0000000000000000      -0.10040162126491578        0.0000000000000000     
  -7.7220000000000004        0.0000000000000000      -0.10211606553321083        0.0000000000000000     
  -7.5240000000000000        0.0000000000000000      -0.10385856746936147        0.0000000000000000     
  -7.3260000000000005        0.0000000000000000      -0.10562915357179127        0.0000000000000000     
  -7.1280000000000001        0.0000000000000000      -0.10742786613400453        0.0000000000000000     
  -6.9300000000000006        0.0000000000000000      -0.10925498022785080        0.0000000000000000     
  -6.7320000000000002        0.0000000000000000      -0.11111145094507408        0.0000000000000000     
  -6.5340000000000007        0.0000000000000000      -0.11299609796746997        0.0000000000000000     
  -6.3360000000000003        0.0000000000000000      -0.11490272309874125        0.0000000000000000     
  -6.1379999999999999        0.0000000000000000      -0.11682895016352904        0.0000000000000000     
  -5.9400000000000004        0.0000000000000000      -0.11877401387548633        0.0000000000000000     
  -5.7420000000000000        0.0000000000000000      -0.12073594160036552        0.0000000000000000     
  -5.5440000000000005        0.0000000000000000      -0.12271182871994685        0.0000000000000000     
  -5.3460000000000001        0.0000000000000000      -0.12469794001618384        0.0000000000000000     
  -5.1480000000000006        0.0000000000000000      -0.12668967783528037        0.0000000000000000     
  -4.9500000000000002        0.0000000000000000      -0.12868147297422397        0.0000000000000000     
  -4.7520000000000007        0.0000000000000000      -0.13066665092737084        0.0000000000000000     
  -4.5540000000000003        0.0000000000000000      -0.13263726039607482        0.0000000000000000     
  -4.3559999999999999        0.0000000000000000      -0.13458390219743310        0.0000000000000000     
  -4.1580000000000004        0.0000000000000000      -0.13649551304607316        0.0000000000000000     
  -3.9600000000000000        0.0000000000000000      -0.13835898078318076        0.0000000000000000     
  -3.7620000000000000        0.0000000000000000      -0.14015817013635407        0.0000000000000000     
  -3.5640000000000001        0.0000000000000000      -0.14187691465597291        0.0000000000000000     
  -3.3660000000000001        0.0000000000000000      -0.14350283645538575        0.0000000000000000     
  -3.1680000000000001        0.0000000000000000      -0.14501444528733665        0.0000000000000000     
  -2.9700000000000002        0.0000000000000000      -0.14638090155138628        0.0000000000000000     
  -2.7720000000000002        0.0000000000000000      -0.14755878656119933        0.0000000000000000     
  -2.5740000000000003        0.0000000000000000      -0.14850169442079747        0.0000000000000000     
  -2.3760000000000003        0.0000000000000000      -0.14915900951700800        0.0000000000000000     
  -2.1779999999999999        0.0000000000000000      -0.14944771993956166        0.0000000000000000     
  -1.9800000000000000        0.0000000000000000      -0.14936046380921139        0.0000000000000000     
  -1.7820000000000000        0.0000000000000000      -0.14890914377018599        0.0000000000000000     
  -1.5840000000000001        0.0000000000000000      -0.14803828606054220        0.0000000000000000     
  -1.3860000000000001        0.0000000000000000      -0.14670293595551306        0.0000000000000000     
  -1.1880000000000002        0.0000000000000000      -0.14491042815014141        0.0000000000000000     
 -0.98999999999999999        0.0000000000000000      -0.14271046560868347        0.0000000000000000     
 -0.79200000000000004        0.0000000000000000      -0.14022918104446444        0.0000000000000000     
 -0.59400000000000008        0.0000000000000000      -0.13773175556674333        0.0000000000000000     
 -0.39600000000000002        0.0000000000000000      -0.13556086084829197        0.0000000000000000     
 -0.19800000000000001        0.0000000000000000      -0.13408334973197020        0.0000000000000000     
   0.0000000000000000        0.0000000000000000      -0.13359105100740051        0.0000000000000000     
  0.19800000000000001        0.0000000000000000      -0.13408334973197020        0.0000000000000000     
  0.39600000000000002        0.0000000000000000      -0.13556086084829197        0.0000000000000000     
  0.59400000000000008        0.0000000000000000      -0.13773175556674333        0.0000000000000000     
  0.79200000000000004        0.0000000000000000      -0.14022918104446444        0.0000000000000000     
  0.98999999999999999        0.0000000000000000      -0.14271046560868347        0.0000000000000000     
   1.1880000000000002        0.0000000000000000      -0.14491042815014141        0.0000000000000000     
   1.3860000000000001        0.0000000000000000      -0.14670293595551306        0.0000000000000000     
   1.5840000000000001        0.0000000000000000      -0.14803828606054220        0.0000000000000000     
   1.7820000000000000        0.0000000000000000      -0.14890914377018599        0.0000000000000000     
   1.9800000000000000        0.0000000000000000      -0.14936046380921139        0.0000000000000000     
   2.1779999999999999        0.0000000000000000      -0.14944771993956166        0.0000000000000000     
   2.3760000000000003        0.0000000000000000      -0.14915900951700800        0.0000000000000000     
   2.5740000000000003        0.0000000000000000      -0.14850169442079747        0.0000000000000000     
   2.7720000000000002        0.0000000000000000      -0.14755878656119933        0.0000000000000000     
   2.9700000000000002        0.0000000000000000      -0.14638090155138628        0.0000000000000000     
   3.1680000000000001        0.0000000000000000      -0.14501444528733665        0.0000000000000000     
   3.3660000000000001        0.0000000000000000      -0.14350283645538575        0.0000000000000000     
   3.5640000000000001        0.0000000000000000      -0.14187691465597291        0.0000000000000000     
   3.7620000000000000        0.0000000000000000      -0.14015817013635407        0.0000000000000000     
   3.9600000000000000        0.0000000000000000      -0.13835898078318076        0.0000000000000000     
   4.1580000000000004        0.0000000000000000      -0.13649551304607316        0.0000000000000000     
   4.3559999999999999        0.0000000000000000      -0.13458390219743310        0.0000000000000000     
   4.5540000000000003        0.0000000000000000      -0.13263726039607482        0.0000000000000000     
   4.7520000000000007        0.0000000000000000      -0.13066665092737084        0.0000000000000000     
   4.9500000000000002        0.0000000000000000      -0.12868147297422397        0.0000000000000000     
   5.1480000000000006        0.0000000000000000      -0.12668967783528037        0.0000000000000000     
   5.3460000000000001        0.0000000000000000      -0.12469794001618384        0.0000000000000000     
   5.5440000000000005        0.0000000000000000      -0.12271182871994685        0.0000000000000000     
   5.7420000000000000        0.0000000000000000      -0.12073594160036552        0.0000000000000000     
   5.9400000000000004        0.0000000000000000      -0.11877401387548633        0.0000000000000000     
   6.1379999999999999        0.0000000000000000      -0.11682895016352904        0.0000000000000000     
   6.3360000000000003        0.0000000000000000      -0.11490272309874125        0.0000000000000000     
   6.5340000000000007        0.0000000000000000      -0.11299609796746997        0.0000000000000000     
   6.7320000000000002        0.0000000000000000      -0.11111145094507408        0.0000000000000000     
   6.9300000000000006        0.0000000000000000      -0.10925498022785080        0.0000000000000000     
   7.1280000000000001        0.0000000000000000      -0.10742786613400453        0.0000000000000000     
   7.3260000000000005        0.0000000000000000      -0.10562915357179127        0.0000000000000000     
   7.5240000000000000        0.0000000000000000      -0.10385856746936147        0.0000000000000000     
   7.7220000000000004        0.0000000000000000      -0.10211606553321083        0.0000000000000000     
   7.9199999999999999        0.0000000000000000      -0.10040162126491578        0.0000000000000000     
   8.1180000000000003        0.0000000000000000       -9.8715160441606886E-002   0.0000000000000000     
   8.3160000000000007        0.0000000000000000       -9.7056545225025853E-002   0.0000000000000000     
   8.5140000000000011        0.0000000000000000       -9.5425567628172947E-002   0.0000000000000000     
   8.7119999999999997        0.0000000000000000       -9.3821950971669357E-002   0.0000000000000000     
   8.9100000000000001        0.0000000000000000       -9.2245355672337409E-002   0.0000000000000000     
   9.1080000000000005        0.0000000000000000       -9.0695384257511794E-002   0.0000000000000000     
   9.3060000000000009        0.0000000000000000       -8.9171589417433805E-002   0.0000000000000000     
   9.5040000000000013        0.0000000000000000       -8.7673480582848060E-002   0.0000000000000000     
   9.7020000000000000        0.0000000000000000       -8.6200529378066118E-002   0.0000000000000000     
   9.9000000000000004        0.0000000000000000       -8.4752178089990887E-002   0.0000000000000000     
   10.098000000000001        0.0000000000000000       -8.3327842813122333E-002   0.0000000000000000     
   10.296000000000001        0.0000000000000000       -8.1926918755141229E-002   0.0000000000000000     
   10.494000000000000        0.0000000000000000       -8.0548783474089697E-002   0.0000000000000000     
   10.692000000000000        0.0000000000000000       -7.9192800897194299E-002   0.0000000000000000     
   10.890000000000001        0.0000000000000000       -7.7858323868578563E-002   0.0000000000000000     
   11.088000000000001        0.0000000000000000       -7.6544695970637969E-002   0.0000000000000000     
   11.286000000000001        0.0000000000000000       -7.5251253868967888E-002   0.0000000000000000     
   11.484000000000000        0.0000000000000000       -7.3977327909656512E-002   0.0000000000000000     
   11.682000000000000        0.0000000000000000       -7.2722244589570689E-002   0.0000000000000000     
   11.880000000000001        0.0000000000000000       -7.1485326276144304E-002   0.0000000000000000     
   12.078000000000001        0.0000000000000000       -7.0265890698573252E-002   0.0000000000000000     
   12.276000000000000        0.0000000000000000       -6.9063253897410318E-002   0.0000000000000000     
   12.474000000000000        0.0000000000000000       -6.7876727872263218E-002   0.0000000000000000     
   12.672000000000001        0.0000000000000000       -6.6705619615802264E-002   0.0000000000000000     
   12.870000000000001        0.0000000000000000       -6.5549233996989462E-002   0.0000000000000000     
   13.068000000000001        0.0000000000000000       -6.4406869159710278E-002   0.0000000000000000     
   13.266000000000000        0.0000000000000000       -6.3278192537135985E-002   0.0000000000000000     
   13.464000000000000        0.0000000000000000       -6.2162150371728515E-002   0.0000000000000000     
   13.662000000000001        0.0000000000000000       -6.1058018456817770E-002   0.0000000000000000     
   13.860000000000001        0.0000000000000000       -5.9965067033121211E-002   0.0000000000000000     
   14.058000000000000        0.0000000000000000       -5.8882557064880221E-002   0.0000000000000000     
   14.256000000000000        0.0000000000000000       -5.7809733876109042E-002   0.0000000000000000     
   14.454000000000001        0.0000000000000000       -5.6745830166555607E-002   0.0000000000000000     
   14.652000000000001        0.0000000000000000       -5.5690058003551264E-002   0.0000000000000000     
   14.850000000000001        0.0000000000000000       -5.4641610503279960E-002   0.0000000000000000     
   15.048000000000000        0.0000000000000000       -5.3599657067182324E-002   0.0000000000000000     
   15.246000000000000        0.0000000000000000       -5.2563341331987271E-002   0.0000000000000000     
   15.444000000000001        0.0000000000000000       -5.1531777364734480E-002   0.0000000000000000     
   15.642000000000001        0.0000000000000000       -5.0504045562837510E-002   0.0000000000000000     
   15.840000000000000        0.0000000000000000       -4.9479192167400529E-002   0.0000000000000000     
   16.038000000000000        0.0000000000000000       -4.8456222051458796E-002   0.0000000000000000     
   16.236000000000001        0.0000000000000000       -4.7433380390376430E-002   0.0000000000000000     
   16.434000000000001        0.0000000000000000       -4.6410151167267731E-002   0.0000000000000000     
   16.632000000000001        0.0000000000000000       -4.5385342207478425E-002   0.0000000000000000     
   16.830000000000002        0.0000000000000000       -4.4357716281291600E-002   0.0000000000000000     
   17.028000000000002        0.0000000000000000       -4.3325974379724443E-002   0.0000000000000000     
   17.225999999999999        0.0000000000000000       -4.2290334942403765E-002   0.0000000000000000     
   17.423999999999999        0.0000000000000000       -4.1248263566752708E-002   0.0000000000000000     
   17.622000000000000        0.0000000000000000       -4.0198133189839939E-002   0.0000000000000000     
   17.820000000000000        0.0000000000000000       -3.9141426757388319E-002   0.0000000000000000     
   18.018000000000001        0.0000000000000000       -3.8074558572194710E-002   0.0000000000000000     
   18.216000000000001        0.0000000000000000       -3.6996892060054506E-002   0.0000000000000000     
   18.414000000000001        0.0000000000000000       -3.5907137075517688E-002   0.0000000000000000     
   18.612000000000002        0.0000000000000000       -3.4809381366341069E-002   0.0000000000000000     
   18.810000000000002        0.0000000000000000       -3.3707525381003148E-002   0.0000000000000000     
   19.008000000000003        0.0000000000000000       -3.2611435662036989E-002   0.0000000000000000     
   19.206000000000000        0.0000000000000000       -3.1546308423635101E-002   0.0000000000000000     
   19.404000000000000        0.0000000000000000       -3.0571434638650224E-002   0.0000000000000000     
   19.602000000000000        0.0000000000000000       -2.9811603844927554E-002   0.0000000000000000     
