  -19.602000000000000        0.0000000000000000       -2.8841206066567603E-002   0.0000000000000000     
  -19.404000000000000        0.0000000000000000       -2.9532599835084963E-002   0.0000000000000000     
  -19.206000000000000        0.0000000000000000       -3.0469200568462338E-002   0.0000000000000000     
  -19.008000000000003        0.0000000000000000       -3.1490699935256258E-002   0.0000000000000000     
  -18.810000000000002        0.0000000000000000       -3.2533718529076362E-002   0.0000000000000000     
  -18.612000000000002        0.0000000000000000       -3.3575541331301383E-002   0.0000000000000000     
  -18.414000000000001        0.0000000000000000       -3.4606161465045304E-002   0.0000000000000000     
  -18.216000000000001        0.0000000000000000       -3.5624482676481085E-002   0.0000000000000000     
  -18.018000000000001        0.0000000000000000       -3.6630315207105649E-002   0.0000000000000000     
  -17.820000000000000        0.0000000000000000       -3.7624783265532036E-002   0.0000000000000000     
  -17.622000000000000        0.0000000000000000       -3.8609083860063259E-002   0.0000000000000000     
  -17.423999999999999        0.0000000000000000       -3.9584590720295749E-002   0.0000000000000000     
  -17.225999999999999        0.0000000000000000       -4.0552725853321064E-002   0.0000000000000000     
  -17.028000000000002        0.0000000000000000       -4.1514910049522805E-002   0.0000000000000000     
  -16.830000000000002        0.0000000000000000       -4.2472539396427048E-002   0.0000000000000000     
  -16.632000000000001        0.0000000000000000       -4.3426335018377164E-002   0.0000000000000000     
  -16.434000000000001        0.0000000000000000       -4.4377816624109889E-002   0.0000000000000000     
  -16.236000000000001        0.0000000000000000       -4.5328080972570378E-002   0.0000000000000000     
  -16.038000000000000        0.0000000000000000       -4.6278254805336351E-002   0.0000000000000000     
  -15.840000000000000        0.0000000000000000       -4.7229350928507177E-002   0.0000000000000000     
  -15.642000000000001        0.0000000000000000       -4.8182363248652701E-002   0.0000000000000000     
  -15.444000000000001        0.0000000000000000       -4.9138110153009264E-002   0.0000000000000000     
  -15.246000000000000        0.0000000000000000       -5.0097437552220896E-002   0.0000000000000000     
  -15.048000000000000        0.0000000000000000       -5.1061153640829943E-002   0.0000000000000000     
  -14.850000000000001        0.0000000000000000       -5.2030035863851534E-002   0.0000000000000000     
  -14.652000000000001        0.0000000000000000       -5.3004834788116996E-002   0.0000000000000000     
  -14.454000000000001        0.0000000000000000       -5.3986281336155378E-002   0.0000000000000000     
  -14.256000000000000        0.0000000000000000       -5.4975085759365730E-002   0.0000000000000000     
  -14.058000000000000        0.0000000000000000       -5.5971944426694217E-002   0.0000000000000000     
  -13.860000000000001        0.0000000000000000       -5.6977542098587429E-002   0.0000000000000000     
  -13.662000000000001        0.0000000000000000       -5.7992553901377517E-002   0.0000000000000000     
  -13.464000000000000        0.0000000000000000       -5.9017601223003029E-002   0.0000000000000000     
  -13.266000000000000        0.0000000000000000       -6.0053397477612284E-002   0.0000000000000000     
  -13.068000000000001        0.0000000000000000       -6.1100601549639019E-002   0.0000000000000000     
  -12.870000000000001        0.0000000000000000       -6.2159871036064858E-002   0.0000000000000000     
  -12.672000000000001        0.0000000000000000       -6.3231862579861797E-002   0.0000000000000000     
  -12.474000000000000        0.0000000000000000       -6.4317236592339830E-002   0.0000000000000000     
  -12.276000000000000        0.0000000000000000       -6.5416652958490584E-002   0.0000000000000000     
  -12.078000000000001        0.0000000000000000       -6.6530777931435067E-002   0.0000000000000000     
  -11.880000000000001        0.0000000000000000       -6.7660281310721299E-002   0.0000000000000000     
  -11.682000000000000        0.0000000000000000       -6.8805837132253078E-002   0.0000000000000000     
  -11.484000000000000        0.0000000000000000       -6.9968126044557294E-002   0.0000000000000000     
  -11.286000000000001        0.0000000000000000       -7.1147835603743478E-002   0.0000000000000000     
  -11.088000000000001        0.0000000000000000       -7.2345657482449616E-002   0.0000000000000000     
  -10.890000000000001        0.0000000000000000       -7.3562291700667332E-002   0.0000000000000000     
  -10.692000000000000        0.0000000000000000       -7.4798443993228436E-002   0.0000000000000000     
  -10.494000000000000        0.0000000000000000       -7.6054825275190877E-002   0.0000000000000000     
  -10.296000000000001        0.0000000000000000       -7.7332151910989175E-002   0.0000000000000000     
  -10.098000000000001        0.0000000000000000       -7.8631142768526605E-002   0.0000000000000000     
  -9.9000000000000004        0.0000000000000000       -7.9952520469066007E-002   0.0000000000000000     
  -9.7020000000000000        0.0000000000000000       -8.1297008135301288E-002   0.0000000000000000     
  -9.5040000000000013        0.0000000000000000       -8.2665324893225284E-002   0.0000000000000000     
  -9.3060000000000009        0.0000000000000000       -8.4058186801252072E-002   0.0000000000000000     
  -9.1080000000000005        0.0000000000000000       -8.5476298753578928E-002   0.0000000000000000     
  -8.9100000000000001        0.0000000000000000       -8.6920355932861793E-002   0.0000000000000000     
  -8.7119999999999997        0.0000000000000000       -8.8391029430939974E-002   0.0000000000000000     
  -8.5140000000000011        0.0000000000000000       -8.9888965946502697E-002   0.0000000000000000     
  -8.3160000000000007        0.0000000000000000       -9.1414780035028384E-002   0.0000000000000000     
  -8.1180000000000003        0.0000000000000000       -9.2969039980224960E-002   0.0000000000000000     
  -7.9199999999999999        0.0000000000000000       -9.4552260169326871E-002   0.0000000000000000     
  -7.7220000000000004        0.0000000000000000       -9.6164881411922989E-002   0.0000000000000000     
  -7.5240000000000000        0.0000000000000000       -9.7807260137065144E-002   0.0000000000000000     
  -7.3260000000000005        0.0000000000000000       -9.9479642540068386E-002   0.0000000000000000     
  -7.1280000000000001        0.0000000000000000      -0.10118214057280850        0.0000000000000000     
  -6.9300000000000006        0.0000000000000000      -0.10291469359898758        0.0000000000000000     
  -6.7320000000000002        0.0000000000000000      -0.10467701626741779        0.0000000000000000     
  -6.5340000000000007        0.0000000000000000      -0.10646850102053468        0.0000000000000000     
  -6.3360000000000003        0.0000000000000000      -0.10828801432900519        0.0000000000000000     
  -6.1379999999999999        0.0000000000000000      -0.11013346509224906        0.0000000000000000     
  -5.9400000000000004        0.0000000000000000      -0.11200298507370518        0.0000000000000000     
  -5.7420000000000000        0.0000000000000000      -0.11389699754024658        0.0000000000000000     
  -5.5440000000000005        0.0000000000000000      -0.11581292669910545        0.0000000000000000     
  -5.3460000000000001        0.0000000000000000      -0.11774667838715601        0.0000000000000000     
  -5.1480000000000006        0.0000000000000000      -0.11969369893862576        0.0000000000000000     
  -4.9500000000000002        0.0000000000000000      -0.12164856627537571        0.0000000000000000     
  -4.7520000000000007        0.0000000000000000      -0.12360468568567909        0.0000000000000000     
  -4.5540000000000003        0.0000000000000000      -0.12555404163055547        0.0000000000000000     
  -4.3559999999999999        0.0000000000000000      -0.12748701548092609        0.0000000000000000     
  -4.1580000000000004        0.0000000000000000      -0.12939239609191136        0.0000000000000000     
  -3.9600000000000000        0.0000000000000000      -0.13125785378061494        0.0000000000000000     
  -3.7620000000000000        0.0000000000000000      -0.13306700272129349        0.0000000000000000     
  -3.5640000000000001        0.0000000000000000      -0.13479402340610105        0.0000000000000000     
  -3.3660000000000001        0.0000000000000000      -0.13641331522400565        0.0000000000000000     
  -3.1680000000000001        0.0000000000000000      -0.13789558625652573        0.0000000000000000     
  -2.9700000000000002        0.0000000000000000      -0.13920320841048187        0.0000000000000000     
  -2.7720000000000002        0.0000000000000000      -0.14029929678000835        0.0000000000000000     
  -2.5740000000000003        0.0000000000000000      -0.14116360259498278        0.0000000000000000     
  -2.3760000000000003        0.0000000000000000      -0.14175970434933849        0.0000000000000000     
  -2.1779999999999999        0.0000000000000000      -0.14203648391110082        0.0000000000000000     
  -1.9800000000000000        0.0000000000000000      -0.14194150168920802        0.0000000000000000     
  -1.7820000000000000        0.0000000000000000      -0.14142736131370298        0.0000000000000000     
  -1.5840000000000001        0.0000000000000000      -0.14046074000128553        0.0000000000000000     
  -1.3860000000000001        0.0000000000000000      -0.13902367845373384        0.0000000000000000     
  -1.1880000000000002        0.0000000000000000      -0.13712254542905483        0.0000000000000000     
 -0.98999999999999999        0.0000000000000000      -0.13483772701961991        0.0000000000000000     
 -0.79200000000000004        0.0000000000000000      -0.13227402410686812        0.0000000000000000     
 -0.59400000000000008        0.0000000000000000      -0.12966100325523475        0.0000000000000000     
 -0.39600000000000002        0.0000000000000000      -0.12734537377163049        0.0000000000000000     
 -0.19800000000000001        0.0000000000000000      -0.12573800173510125        0.0000000000000000     
   0.0000000000000000        0.0000000000000000      -0.12519370519136397        0.0000000000000000     
  0.19800000000000001        0.0000000000000000      -0.12573800173510125        0.0000000000000000     
  0.39600000000000002        0.0000000000000000      -0.12734537377163049        0.0000000000000000     
  0.59400000000000008        0.0000000000000000      -0.12966100325523475        0.0000000000000000     
  0.79200000000000004        0.0000000000000000      -0.13227402410686812        0.0000000000000000     
  0.98999999999999999        0.0000000000000000      -0.13483772701961991        0.0000000000000000     
   1.1880000000000002        0.0000000000000000      -0.13712254542905483        0.0000000000000000     
   1.3860000000000001        0.0000000000000000      -0.13902367845373384        0.0000000000000000     
   1.5840000000000001        0.0000000000000000      -0.14046074000128553        0.0000000000000000     
   1.7820000000000000        0.0000000000000000      -0.14142736131370298        0.0000000000000000     
   1.9800000000000000        0.0000000000000000      -0.14194150168920802        0.0000000000000000     
   2.1779999999999999        0.0000000000000000      -0.14203648391110082        0.0000000000000000     
   2.3760000000000003        0.0000000000000000      -0.14175970434933849        0.0000000000000000     
   2.5740000000000003        0.0000000000000000      -0.14116360259498278        0.0000000000000000     
   2.7720000000000002        0.0000000000000000      -0.14029929678000835        0.0000000000000000     
   2.9700000000000002        0.0000000000000000      -0.13920320841048187        0.0000000000000000     
   3.1680000000000001        0.0000000000000000      -0.13789558625652573        0.0000000000000000     
   3.3660000000000001        0.0000000000000000      -0.13641331522400565        0.0000000000000000     
   3.5640000000000001        0.0000000000000000      -0.13479402340610105        0.0000000000000000     
   3.7620000000000000        0.0000000000000000      -0.13306700272129349        0.0000000000000000     
   3.9600000000000000        0.0000000000000000      -0.13125785378061494        0.0000000000000000     
   4.1580000000000004        0.0000000000000000      -0.12939239609191136        0.0000000000000000     
   4.3559999999999999        0.0000000000000000      -0.12748701548092609        0.0000000000000000     
   4.5540000000000003        0.0000000000000000      -0.12555404163055547        0.0000000000000000     
   4.7520000000000007        0.0000000000000000      -0.12360468568567909        0.0000000000000000     
   4.9500000000000002        0.0000000000000000      -0.12164856627537571        0.0000000000000000     
   5.1480000000000006        0.0000000000000000      -0.11969369893862576        0.0000000000000000     
   5.3460000000000001        0.0000000000000000      -0.11774667838715601        0.0000000000000000     
   5.5440000000000005        0.0000000000000000      -0.11581292669910545        0.0000000000000000     
   5.7420000000000000        0.0000000000000000      -0.11389699754024658        0.0000000000000000     
   5.9400000000000004        0.0000000000000000      -0.11200298507370518        0.0000000000000000     
   6.1379999999999999        0.0000000000000000      -0.11013346509224906        0.0000000000000000     
   6.3360000000000003        0.0000000000000000      -0.10828801432900519        0.0000000000000000     
   6.5340000000000007        0.0000000000000000      -0.10646850102053468        0.0000000000000000     
   6.7320000000000002        0.0000000000000000      -0.10467701626741779        0.0000000000000000     
   6.9300000000000006        0.0000000000000000      -0.10291469359898758        0.0000000000000000     
   7.1280000000000001        0.0000000000000000      -0.10118214057280850        0.0000000000000000     
   7.3260000000000005        0.0000000000000000       -9.9479642540068386E-002   0.0000000000000000     
   7.5240000000000000        0.0000000000000000       -9.7807260137065144E-002   0.0000000000000000     
   7.7220000000000004        0.0000000000000000       -9.6164881411922989E-002   0.0000000000000000     
   7.9199999999999999        0.0000000000000000       -9.4552260169326871E-002   0.0000000000000000     
   8.1180000000000003        0.0000000000000000       -9.2969039980224960E-002   0.0000000000000000     
   8.3160000000000007        0.0000000000000000       -9.1414780035028384E-002   0.0000000000000000     
   8.5140000000000011        0.0000000000000000       -8.9888965946502697E-002   0.0000000000000000     
   8.7119999999999997        0.0000000000000000       -8.8391029430939974E-002   0.0000000000000000     
   8.9100000000000001        0.0000000000000000       -8.6920355932861793E-002   0.0000000000000000     
   9.1080000000000005        0.0000000000000000       -8.5476298753578928E-002   0.0000000000000000     
   9.3060000000000009        0.0000000000000000       -8.4058186801252072E-002   0.0000000000000000     
   9.5040000000000013        0.0000000000000000       -8.2665324893225284E-002   0.0000000000000000     
   9.7020000000000000        0.0000000000000000       -8.1297008135301288E-002   0.0000000000000000     
   9.9000000000000004        0.0000000000000000       -7.9952520469066007E-002   0.0000000000000000     
   10.098000000000001        0.0000000000000000       -7.8631142768526605E-002   0.0000000000000000     
   10.296000000000001        0.0000000000000000       -7.7332151910989175E-002   0.0000000000000000     
   10.494000000000000        0.0000000000000000       -7.6054825275190877E-002   0.0000000000000000     
   10.692000000000000        0.0000000000000000       -7.4798443993228436E-002   0.0000000000000000     
   10.890000000000001        0.0000000000000000       -7.3562291700667332E-002   0.0000000000000000     
   11.088000000000001        0.0000000000000000       -7.2345657482449616E-002   0.0000000000000000     
   11.286000000000001        0.0000000000000000       -7.1147835603743478E-002   0.0000000000000000     
   11.484000000000000        0.0000000000000000       -6.9968126044557294E-002   0.0000000000000000     
   11.682000000000000        0.0000000000000000       -6.8805837132253078E-002   0.0000000000000000     
   11.880000000000001        0.0000000000000000       -6.7660281310721299E-002   0.0000000000000000     
   12.078000000000001        0.0000000000000000       -6.6530777931435067E-002   0.0000000000000000     
   12.276000000000000        0.0000000000000000       -6.5416652958490584E-002   0.0000000000000000     
   12.474000000000000        0.0000000000000000       -6.4317236592339830E-002   0.0000000000000000     
   12.672000000000001        0.0000000000000000       -6.3231862579861797E-002   0.0000000000000000     
   12.870000000000001        0.0000000000000000       -6.2159871036064858E-002   0.0000000000000000     
   13.068000000000001        0.0000000000000000       -6.1100601549639019E-002   0.0000000000000000     
   13.266000000000000        0.0000000000000000       -6.0053397477612284E-002   0.0000000000000000     
   13.464000000000000        0.0000000000000000       -5.9017601223003029E-002   0.0000000000000000     
   13.662000000000001        0.0000000000000000       -5.7992553901377517E-002   0.0000000000000000     
   13.860000000000001        0.0000000000000000       -5.6977542098587429E-002   0.0000000000000000     
   14.058000000000000        0.0000000000000000       -5.5971944426694217E-002   0.0000000000000000     
   14.256000000000000        0.0000000000000000       -5.4975085759365730E-002   0.0000000000000000     
   14.454000000000001        0.0000000000000000       -5.3986281336155378E-002   0.0000000000000000     
   14.652000000000001        0.0000000000000000       -5.3004834788116996E-002   0.0000000000000000     
   14.850000000000001        0.0000000000000000       -5.2030035863851534E-002   0.0000000000000000     
   15.048000000000000        0.0000000000000000       -5.1061153640829943E-002   0.0000000000000000     
   15.246000000000000        0.0000000000000000       -5.0097437552220896E-002   0.0000000000000000     
   15.444000000000001        0.0000000000000000       -4.9138110153009264E-002   0.0000000000000000     
   15.642000000000001        0.0000000000000000       -4.8182363248652701E-002   0.0000000000000000     
   15.840000000000000        0.0000000000000000       -4.7229350928507177E-002   0.0000000000000000     
   16.038000000000000        0.0000000000000000       -4.6278254805336351E-002   0.0000000000000000     
   16.236000000000001        0.0000000000000000       -4.5328080972570378E-002   0.0000000000000000     
   16.434000000000001        0.0000000000000000       -4.4377816624109889E-002   0.0000000000000000     
   16.632000000000001        0.0000000000000000       -4.3426335018377164E-002   0.0000000000000000     
   16.830000000000002        0.0000000000000000       -4.2472539396427048E-002   0.0000000000000000     
   17.028000000000002        0.0000000000000000       -4.1514910049522805E-002   0.0000000000000000     
   17.225999999999999        0.0000000000000000       -4.0552725853321064E-002   0.0000000000000000     
   17.423999999999999        0.0000000000000000       -3.9584590720295749E-002   0.0000000000000000     
   17.622000000000000        0.0000000000000000       -3.8609083860063259E-002   0.0000000000000000     
   17.820000000000000        0.0000000000000000       -3.7624783265532036E-002   0.0000000000000000     
   18.018000000000001        0.0000000000000000       -3.6630315207105649E-002   0.0000000000000000     
   18.216000000000001        0.0000000000000000       -3.5624482676481085E-002   0.0000000000000000     
   18.414000000000001        0.0000000000000000       -3.4606161465045304E-002   0.0000000000000000     
   18.612000000000002        0.0000000000000000       -3.3575541331301383E-002   0.0000000000000000     
   18.810000000000002        0.0000000000000000       -3.2533718529076362E-002   0.0000000000000000     
   19.008000000000003        0.0000000000000000       -3.1490699935256258E-002   0.0000000000000000     
   19.206000000000000        0.0000000000000000       -3.0469200568462338E-002   0.0000000000000000     
   19.404000000000000        0.0000000000000000       -2.9532599835084963E-002   0.0000000000000000     
   19.602000000000000        0.0000000000000000       -2.8841206066567603E-002   0.0000000000000000     
