  -19.602000000000000        0.0000000000000000        2.6311543610433315E-002   0.0000000000000000     
  -19.404000000000000        0.0000000000000000        2.7215489968218445E-002   0.0000000000000000     
  -19.206000000000000        0.0000000000000000        2.8069058748829024E-002   0.0000000000000000     
  -19.008000000000003        0.0000000000000000        2.8895729834035582E-002   0.0000000000000000     
  -18.810000000000002        0.0000000000000000        2.9699368756486606E-002   0.0000000000000000     
  -18.612000000000002        0.0000000000000000        3.0476044119078734E-002   0.0000000000000000     
  -18.414000000000001        0.0000000000000000        3.1227365869718689E-002   0.0000000000000000     
  -18.216000000000001        0.0000000000000000        3.1955280564087037E-002   0.0000000000000000     
  -18.018000000000001        0.0000000000000000        3.2658445266358430E-002   0.0000000000000000     
  -17.820000000000000        0.0000000000000000        3.3339973539448946E-002   0.0000000000000000     
  -17.622000000000000        0.0000000000000000        3.4003278883209496E-002   0.0000000000000000     
  -17.423999999999999        0.0000000000000000        3.4648516674927216E-002   0.0000000000000000     
  -17.225999999999999        0.0000000000000000        3.5276163524899450E-002   0.0000000000000000     
  -17.028000000000002        0.0000000000000000        3.5890313824845622E-002   0.0000000000000000     
  -16.830000000000002        0.0000000000000000        3.6491177873510493E-002   0.0000000000000000     
  -16.632000000000001        0.0000000000000000        3.7080251159769387E-002   0.0000000000000000     
  -16.434000000000001        0.0000000000000000        3.7658341415446946E-002   0.0000000000000000     
  -16.236000000000001        0.0000000000000000        3.8227274115351685E-002   0.0000000000000000     
  -16.038000000000000        0.0000000000000000        3.8787528022985282E-002   0.0000000000000000     
  -15.840000000000000        0.0000000000000000        3.9340974398243619E-002   0.0000000000000000     
  -15.642000000000001        0.0000000000000000        3.9888541736741903E-002   0.0000000000000000     
  -15.444000000000001        0.0000000000000000        4.0431097787187668E-002   0.0000000000000000     
  -15.246000000000000        0.0000000000000000        4.0969452759065265E-002   0.0000000000000000     
  -15.048000000000000        0.0000000000000000        4.1504360406612067E-002   0.0000000000000000     
  -14.850000000000001        0.0000000000000000        4.2036483960996879E-002   0.0000000000000000     
  -14.652000000000001        0.0000000000000000        4.2566763222157480E-002   0.0000000000000000     
  -14.454000000000001        0.0000000000000000        4.3095573739894817E-002   0.0000000000000000     
  -14.256000000000000        0.0000000000000000        4.3623497203825773E-002   0.0000000000000000     
  -14.058000000000000        0.0000000000000000        4.4151080048533790E-002   0.0000000000000000     
  -13.860000000000001        0.0000000000000000        4.4678836476903648E-002   0.0000000000000000     
  -13.662000000000001        0.0000000000000000        4.5207249986536899E-002   0.0000000000000000     
  -13.464000000000000        0.0000000000000000        4.5736776769159972E-002   0.0000000000000000     
  -13.266000000000000        0.0000000000000000        4.6267846698738506E-002   0.0000000000000000     
  -13.068000000000001        0.0000000000000000        4.6800867365048411E-002   0.0000000000000000     
  -12.870000000000001        0.0000000000000000        4.7336222643122351E-002   0.0000000000000000     
  -12.672000000000001        0.0000000000000000        4.7874277537959378E-002   0.0000000000000000     
  -12.474000000000000        0.0000000000000000        4.8415677347191127E-002   0.0000000000000000     
  -12.276000000000000        0.0000000000000000        4.8960418376449925E-002   0.0000000000000000     
  -12.078000000000001        0.0000000000000000        4.9508809175487813E-002   0.0000000000000000     
  -11.880000000000001        0.0000000000000000        5.0061140331023671E-002   0.0000000000000000     
  -11.682000000000000        0.0000000000000000        5.0617684356133431E-002   0.0000000000000000     
  -11.484000000000000        0.0000000000000000        5.1178695063461128E-002   0.0000000000000000     
  -11.286000000000001        0.0000000000000000        5.1744406521799742E-002   0.0000000000000000     
  -11.088000000000001        0.0000000000000000        5.2315035825023358E-002   0.0000000000000000     
  -10.890000000000001        0.0000000000000000        5.2890777148653499E-002   0.0000000000000000     
  -10.692000000000000        0.0000000000000000        5.3471804275449619E-002   0.0000000000000000     
  -10.494000000000000        0.0000000000000000        5.4058266768309868E-002   0.0000000000000000     
  -10.296000000000001        0.0000000000000000        5.4650290386901230E-002   0.0000000000000000     
  -10.098000000000001        0.0000000000000000        5.5247970628046671E-002   0.0000000000000000     
  -9.9000000000000004        0.0000000000000000        5.5851373982989984E-002   0.0000000000000000     
  -9.7020000000000000        0.0000000000000000        5.6460532148815724E-002   0.0000000000000000     
  -9.5040000000000013        0.0000000000000000        5.7075436099763399E-002   0.0000000000000000     
  -9.3060000000000009        0.0000000000000000        5.7696036393247926E-002   0.0000000000000000     
  -9.1080000000000005        0.0000000000000000        5.8322230984345594E-002   0.0000000000000000     
  -8.9100000000000001        0.0000000000000000        5.8953861830072861E-002   0.0000000000000000     
  -8.7119999999999997        0.0000000000000000        5.9590708208553819E-002   0.0000000000000000     
  -8.5140000000000011        0.0000000000000000        6.0232473250432385E-002   0.0000000000000000     
  -8.3160000000000007        0.0000000000000000        6.0878777294909689E-002   0.0000000000000000     
  -8.1180000000000003        0.0000000000000000        6.1529141460500252E-002   0.0000000000000000     
  -7.9199999999999999        0.0000000000000000        6.2182980245235740E-002   0.0000000000000000     
  -7.7220000000000004        0.0000000000000000        6.2839583995010079E-002   0.0000000000000000     
  -7.5240000000000000        0.0000000000000000        6.3498127332046933E-002   0.0000000000000000     
  -7.3260000000000005        0.0000000000000000        6.4157755729198088E-002   0.0000000000000000     
  -7.1280000000000001        0.0000000000000000        6.4818152720736086E-002   0.0000000000000000     
  -6.9300000000000006        0.0000000000000000        6.5480672480442981E-002   0.0000000000000000     
  -6.7320000000000002        0.0000000000000000        6.6144285197804575E-002   0.0000000000000000     
  -6.5340000000000007        0.0000000000000000        6.6805253500072284E-002   0.0000000000000000     
  -6.3360000000000003        0.0000000000000000        6.7461090941395838E-002   0.0000000000000000     
  -6.1379999999999999        0.0000000000000000        6.8109719904530810E-002   0.0000000000000000     
  -5.9400000000000004        0.0000000000000000        6.8748989021298432E-002   0.0000000000000000     
  -5.7420000000000000        0.0000000000000000        6.9376625514505463E-002   0.0000000000000000     
  -5.5440000000000005        0.0000000000000000        6.9990296114453565E-002   0.0000000000000000     
  -5.3460000000000001        0.0000000000000000        7.0587623480809117E-002   0.0000000000000000     
  -5.1480000000000006        0.0000000000000000        7.1165155945962746E-002   0.0000000000000000     
  -4.9500000000000002        0.0000000000000000        7.1709825687198983E-002   0.0000000000000000     
  -4.7520000000000007        0.0000000000000000        7.2178851543631559E-002   0.0000000000000000     
  -4.5540000000000003        0.0000000000000000        7.2559920563941407E-002   0.0000000000000000     
  -4.3559999999999999        0.0000000000000000        7.2874049884044126E-002   0.0000000000000000     
  -4.1580000000000004        0.0000000000000000        7.3115534036093499E-002   0.0000000000000000     
  -3.9600000000000000        0.0000000000000000        7.3268050584828284E-002   0.0000000000000000     
  -3.7620000000000000        0.0000000000000000        7.3311463265050850E-002   0.0000000000000000     
  -3.5640000000000001        0.0000000000000000        7.3222402001036122E-002   0.0000000000000000     
  -3.3660000000000001        0.0000000000000000        7.2983892250013851E-002   0.0000000000000000     
  -3.1680000000000001        0.0000000000000000        7.2629825123236055E-002   0.0000000000000000     
  -2.9700000000000002        0.0000000000000000        7.2132340726874397E-002   0.0000000000000000     
  -2.7720000000000002        0.0000000000000000        7.1400327013609599E-002   0.0000000000000000     
  -2.5740000000000003        0.0000000000000000        7.0393862134075155E-002   0.0000000000000000     
  -2.3760000000000003        0.0000000000000000        6.9084989536216779E-002   0.0000000000000000     
  -2.1779999999999999        0.0000000000000000        6.7397201085480238E-002   0.0000000000000000     
  -1.9800000000000000        0.0000000000000000        6.5256168998947275E-002   0.0000000000000000     
  -1.7820000000000000        0.0000000000000000        6.2631675542965448E-002   0.0000000000000000     
  -1.5840000000000001        0.0000000000000000        5.9407541917431597E-002   0.0000000000000000     
  -1.3860000000000001        0.0000000000000000        5.5424962945037404E-002   0.0000000000000000     
  -1.1880000000000002        0.0000000000000000        5.0595522010488884E-002   0.0000000000000000     
 -0.98999999999999999        0.0000000000000000        4.4820924220258129E-002   0.0000000000000000     
 -0.79200000000000004        0.0000000000000000        3.7965829759426320E-002   0.0000000000000000     
 -0.59400000000000008        0.0000000000000000        2.9956022439312526E-002   0.0000000000000000     
 -0.39600000000000002        0.0000000000000000        2.0806934577479914E-002   0.0000000000000000     
 -0.19800000000000001        0.0000000000000000        1.0686014619323973E-002   0.0000000000000000     
   0.0000000000000000        0.0000000000000000        0.0000000000000000        0.0000000000000000     
  0.19800000000000001        0.0000000000000000       -1.0686014619323973E-002   0.0000000000000000     
  0.39600000000000002        0.0000000000000000       -2.0806934577479914E-002   0.0000000000000000     
  0.59400000000000008        0.0000000000000000       -2.9956022439312526E-002   0.0000000000000000     
  0.79200000000000004        0.0000000000000000       -3.7965829759426320E-002   0.0000000000000000     
  0.98999999999999999        0.0000000000000000       -4.4820924220258129E-002   0.0000000000000000     
   1.1880000000000002        0.0000000000000000       -5.0595522010488884E-002   0.0000000000000000     
   1.3860000000000001        0.0000000000000000       -5.5424962945037404E-002   0.0000000000000000     
   1.5840000000000001        0.0000000000000000       -5.9407541917431597E-002   0.0000000000000000     
   1.7820000000000000        0.0000000000000000       -6.2631675542965448E-002   0.0000000000000000     
   1.9800000000000000        0.0000000000000000       -6.5256168998947275E-002   0.0000000000000000     
   2.1779999999999999        0.0000000000000000       -6.7397201085480238E-002   0.0000000000000000     
   2.3760000000000003        0.0000000000000000       -6.9084989536216779E-002   0.0000000000000000     
   2.5740000000000003        0.0000000000000000       -7.0393862134075155E-002   0.0000000000000000     
   2.7720000000000002        0.0000000000000000       -7.1400327013609599E-002   0.0000000000000000     
   2.9700000000000002        0.0000000000000000       -7.2132340726874397E-002   0.0000000000000000     
   3.1680000000000001        0.0000000000000000       -7.2629825123236055E-002   0.0000000000000000     
   3.3660000000000001        0.0000000000000000       -7.2983892250013851E-002   0.0000000000000000     
   3.5640000000000001        0.0000000000000000       -7.3222402001036122E-002   0.0000000000000000     
   3.7620000000000000        0.0000000000000000       -7.3311463265050850E-002   0.0000000000000000     
   3.9600000000000000        0.0000000000000000       -7.3268050584828284E-002   0.0000000000000000     
   4.1580000000000004        0.0000000000000000       -7.3115534036093499E-002   0.0000000000000000     
   4.3559999999999999        0.0000000000000000       -7.2874049884044126E-002   0.0000000000000000     
   4.5540000000000003        0.0000000000000000       -7.2559920563941407E-002   0.0000000000000000     
   4.7520000000000007        0.0000000000000000       -7.2178851543631559E-002   0.0000000000000000     
   4.9500000000000002        0.0000000000000000       -7.1709825687198983E-002   0.0000000000000000     
   5.1480000000000006        0.0000000000000000       -7.1165155945962746E-002   0.0000000000000000     
   5.3460000000000001        0.0000000000000000       -7.0587623480809117E-002   0.0000000000000000     
   5.5440000000000005        0.0000000000000000       -6.9990296114453565E-002   0.0000000000000000     
   5.7420000000000000        0.0000000000000000       -6.9376625514505463E-002   0.0000000000000000     
   5.9400000000000004        0.0000000000000000       -6.8748989021298432E-002   0.0000000000000000     
   6.1379999999999999        0.0000000000000000       -6.8109719904530810E-002   0.0000000000000000     
   6.3360000000000003        0.0000000000000000       -6.7461090941395838E-002   0.0000000000000000     
   6.5340000000000007        0.0000000000000000       -6.6805253500072284E-002   0.0000000000000000     
   6.7320000000000002        0.0000000000000000       -6.6144285197804575E-002   0.0000000000000000     
   6.9300000000000006        0.0000000000000000       -6.5480672480442981E-002   0.0000000000000000     
   7.1280000000000001        0.0000000000000000       -6.4818152720736086E-002   0.0000000000000000     
   7.3260000000000005        0.0000000000000000       -6.4157755729198088E-002   0.0000000000000000     
   7.5240000000000000        0.0000000000000000       -6.3498127332046933E-002   0.0000000000000000     
   7.7220000000000004        0.0000000000000000       -6.2839583995010079E-002   0.0000000000000000     
   7.9199999999999999        0.0000000000000000       -6.2182980245235740E-002   0.0000000000000000     
   8.1180000000000003        0.0000000000000000       -6.1529141460500252E-002   0.0000000000000000     
   8.3160000000000007        0.0000000000000000       -6.0878777294909689E-002   0.0000000000000000     
   8.5140000000000011        0.0000000000000000       -6.0232473250432385E-002   0.0000000000000000     
   8.7119999999999997        0.0000000000000000       -5.9590708208553819E-002   0.0000000000000000     
   8.9100000000000001        0.0000000000000000       -5.8953861830072861E-002   0.0000000000000000     
   9.1080000000000005        0.0000000000000000       -5.8322230984345594E-002   0.0000000000000000     
   9.3060000000000009        0.0000000000000000       -5.7696036393247926E-002   0.0000000000000000     
   9.5040000000000013        0.0000000000000000       -5.7075436099763399E-002   0.0000000000000000     
   9.7020000000000000        0.0000000000000000       -5.6460532148815724E-002   0.0000000000000000     
   9.9000000000000004        0.0000000000000000       -5.5851373982989984E-002   0.0000000000000000     
   10.098000000000001        0.0000000000000000       -5.5247970628046671E-002   0.0000000000000000     
   10.296000000000001        0.0000000000000000       -5.4650290386901230E-002   0.0000000000000000     
   10.494000000000000        0.0000000000000000       -5.4058266768309868E-002   0.0000000000000000     
   10.692000000000000        0.0000000000000000       -5.3471804275449619E-002   0.0000000000000000     
   10.890000000000001        0.0000000000000000       -5.2890777148653499E-002   0.0000000000000000     
   11.088000000000001        0.0000000000000000       -5.2315035825023358E-002   0.0000000000000000     
   11.286000000000001        0.0000000000000000       -5.1744406521799742E-002   0.0000000000000000     
   11.484000000000000        0.0000000000000000       -5.1178695063461128E-002   0.0000000000000000     
   11.682000000000000        0.0000000000000000       -5.0617684356133431E-002   0.0000000000000000     
   11.880000000000001        0.0000000000000000       -5.0061140331023671E-002   0.0000000000000000     
   12.078000000000001        0.0000000000000000       -4.9508809175487813E-002   0.0000000000000000     
   12.276000000000000        0.0000000000000000       -4.8960418376449925E-002   0.0000000000000000     
   12.474000000000000        0.0000000000000000       -4.8415677347191127E-002   0.0000000000000000     
   12.672000000000001        0.0000000000000000       -4.7874277537959378E-002   0.0000000000000000     
   12.870000000000001        0.0000000000000000       -4.7336222643122351E-002   0.0000000000000000     
   13.068000000000001        0.0000000000000000       -4.6800867365048411E-002   0.0000000000000000     
   13.266000000000000        0.0000000000000000       -4.6267846698738506E-002   0.0000000000000000     
   13.464000000000000        0.0000000000000000       -4.5736776769159972E-002   0.0000000000000000     
   13.662000000000001        0.0000000000000000       -4.5207249986536899E-002   0.0000000000000000     
   13.860000000000001        0.0000000000000000       -4.4678836476903648E-002   0.0000000000000000     
   14.058000000000000        0.0000000000000000       -4.4151080048533790E-002   0.0000000000000000     
   14.256000000000000        0.0000000000000000       -4.3623497203825773E-002   0.0000000000000000     
   14.454000000000001        0.0000000000000000       -4.3095573739894817E-002   0.0000000000000000     
   14.652000000000001        0.0000000000000000       -4.2566763222157480E-002   0.0000000000000000     
   14.850000000000001        0.0000000000000000       -4.2036483960996879E-002   0.0000000000000000     
   15.048000000000000        0.0000000000000000       -4.1504360406612067E-002   0.0000000000000000     
   15.246000000000000        0.0000000000000000       -4.0969452759065265E-002   0.0000000000000000     
   15.444000000000001        0.0000000000000000       -4.0431097787187668E-002   0.0000000000000000     
   15.642000000000001        0.0000000000000000       -3.9888541736741903E-002   0.0000000000000000     
   15.840000000000000        0.0000000000000000       -3.9340974398243619E-002   0.0000000000000000     
   16.038000000000000        0.0000000000000000       -3.8787528022985282E-002   0.0000000000000000     
   16.236000000000001        0.0000000000000000       -3.8227274115351685E-002   0.0000000000000000     
   16.434000000000001        0.0000000000000000       -3.7658341415446946E-002   0.0000000000000000     
   16.632000000000001        0.0000000000000000       -3.7080251159769387E-002   0.0000000000000000     
   16.830000000000002        0.0000000000000000       -3.6491177873510493E-002   0.0000000000000000     
   17.028000000000002        0.0000000000000000       -3.5890313824845622E-002   0.0000000000000000     
   17.225999999999999        0.0000000000000000       -3.5276163524899450E-002   0.0000000000000000     
   17.423999999999999        0.0000000000000000       -3.4648516674927216E-002   0.0000000000000000     
   17.622000000000000        0.0000000000000000       -3.4003278883209496E-002   0.0000000000000000     
   17.820000000000000        0.0000000000000000       -3.3339973539448946E-002   0.0000000000000000     
   18.018000000000001        0.0000000000000000       -3.2658445266358430E-002   0.0000000000000000     
   18.216000000000001        0.0000000000000000       -3.1955280564087037E-002   0.0000000000000000     
   18.414000000000001        0.0000000000000000       -3.1227365869718689E-002   0.0000000000000000     
   18.612000000000002        0.0000000000000000       -3.0476044119078734E-002   0.0000000000000000     
   18.810000000000002        0.0000000000000000       -2.9699368756486606E-002   0.0000000000000000     
   19.008000000000003        0.0000000000000000       -2.8895729834035582E-002   0.0000000000000000     
   19.206000000000000        0.0000000000000000       -2.8069058748829024E-002   0.0000000000000000     
   19.404000000000000        0.0000000000000000       -2.7215489968218445E-002   0.0000000000000000     
   19.602000000000000        0.0000000000000000       -2.6311543610433315E-002   0.0000000000000000     
