  -19.602000000000000        0.0000000000000000       -2.7008500031327603E-004   0.0000000000000000     
  -19.404000000000000        0.0000000000000000       -2.8364116142252710E-004   0.0000000000000000     
  -19.206000000000000        0.0000000000000000       -2.9618087085979492E-004   0.0000000000000000     
  -19.008000000000003        0.0000000000000000       -3.0859295673955255E-004   0.0000000000000000     
  -18.810000000000002        0.0000000000000000       -3.2060168960238242E-004   0.0000000000000000     
  -18.612000000000002        0.0000000000000000       -3.3215592980915404E-004   0.0000000000000000     
  -18.414000000000001        0.0000000000000000       -3.4312902624693704E-004   0.0000000000000000     
  -18.216000000000001        0.0000000000000000       -3.5359889137132929E-004   0.0000000000000000     
  -18.018000000000001        0.0000000000000000       -3.6347876515172657E-004   0.0000000000000000     
  -17.820000000000000        0.0000000000000000       -3.7282656444010293E-004   0.0000000000000000     
  -17.622000000000000        0.0000000000000000       -3.8170977464352851E-004   0.0000000000000000     
  -17.423999999999999        0.0000000000000000       -3.9015358259510136E-004   0.0000000000000000     
  -17.225999999999999        0.0000000000000000       -3.9826421403892868E-004   0.0000000000000000     
  -17.028000000000002        0.0000000000000000       -4.0609291928156004E-004   0.0000000000000000     
  -16.830000000000002        0.0000000000000000       -4.1368595286834489E-004   0.0000000000000000     
  -16.632000000000001        0.0000000000000000       -4.2108440939699494E-004   0.0000000000000000     
  -16.434000000000001        0.0000000000000000       -4.2827668549517511E-004   0.0000000000000000     
  -16.236000000000001        0.0000000000000000       -4.3541343679374115E-004   0.0000000000000000     
  -16.038000000000000        0.0000000000000000       -4.4245052554258324E-004   0.0000000000000000     
  -15.840000000000000        0.0000000000000000       -4.4941269538663868E-004   0.0000000000000000     
  -15.642000000000001        0.0000000000000000       -4.5632195957920639E-004   0.0000000000000000     
  -15.444000000000001        0.0000000000000000       -4.6319799888921688E-004   0.0000000000000000     
  -15.246000000000000        0.0000000000000000       -4.7005854769859972E-004   0.0000000000000000     
  -15.048000000000000        0.0000000000000000       -4.7691968850090317E-004   0.0000000000000000     
  -14.850000000000001        0.0000000000000000       -4.8379612220401751E-004   0.0000000000000000     
  -14.652000000000001        0.0000000000000000       -4.9070139096285418E-004   0.0000000000000000     
  -14.454000000000001        0.0000000000000000       -4.9764806183771827E-004   0.0000000000000000     
  -14.256000000000000        0.0000000000000000       -5.0464789242097771E-004   0.0000000000000000     
  -14.058000000000000        0.0000000000000000       -5.1171197048194663E-004   0.0000000000000000     
  -13.860000000000001        0.0000000000000000       -5.1885083448549336E-004   0.0000000000000000     
  -13.662000000000001        0.0000000000000000       -5.2607456559405203E-004   0.0000000000000000     
  -13.464000000000000        0.0000000000000000       -5.3339289073061865E-004   0.0000000000000000     
  -13.266000000000000        0.0000000000000000       -5.4081525326533225E-004   0.0000000000000000     
  -13.068000000000001        0.0000000000000000       -5.4835087871885524E-004   0.0000000000000000     
  -12.870000000000001        0.0000000000000000       -5.5600884300055910E-004   0.0000000000000000     
  -12.672000000000001        0.0000000000000000       -5.6379811685408263E-004   0.0000000000000000     
  -12.474000000000000        0.0000000000000000       -5.7172762061494784E-004   0.0000000000000000     
  -12.276000000000000        0.0000000000000000       -5.7980627542520661E-004   0.0000000000000000     
  -12.078000000000001        0.0000000000000000       -5.8804301654118347E-004   0.0000000000000000     
  -11.880000000000001        0.0000000000000000       -5.9644684618998618E-004   0.0000000000000000     
  -11.682000000000000        0.0000000000000000       -6.0502688458252034E-004   0.0000000000000000     
  -11.484000000000000        0.0000000000000000       -6.1379234122406880E-004   0.0000000000000000     
  -11.286000000000001        0.0000000000000000       -6.2275259896622651E-004   0.0000000000000000     
  -11.088000000000001        0.0000000000000000       -6.3191719626324260E-004   0.0000000000000000     
  -10.890000000000001        0.0000000000000000       -6.4129588178561507E-004   0.0000000000000000     
  -10.692000000000000        0.0000000000000000       -6.5089860802546007E-004   0.0000000000000000     
  -10.494000000000000        0.0000000000000000       -6.6073554592926888E-004   0.0000000000000000     
  -10.296000000000001        0.0000000000000000       -6.7081710307363403E-004   0.0000000000000000     
  -10.098000000000001        0.0000000000000000       -6.8115392962780918E-004   0.0000000000000000     
  -9.9000000000000004        0.0000000000000000       -6.9175694784965941E-004   0.0000000000000000     
  -9.7020000000000000        0.0000000000000000       -7.0263731691519709E-004   0.0000000000000000     
  -9.5040000000000013        0.0000000000000000       -7.1380644743611961E-004   0.0000000000000000     
  -9.3060000000000009        0.0000000000000000       -7.2527601856976591E-004   0.0000000000000000     
  -9.1080000000000005        0.0000000000000000       -7.3705795736618823E-004   0.0000000000000000     
  -8.9100000000000001        0.0000000000000000       -7.4916440751512220E-004   0.0000000000000000     
  -8.7119999999999997        0.0000000000000000       -7.6160779726732277E-004   0.0000000000000000     
  -8.5140000000000011        0.0000000000000000       -7.7440077649642918E-004   0.0000000000000000     
  -8.3160000000000007        0.0000000000000000       -7.8755621232066086E-004   0.0000000000000000     
  -8.1180000000000003        0.0000000000000000       -8.0108724515664316E-004   0.0000000000000000     
  -7.9199999999999999        0.0000000000000000       -8.1500732950677394E-004   0.0000000000000000     
  -7.7220000000000004        0.0000000000000000       -8.2933028065154267E-004   0.0000000000000000     
  -7.5240000000000000        0.0000000000000000       -8.4407036138029520E-004   0.0000000000000000     
  -7.3260000000000005        0.0000000000000000       -8.5924260085857630E-004   0.0000000000000000     
  -7.1280000000000001        0.0000000000000000       -8.7486295691346114E-004   0.0000000000000000     
  -6.9300000000000006        0.0000000000000000       -8.9094886110371982E-004   0.0000000000000000     
  -6.7320000000000002        0.0000000000000000       -9.0751994427984461E-004   0.0000000000000000     
  -6.5340000000000007        0.0000000000000000       -9.2459903457834476E-004   0.0000000000000000     
  -6.3360000000000003        0.0000000000000000       -9.4221366612227064E-004   0.0000000000000000     
  -6.1379999999999999        0.0000000000000000       -9.6039831348340037E-004   0.0000000000000000     
  -5.9400000000000004        0.0000000000000000       -9.7919745350004265E-004   0.0000000000000000     
  -5.7420000000000000        0.0000000000000000       -9.9867008849815119E-004   0.0000000000000000     
  -5.5440000000000005        0.0000000000000000       -1.0188959241804662E-003   0.0000000000000000     
  -5.3460000000000001        0.0000000000000000       -1.0399841406964034E-003   0.0000000000000000     
  -5.1480000000000006        0.0000000000000000       -1.0620853489864230E-003   0.0000000000000000     
  -4.9500000000000002        0.0000000000000000       -1.0854078618163364E-003   0.0000000000000000     
  -4.7520000000000007        0.0000000000000000       -1.1102388560263795E-003   0.0000000000000000     
  -4.5540000000000003        0.0000000000000000       -1.1369709314876450E-003   0.0000000000000000     
  -4.3559999999999999        0.0000000000000000       -1.1661323098845883E-003   0.0000000000000000     
  -4.1580000000000004        0.0000000000000000       -1.1984132594706502E-003   0.0000000000000000     
  -3.9600000000000000        0.0000000000000000       -1.2346642444278745E-003   0.0000000000000000     
  -3.7620000000000000        0.0000000000000000       -1.2757801421471677E-003   0.0000000000000000     
  -3.5640000000000001        0.0000000000000000       -1.3222200372479715E-003   0.0000000000000000     
  -3.3660000000000001        0.0000000000000000       -1.3729941734911086E-003   0.0000000000000000     
  -3.1680000000000001        0.0000000000000000       -1.4259042354585255E-003   0.0000000000000000     
  -2.9700000000000002        0.0000000000000000       -1.4775860359034581E-003   0.0000000000000000     
  -2.7720000000000002        0.0000000000000000       -1.5279686551570647E-003   0.0000000000000000     
  -2.5740000000000003        0.0000000000000000       -1.5803396792264362E-003   0.0000000000000000     
  -2.3760000000000003        0.0000000000000000       -1.6359335600100097E-003   0.0000000000000000     
  -2.1779999999999999        0.0000000000000000       -1.6941739591157421E-003   0.0000000000000000     
  -1.9800000000000000        0.0000000000000000       -1.7520859113344762E-003   0.0000000000000000     
  -1.7820000000000000        0.0000000000000000       -1.8044708635409090E-003   0.0000000000000000     
  -1.5840000000000001        0.0000000000000000       -1.8434733632976667E-003   0.0000000000000000     
  -1.3860000000000001        0.0000000000000000       -1.8582868587242037E-003   0.0000000000000000     
  -1.1880000000000002        0.0000000000000000       -1.8363615079485618E-003   0.0000000000000000     
 -0.98999999999999999        0.0000000000000000       -1.7634109214233957E-003   0.0000000000000000     
 -0.79200000000000004        0.0000000000000000       -1.6176198655517564E-003   0.0000000000000000     
 -0.59400000000000008        0.0000000000000000       -1.3708774301291083E-003   0.0000000000000000     
 -0.39600000000000002        0.0000000000000000       -1.0082526656344563E-003   0.0000000000000000     
 -0.19800000000000001        0.0000000000000000       -5.3794486217114302E-004   0.0000000000000000     
   0.0000000000000000        0.0000000000000000        0.0000000000000000        0.0000000000000000     
  0.19800000000000001        0.0000000000000000        5.3794486217114302E-004   0.0000000000000000     
  0.39600000000000002        0.0000000000000000        1.0082526656344563E-003   0.0000000000000000     
  0.59400000000000008        0.0000000000000000        1.3708774301291083E-003   0.0000000000000000     
  0.79200000000000004        0.0000000000000000        1.6176198655517564E-003   0.0000000000000000     
  0.98999999999999999        0.0000000000000000        1.7634109214233957E-003   0.0000000000000000     
   1.1880000000000002        0.0000000000000000        1.8363615079485618E-003   0.0000000000000000     
   1.3860000000000001        0.0000000000000000        1.8582868587242037E-003   0.0000000000000000     
   1.5840000000000001        0.0000000000000000        1.8434733632976667E-003   0.0000000000000000     
   1.7820000000000000        0.0000000000000000        1.8044708635409090E-003   0.0000000000000000     
   1.9800000000000000        0.0000000000000000        1.7520859113344762E-003   0.0000000000000000     
   2.1779999999999999        0.0000000000000000        1.6941739591157421E-003   0.0000000000000000     
   2.3760000000000003        0.0000000000000000        1.6359335600100097E-003   0.0000000000000000     
   2.5740000000000003        0.0000000000000000        1.5803396792264362E-003   0.0000000000000000     
   2.7720000000000002        0.0000000000000000        1.5279686551570647E-003   0.0000000000000000     
   2.9700000000000002        0.0000000000000000        1.4775860359034581E-003   0.0000000000000000     
   3.1680000000000001        0.0000000000000000        1.4259042354585255E-003   0.0000000000000000     
   3.3660000000000001        0.0000000000000000        1.3729941734911086E-003   0.0000000000000000     
   3.5640000000000001        0.0000000000000000        1.3222200372479715E-003   0.0000000000000000     
   3.7620000000000000        0.0000000000000000        1.2757801421471677E-003   0.0000000000000000     
   3.9600000000000000        0.0000000000000000        1.2346642444278745E-003   0.0000000000000000     
   4.1580000000000004        0.0000000000000000        1.1984132594706502E-003   0.0000000000000000     
   4.3559999999999999        0.0000000000000000        1.1661323098845883E-003   0.0000000000000000     
   4.5540000000000003        0.0000000000000000        1.1369709314876450E-003   0.0000000000000000     
   4.7520000000000007        0.0000000000000000        1.1102388560263795E-003   0.0000000000000000     
   4.9500000000000002        0.0000000000000000        1.0854078618163364E-003   0.0000000000000000     
   5.1480000000000006        0.0000000000000000        1.0620853489864230E-003   0.0000000000000000     
   5.3460000000000001        0.0000000000000000        1.0399841406964034E-003   0.0000000000000000     
   5.5440000000000005        0.0000000000000000        1.0188959241804662E-003   0.0000000000000000     
   5.7420000000000000        0.0000000000000000        9.9867008849815119E-004   0.0000000000000000     
   5.9400000000000004        0.0000000000000000        9.7919745350004265E-004   0.0000000000000000     
   6.1379999999999999        0.0000000000000000        9.6039831348340037E-004   0.0000000000000000     
   6.3360000000000003        0.0000000000000000        9.4221366612227064E-004   0.0000000000000000     
   6.5340000000000007        0.0000000000000000        9.2459903457834476E-004   0.0000000000000000     
   6.7320000000000002        0.0000000000000000        9.0751994427984461E-004   0.0000000000000000     
   6.9300000000000006        0.0000000000000000        8.9094886110371982E-004   0.0000000000000000     
   7.1280000000000001        0.0000000000000000        8.7486295691346114E-004   0.0000000000000000     
   7.3260000000000005        0.0000000000000000        8.5924260085857630E-004   0.0000000000000000     
   7.5240000000000000        0.0000000000000000        8.4407036138029520E-004   0.0000000000000000     
   7.7220000000000004        0.0000000000000000        8.2933028065154267E-004   0.0000000000000000     
   7.9199999999999999        0.0000000000000000        8.1500732950677394E-004   0.0000000000000000     
   8.1180000000000003        0.0000000000000000        8.0108724515664316E-004   0.0000000000000000     
   8.3160000000000007        0.0000000000000000        7.8755621232066086E-004   0.0000000000000000     
   8.5140000000000011        0.0000000000000000        7.7440077649642918E-004   0.0000000000000000     
   8.7119999999999997        0.0000000000000000        7.6160779726732277E-004   0.0000000000000000     
   8.9100000000000001        0.0000000000000000        7.4916440751512220E-004   0.0000000000000000     
   9.1080000000000005        0.0000000000000000        7.3705795736618823E-004   0.0000000000000000     
   9.3060000000000009        0.0000000000000000        7.2527601856976591E-004   0.0000000000000000     
   9.5040000000000013        0.0000000000000000        7.1380644743611961E-004   0.0000000000000000     
   9.7020000000000000        0.0000000000000000        7.0263731691519709E-004   0.0000000000000000     
   9.9000000000000004        0.0000000000000000        6.9175694784965941E-004   0.0000000000000000     
   10.098000000000001        0.0000000000000000        6.8115392962780918E-004   0.0000000000000000     
   10.296000000000001        0.0000000000000000        6.7081710307363403E-004   0.0000000000000000     
   10.494000000000000        0.0000000000000000        6.6073554592926888E-004   0.0000000000000000     
   10.692000000000000        0.0000000000000000        6.5089860802546007E-004   0.0000000000000000     
   10.890000000000001        0.0000000000000000        6.4129588178561507E-004   0.0000000000000000     
   11.088000000000001        0.0000000000000000        6.3191719626324260E-004   0.0000000000000000     
   11.286000000000001        0.0000000000000000        6.2275259896622651E-004   0.0000000000000000     
   11.484000000000000        0.0000000000000000        6.1379234122406880E-004   0.0000000000000000     
   11.682000000000000        0.0000000000000000        6.0502688458252034E-004   0.0000000000000000     
   11.880000000000001        0.0000000000000000        5.9644684618998618E-004   0.0000000000000000     
   12.078000000000001        0.0000000000000000        5.8804301654118347E-004   0.0000000000000000     
   12.276000000000000        0.0000000000000000        5.7980627542520661E-004   0.0000000000000000     
   12.474000000000000        0.0000000000000000        5.7172762061494784E-004   0.0000000000000000     
   12.672000000000001        0.0000000000000000        5.6379811685408263E-004   0.0000000000000000     
   12.870000000000001        0.0000000000000000        5.5600884300055910E-004   0.0000000000000000     
   13.068000000000001        0.0000000000000000        5.4835087871885524E-004   0.0000000000000000     
   13.266000000000000        0.0000000000000000        5.4081525326533225E-004   0.0000000000000000     
   13.464000000000000        0.0000000000000000        5.3339289073061865E-004   0.0000000000000000     
   13.662000000000001        0.0000000000000000        5.2607456559405203E-004   0.0000000000000000     
   13.860000000000001        0.0000000000000000        5.1885083448549336E-004   0.0000000000000000     
   14.058000000000000        0.0000000000000000        5.1171197048194663E-004   0.0000000000000000     
   14.256000000000000        0.0000000000000000        5.0464789242097771E-004   0.0000000000000000     
   14.454000000000001        0.0000000000000000        4.9764806183771827E-004   0.0000000000000000     
   14.652000000000001        0.0000000000000000        4.9070139096285418E-004   0.0000000000000000     
   14.850000000000001        0.0000000000000000        4.8379612220401751E-004   0.0000000000000000     
   15.048000000000000        0.0000000000000000        4.7691968850090317E-004   0.0000000000000000     
   15.246000000000000        0.0000000000000000        4.7005854769859972E-004   0.0000000000000000     
   15.444000000000001        0.0000000000000000        4.6319799888921688E-004   0.0000000000000000     
   15.642000000000001        0.0000000000000000        4.5632195957920639E-004   0.0000000000000000     
   15.840000000000000        0.0000000000000000        4.4941269538663868E-004   0.0000000000000000     
   16.038000000000000        0.0000000000000000        4.4245052554258324E-004   0.0000000000000000     
   16.236000000000001        0.0000000000000000        4.3541343679374115E-004   0.0000000000000000     
   16.434000000000001        0.0000000000000000        4.2827668549517511E-004   0.0000000000000000     
   16.632000000000001        0.0000000000000000        4.2108440939699494E-004   0.0000000000000000     
   16.830000000000002        0.0000000000000000        4.1368595286834489E-004   0.0000000000000000     
   17.028000000000002        0.0000000000000000        4.0609291928156004E-004   0.0000000000000000     
   17.225999999999999        0.0000000000000000        3.9826421403892868E-004   0.0000000000000000     
   17.423999999999999        0.0000000000000000        3.9015358259510136E-004   0.0000000000000000     
   17.622000000000000        0.0000000000000000        3.8170977464352851E-004   0.0000000000000000     
   17.820000000000000        0.0000000000000000        3.7282656444010293E-004   0.0000000000000000     
   18.018000000000001        0.0000000000000000        3.6347876515172657E-004   0.0000000000000000     
   18.216000000000001        0.0000000000000000        3.5359889137132929E-004   0.0000000000000000     
   18.414000000000001        0.0000000000000000        3.4312902624693704E-004   0.0000000000000000     
   18.612000000000002        0.0000000000000000        3.3215592980915404E-004   0.0000000000000000     
   18.810000000000002        0.0000000000000000        3.2060168960238242E-004   0.0000000000000000     
   19.008000000000003        0.0000000000000000        3.0859295673955255E-004   0.0000000000000000     
   19.206000000000000        0.0000000000000000        2.9618087085979492E-004   0.0000000000000000     
   19.404000000000000        0.0000000000000000        2.8364116142252710E-004   0.0000000000000000     
   19.602000000000000        0.0000000000000000        2.7008500031327603E-004   0.0000000000000000     
