  -19.602000000000000        0.0000000000000000       -5.3730308014270844E-003   0.0000000000000000     
  -19.404000000000000        0.0000000000000000       -5.6716728401085322E-003   0.0000000000000000     
  -19.206000000000000        0.0000000000000000       -5.9436364894562728E-003   0.0000000000000000     
  -19.008000000000003        0.0000000000000000       -6.1973062569679188E-003   0.0000000000000000     
  -18.810000000000002        0.0000000000000000       -6.4335471721931837E-003   0.0000000000000000     
  -18.612000000000002        0.0000000000000000       -6.6537440386140005E-003   0.0000000000000000     
  -18.414000000000001        0.0000000000000000       -6.8592868749648497E-003   0.0000000000000000     
  -18.216000000000001        0.0000000000000000       -7.0537601912369075E-003   0.0000000000000000     
  -18.018000000000001        0.0000000000000000       -7.2373249707911704E-003   0.0000000000000000     
  -17.820000000000000        0.0000000000000000       -7.4124640959984910E-003   0.0000000000000000     
  -17.622000000000000        0.0000000000000000       -7.5800527964765604E-003   0.0000000000000000     
  -17.423999999999999        0.0000000000000000       -7.7422715547496414E-003   0.0000000000000000     
  -17.225999999999999        0.0000000000000000       -7.8994190117742807E-003   0.0000000000000000     
  -17.028000000000002        0.0000000000000000       -8.0528580223591176E-003   0.0000000000000000     
  -16.830000000000002        0.0000000000000000       -8.2033078562897196E-003   0.0000000000000000     
  -16.632000000000001        0.0000000000000000       -8.3515129323354573E-003   0.0000000000000000     
  -16.434000000000001        0.0000000000000000       -8.4980748130090780E-003   0.0000000000000000     
  -16.236000000000001        0.0000000000000000       -8.6435393171660751E-003   0.0000000000000000     
  -16.038000000000000        0.0000000000000000       -8.7886328894816890E-003   0.0000000000000000     
  -15.840000000000000        0.0000000000000000       -8.9335099209722386E-003   0.0000000000000000     
  -15.642000000000001        0.0000000000000000       -9.0785790429893480E-003   0.0000000000000000     
  -15.444000000000001        0.0000000000000000       -9.2242141646217881E-003   0.0000000000000000     
  -15.246000000000000        0.0000000000000000       -9.3707599469593107E-003   0.0000000000000000     
  -15.048000000000000        0.0000000000000000       -9.5185380663731483E-003   0.0000000000000000     
  -14.850000000000001        0.0000000000000000       -9.6678511881734368E-003   0.0000000000000000     
  -14.652000000000001        0.0000000000000000       -9.8189870490329560E-003   0.0000000000000000     
  -14.454000000000001        0.0000000000000000       -9.9722222379991284E-003   0.0000000000000000     
  -14.256000000000000        0.0000000000000000       -1.0127824633596847E-002   0.0000000000000000     
  -14.058000000000000        0.0000000000000000       -1.0286056542381811E-002   0.0000000000000000     
  -13.860000000000001        0.0000000000000000       -1.0447176357165961E-002   0.0000000000000000     
  -13.662000000000001        0.0000000000000000       -1.0611441478959918E-002   0.0000000000000000     
  -13.464000000000000        0.0000000000000000       -1.0779109555802900E-002   0.0000000000000000     
  -13.266000000000000        0.0000000000000000       -1.0950440500469972E-002   0.0000000000000000     
  -13.068000000000001        0.0000000000000000       -1.1125698392039047E-002   0.0000000000000000     
  -12.870000000000001        0.0000000000000000       -1.1305152461239939E-002   0.0000000000000000     
  -12.672000000000001        0.0000000000000000       -1.1489079382842682E-002   0.0000000000000000     
  -12.474000000000000        0.0000000000000000       -1.1677764126431298E-002   0.0000000000000000     
  -12.276000000000000        0.0000000000000000       -1.1871501612785733E-002   0.0000000000000000     
  -12.078000000000001        0.0000000000000000       -1.2070598251358190E-002   0.0000000000000000     
  -11.880000000000001        0.0000000000000000       -1.2275373272199601E-002   0.0000000000000000     
  -11.682000000000000        0.0000000000000000       -1.2486160624761374E-002   0.0000000000000000     
  -11.484000000000000        0.0000000000000000       -1.2703310302908720E-002   0.0000000000000000     
  -11.286000000000001        0.0000000000000000       -1.2927189357922194E-002   0.0000000000000000     
  -11.088000000000001        0.0000000000000000       -1.3158184504741311E-002   0.0000000000000000     
  -10.890000000000001        0.0000000000000000       -1.3396703540535381E-002   0.0000000000000000     
  -10.692000000000000        0.0000000000000000       -1.3643177051781577E-002   0.0000000000000000     
  -10.494000000000000        0.0000000000000000       -1.3898059674295001E-002   0.0000000000000000     
  -10.296000000000001        0.0000000000000000       -1.4161833797274721E-002   0.0000000000000000     
  -10.098000000000001        0.0000000000000000       -1.4435009708479133E-002   0.0000000000000000     
  -9.9000000000000004        0.0000000000000000       -1.4718129525482959E-002   0.0000000000000000     
  -9.7020000000000000        0.0000000000000000       -1.5011767426114356E-002   0.0000000000000000     
  -9.5040000000000013        0.0000000000000000       -1.5316534364119814E-002   0.0000000000000000     
  -9.3060000000000009        0.0000000000000000       -1.5633078885372378E-002   0.0000000000000000     
  -9.1080000000000005        0.0000000000000000       -1.5962089697706239E-002   0.0000000000000000     
  -8.9100000000000001        0.0000000000000000       -1.6304299191534800E-002   0.0000000000000000     
  -8.7119999999999997        0.0000000000000000       -1.6660485149233132E-002   0.0000000000000000     
  -8.5140000000000011        0.0000000000000000       -1.7031473090987678E-002   0.0000000000000000     
  -8.3160000000000007        0.0000000000000000       -1.7418139481559007E-002   0.0000000000000000     
  -8.1180000000000003        0.0000000000000000       -1.7821412757109540E-002   0.0000000000000000     
  -7.9199999999999999        0.0000000000000000       -1.8242275624505002E-002   0.0000000000000000     
  -7.7220000000000004        0.0000000000000000       -1.8681766030071954E-002   0.0000000000000000     
  -7.5240000000000000        0.0000000000000000       -1.9140977355930271E-002   0.0000000000000000     
  -7.3260000000000005        0.0000000000000000       -1.9621057924092442E-002   0.0000000000000000     
  -7.1280000000000001        0.0000000000000000       -2.0123208672274968E-002   0.0000000000000000     
  -6.9300000000000006        0.0000000000000000       -2.0648678110551884E-002   0.0000000000000000     
  -6.7320000000000002        0.0000000000000000       -2.1198755547425646E-002   0.0000000000000000     
  -6.5340000000000007        0.0000000000000000       -2.1774760568990716E-002   0.0000000000000000     
  -6.3360000000000003        0.0000000000000000       -2.2378026496775574E-002   0.0000000000000000     
  -6.1379999999999999        0.0000000000000000       -2.3009878210475839E-002   0.0000000000000000     
  -5.9400000000000004        0.0000000000000000       -2.3671602037198713E-002   0.0000000000000000     
  -5.7420000000000000        0.0000000000000000       -2.4364402890622486E-002   0.0000000000000000     
  -5.5440000000000005        0.0000000000000000       -2.5089348407051123E-002   0.0000000000000000     
  -5.3460000000000001        0.0000000000000000       -2.5847294410993767E-002   0.0000000000000000     
  -5.1480000000000006        0.0000000000000000       -2.6638784767199265E-002   0.0000000000000000     
  -4.9500000000000002        0.0000000000000000       -2.7463922342790933E-002   0.0000000000000000     
  -4.7520000000000007        0.0000000000000000       -2.8322202592963881E-002   0.0000000000000000     
  -4.5540000000000003        0.0000000000000000       -2.9212302545119976E-002   0.0000000000000000     
  -4.3559999999999999        0.0000000000000000       -3.0131819509922365E-002   0.0000000000000000     
  -4.1580000000000004        0.0000000000000000       -3.1076980379818948E-002   0.0000000000000000     
  -3.9600000000000000        0.0000000000000000       -3.2042381547126415E-002   0.0000000000000000     
  -3.7620000000000000        0.0000000000000000       -3.3021020524609757E-002   0.0000000000000000     
  -3.5640000000000001        0.0000000000000000       -3.4005629156400881E-002   0.0000000000000000     
  -3.3660000000000001        0.0000000000000000       -3.4991233815704958E-002   0.0000000000000000     
  -3.1680000000000001        0.0000000000000000       -3.5964427275447991E-002   0.0000000000000000     
  -2.9700000000000002        0.0000000000000000       -3.6901067268855683E-002   0.0000000000000000     
  -2.7720000000000002        0.0000000000000000       -3.7771811013755666E-002   0.0000000000000000     
  -2.5740000000000003        0.0000000000000000       -3.8540192506676375E-002   0.0000000000000000     
  -2.3760000000000003        0.0000000000000000       -3.9148663821069241E-002   0.0000000000000000     
  -2.1779999999999999        0.0000000000000000       -3.9528850398849603E-002   0.0000000000000000     
  -1.9800000000000000        0.0000000000000000       -3.9620491669865872E-002   0.0000000000000000     
  -1.7820000000000000        0.0000000000000000       -3.9335957978587230E-002   0.0000000000000000     
  -1.5840000000000001        0.0000000000000000       -3.8565248034408035E-002   0.0000000000000000     
  -1.3860000000000001        0.0000000000000000       -3.7166944809970223E-002   0.0000000000000000     
  -1.1880000000000002        0.0000000000000000       -3.4974913307589173E-002   0.0000000000000000     
 -0.98999999999999999        0.0000000000000000       -3.1800471740414768E-002   0.0000000000000000     
 -0.79200000000000004        0.0000000000000000       -2.7488325354218246E-002   0.0000000000000000     
 -0.59400000000000008        0.0000000000000000       -2.1996492661552410E-002   0.0000000000000000     
 -0.39600000000000002        0.0000000000000000       -1.5408923509309835E-002   0.0000000000000000     
 -0.19800000000000001        0.0000000000000000       -7.9515340238790790E-003   0.0000000000000000     
   0.0000000000000000        0.0000000000000000        0.0000000000000000        0.0000000000000000     
  0.19800000000000001        0.0000000000000000        7.9515340238790790E-003   0.0000000000000000     
  0.39600000000000002        0.0000000000000000        1.5408923509309835E-002   0.0000000000000000     
  0.59400000000000008        0.0000000000000000        2.1996492661552410E-002   0.0000000000000000     
  0.79200000000000004        0.0000000000000000        2.7488325354218246E-002   0.0000000000000000     
  0.98999999999999999        0.0000000000000000        3.1800471740414768E-002   0.0000000000000000     
   1.1880000000000002        0.0000000000000000        3.4974913307589173E-002   0.0000000000000000     
   1.3860000000000001        0.0000000000000000        3.7166944809970223E-002   0.0000000000000000     
   1.5840000000000001        0.0000000000000000        3.8565248034408035E-002   0.0000000000000000     
   1.7820000000000000        0.0000000000000000        3.9335957978587230E-002   0.0000000000000000     
   1.9800000000000000        0.0000000000000000        3.9620491669865872E-002   0.0000000000000000     
   2.1779999999999999        0.0000000000000000        3.9528850398849603E-002   0.0000000000000000     
   2.3760000000000003        0.0000000000000000        3.9148663821069241E-002   0.0000000000000000     
   2.5740000000000003        0.0000000000000000        3.8540192506676375E-002   0.0000000000000000     
   2.7720000000000002        0.0000000000000000        3.7771811013755666E-002   0.0000000000000000     
   2.9700000000000002        0.0000000000000000        3.6901067268855683E-002   0.0000000000000000     
   3.1680000000000001        0.0000000000000000        3.5964427275447991E-002   0.0000000000000000     
   3.3660000000000001        0.0000000000000000        3.4991233815704958E-002   0.0000000000000000     
   3.5640000000000001        0.0000000000000000        3.4005629156400881E-002   0.0000000000000000     
   3.7620000000000000        0.0000000000000000        3.3021020524609757E-002   0.0000000000000000     
   3.9600000000000000        0.0000000000000000        3.2042381547126415E-002   0.0000000000000000     
   4.1580000000000004        0.0000000000000000        3.1076980379818948E-002   0.0000000000000000     
   4.3559999999999999        0.0000000000000000        3.0131819509922365E-002   0.0000000000000000     
   4.5540000000000003        0.0000000000000000        2.9212302545119976E-002   0.0000000000000000     
   4.7520000000000007        0.0000000000000000        2.8322202592963881E-002   0.0000000000000000     
   4.9500000000000002        0.0000000000000000        2.7463922342790933E-002   0.0000000000000000     
   5.1480000000000006        0.0000000000000000        2.6638784767199265E-002   0.0000000000000000     
   5.3460000000000001        0.0000000000000000        2.5847294410993767E-002   0.0000000000000000     
   5.5440000000000005        0.0000000000000000        2.5089348407051123E-002   0.0000000000000000     
   5.7420000000000000        0.0000000000000000        2.4364402890622486E-002   0.0000000000000000     
   5.9400000000000004        0.0000000000000000        2.3671602037198713E-002   0.0000000000000000     
   6.1379999999999999        0.0000000000000000        2.3009878210475839E-002   0.0000000000000000     
   6.3360000000000003        0.0000000000000000        2.2378026496775574E-002   0.0000000000000000     
   6.5340000000000007        0.0000000000000000        2.1774760568990716E-002   0.0000000000000000     
   6.7320000000000002        0.0000000000000000        2.1198755547425646E-002   0.0000000000000000     
   6.9300000000000006        0.0000000000000000        2.0648678110551884E-002   0.0000000000000000     
   7.1280000000000001        0.0000000000000000        2.0123208672274968E-002   0.0000000000000000     
   7.3260000000000005        0.0000000000000000        1.9621057924092442E-002   0.0000000000000000     
   7.5240000000000000        0.0000000000000000        1.9140977355930271E-002   0.0000000000000000     
   7.7220000000000004        0.0000000000000000        1.8681766030071954E-002   0.0000000000000000     
   7.9199999999999999        0.0000000000000000        1.8242275624505002E-002   0.0000000000000000     
   8.1180000000000003        0.0000000000000000        1.7821412757109540E-002   0.0000000000000000     
   8.3160000000000007        0.0000000000000000        1.7418139481559007E-002   0.0000000000000000     
   8.5140000000000011        0.0000000000000000        1.7031473090987678E-002   0.0000000000000000     
   8.7119999999999997        0.0000000000000000        1.6660485149233132E-002   0.0000000000000000     
   8.9100000000000001        0.0000000000000000        1.6304299191534800E-002   0.0000000000000000     
   9.1080000000000005        0.0000000000000000        1.5962089697706239E-002   0.0000000000000000     
   9.3060000000000009        0.0000000000000000        1.5633078885372378E-002   0.0000000000000000     
   9.5040000000000013        0.0000000000000000        1.5316534364119814E-002   0.0000000000000000     
   9.7020000000000000        0.0000000000000000        1.5011767426114356E-002   0.0000000000000000     
   9.9000000000000004        0.0000000000000000        1.4718129525482959E-002   0.0000000000000000     
   10.098000000000001        0.0000000000000000        1.4435009708479133E-002   0.0000000000000000     
   10.296000000000001        0.0000000000000000        1.4161833797274721E-002   0.0000000000000000     
   10.494000000000000        0.0000000000000000        1.3898059674295001E-002   0.0000000000000000     
   10.692000000000000        0.0000000000000000        1.3643177051781577E-002   0.0000000000000000     
   10.890000000000001        0.0000000000000000        1.3396703540535381E-002   0.0000000000000000     
   11.088000000000001        0.0000000000000000        1.3158184504741311E-002   0.0000000000000000     
   11.286000000000001        0.0000000000000000        1.2927189357922194E-002   0.0000000000000000     
   11.484000000000000        0.0000000000000000        1.2703310302908720E-002   0.0000000000000000     
   11.682000000000000        0.0000000000000000        1.2486160624761374E-002   0.0000000000000000     
   11.880000000000001        0.0000000000000000        1.2275373272199601E-002   0.0000000000000000     
   12.078000000000001        0.0000000000000000        1.2070598251358190E-002   0.0000000000000000     
   12.276000000000000        0.0000000000000000        1.1871501612785733E-002   0.0000000000000000     
   12.474000000000000        0.0000000000000000        1.1677764126431298E-002   0.0000000000000000     
   12.672000000000001        0.0000000000000000        1.1489079382842682E-002   0.0000000000000000     
   12.870000000000001        0.0000000000000000        1.1305152461239939E-002   0.0000000000000000     
   13.068000000000001        0.0000000000000000        1.1125698392039047E-002   0.0000000000000000     
   13.266000000000000        0.0000000000000000        1.0950440500469972E-002   0.0000000000000000     
   13.464000000000000        0.0000000000000000        1.0779109555802900E-002   0.0000000000000000     
   13.662000000000001        0.0000000000000000        1.0611441478959918E-002   0.0000000000000000     
   13.860000000000001        0.0000000000000000        1.0447176357165961E-002   0.0000000000000000     
   14.058000000000000        0.0000000000000000        1.0286056542381811E-002   0.0000000000000000     
   14.256000000000000        0.0000000000000000        1.0127824633596847E-002   0.0000000000000000     
   14.454000000000001        0.0000000000000000        9.9722222379991284E-003   0.0000000000000000     
   14.652000000000001        0.0000000000000000        9.8189870490329560E-003   0.0000000000000000     
   14.850000000000001        0.0000000000000000        9.6678511881734368E-003   0.0000000000000000     
   15.048000000000000        0.0000000000000000        9.5185380663731483E-003   0.0000000000000000     
   15.246000000000000        0.0000000000000000        9.3707599469593107E-003   0.0000000000000000     
   15.444000000000001        0.0000000000000000        9.2242141646217881E-003   0.0000000000000000     
   15.642000000000001        0.0000000000000000        9.0785790429893480E-003   0.0000000000000000     
   15.840000000000000        0.0000000000000000        8.9335099209722386E-003   0.0000000000000000     
   16.038000000000000        0.0000000000000000        8.7886328894816890E-003   0.0000000000000000     
   16.236000000000001        0.0000000000000000        8.6435393171660751E-003   0.0000000000000000     
   16.434000000000001        0.0000000000000000        8.4980748130090780E-003   0.0000000000000000     
   16.632000000000001        0.0000000000000000        8.3515129323354573E-003   0.0000000000000000     
   16.830000000000002        0.0000000000000000        8.2033078562897196E-003   0.0000000000000000     
   17.028000000000002        0.0000000000000000        8.0528580223591176E-003   0.0000000000000000     
   17.225999999999999        0.0000000000000000        7.8994190117742807E-003   0.0000000000000000     
   17.423999999999999        0.0000000000000000        7.7422715547496414E-003   0.0000000000000000     
   17.622000000000000        0.0000000000000000        7.5800527964765604E-003   0.0000000000000000     
   17.820000000000000        0.0000000000000000        7.4124640959984910E-003   0.0000000000000000     
   18.018000000000001        0.0000000000000000        7.2373249707911704E-003   0.0000000000000000     
   18.216000000000001        0.0000000000000000        7.0537601912369075E-003   0.0000000000000000     
   18.414000000000001        0.0000000000000000        6.8592868749648497E-003   0.0000000000000000     
   18.612000000000002        0.0000000000000000        6.6537440386140005E-003   0.0000000000000000     
   18.810000000000002        0.0000000000000000        6.4335471721931837E-003   0.0000000000000000     
   19.008000000000003        0.0000000000000000        6.1973062569679188E-003   0.0000000000000000     
   19.206000000000000        0.0000000000000000        5.9436364894562728E-003   0.0000000000000000     
   19.404000000000000        0.0000000000000000        5.6716728401085322E-003   0.0000000000000000     
   19.602000000000000        0.0000000000000000        5.3730308014270844E-003   0.0000000000000000     
