  -19.602000000000000        0.0000000000000000        1.5280950961833677E-004   0.0000000000000000     
  -19.404000000000000        0.0000000000000000        1.5905136366519795E-004   0.0000000000000000     
  -19.206000000000000        0.0000000000000000        1.6459984822166738E-004   0.0000000000000000     
  -19.008000000000003        0.0000000000000000        1.7046207885806108E-004   0.0000000000000000     
  -18.810000000000002        0.0000000000000000        1.7668728779918411E-004   0.0000000000000000     
  -18.612000000000002        0.0000000000000000        1.8291262791662869E-004   0.0000000000000000     
  -18.414000000000001        0.0000000000000000        1.8906754541806367E-004   0.0000000000000000     
  -18.216000000000001        0.0000000000000000        1.9491709740498449E-004   0.0000000000000000     
  -18.018000000000001        0.0000000000000000        2.0048680539157826E-004   0.0000000000000000     
  -17.820000000000000        0.0000000000000000        2.0580240715725460E-004   0.0000000000000000     
  -17.622000000000000        0.0000000000000000        2.1082174138214139E-004   0.0000000000000000     
  -17.423999999999999        0.0000000000000000        2.1562202529309336E-004   0.0000000000000000     
  -17.225999999999999        0.0000000000000000        2.2023242767636904E-004   0.0000000000000000     
  -17.028000000000002        0.0000000000000000        2.2468122967450160E-004   0.0000000000000000     
  -16.830000000000002        0.0000000000000000        2.2899217189732297E-004   0.0000000000000000     
  -16.632000000000001        0.0000000000000000        2.3318982870491306E-004   0.0000000000000000     
  -16.434000000000001        0.0000000000000000        2.3733111719786924E-004   0.0000000000000000     
  -16.236000000000001        0.0000000000000000        2.4139867912522514E-004   0.0000000000000000     
  -16.038000000000000        0.0000000000000000        2.4540923647229789E-004   0.0000000000000000     
  -15.840000000000000        0.0000000000000000        2.4937753764582555E-004   0.0000000000000000     
  -15.642000000000001        0.0000000000000000        2.5331665378727888E-004   0.0000000000000000     
  -15.444000000000001        0.0000000000000000        2.5723825086147170E-004   0.0000000000000000     
  -15.246000000000000        0.0000000000000000        2.6115280940714462E-004   0.0000000000000000     
  -15.048000000000000        0.0000000000000000        2.6506982622704050E-004   0.0000000000000000     
  -14.850000000000001        0.0000000000000000        2.6899795757575994E-004   0.0000000000000000     
  -14.652000000000001        0.0000000000000000        2.7294519138269205E-004   0.0000000000000000     
  -14.454000000000001        0.0000000000000000        2.7691892770336863E-004   0.0000000000000000     
  -14.256000000000000        0.0000000000000000        2.8092610684249376E-004   0.0000000000000000     
  -14.058000000000000        0.0000000000000000        2.8497327623831380E-004   0.0000000000000000     
  -13.860000000000001        0.0000000000000000        2.8906667768306070E-004   0.0000000000000000     
  -13.662000000000001        0.0000000000000000        2.9321230000663553E-004   0.0000000000000000     
  -13.464000000000000        0.0000000000000000        2.9741594007042909E-004   0.0000000000000000     
  -13.266000000000000        0.0000000000000000        3.0168325216727639E-004   0.0000000000000000     
  -13.068000000000001        0.0000000000000000        3.0601978427209338E-004   0.0000000000000000     
  -12.870000000000001        0.0000000000000000        3.1043102526708124E-004   0.0000000000000000     
  -12.672000000000001        0.0000000000000000        3.1492242890718492E-004   0.0000000000000000     
  -12.474000000000000        0.0000000000000000        3.1949945938903077E-004   0.0000000000000000     
  -12.276000000000000        0.0000000000000000        3.2416760326164424E-004   0.0000000000000000     
  -12.078000000000001        0.0000000000000000        3.2893240837032035E-004   0.0000000000000000     
  -11.880000000000001        0.0000000000000000        3.3379951004004012E-004   0.0000000000000000     
  -11.682000000000000        0.0000000000000000        3.3877464504571933E-004   0.0000000000000000     
  -11.484000000000000        0.0000000000000000        3.4386366885178491E-004   0.0000000000000000     
  -11.286000000000001        0.0000000000000000        3.4907259608269131E-004   0.0000000000000000     
  -11.088000000000001        0.0000000000000000        3.5440759890986045E-004   0.0000000000000000     
  -10.890000000000001        0.0000000000000000        3.5987504626919660E-004   0.0000000000000000     
  -10.692000000000000        0.0000000000000000        3.6548149301614036E-004   0.0000000000000000     
  -10.494000000000000        0.0000000000000000        3.7123372421279922E-004   0.0000000000000000     
  -10.296000000000001        0.0000000000000000        3.7713874941022729E-004   0.0000000000000000     
  -10.098000000000001        0.0000000000000000        3.8320383411749202E-004   0.0000000000000000     
  -9.9000000000000004        0.0000000000000000        3.8943649679158975E-004   0.0000000000000000     
  -9.7020000000000000        0.0000000000000000        3.9584452724360919E-004   0.0000000000000000     
  -9.5040000000000013        0.0000000000000000        4.0243598671074336E-004   0.0000000000000000     
  -9.3060000000000009        0.0000000000000000        4.0921922596000434E-004   0.0000000000000000     
  -9.1080000000000005        0.0000000000000000        4.1620287677645278E-004   0.0000000000000000     
  -8.9100000000000001        0.0000000000000000        4.2339586846825529E-004   0.0000000000000000     
  -8.7119999999999997        0.0000000000000000        4.3080741831794735E-004   0.0000000000000000     
  -8.5140000000000011        0.0000000000000000        4.3844701820267869E-004   0.0000000000000000     
  -8.3160000000000007        0.0000000000000000        4.4632442673054701E-004   0.0000000000000000     
  -8.1180000000000003        0.0000000000000000        4.5444969568325617E-004   0.0000000000000000     
  -7.9199999999999999        0.0000000000000000        4.6283314831182057E-004   0.0000000000000000     
  -7.7220000000000004        0.0000000000000000        4.7148536111763265E-004   0.0000000000000000     
  -7.5240000000000000        0.0000000000000000        4.8041720249388393E-004   0.0000000000000000     
  -7.3260000000000005        0.0000000000000000        4.8963987767520307E-004   0.0000000000000000     
  -7.1280000000000001        0.0000000000000000        4.9916496359126783E-004   0.0000000000000000     
  -6.9300000000000006        0.0000000000000000        5.0900457325487431E-004   0.0000000000000000     
  -6.7320000000000002        0.0000000000000000        5.1917155562291760E-004   0.0000000000000000     
  -6.5340000000000007        0.0000000000000000        5.2967982925491693E-004   0.0000000000000000     
  -6.3360000000000003        0.0000000000000000        5.4054492126219468E-004   0.0000000000000000     
  -6.1379999999999999        0.0000000000000000        5.5178476601728242E-004   0.0000000000000000     
  -5.9400000000000004        0.0000000000000000        5.6342088844845068E-004   0.0000000000000000     
  -5.7420000000000000        0.0000000000000000        5.7548015557773577E-004   0.0000000000000000     
  -5.5440000000000005        0.0000000000000000        5.8799716155937052E-004   0.0000000000000000     
  -5.3460000000000001        0.0000000000000000        6.0101765770727560E-004   0.0000000000000000     
  -5.1480000000000006        0.0000000000000000        6.1460310715643544E-004   0.0000000000000000     
  -4.9500000000000002        0.0000000000000000        6.2883653635228520E-004   0.0000000000000000     
  -4.7520000000000007        0.0000000000000000        6.4382963753992944E-004   0.0000000000000000     
  -4.5540000000000003        0.0000000000000000        6.5973025699067090E-004   0.0000000000000000     
  -4.3559999999999999        0.0000000000000000        6.7672890312912653E-004   0.0000000000000000     
  -4.1580000000000004        0.0000000000000000        6.9506052243997860E-004   0.0000000000000000     
  -3.9600000000000000        0.0000000000000000        7.1499796891644673E-004   0.0000000000000000     
  -3.7620000000000000        0.0000000000000000        7.3683610131488307E-004   0.0000000000000000     
  -3.5640000000000001        0.0000000000000000        7.6087621398867710E-004   0.0000000000000000     
  -3.3660000000000001        0.0000000000000000        7.8738866446907696E-004   0.0000000000000000     
  -3.1680000000000001        0.0000000000000000        8.1626837075773754E-004   0.0000000000000000     
  -2.9700000000000002        0.0000000000000000        8.4652430234870486E-004   0.0000000000000000     
  -2.7720000000000002        0.0000000000000000        8.7825313602534535E-004   0.0000000000000000     
  -2.5740000000000003        0.0000000000000000        9.1243210966076964E-004   0.0000000000000000     
  -2.3760000000000003        0.0000000000000000        9.4915482899585527E-004   0.0000000000000000     
  -2.1779999999999999        0.0000000000000000        9.8821377450131523E-004   0.0000000000000000     
  -1.9800000000000000        0.0000000000000000        1.0285451146922300E-003   0.0000000000000000     
  -1.7820000000000000        0.0000000000000000        1.0661222960266742E-003   0.0000000000000000     
  -1.5840000000000001        0.0000000000000000        1.0922509872474662E-003   0.0000000000000000     
  -1.3860000000000001        0.0000000000000000        1.1007525949889641E-003   0.0000000000000000     
  -1.1880000000000002        0.0000000000000000        1.0865535680796533E-003   0.0000000000000000     
 -0.98999999999999999        0.0000000000000000        1.0410257216066109E-003   0.0000000000000000     
 -0.79200000000000004        0.0000000000000000        9.5148852939553848E-004   0.0000000000000000     
 -0.59400000000000008        0.0000000000000000        8.0364864480848375E-004   0.0000000000000000     
 -0.39600000000000002        0.0000000000000000        5.8879858451296274E-004   0.0000000000000000     
 -0.19800000000000001        0.0000000000000000        3.1301738145173762E-004   0.0000000000000000     
   0.0000000000000000        0.0000000000000000        0.0000000000000000        0.0000000000000000     
  0.19800000000000001        0.0000000000000000       -3.1301738145173762E-004   0.0000000000000000     
  0.39600000000000002        0.0000000000000000       -5.8879858451296274E-004   0.0000000000000000     
  0.59400000000000008        0.0000000000000000       -8.0364864480848375E-004   0.0000000000000000     
  0.79200000000000004        0.0000000000000000       -9.5148852939553848E-004   0.0000000000000000     
  0.98999999999999999        0.0000000000000000       -1.0410257216066109E-003   0.0000000000000000     
   1.1880000000000002        0.0000000000000000       -1.0865535680796533E-003   0.0000000000000000     
   1.3860000000000001        0.0000000000000000       -1.1007525949889641E-003   0.0000000000000000     
   1.5840000000000001        0.0000000000000000       -1.0922509872474662E-003   0.0000000000000000     
   1.7820000000000000        0.0000000000000000       -1.0661222960266742E-003   0.0000000000000000     
   1.9800000000000000        0.0000000000000000       -1.0285451146922300E-003   0.0000000000000000     
   2.1779999999999999        0.0000000000000000       -9.8821377450131523E-004   0.0000000000000000     
   2.3760000000000003        0.0000000000000000       -9.4915482899585527E-004   0.0000000000000000     
   2.5740000000000003        0.0000000000000000       -9.1243210966076964E-004   0.0000000000000000     
   2.7720000000000002        0.0000000000000000       -8.7825313602534535E-004   0.0000000000000000     
   2.9700000000000002        0.0000000000000000       -8.4652430234870486E-004   0.0000000000000000     
   3.1680000000000001        0.0000000000000000       -8.1626837075773754E-004   0.0000000000000000     
   3.3660000000000001        0.0000000000000000       -7.8738866446907696E-004   0.0000000000000000     
   3.5640000000000001        0.0000000000000000       -7.6087621398867710E-004   0.0000000000000000     
   3.7620000000000000        0.0000000000000000       -7.3683610131488307E-004   0.0000000000000000     
   3.9600000000000000        0.0000000000000000       -7.1499796891644673E-004   0.0000000000000000     
   4.1580000000000004        0.0000000000000000       -6.9506052243997860E-004   0.0000000000000000     
   4.3559999999999999        0.0000000000000000       -6.7672890312912653E-004   0.0000000000000000     
   4.5540000000000003        0.0000000000000000       -6.5973025699067090E-004   0.0000000000000000     
   4.7520000000000007        0.0000000000000000       -6.4382963753992944E-004   0.0000000000000000     
   4.9500000000000002        0.0000000000000000       -6.2883653635228520E-004   0.0000000000000000     
   5.1480000000000006        0.0000000000000000       -6.1460310715643544E-004   0.0000000000000000     
   5.3460000000000001        0.0000000000000000       -6.0101765770727560E-004   0.0000000000000000     
   5.5440000000000005        0.0000000000000000       -5.8799716155937052E-004   0.0000000000000000     
   5.7420000000000000        0.0000000000000000       -5.7548015557773577E-004   0.0000000000000000     
   5.9400000000000004        0.0000000000000000       -5.6342088844845068E-004   0.0000000000000000     
   6.1379999999999999        0.0000000000000000       -5.5178476601728242E-004   0.0000000000000000     
   6.3360000000000003        0.0000000000000000       -5.4054492126219468E-004   0.0000000000000000     
   6.5340000000000007        0.0000000000000000       -5.2967982925491693E-004   0.0000000000000000     
   6.7320000000000002        0.0000000000000000       -5.1917155562291760E-004   0.0000000000000000     
   6.9300000000000006        0.0000000000000000       -5.0900457325487431E-004   0.0000000000000000     
   7.1280000000000001        0.0000000000000000       -4.9916496359126783E-004   0.0000000000000000     
   7.3260000000000005        0.0000000000000000       -4.8963987767520307E-004   0.0000000000000000     
   7.5240000000000000        0.0000000000000000       -4.8041720249388393E-004   0.0000000000000000     
   7.7220000000000004        0.0000000000000000       -4.7148536111763265E-004   0.0000000000000000     
   7.9199999999999999        0.0000000000000000       -4.6283314831182057E-004   0.0000000000000000     
   8.1180000000000003        0.0000000000000000       -4.5444969568325617E-004   0.0000000000000000     
   8.3160000000000007        0.0000000000000000       -4.4632442673054701E-004   0.0000000000000000     
   8.5140000000000011        0.0000000000000000       -4.3844701820267869E-004   0.0000000000000000     
   8.7119999999999997        0.0000000000000000       -4.3080741831794735E-004   0.0000000000000000     
   8.9100000000000001        0.0000000000000000       -4.2339586846825529E-004   0.0000000000000000     
   9.1080000000000005        0.0000000000000000       -4.1620287677645278E-004   0.0000000000000000     
   9.3060000000000009        0.0000000000000000       -4.0921922596000434E-004   0.0000000000000000     
   9.5040000000000013        0.0000000000000000       -4.0243598671074336E-004   0.0000000000000000     
   9.7020000000000000        0.0000000000000000       -3.9584452724360919E-004   0.0000000000000000     
   9.9000000000000004        0.0000000000000000       -3.8943649679158975E-004   0.0000000000000000     
   10.098000000000001        0.0000000000000000       -3.8320383411749202E-004   0.0000000000000000     
   10.296000000000001        0.0000000000000000       -3.7713874941022729E-004   0.0000000000000000     
   10.494000000000000        0.0000000000000000       -3.7123372421279922E-004   0.0000000000000000     
   10.692000000000000        0.0000000000000000       -3.6548149301614036E-004   0.0000000000000000     
   10.890000000000001        0.0000000000000000       -3.5987504626919660E-004   0.0000000000000000     
   11.088000000000001        0.0000000000000000       -3.5440759890986045E-004   0.0000000000000000     
   11.286000000000001        0.0000000000000000       -3.4907259608269131E-004   0.0000000000000000     
   11.484000000000000        0.0000000000000000       -3.4386366885178491E-004   0.0000000000000000     
   11.682000000000000        0.0000000000000000       -3.3877464504571933E-004   0.0000000000000000     
   11.880000000000001        0.0000000000000000       -3.3379951004004012E-004   0.0000000000000000     
   12.078000000000001        0.0000000000000000       -3.2893240837032035E-004   0.0000000000000000     
   12.276000000000000        0.0000000000000000       -3.2416760326164424E-004   0.0000000000000000     
   12.474000000000000        0.0000000000000000       -3.1949945938903077E-004   0.0000000000000000     
   12.672000000000001        0.0000000000000000       -3.1492242890718492E-004   0.0000000000000000     
   12.870000000000001        0.0000000000000000       -3.1043102526708124E-004   0.0000000000000000     
   13.068000000000001        0.0000000000000000       -3.0601978427209338E-004   0.0000000000000000     
   13.266000000000000        0.0000000000000000       -3.0168325216727639E-004   0.0000000000000000     
   13.464000000000000        0.0000000000000000       -2.9741594007042909E-004   0.0000000000000000     
   13.662000000000001        0.0000000000000000       -2.9321230000663553E-004   0.0000000000000000     
   13.860000000000001        0.0000000000000000       -2.8906667768306070E-004   0.0000000000000000     
   14.058000000000000        0.0000000000000000       -2.8497327623831380E-004   0.0000000000000000     
   14.256000000000000        0.0000000000000000       -2.8092610684249376E-004   0.0000000000000000     
   14.454000000000001        0.0000000000000000       -2.7691892770336863E-004   0.0000000000000000     
   14.652000000000001        0.0000000000000000       -2.7294519138269205E-004   0.0000000000000000     
   14.850000000000001        0.0000000000000000       -2.6899795757575994E-004   0.0000000000000000     
   15.048000000000000        0.0000000000000000       -2.6506982622704050E-004   0.0000000000000000     
   15.246000000000000        0.0000000000000000       -2.6115280940714462E-004   0.0000000000000000     
   15.444000000000001        0.0000000000000000       -2.5723825086147170E-004   0.0000000000000000     
   15.642000000000001        0.0000000000000000       -2.5331665378727888E-004   0.0000000000000000     
   15.840000000000000        0.0000000000000000       -2.4937753764582555E-004   0.0000000000000000     
   16.038000000000000        0.0000000000000000       -2.4540923647229789E-004   0.0000000000000000     
   16.236000000000001        0.0000000000000000       -2.4139867912522514E-004   0.0000000000000000     
   16.434000000000001        0.0000000000000000       -2.3733111719786924E-004   0.0000000000000000     
   16.632000000000001        0.0000000000000000       -2.3318982870491306E-004   0.0000000000000000     
   16.830000000000002        0.0000000000000000       -2.2899217189732297E-004   0.0000000000000000     
   17.028000000000002        0.0000000000000000       -2.2468122967450160E-004   0.0000000000000000     
   17.225999999999999        0.0000000000000000       -2.2023242767636904E-004   0.0000000000000000     
   17.423999999999999        0.0000000000000000       -2.1562202529309336E-004   0.0000000000000000     
   17.622000000000000        0.0000000000000000       -2.1082174138214139E-004   0.0000000000000000     
   17.820000000000000        0.0000000000000000       -2.0580240715725460E-004   0.0000000000000000     
   18.018000000000001        0.0000000000000000       -2.0048680539157826E-004   0.0000000000000000     
   18.216000000000001        0.0000000000000000       -1.9491709740498449E-004   0.0000000000000000     
   18.414000000000001        0.0000000000000000       -1.8906754541806367E-004   0.0000000000000000     
   18.612000000000002        0.0000000000000000       -1.8291262791662869E-004   0.0000000000000000     
   18.810000000000002        0.0000000000000000       -1.7668728779918411E-004   0.0000000000000000     
   19.008000000000003        0.0000000000000000       -1.7046207885806108E-004   0.0000000000000000     
   19.206000000000000        0.0000000000000000       -1.6459984822166738E-004   0.0000000000000000     
   19.404000000000000        0.0000000000000000       -1.5905136366519795E-004   0.0000000000000000     
   19.602000000000000        0.0000000000000000       -1.5280950961833677E-004   0.0000000000000000     
