  -19.602000000000000        0.0000000000000000       -4.7752347978979835E-003   0.0000000000000000     
  -19.404000000000000        0.0000000000000000       -5.0242785589778441E-003   0.0000000000000000     
  -19.206000000000000        0.0000000000000000       -5.2519233351124945E-003   0.0000000000000000     
  -19.008000000000003        0.0000000000000000       -5.4636563849584183E-003   0.0000000000000000     
  -18.810000000000002        0.0000000000000000       -5.6627557279407287E-003   0.0000000000000000     
  -18.612000000000002        0.0000000000000000       -5.8501175726710826E-003   0.0000000000000000     
  -18.414000000000001        0.0000000000000000       -6.0265061776317739E-003   0.0000000000000000     
  -18.216000000000001        0.0000000000000000       -6.1944228915014419E-003   0.0000000000000000     
  -18.018000000000001        0.0000000000000000       -6.3544559888676529E-003   0.0000000000000000     
  -17.820000000000000        0.0000000000000000       -6.5073746319142829E-003   0.0000000000000000     
  -17.622000000000000        0.0000000000000000       -6.6540834153200812E-003   0.0000000000000000     
  -17.423999999999999        0.0000000000000000       -6.7962035009830118E-003   0.0000000000000000     
  -17.225999999999999        0.0000000000000000       -6.9347692178279895E-003   0.0000000000000000     
  -17.028000000000002        0.0000000000000000       -7.0698722005521249E-003   0.0000000000000000     
  -16.830000000000002        0.0000000000000000       -7.2024771750138850E-003   0.0000000000000000     
  -16.632000000000001        0.0000000000000000       -7.3331855193763309E-003   0.0000000000000000     
  -16.434000000000001        0.0000000000000000       -7.4624991440873740E-003   0.0000000000000000     
  -16.236000000000001        0.0000000000000000       -7.5908692671189928E-003   0.0000000000000000     
  -16.038000000000000        0.0000000000000000       -7.7187071504927944E-003   0.0000000000000000     
  -15.840000000000000        0.0000000000000000       -7.8465941916314140E-003   0.0000000000000000     
  -15.642000000000001        0.0000000000000000       -7.9746249683746492E-003   0.0000000000000000     
  -15.444000000000001        0.0000000000000000       -8.1031217175167713E-003   0.0000000000000000     
  -15.246000000000000        0.0000000000000000       -8.2323831777196630E-003   0.0000000000000000     
  -15.048000000000000        0.0000000000000000       -8.3626892406553251E-003   0.0000000000000000     
  -14.850000000000001        0.0000000000000000       -8.4943038812441002E-003   0.0000000000000000     
  -14.652000000000001        0.0000000000000000       -8.6274792068954647E-003   0.0000000000000000     
  -14.454000000000001        0.0000000000000000       -8.7624570779417429E-003   0.0000000000000000     
  -14.256000000000000        0.0000000000000000       -8.8994725743339088E-003   0.0000000000000000     
  -14.058000000000000        0.0000000000000000       -9.0387555985620791E-003   0.0000000000000000     
  -13.860000000000001        0.0000000000000000       -9.1805328500406177E-003   0.0000000000000000     
  -13.662000000000001        0.0000000000000000       -9.3250296566222482E-003   0.0000000000000000     
  -13.464000000000000        0.0000000000000000       -9.4724717111720654E-003   0.0000000000000000     
  -13.266000000000000        0.0000000000000000       -9.6230859840984728E-003   0.0000000000000000     
  -13.068000000000001        0.0000000000000000       -9.7771029042099319E-003   0.0000000000000000     
  -12.870000000000001        0.0000000000000000       -9.9347569855038863E-003   0.0000000000000000     
  -12.672000000000001        0.0000000000000000       -1.0096288472487688E-002   0.0000000000000000     
  -12.474000000000000        0.0000000000000000       -1.0261944122282124E-002   0.0000000000000000     
  -12.276000000000000        0.0000000000000000       -1.0431979044892141E-002   0.0000000000000000     
  -12.078000000000001        0.0000000000000000       -1.0606656788007691E-002   0.0000000000000000     
  -11.880000000000001        0.0000000000000000       -1.0786252119301325E-002   0.0000000000000000     
  -11.682000000000000        0.0000000000000000       -1.0971050213906973E-002   0.0000000000000000     
  -11.484000000000000        0.0000000000000000       -1.1161349131157931E-002   0.0000000000000000     
  -11.286000000000001        0.0000000000000000       -1.1357460857084329E-002   0.0000000000000000     
  -11.088000000000001        0.0000000000000000       -1.1559711960237118E-002   0.0000000000000000     
  -10.890000000000001        0.0000000000000000       -1.1768445026389495E-002   0.0000000000000000     
  -10.692000000000000        0.0000000000000000       -1.1984020149004078E-002   0.0000000000000000     
  -10.494000000000000        0.0000000000000000       -1.2206815490577706E-002   0.0000000000000000     
  -10.296000000000001        0.0000000000000000       -1.2437229512811725E-002   0.0000000000000000     
  -10.098000000000001        0.0000000000000000       -1.2675681221797063E-002   0.0000000000000000     
  -9.9000000000000004        0.0000000000000000       -1.2922611807804678E-002   0.0000000000000000     
  -9.7020000000000000        0.0000000000000000       -1.3178485973064133E-002   0.0000000000000000     
  -9.5040000000000013        0.0000000000000000       -1.3443792898677710E-002   0.0000000000000000     
  -9.3060000000000009        0.0000000000000000       -1.3719047252091401E-002   0.0000000000000000     
  -9.1080000000000005        0.0000000000000000       -1.4004790341584821E-002   0.0000000000000000     
  -8.9100000000000001        0.0000000000000000       -1.4301591255552243E-002   0.0000000000000000     
  -8.7119999999999997        0.0000000000000000       -1.4610046168426044E-002   0.0000000000000000     
  -8.5140000000000011        0.0000000000000000       -1.4930780282800610E-002   0.0000000000000000     
  -8.3160000000000007        0.0000000000000000       -1.5264446454644590E-002   0.0000000000000000     
  -8.1180000000000003        0.0000000000000000       -1.5611725325110896E-002   0.0000000000000000     
  -7.9199999999999999        0.0000000000000000       -1.5973323225863447E-002   0.0000000000000000     
  -7.7220000000000004        0.0000000000000000       -1.6349971208936956E-002   0.0000000000000000     
  -7.5240000000000000        0.0000000000000000       -1.6742420121835116E-002   0.0000000000000000     
  -7.3260000000000005        0.0000000000000000       -1.7151437165261182E-002   0.0000000000000000     
  -7.1280000000000001        0.0000000000000000       -1.7577798624670776E-002   0.0000000000000000     
  -6.9300000000000006        0.0000000000000000       -1.8022280331558456E-002   0.0000000000000000     
  -6.7320000000000002        0.0000000000000000       -1.8485647343101517E-002   0.0000000000000000     
  -6.5340000000000007        0.0000000000000000       -1.8968635860221315E-002   0.0000000000000000     
  -6.3360000000000003        0.0000000000000000       -1.9471934281044580E-002   0.0000000000000000     
  -6.1379999999999999        0.0000000000000000       -1.9996155644312705E-002   0.0000000000000000     
  -5.9400000000000004        0.0000000000000000       -2.0541802538419578E-002   0.0000000000000000     
  -5.7420000000000000        0.0000000000000000       -2.1109223251995834E-002   0.0000000000000000     
  -5.5440000000000005        0.0000000000000000       -2.1698555314053132E-002   0.0000000000000000     
  -5.3460000000000001        0.0000000000000000       -2.2309650236452018E-002   0.0000000000000000     
  -5.1480000000000006        0.0000000000000000       -2.2941984468396126E-002   0.0000000000000000     
  -4.9500000000000002        0.0000000000000000       -2.3594540473373192E-002   0.0000000000000000     
  -4.7520000000000007        0.0000000000000000       -2.4265663196795975E-002   0.0000000000000000     
  -4.5540000000000003        0.0000000000000000       -2.4952884809827880E-002   0.0000000000000000     
  -4.3559999999999999        0.0000000000000000       -2.5652728421675014E-002   0.0000000000000000     
  -4.1580000000000004        0.0000000000000000       -2.6360537592768539E-002   0.0000000000000000     
  -3.9600000000000000        0.0000000000000000       -2.7070527994846039E-002   0.0000000000000000     
  -3.7620000000000000        0.0000000000000000       -2.7776883735292319E-002   0.0000000000000000     
  -3.5640000000000001        0.0000000000000000       -2.8475878776099032E-002   0.0000000000000000     
  -3.3660000000000001        0.0000000000000000       -2.9156649217828529E-002   0.0000000000000000     
  -3.1680000000000001        0.0000000000000000       -2.9800045661999539E-002   0.0000000000000000     
  -2.9700000000000002        0.0000000000000000       -3.0388203193741168E-002   0.0000000000000000     
  -2.7720000000000002        0.0000000000000000       -3.0904244966858781E-002   0.0000000000000000     
  -2.5740000000000003        0.0000000000000000       -3.1317198076504807E-002   0.0000000000000000     
  -2.3760000000000003        0.0000000000000000       -3.1565932704826764E-002   0.0000000000000000     
  -2.1779999999999999        0.0000000000000000       -3.1609767564489639E-002   0.0000000000000000     
  -1.9800000000000000        0.0000000000000000       -3.1413501862564155E-002   0.0000000000000000     
  -1.7820000000000000        0.0000000000000000       -3.0895785599793928E-002   0.0000000000000000     
  -1.5840000000000001        0.0000000000000000       -2.9974919510547312E-002   0.0000000000000000     
  -1.3860000000000001        0.0000000000000000       -2.8581391422908949E-002   0.0000000000000000     
  -1.1880000000000002        0.0000000000000000       -2.6626265535267212E-002   0.0000000000000000     
 -0.98999999999999999        0.0000000000000000       -2.4013653417990850E-002   0.0000000000000000     
 -0.79200000000000004        0.0000000000000000       -2.0663871950829849E-002   0.0000000000000000     
 -0.59400000000000008        0.0000000000000000       -1.6458475151731149E-002   0.0000000000000000     
 -0.39600000000000002        0.0000000000000000       -1.1449111328532420E-002   0.0000000000000000     
 -0.19800000000000001        0.0000000000000000       -5.8767212234170380E-003   0.0000000000000000     
   0.0000000000000000        0.0000000000000000        0.0000000000000000        0.0000000000000000     
  0.19800000000000001        0.0000000000000000        5.8767212234170380E-003   0.0000000000000000     
  0.39600000000000002        0.0000000000000000        1.1449111328532420E-002   0.0000000000000000     
  0.59400000000000008        0.0000000000000000        1.6458475151731149E-002   0.0000000000000000     
  0.79200000000000004        0.0000000000000000        2.0663871950829849E-002   0.0000000000000000     
  0.98999999999999999        0.0000000000000000        2.4013653417990850E-002   0.0000000000000000     
   1.1880000000000002        0.0000000000000000        2.6626265535267212E-002   0.0000000000000000     
   1.3860000000000001        0.0000000000000000        2.8581391422908949E-002   0.0000000000000000     
   1.5840000000000001        0.0000000000000000        2.9974919510547312E-002   0.0000000000000000     
   1.7820000000000000        0.0000000000000000        3.0895785599793928E-002   0.0000000000000000     
   1.9800000000000000        0.0000000000000000        3.1413501862564155E-002   0.0000000000000000     
   2.1779999999999999        0.0000000000000000        3.1609767564489639E-002   0.0000000000000000     
   2.3760000000000003        0.0000000000000000        3.1565932704826764E-002   0.0000000000000000     
   2.5740000000000003        0.0000000000000000        3.1317198076504807E-002   0.0000000000000000     
   2.7720000000000002        0.0000000000000000        3.0904244966858781E-002   0.0000000000000000     
   2.9700000000000002        0.0000000000000000        3.0388203193741168E-002   0.0000000000000000     
   3.1680000000000001        0.0000000000000000        2.9800045661999539E-002   0.0000000000000000     
   3.3660000000000001        0.0000000000000000        2.9156649217828529E-002   0.0000000000000000     
   3.5640000000000001        0.0000000000000000        2.8475878776099032E-002   0.0000000000000000     
   3.7620000000000000        0.0000000000000000        2.7776883735292319E-002   0.0000000000000000     
   3.9600000000000000        0.0000000000000000        2.7070527994846039E-002   0.0000000000000000     
   4.1580000000000004        0.0000000000000000        2.6360537592768539E-002   0.0000000000000000     
   4.3559999999999999        0.0000000000000000        2.5652728421675014E-002   0.0000000000000000     
   4.5540000000000003        0.0000000000000000        2.4952884809827880E-002   0.0000000000000000     
   4.7520000000000007        0.0000000000000000        2.4265663196795975E-002   0.0000000000000000     
   4.9500000000000002        0.0000000000000000        2.3594540473373192E-002   0.0000000000000000     
   5.1480000000000006        0.0000000000000000        2.2941984468396126E-002   0.0000000000000000     
   5.3460000000000001        0.0000000000000000        2.2309650236452018E-002   0.0000000000000000     
   5.5440000000000005        0.0000000000000000        2.1698555314053132E-002   0.0000000000000000     
   5.7420000000000000        0.0000000000000000        2.1109223251995834E-002   0.0000000000000000     
   5.9400000000000004        0.0000000000000000        2.0541802538419578E-002   0.0000000000000000     
   6.1379999999999999        0.0000000000000000        1.9996155644312705E-002   0.0000000000000000     
   6.3360000000000003        0.0000000000000000        1.9471934281044580E-002   0.0000000000000000     
   6.5340000000000007        0.0000000000000000        1.8968635860221315E-002   0.0000000000000000     
   6.7320000000000002        0.0000000000000000        1.8485647343101517E-002   0.0000000000000000     
   6.9300000000000006        0.0000000000000000        1.8022280331558456E-002   0.0000000000000000     
   7.1280000000000001        0.0000000000000000        1.7577798624670776E-002   0.0000000000000000     
   7.3260000000000005        0.0000000000000000        1.7151437165261182E-002   0.0000000000000000     
   7.5240000000000000        0.0000000000000000        1.6742420121835116E-002   0.0000000000000000     
   7.7220000000000004        0.0000000000000000        1.6349971208936956E-002   0.0000000000000000     
   7.9199999999999999        0.0000000000000000        1.5973323225863447E-002   0.0000000000000000     
   8.1180000000000003        0.0000000000000000        1.5611725325110896E-002   0.0000000000000000     
   8.3160000000000007        0.0000000000000000        1.5264446454644590E-002   0.0000000000000000     
   8.5140000000000011        0.0000000000000000        1.4930780282800610E-002   0.0000000000000000     
   8.7119999999999997        0.0000000000000000        1.4610046168426044E-002   0.0000000000000000     
   8.9100000000000001        0.0000000000000000        1.4301591255552243E-002   0.0000000000000000     
   9.1080000000000005        0.0000000000000000        1.4004790341584821E-002   0.0000000000000000     
   9.3060000000000009        0.0000000000000000        1.3719047252091401E-002   0.0000000000000000     
   9.5040000000000013        0.0000000000000000        1.3443792898677710E-002   0.0000000000000000     
   9.7020000000000000        0.0000000000000000        1.3178485973064133E-002   0.0000000000000000     
   9.9000000000000004        0.0000000000000000        1.2922611807804678E-002   0.0000000000000000     
   10.098000000000001        0.0000000000000000        1.2675681221797063E-002   0.0000000000000000     
   10.296000000000001        0.0000000000000000        1.2437229512811725E-002   0.0000000000000000     
   10.494000000000000        0.0000000000000000        1.2206815490577706E-002   0.0000000000000000     
   10.692000000000000        0.0000000000000000        1.1984020149004078E-002   0.0000000000000000     
   10.890000000000001        0.0000000000000000        1.1768445026389495E-002   0.0000000000000000     
   11.088000000000001        0.0000000000000000        1.1559711960237118E-002   0.0000000000000000     
   11.286000000000001        0.0000000000000000        1.1357460857084329E-002   0.0000000000000000     
   11.484000000000000        0.0000000000000000        1.1161349131157931E-002   0.0000000000000000     
   11.682000000000000        0.0000000000000000        1.0971050213906973E-002   0.0000000000000000     
   11.880000000000001        0.0000000000000000        1.0786252119301325E-002   0.0000000000000000     
   12.078000000000001        0.0000000000000000        1.0606656788007691E-002   0.0000000000000000     
   12.276000000000000        0.0000000000000000        1.0431979044892141E-002   0.0000000000000000     
   12.474000000000000        0.0000000000000000        1.0261944122282124E-002   0.0000000000000000     
   12.672000000000001        0.0000000000000000        1.0096288472487688E-002   0.0000000000000000     
   12.870000000000001        0.0000000000000000        9.9347569855038863E-003   0.0000000000000000     
   13.068000000000001        0.0000000000000000        9.7771029042099319E-003   0.0000000000000000     
   13.266000000000000        0.0000000000000000        9.6230859840984728E-003   0.0000000000000000     
   13.464000000000000        0.0000000000000000        9.4724717111720654E-003   0.0000000000000000     
   13.662000000000001        0.0000000000000000        9.3250296566222482E-003   0.0000000000000000     
   13.860000000000001        0.0000000000000000        9.1805328500406177E-003   0.0000000000000000     
   14.058000000000000        0.0000000000000000        9.0387555985620791E-003   0.0000000000000000     
   14.256000000000000        0.0000000000000000        8.8994725743339088E-003   0.0000000000000000     
   14.454000000000001        0.0000000000000000        8.7624570779417429E-003   0.0000000000000000     
   14.652000000000001        0.0000000000000000        8.6274792068954647E-003   0.0000000000000000     
   14.850000000000001        0.0000000000000000        8.4943038812441002E-003   0.0000000000000000     
   15.048000000000000        0.0000000000000000        8.3626892406553251E-003   0.0000000000000000     
   15.246000000000000        0.0000000000000000        8.2323831777196630E-003   0.0000000000000000     
   15.444000000000001        0.0000000000000000        8.1031217175167713E-003   0.0000000000000000     
   15.642000000000001        0.0000000000000000        7.9746249683746492E-003   0.0000000000000000     
   15.840000000000000        0.0000000000000000        7.8465941916314140E-003   0.0000000000000000     
   16.038000000000000        0.0000000000000000        7.7187071504927944E-003   0.0000000000000000     
   16.236000000000001        0.0000000000000000        7.5908692671189928E-003   0.0000000000000000     
   16.434000000000001        0.0000000000000000        7.4624991440873740E-003   0.0000000000000000     
   16.632000000000001        0.0000000000000000        7.3331855193763309E-003   0.0000000000000000     
   16.830000000000002        0.0000000000000000        7.2024771750138850E-003   0.0000000000000000     
   17.028000000000002        0.0000000000000000        7.0698722005521249E-003   0.0000000000000000     
   17.225999999999999        0.0000000000000000        6.9347692178279895E-003   0.0000000000000000     
   17.423999999999999        0.0000000000000000        6.7962035009830118E-003   0.0000000000000000     
   17.622000000000000        0.0000000000000000        6.6540834153200812E-003   0.0000000000000000     
   17.820000000000000        0.0000000000000000        6.5073746319142829E-003   0.0000000000000000     
   18.018000000000001        0.0000000000000000        6.3544559888676529E-003   0.0000000000000000     
   18.216000000000001        0.0000000000000000        6.1944228915014419E-003   0.0000000000000000     
   18.414000000000001        0.0000000000000000        6.0265061776317739E-003   0.0000000000000000     
   18.612000000000002        0.0000000000000000        5.8501175726710826E-003   0.0000000000000000     
   18.810000000000002        0.0000000000000000        5.6627557279407287E-003   0.0000000000000000     
   19.008000000000003        0.0000000000000000        5.4636563849584183E-003   0.0000000000000000     
   19.206000000000000        0.0000000000000000        5.2519233351124945E-003   0.0000000000000000     
   19.404000000000000        0.0000000000000000        5.0242785589778441E-003   0.0000000000000000     
   19.602000000000000        0.0000000000000000        4.7752347978979835E-003   0.0000000000000000     
