  -19.602000000000000        0.0000000000000000      -0.12761332081560772        0.0000000000000000     
  -19.404000000000000        0.0000000000000000      -0.13266760688323312        0.0000000000000000     
  -19.206000000000000        0.0000000000000000      -0.13747480904075837        0.0000000000000000     
  -19.008000000000003        0.0000000000000000      -0.14209873333873307        0.0000000000000000     
  -18.810000000000002        0.0000000000000000      -0.14656066818363181        0.0000000000000000     
  -18.612000000000002        0.0000000000000000      -0.15084763995911432        0.0000000000000000     
  -18.414000000000001        0.0000000000000000      -0.15495492329611299        0.0000000000000000     
  -18.216000000000001        0.0000000000000000      -0.15891430415047972        0.0000000000000000     
  -18.018000000000001        0.0000000000000000      -0.16270825496726410        0.0000000000000000     
  -17.820000000000000        0.0000000000000000      -0.16637501152256767        0.0000000000000000     
  -17.622000000000000        0.0000000000000000      -0.16993061984879748        0.0000000000000000     
  -17.423999999999999        0.0000000000000000      -0.17338184372108795        0.0000000000000000     
  -17.225999999999999        0.0000000000000000      -0.17674154773875059        0.0000000000000000     
  -17.028000000000002        0.0000000000000000      -0.18001848447079985        0.0000000000000000     
  -16.830000000000002        0.0000000000000000      -0.18321970849293470        0.0000000000000000     
  -16.632000000000001        0.0000000000000000      -0.18636079230959141        0.0000000000000000     
  -16.434000000000001        0.0000000000000000      -0.18944991895249874        0.0000000000000000     
  -16.236000000000001        0.0000000000000000      -0.19249466191959230        0.0000000000000000     
  -16.038000000000000        0.0000000000000000      -0.19550201800400624        0.0000000000000000     
  -15.840000000000000        0.0000000000000000      -0.19847844687763730        0.0000000000000000     
  -15.642000000000001        0.0000000000000000      -0.20142992129325066        0.0000000000000000     
  -15.444000000000001        0.0000000000000000      -0.20436196395441628        0.0000000000000000     
  -15.246000000000000        0.0000000000000000      -0.20727969066808327        0.0000000000000000     
  -15.048000000000000        0.0000000000000000      -0.21018785137344501        0.0000000000000000     
  -14.850000000000001        0.0000000000000000      -0.21309087105282112        0.0000000000000000     
  -14.652000000000001        0.0000000000000000      -0.21599287406581544        0.0000000000000000     
  -14.454000000000001        0.0000000000000000      -0.21889772081278128        0.0000000000000000     
  -14.256000000000000        0.0000000000000000      -0.22180903392722440        0.0000000000000000     
  -14.058000000000000        0.0000000000000000      -0.22473022432072609        0.0000000000000000     
  -13.860000000000001        0.0000000000000000      -0.22766452253713759        0.0000000000000000     
  -13.662000000000001        0.0000000000000000      -0.23061688100534444        0.0000000000000000     
  -13.464000000000000        0.0000000000000000      -0.23358808372768006        0.0000000000000000     
  -13.266000000000000        0.0000000000000000      -0.23658091361746844        0.0000000000000000     
  -13.068000000000001        0.0000000000000000      -0.23959802581158113        0.0000000000000000     
  -12.870000000000001        0.0000000000000000      -0.24264195560484736        0.0000000000000000     
  -12.672000000000001        0.0000000000000000      -0.24571512886212454        0.0000000000000000     
  -12.474000000000000        0.0000000000000000      -0.24881987850653348        0.0000000000000000     
  -12.276000000000000        0.0000000000000000      -0.25195844121591254        0.0000000000000000     
  -12.078000000000001        0.0000000000000000      -0.25513296226015286        0.0000000000000000     
  -11.880000000000001        0.0000000000000000      -0.25834551039665316        0.0000000000000000     
  -11.682000000000000        0.0000000000000000      -0.26159807064381191        0.0000000000000000     
  -11.484000000000000        0.0000000000000000      -0.26489254304219761        0.0000000000000000     
  -11.286000000000001        0.0000000000000000      -0.26823074976307243        0.0000000000000000     
  -11.088000000000001        0.0000000000000000      -0.27161441965251487        0.0000000000000000     
  -10.890000000000001        0.0000000000000000      -0.27504520106215763        0.0000000000000000     
  -10.692000000000000        0.0000000000000000      -0.27852463238273450        0.0000000000000000     
  -10.494000000000000        0.0000000000000000      -0.28205415755894925        0.0000000000000000     
  -10.296000000000001        0.0000000000000000      -0.28563508995693798        0.0000000000000000     
  -10.098000000000001        0.0000000000000000      -0.28926861935480913        0.0000000000000000     
  -9.9000000000000004        0.0000000000000000      -0.29295577619355279        0.0000000000000000     
  -9.7020000000000000        0.0000000000000000      -0.29669743277162669        0.0000000000000000     
  -9.5040000000000013        0.0000000000000000      -0.30049424985728790        0.0000000000000000     
  -9.3060000000000009        0.0000000000000000      -0.30434667446164865        0.0000000000000000     
  -9.1080000000000005        0.0000000000000000      -0.30825487832487392        0.0000000000000000     
  -8.9100000000000001        0.0000000000000000      -0.31221875511406633        0.0000000000000000     
  -8.7119999999999997        0.0000000000000000      -0.31623782161183583        0.0000000000000000     
  -8.5140000000000011        0.0000000000000000      -0.32031120035793370        0.0000000000000000     
  -8.3160000000000007        0.0000000000000000      -0.32443754505399625        0.0000000000000000     
  -8.1180000000000003        0.0000000000000000      -0.32861494927358198        0.0000000000000000     
  -7.9199999999999999        0.0000000000000000      -0.33284086378502553        0.0000000000000000     
  -7.7220000000000004        0.0000000000000000      -0.33711199585226664        0.0000000000000000     
  -7.5240000000000000        0.0000000000000000      -0.34142416681365861        0.0000000000000000     
  -7.3260000000000005        0.0000000000000000      -0.34577218110520541        0.0000000000000000     
  -7.1280000000000001        0.0000000000000000      -0.35014963761921769        0.0000000000000000     
  -6.9300000000000006        0.0000000000000000      -0.35454873466234776        0.0000000000000000     
  -6.7320000000000002        0.0000000000000000      -0.35896004183391755        0.0000000000000000     
  -6.5340000000000007        0.0000000000000000      -0.36337227351177531        0.0000000000000000     
  -6.3360000000000003        0.0000000000000000      -0.36777212050416536        0.0000000000000000     
  -6.1379999999999999        0.0000000000000000      -0.37214483499864653        0.0000000000000000     
  -5.9400000000000004        0.0000000000000000      -0.37647847205011192        0.0000000000000000     
  -5.7420000000000000        0.0000000000000000      -0.38077262493891606        0.0000000000000000     
  -5.5440000000000005        0.0000000000000000      -0.38500599177893541        0.0000000000000000     
  -5.3460000000000001        0.0000000000000000      -0.38913296715738666        0.0000000000000000     
  -5.1480000000000006        0.0000000000000000      -0.39311420461344815        0.0000000000000000     
  -4.9500000000000002        0.0000000000000000      -0.39690944276619328        0.0000000000000000     
  -4.7520000000000007        0.0000000000000000      -0.40047273031858915        0.0000000000000000     
  -4.5540000000000003        0.0000000000000000      -0.40375063624328972        0.0000000000000000     
  -4.3559999999999999        0.0000000000000000      -0.40668096846384921        0.0000000000000000     
  -4.1580000000000004        0.0000000000000000      -0.40919154589410733        0.0000000000000000     
  -3.9600000000000000        0.0000000000000000      -0.41119883432427184        0.0000000000000000     
  -3.7620000000000000        0.0000000000000000      -0.41260672528861647        0.0000000000000000     
  -3.5640000000000001        0.0000000000000000      -0.41330521075348503        0.0000000000000000     
  -3.3660000000000001        0.0000000000000000      -0.41316932596771921        0.0000000000000000     
  -3.1680000000000001        0.0000000000000000      -0.41205770612262188        0.0000000000000000     
  -2.9700000000000002        0.0000000000000000      -0.40980732678175075        0.0000000000000000     
  -2.7720000000000002        0.0000000000000000      -0.40620325438381572        0.0000000000000000     
  -2.5740000000000003        0.0000000000000000      -0.40089451549205918        0.0000000000000000     
  -2.3760000000000003        0.0000000000000000      -0.39348719922454967        0.0000000000000000     
  -2.1779999999999999        0.0000000000000000      -0.38375948868303200        0.0000000000000000     
  -1.9800000000000000        0.0000000000000000      -0.37152178060162028        0.0000000000000000     
  -1.7820000000000000        0.0000000000000000      -0.35648227133230165        0.0000000000000000     
  -1.5840000000000001        0.0000000000000000      -0.33807216084057762        0.0000000000000000     
  -1.3860000000000001        0.0000000000000000      -0.31503391399981773        0.0000000000000000     
  -1.1880000000000002        0.0000000000000000      -0.28673414381971485        0.0000000000000000     
 -0.98999999999999999        0.0000000000000000      -0.25302207411578109        0.0000000000000000     
 -0.79200000000000004        0.0000000000000000      -0.21340835427252208        0.0000000000000000     
 -0.59400000000000008        0.0000000000000000      -0.16758646812138753        0.0000000000000000     
 -0.39600000000000002        0.0000000000000000      -0.11576141868967255        0.0000000000000000     
 -0.19800000000000001        0.0000000000000000       -5.9244454687800222E-002   0.0000000000000000     
   0.0000000000000000        0.0000000000000000        0.0000000000000000        0.0000000000000000     
  0.19800000000000001        0.0000000000000000        5.9244454687800222E-002   0.0000000000000000     
  0.39600000000000002        0.0000000000000000       0.11576141868967255        0.0000000000000000     
  0.59400000000000008        0.0000000000000000       0.16758646812138753        0.0000000000000000     
  0.79200000000000004        0.0000000000000000       0.21340835427252208        0.0000000000000000     
  0.98999999999999999        0.0000000000000000       0.25302207411578109        0.0000000000000000     
   1.1880000000000002        0.0000000000000000       0.28673414381971485        0.0000000000000000     
   1.3860000000000001        0.0000000000000000       0.31503391399981773        0.0000000000000000     
   1.5840000000000001        0.0000000000000000       0.33807216084057762        0.0000000000000000     
   1.7820000000000000        0.0000000000000000       0.35648227133230165        0.0000000000000000     
   1.9800000000000000        0.0000000000000000       0.37152178060162028        0.0000000000000000     
   2.1779999999999999        0.0000000000000000       0.38375948868303200        0.0000000000000000     
   2.3760000000000003        0.0000000000000000       0.39348719922454967        0.0000000000000000     
   2.5740000000000003        0.0000000000000000       0.40089451549205918        0.0000000000000000     
   2.7720000000000002        0.0000000000000000       0.40620325438381572        0.0000000000000000     
   2.9700000000000002        0.0000000000000000       0.40980732678175075        0.0000000000000000     
   3.1680000000000001        0.0000000000000000       0.41205770612262188        0.0000000000000000     
   3.3660000000000001        0.0000000000000000       0.41316932596771921        0.0000000000000000     
   3.5640000000000001        0.0000000000000000       0.41330521075348503        0.0000000000000000     
   3.7620000000000000        0.0000000000000000       0.41260672528861647        0.0000000000000000     
   3.9600000000000000        0.0000000000000000       0.41119883432427184        0.0000000000000000     
   4.1580000000000004        0.0000000000000000       0.40919154589410733        0.0000000000000000     
   4.3559999999999999        0.0000000000000000       0.40668096846384921        0.0000000000000000     
   4.5540000000000003        0.0000000000000000       0.40375063624328972        0.0000000000000000     
   4.7520000000000007        0.0000000000000000       0.40047273031858915        0.0000000000000000     
   4.9500000000000002        0.0000000000000000       0.39690944276619328        0.0000000000000000     
   5.1480000000000006        0.0000000000000000       0.39311420461344815        0.0000000000000000     
   5.3460000000000001        0.0000000000000000       0.38913296715738666        0.0000000000000000     
   5.5440000000000005        0.0000000000000000       0.38500599177893541        0.0000000000000000     
   5.7420000000000000        0.0000000000000000       0.38077262493891606        0.0000000000000000     
   5.9400000000000004        0.0000000000000000       0.37647847205011192        0.0000000000000000     
   6.1379999999999999        0.0000000000000000       0.37214483499864653        0.0000000000000000     
   6.3360000000000003        0.0000000000000000       0.36777212050416536        0.0000000000000000     
   6.5340000000000007        0.0000000000000000       0.36337227351177531        0.0000000000000000     
   6.7320000000000002        0.0000000000000000       0.35896004183391755        0.0000000000000000     
   6.9300000000000006        0.0000000000000000       0.35454873466234776        0.0000000000000000     
   7.1280000000000001        0.0000000000000000       0.35014963761921769        0.0000000000000000     
   7.3260000000000005        0.0000000000000000       0.34577218110520541        0.0000000000000000     
   7.5240000000000000        0.0000000000000000       0.34142416681365861        0.0000000000000000     
   7.7220000000000004        0.0000000000000000       0.33711199585226664        0.0000000000000000     
   7.9199999999999999        0.0000000000000000       0.33284086378502553        0.0000000000000000     
   8.1180000000000003        0.0000000000000000       0.32861494927358198        0.0000000000000000     
   8.3160000000000007        0.0000000000000000       0.32443754505399625        0.0000000000000000     
   8.5140000000000011        0.0000000000000000       0.32031120035793370        0.0000000000000000     
   8.7119999999999997        0.0000000000000000       0.31623782161183583        0.0000000000000000     
   8.9100000000000001        0.0000000000000000       0.31221875511406633        0.0000000000000000     
   9.1080000000000005        0.0000000000000000       0.30825487832487392        0.0000000000000000     
   9.3060000000000009        0.0000000000000000       0.30434667446164865        0.0000000000000000     
   9.5040000000000013        0.0000000000000000       0.30049424985728790        0.0000000000000000     
   9.7020000000000000        0.0000000000000000       0.29669743277162669        0.0000000000000000     
   9.9000000000000004        0.0000000000000000       0.29295577619355279        0.0000000000000000     
   10.098000000000001        0.0000000000000000       0.28926861935480913        0.0000000000000000     
   10.296000000000001        0.0000000000000000       0.28563508995693798        0.0000000000000000     
   10.494000000000000        0.0000000000000000       0.28205415755894925        0.0000000000000000     
   10.692000000000000        0.0000000000000000       0.27852463238273450        0.0000000000000000     
   10.890000000000001        0.0000000000000000       0.27504520106215763        0.0000000000000000     
   11.088000000000001        0.0000000000000000       0.27161441965251487        0.0000000000000000     
   11.286000000000001        0.0000000000000000       0.26823074976307243        0.0000000000000000     
   11.484000000000000        0.0000000000000000       0.26489254304219761        0.0000000000000000     
   11.682000000000000        0.0000000000000000       0.26159807064381191        0.0000000000000000     
   11.880000000000001        0.0000000000000000       0.25834551039665316        0.0000000000000000     
   12.078000000000001        0.0000000000000000       0.25513296226015286        0.0000000000000000     
   12.276000000000000        0.0000000000000000       0.25195844121591254        0.0000000000000000     
   12.474000000000000        0.0000000000000000       0.24881987850653348        0.0000000000000000     
   12.672000000000001        0.0000000000000000       0.24571512886212454        0.0000000000000000     
   12.870000000000001        0.0000000000000000       0.24264195560484736        0.0000000000000000     
   13.068000000000001        0.0000000000000000       0.23959802581158113        0.0000000000000000     
   13.266000000000000        0.0000000000000000       0.23658091361746844        0.0000000000000000     
   13.464000000000000        0.0000000000000000       0.23358808372768006        0.0000000000000000     
   13.662000000000001        0.0000000000000000       0.23061688100534444        0.0000000000000000     
   13.860000000000001        0.0000000000000000       0.22766452253713759        0.0000000000000000     
   14.058000000000000        0.0000000000000000       0.22473022432072609        0.0000000000000000     
   14.256000000000000        0.0000000000000000       0.22180903392722440        0.0000000000000000     
   14.454000000000001        0.0000000000000000       0.21889772081278128        0.0000000000000000     
   14.652000000000001        0.0000000000000000       0.21599287406581544        0.0000000000000000     
   14.850000000000001        0.0000000000000000       0.21309087105282112        0.0000000000000000     
   15.048000000000000        0.0000000000000000       0.21018785137344501        0.0000000000000000     
   15.246000000000000        0.0000000000000000       0.20727969066808327        0.0000000000000000     
   15.444000000000001        0.0000000000000000       0.20436196395441628        0.0000000000000000     
   15.642000000000001        0.0000000000000000       0.20142992129325066        0.0000000000000000     
   15.840000000000000        0.0000000000000000       0.19847844687763730        0.0000000000000000     
   16.038000000000000        0.0000000000000000       0.19550201800400624        0.0000000000000000     
   16.236000000000001        0.0000000000000000       0.19249466191959230        0.0000000000000000     
   16.434000000000001        0.0000000000000000       0.18944991895249874        0.0000000000000000     
   16.632000000000001        0.0000000000000000       0.18636079230959141        0.0000000000000000     
   16.830000000000002        0.0000000000000000       0.18321970849293470        0.0000000000000000     
   17.028000000000002        0.0000000000000000       0.18001848447079985        0.0000000000000000     
   17.225999999999999        0.0000000000000000       0.17674154773875059        0.0000000000000000     
   17.423999999999999        0.0000000000000000       0.17338184372108795        0.0000000000000000     
   17.622000000000000        0.0000000000000000       0.16993061984879748        0.0000000000000000     
   17.820000000000000        0.0000000000000000       0.16637501152256767        0.0000000000000000     
   18.018000000000001        0.0000000000000000       0.16270825496726410        0.0000000000000000     
   18.216000000000001        0.0000000000000000       0.15891430415047972        0.0000000000000000     
   18.414000000000001        0.0000000000000000       0.15495492329611299        0.0000000000000000     
   18.612000000000002        0.0000000000000000       0.15084763995911432        0.0000000000000000     
   18.810000000000002        0.0000000000000000       0.14656066818363181        0.0000000000000000     
   19.008000000000003        0.0000000000000000       0.14209873333873307        0.0000000000000000     
   19.206000000000000        0.0000000000000000       0.13747480904075837        0.0000000000000000     
   19.404000000000000        0.0000000000000000       0.13266760688323312        0.0000000000000000     
   19.602000000000000        0.0000000000000000       0.12761332081560772        0.0000000000000000     
