  -19.602000000000000        0.0000000000000000       -7.3470453136315566E-005   0.0000000000000000     
  -19.404000000000000        0.0000000000000000       -7.6830108923837961E-005   0.0000000000000000     
  -19.206000000000000        0.0000000000000000       -7.9890635228150662E-005   0.0000000000000000     
  -19.008000000000003        0.0000000000000000       -8.2861379059995705E-005   0.0000000000000000     
  -18.810000000000002        0.0000000000000000       -8.5837320400725901E-005   0.0000000000000000     
  -18.612000000000002        0.0000000000000000       -8.8762694248850819E-005   0.0000000000000000     
  -18.414000000000001        0.0000000000000000       -9.1600987542761722E-005   0.0000000000000000     
  -18.216000000000001        0.0000000000000000       -9.4328730954707510E-005   0.0000000000000000     
  -18.018000000000001        0.0000000000000000       -9.6913698503770543E-005   0.0000000000000000     
  -17.820000000000000        0.0000000000000000       -9.9383814198179452E-005   0.0000000000000000     
  -17.622000000000000        0.0000000000000000       -1.0175478489019803E-004   0.0000000000000000     
  -17.423999999999999        0.0000000000000000       -1.0401813949584125E-004   0.0000000000000000     
  -17.225999999999999        0.0000000000000000       -1.0619139968918928E-004   0.0000000000000000     
  -17.028000000000002        0.0000000000000000       -1.0829386348314245E-004   0.0000000000000000     
  -16.830000000000002        0.0000000000000000       -1.1033830417921416E-004   0.0000000000000000     
  -16.632000000000001        0.0000000000000000       -1.1233776869417454E-004   0.0000000000000000     
  -16.434000000000001        0.0000000000000000       -1.1428954512896278E-004   0.0000000000000000     
  -16.236000000000001        0.0000000000000000       -1.1620171211877322E-004   0.0000000000000000     
  -16.038000000000000        0.0000000000000000       -1.1808137836022395E-004   0.0000000000000000     
  -15.840000000000000        0.0000000000000000       -1.1993480618325400E-004   0.0000000000000000     
  -15.642000000000001        0.0000000000000000       -1.2176752508460405E-004   0.0000000000000000     
  -15.444000000000001        0.0000000000000000       -1.2358443965879525E-004   0.0000000000000000     
  -15.246000000000000        0.0000000000000000       -1.2538993492228795E-004   0.0000000000000000     
  -15.048000000000000        0.0000000000000000       -1.2718794400438122E-004   0.0000000000000000     
  -14.850000000000001        0.0000000000000000       -1.2898203585733563E-004   0.0000000000000000     
  -14.652000000000001        0.0000000000000000       -1.3077545618776377E-004   0.0000000000000000     
  -14.454000000000001        0.0000000000000000       -1.3257119307359574E-004   0.0000000000000000     
  -14.256000000000000        0.0000000000000000       -1.3437200347874852E-004   0.0000000000000000     
  -14.058000000000000        0.0000000000000000       -1.3618046039191596E-004   0.0000000000000000     
  -13.860000000000001        0.0000000000000000       -1.3799897268736676E-004   0.0000000000000000     
  -13.662000000000001        0.0000000000000000       -1.3982981420322663E-004   0.0000000000000000     
  -13.464000000000000        0.0000000000000000       -1.4167514425038040E-004   0.0000000000000000     
  -13.266000000000000        0.0000000000000000       -1.4353702260528627E-004   0.0000000000000000     
  -13.068000000000001        0.0000000000000000       -1.4541743056616612E-004   0.0000000000000000     
  -12.870000000000001        0.0000000000000000       -1.4731827730442827E-004   0.0000000000000000     
  -12.672000000000001        0.0000000000000000       -1.4924141799718696E-004   0.0000000000000000     
  -12.474000000000000        0.0000000000000000       -1.5118865852241850E-004   0.0000000000000000     
  -12.276000000000000        0.0000000000000000       -1.5316176640472369E-004   0.0000000000000000     
  -12.078000000000001        0.0000000000000000       -1.5516247833333838E-004   0.0000000000000000     
  -11.880000000000001        0.0000000000000000       -1.5719250402195472E-004   0.0000000000000000     
  -11.682000000000000        0.0000000000000000       -1.5925353533979185E-004   0.0000000000000000     
  -11.484000000000000        0.0000000000000000       -1.6134724648442323E-004   0.0000000000000000     
  -11.286000000000001        0.0000000000000000       -1.6347529663180379E-004   0.0000000000000000     
  -11.088000000000001        0.0000000000000000       -1.6563933864967263E-004   0.0000000000000000     
  -10.890000000000001        0.0000000000000000       -1.6784100928957397E-004   0.0000000000000000     
  -10.692000000000000        0.0000000000000000       -1.7008194062229819E-004   0.0000000000000000     
  -10.494000000000000        0.0000000000000000       -1.7236374413772196E-004   0.0000000000000000     
  -10.296000000000001        0.0000000000000000       -1.7468801990468287E-004   0.0000000000000000     
  -10.098000000000001        0.0000000000000000       -1.7705634565402182E-004   0.0000000000000000     
  -9.9000000000000004        0.0000000000000000       -1.7947026518471602E-004   0.0000000000000000     
  -9.7020000000000000        0.0000000000000000       -1.8193128570665127E-004   0.0000000000000000     
  -9.5040000000000013        0.0000000000000000       -1.8444086173162807E-004   0.0000000000000000     
  -9.3060000000000009        0.0000000000000000       -1.8700037208005944E-004   0.0000000000000000     
  -9.1080000000000005        0.0000000000000000       -1.8961110897841525E-004   0.0000000000000000     
  -8.9100000000000001        0.0000000000000000       -1.9227424961464228E-004   0.0000000000000000     
  -8.7119999999999997        0.0000000000000000       -1.9499082133496036E-004   0.0000000000000000     
  -8.5140000000000011        0.0000000000000000       -1.9776166623576094E-004   0.0000000000000000     
  -8.3160000000000007        0.0000000000000000       -2.0058740023221663E-004   0.0000000000000000     
  -8.1180000000000003        0.0000000000000000       -2.0346836510575980E-004   0.0000000000000000     
  -7.9199999999999999        0.0000000000000000       -2.0640454915450638E-004   0.0000000000000000     
  -7.7220000000000004        0.0000000000000000       -2.0939555139629152E-004   0.0000000000000000     
  -7.5240000000000000        0.0000000000000000       -2.1244047291757529E-004   0.0000000000000000     
  -7.3260000000000005        0.0000000000000000       -2.1553785095402824E-004   0.0000000000000000     
  -7.1280000000000001        0.0000000000000000       -2.1868555391202856E-004   0.0000000000000000     
  -6.9300000000000006        0.0000000000000000       -2.2188069715830237E-004   0.0000000000000000     
  -6.7320000000000002        0.0000000000000000       -2.2511954416960743E-004   0.0000000000000000     
  -6.5340000000000007        0.0000000000000000       -2.2839741379620103E-004   0.0000000000000000     
  -6.3360000000000003        0.0000000000000000       -2.3170861526417407E-004   0.0000000000000000     
  -6.1379999999999999        0.0000000000000000       -2.3504644638236259E-004   0.0000000000000000     
  -5.9400000000000004        0.0000000000000000       -2.3840320811749453E-004   0.0000000000000000     
  -5.7420000000000000        0.0000000000000000       -2.4177035747480601E-004   0.0000000000000000     
  -5.5440000000000005        0.0000000000000000       -2.4513878710466259E-004   0.0000000000000000     
  -5.3460000000000001        0.0000000000000000       -2.4849932915328770E-004   0.0000000000000000     
  -5.1480000000000006        0.0000000000000000       -2.5184348607963636E-004   0.0000000000000000     
  -4.9500000000000002        0.0000000000000000       -2.5516454926190901E-004   0.0000000000000000     
  -4.7520000000000007        0.0000000000000000       -2.5845899519436283E-004   0.0000000000000000     
  -4.5540000000000003        0.0000000000000000       -2.6172827468020119E-004   0.0000000000000000     
  -4.3559999999999999        0.0000000000000000       -2.6498066929769566E-004   0.0000000000000000     
  -4.1580000000000004        0.0000000000000000       -2.6823276338920041E-004   0.0000000000000000     
  -3.9600000000000000        0.0000000000000000       -2.7150964439020891E-004   0.0000000000000000     
  -3.7620000000000000        0.0000000000000000       -2.7484276783678419E-004   0.0000000000000000     
  -3.5640000000000001        0.0000000000000000       -2.7826557069283233E-004   0.0000000000000000     
  -3.3660000000000001        0.0000000000000000       -2.8181346484745486E-004   0.0000000000000000     
  -3.1680000000000001        0.0000000000000000       -2.8555412126720031E-004   0.0000000000000000     
  -2.9700000000000002        0.0000000000000000       -2.8969647064937731E-004   0.0000000000000000     
  -2.7720000000000002        0.0000000000000000       -2.9455836335316710E-004   0.0000000000000000     
  -2.5740000000000003        0.0000000000000000       -2.9938565189311235E-004   0.0000000000000000     
  -2.3760000000000003        0.0000000000000000       -3.0385169584348526E-004   0.0000000000000000     
  -2.1779999999999999        0.0000000000000000       -3.0945013974743857E-004   0.0000000000000000     
  -1.9800000000000000        0.0000000000000000       -3.1595634413269006E-004   0.0000000000000000     
  -1.7820000000000000        0.0000000000000000       -3.2282936501908419E-004   0.0000000000000000     
  -1.5840000000000001        0.0000000000000000       -3.2978970546617640E-004   0.0000000000000000     
  -1.3860000000000001        0.0000000000000000       -3.3441195051631790E-004   0.0000000000000000     
  -1.1880000000000002        0.0000000000000000       -3.3303624739169029E-004   0.0000000000000000     
 -0.98999999999999999        0.0000000000000000       -3.2085757900322142E-004   0.0000000000000000     
 -0.79200000000000004        0.0000000000000000       -2.9253721881136269E-004   0.0000000000000000     
 -0.59400000000000008        0.0000000000000000       -2.4483777687302124E-004   0.0000000000000000     
 -0.39600000000000002        0.0000000000000000       -1.7898722569214349E-004   0.0000000000000000     
 -0.19800000000000001        0.0000000000000000       -9.6215651824273728E-005   0.0000000000000000     
   0.0000000000000000        0.0000000000000000        0.0000000000000000        0.0000000000000000     
  0.19800000000000001        0.0000000000000000        9.6215651824273728E-005   0.0000000000000000     
  0.39600000000000002        0.0000000000000000        1.7898722569214349E-004   0.0000000000000000     
  0.59400000000000008        0.0000000000000000        2.4483777687302124E-004   0.0000000000000000     
  0.79200000000000004        0.0000000000000000        2.9253721881136269E-004   0.0000000000000000     
  0.98999999999999999        0.0000000000000000        3.2085757900322142E-004   0.0000000000000000     
   1.1880000000000002        0.0000000000000000        3.3303624739169029E-004   0.0000000000000000     
   1.3860000000000001        0.0000000000000000        3.3441195051631790E-004   0.0000000000000000     
   1.5840000000000001        0.0000000000000000        3.2978970546617640E-004   0.0000000000000000     
   1.7820000000000000        0.0000000000000000        3.2282936501908419E-004   0.0000000000000000     
   1.9800000000000000        0.0000000000000000        3.1595634413269006E-004   0.0000000000000000     
   2.1779999999999999        0.0000000000000000        3.0945013974743857E-004   0.0000000000000000     
   2.3760000000000003        0.0000000000000000        3.0385169584348526E-004   0.0000000000000000     
   2.5740000000000003        0.0000000000000000        2.9938565189311235E-004   0.0000000000000000     
   2.7720000000000002        0.0000000000000000        2.9455836335316710E-004   0.0000000000000000     
   2.9700000000000002        0.0000000000000000        2.8969647064937731E-004   0.0000000000000000     
   3.1680000000000001        0.0000000000000000        2.8555412126720031E-004   0.0000000000000000     
   3.3660000000000001        0.0000000000000000        2.8181346484745486E-004   0.0000000000000000     
   3.5640000000000001        0.0000000000000000        2.7826557069283233E-004   0.0000000000000000     
   3.7620000000000000        0.0000000000000000        2.7484276783678419E-004   0.0000000000000000     
   3.9600000000000000        0.0000000000000000        2.7150964439020891E-004   0.0000000000000000     
   4.1580000000000004        0.0000000000000000        2.6823276338920041E-004   0.0000000000000000     
   4.3559999999999999        0.0000000000000000        2.6498066929769566E-004   0.0000000000000000     
   4.5540000000000003        0.0000000000000000        2.6172827468020119E-004   0.0000000000000000     
   4.7520000000000007        0.0000000000000000        2.5845899519436283E-004   0.0000000000000000     
   4.9500000000000002        0.0000000000000000        2.5516454926190901E-004   0.0000000000000000     
   5.1480000000000006        0.0000000000000000        2.5184348607963636E-004   0.0000000000000000     
   5.3460000000000001        0.0000000000000000        2.4849932915328770E-004   0.0000000000000000     
   5.5440000000000005        0.0000000000000000        2.4513878710466259E-004   0.0000000000000000     
   5.7420000000000000        0.0000000000000000        2.4177035747480601E-004   0.0000000000000000     
   5.9400000000000004        0.0000000000000000        2.3840320811749453E-004   0.0000000000000000     
   6.1379999999999999        0.0000000000000000        2.3504644638236259E-004   0.0000000000000000     
   6.3360000000000003        0.0000000000000000        2.3170861526417407E-004   0.0000000000000000     
   6.5340000000000007        0.0000000000000000        2.2839741379620103E-004   0.0000000000000000     
   6.7320000000000002        0.0000000000000000        2.2511954416960743E-004   0.0000000000000000     
   6.9300000000000006        0.0000000000000000        2.2188069715830237E-004   0.0000000000000000     
   7.1280000000000001        0.0000000000000000        2.1868555391202856E-004   0.0000000000000000     
   7.3260000000000005        0.0000000000000000        2.1553785095402824E-004   0.0000000000000000     
   7.5240000000000000        0.0000000000000000        2.1244047291757529E-004   0.0000000000000000     
   7.7220000000000004        0.0000000000000000        2.0939555139629152E-004   0.0000000000000000     
   7.9199999999999999        0.0000000000000000        2.0640454915450638E-004   0.0000000000000000     
   8.1180000000000003        0.0000000000000000        2.0346836510575980E-004   0.0000000000000000     
   8.3160000000000007        0.0000000000000000        2.0058740023221663E-004   0.0000000000000000     
   8.5140000000000011        0.0000000000000000        1.9776166623576094E-004   0.0000000000000000     
   8.7119999999999997        0.0000000000000000        1.9499082133496036E-004   0.0000000000000000     
   8.9100000000000001        0.0000000000000000        1.9227424961464228E-004   0.0000000000000000     
   9.1080000000000005        0.0000000000000000        1.8961110897841525E-004   0.0000000000000000     
   9.3060000000000009        0.0000000000000000        1.8700037208005944E-004   0.0000000000000000     
   9.5040000000000013        0.0000000000000000        1.8444086173162807E-004   0.0000000000000000     
   9.7020000000000000        0.0000000000000000        1.8193128570665127E-004   0.0000000000000000     
   9.9000000000000004        0.0000000000000000        1.7947026518471602E-004   0.0000000000000000     
   10.098000000000001        0.0000000000000000        1.7705634565402182E-004   0.0000000000000000     
   10.296000000000001        0.0000000000000000        1.7468801990468287E-004   0.0000000000000000     
   10.494000000000000        0.0000000000000000        1.7236374413772196E-004   0.0000000000000000     
   10.692000000000000        0.0000000000000000        1.7008194062229819E-004   0.0000000000000000     
   10.890000000000001        0.0000000000000000        1.6784100928957397E-004   0.0000000000000000     
   11.088000000000001        0.0000000000000000        1.6563933864967263E-004   0.0000000000000000     
   11.286000000000001        0.0000000000000000        1.6347529663180379E-004   0.0000000000000000     
   11.484000000000000        0.0000000000000000        1.6134724648442323E-004   0.0000000000000000     
   11.682000000000000        0.0000000000000000        1.5925353533979185E-004   0.0000000000000000     
   11.880000000000001        0.0000000000000000        1.5719250402195472E-004   0.0000000000000000     
   12.078000000000001        0.0000000000000000        1.5516247833333838E-004   0.0000000000000000     
   12.276000000000000        0.0000000000000000        1.5316176640472369E-004   0.0000000000000000     
   12.474000000000000        0.0000000000000000        1.5118865852241850E-004   0.0000000000000000     
   12.672000000000001        0.0000000000000000        1.4924141799718696E-004   0.0000000000000000     
   12.870000000000001        0.0000000000000000        1.4731827730442827E-004   0.0000000000000000     
   13.068000000000001        0.0000000000000000        1.4541743056616612E-004   0.0000000000000000     
   13.266000000000000        0.0000000000000000        1.4353702260528627E-004   0.0000000000000000     
   13.464000000000000        0.0000000000000000        1.4167514425038040E-004   0.0000000000000000     
   13.662000000000001        0.0000000000000000        1.3982981420322663E-004   0.0000000000000000     
   13.860000000000001        0.0000000000000000        1.3799897268736676E-004   0.0000000000000000     
   14.058000000000000        0.0000000000000000        1.3618046039191596E-004   0.0000000000000000     
   14.256000000000000        0.0000000000000000        1.3437200347874852E-004   0.0000000000000000     
   14.454000000000001        0.0000000000000000        1.3257119307359574E-004   0.0000000000000000     
   14.652000000000001        0.0000000000000000        1.3077545618776377E-004   0.0000000000000000     
   14.850000000000001        0.0000000000000000        1.2898203585733563E-004   0.0000000000000000     
   15.048000000000000        0.0000000000000000        1.2718794400438122E-004   0.0000000000000000     
   15.246000000000000        0.0000000000000000        1.2538993492228795E-004   0.0000000000000000     
   15.444000000000001        0.0000000000000000        1.2358443965879525E-004   0.0000000000000000     
   15.642000000000001        0.0000000000000000        1.2176752508460405E-004   0.0000000000000000     
   15.840000000000000        0.0000000000000000        1.1993480618325400E-004   0.0000000000000000     
   16.038000000000000        0.0000000000000000        1.1808137836022395E-004   0.0000000000000000     
   16.236000000000001        0.0000000000000000        1.1620171211877322E-004   0.0000000000000000     
   16.434000000000001        0.0000000000000000        1.1428954512896278E-004   0.0000000000000000     
   16.632000000000001        0.0000000000000000        1.1233776869417454E-004   0.0000000000000000     
   16.830000000000002        0.0000000000000000        1.1033830417921416E-004   0.0000000000000000     
   17.028000000000002        0.0000000000000000        1.0829386348314245E-004   0.0000000000000000     
   17.225999999999999        0.0000000000000000        1.0619139968918928E-004   0.0000000000000000     
   17.423999999999999        0.0000000000000000        1.0401813949584125E-004   0.0000000000000000     
   17.622000000000000        0.0000000000000000        1.0175478489019803E-004   0.0000000000000000     
   17.820000000000000        0.0000000000000000        9.9383814198179452E-005   0.0000000000000000     
   18.018000000000001        0.0000000000000000        9.6913698503770543E-005   0.0000000000000000     
   18.216000000000001        0.0000000000000000        9.4328730954707510E-005   0.0000000000000000     
   18.414000000000001        0.0000000000000000        9.1600987542761722E-005   0.0000000000000000     
   18.612000000000002        0.0000000000000000        8.8762694248850819E-005   0.0000000000000000     
   18.810000000000002        0.0000000000000000        8.5837320400725901E-005   0.0000000000000000     
   19.008000000000003        0.0000000000000000        8.2861379059995705E-005   0.0000000000000000     
   19.206000000000000        0.0000000000000000        7.9890635228150662E-005   0.0000000000000000     
   19.404000000000000        0.0000000000000000        7.6830108923837961E-005   0.0000000000000000     
   19.602000000000000        0.0000000000000000        7.3470453136315566E-005   0.0000000000000000     
