  -19.602000000000000        0.0000000000000000       -7.3415669278405497E-005   0.0000000000000000     
  -19.404000000000000        0.0000000000000000       -7.6769330791950346E-005   0.0000000000000000     
  -19.206000000000000        0.0000000000000000       -7.9825020365469147E-005   0.0000000000000000     
  -19.008000000000003        0.0000000000000000       -8.2793603475002044E-005   0.0000000000000000     
  -18.810000000000002        0.0000000000000000       -8.5767475634559740E-005   0.0000000000000000     
  -18.612000000000002        0.0000000000000000       -8.8691063695943358E-005   0.0000000000000000     
  -18.414000000000001        0.0000000000000000       -9.1527784760699315E-005   0.0000000000000000     
  -18.216000000000001        0.0000000000000000       -9.4254070873995823E-005   0.0000000000000000     
  -18.018000000000001        0.0000000000000000       -9.6837526741253000E-005   0.0000000000000000     
  -17.820000000000000        0.0000000000000000       -9.9304707401472682E-005   0.0000000000000000     
  -17.622000000000000        0.0000000000000000       -1.0166183396515692E-004   0.0000000000000000     
  -17.423999999999999        0.0000000000000000       -1.0391667069368061E-004   0.0000000000000000     
  -17.225999999999999        0.0000000000000000       -1.0608866286365584E-004   0.0000000000000000     
  -17.028000000000002        0.0000000000000000       -1.0818984544171199E-004   0.0000000000000000     
  -16.830000000000002        0.0000000000000000       -1.1023299253589235E-004   0.0000000000000000     
  -16.632000000000001        0.0000000000000000       -1.1223114933468873E-004   0.0000000000000000     
  -16.434000000000001        0.0000000000000000       -1.1418160085694407E-004   0.0000000000000000     
  -16.236000000000001        0.0000000000000000       -1.1609242514735764E-004   0.0000000000000000     
  -16.038000000000000        0.0000000000000000       -1.1797072864138342E-004   0.0000000000000000     
  -15.840000000000000        0.0000000000000000       -1.1982277225753317E-004   0.0000000000000000     
  -15.642000000000001        0.0000000000000000       -1.2165408194957715E-004   0.0000000000000000     
  -15.444000000000001        0.0000000000000000       -1.2346956440037270E-004   0.0000000000000000     
  -15.246000000000000        0.0000000000000000       -1.2527359758364624E-004   0.0000000000000000     
  -15.048000000000000        0.0000000000000000       -1.2707011775400003E-004   0.0000000000000000     
  -14.850000000000001        0.0000000000000000       -1.2886268925495255E-004   0.0000000000000000     
  -14.652000000000001        0.0000000000000000       -1.3065455728903522E-004   0.0000000000000000     
  -14.454000000000001        0.0000000000000000       -1.3244870738496770E-004   0.0000000000000000     
  -14.256000000000000        0.0000000000000000       -1.3424789626182752E-004   0.0000000000000000     
  -14.058000000000000        0.0000000000000000       -1.3605469326452183E-004   0.0000000000000000     
  -13.860000000000001        0.0000000000000000       -1.3787150479012048E-004   0.0000000000000000     
  -13.662000000000001        0.0000000000000000       -1.3970060410065636E-004   0.0000000000000000     
  -13.464000000000000        0.0000000000000000       -1.4154414895156390E-004   0.0000000000000000     
  -13.266000000000000        0.0000000000000000       -1.4340419596519348E-004   0.0000000000000000     
  -13.068000000000001        0.0000000000000000       -1.4528272393376338E-004   0.0000000000000000     
  -12.870000000000001        0.0000000000000000       -1.4718164132296831E-004   0.0000000000000000     
  -12.672000000000001        0.0000000000000000       -1.4910279916205464E-004   0.0000000000000000     
  -12.474000000000000        0.0000000000000000       -1.5104800029010942E-004   0.0000000000000000     
  -12.276000000000000        0.0000000000000000       -1.5301901076269687E-004   0.0000000000000000     
  -12.078000000000001        0.0000000000000000       -1.5501756323640345E-004   0.0000000000000000     
  -11.880000000000001        0.0000000000000000       -1.5704536559582694E-004   0.0000000000000000     
  -11.682000000000000        0.0000000000000000       -1.5910410544709992E-004   0.0000000000000000     
  -11.484000000000000        0.0000000000000000       -1.6119545188937498E-004   0.0000000000000000     
  -11.286000000000001        0.0000000000000000       -1.6332106350811198E-004   0.0000000000000000     
  -11.088000000000001        0.0000000000000000       -1.6548258516336064E-004   0.0000000000000000     
  -10.890000000000001        0.0000000000000000       -1.6768165233926104E-004   0.0000000000000000     
  -10.692000000000000        0.0000000000000000       -1.6991988806194734E-004   0.0000000000000000     
  -10.494000000000000        0.0000000000000000       -1.7219890187698307E-004   0.0000000000000000     
  -10.296000000000001        0.0000000000000000       -1.7452028528382603E-004   0.0000000000000000     
  -10.098000000000001        0.0000000000000000       -1.7688560892737613E-004   0.0000000000000000     
  -9.9000000000000004        0.0000000000000000       -1.7929641055763659E-004   0.0000000000000000     
  -9.7020000000000000        0.0000000000000000       -1.8175418568260908E-004   0.0000000000000000     
  -9.5040000000000013        0.0000000000000000       -1.8426037920774732E-004   0.0000000000000000     
  -9.3060000000000009        0.0000000000000000       -1.8681636438696794E-004   0.0000000000000000     
  -9.1080000000000005        0.0000000000000000       -1.8942341586871054E-004   0.0000000000000000     
  -8.9100000000000001        0.0000000000000000       -1.9208269640259704E-004   0.0000000000000000     
  -8.7119999999999997        0.0000000000000000       -1.9479521855086682E-004   0.0000000000000000     
  -8.5140000000000011        0.0000000000000000       -1.9756181157744513E-004   0.0000000000000000     
  -8.3160000000000007        0.0000000000000000       -2.0038306603502071E-004   0.0000000000000000     
  -8.1180000000000003        0.0000000000000000       -2.0325930188551275E-004   0.0000000000000000     
  -7.9199999999999999        0.0000000000000000       -2.0619049609241200E-004   0.0000000000000000     
  -7.7220000000000004        0.0000000000000000       -2.0917620934178161E-004   0.0000000000000000     
  -7.5240000000000000        0.0000000000000000       -2.1221553075175450E-004   0.0000000000000000     
  -7.3260000000000005        0.0000000000000000       -2.1530696558485314E-004   0.0000000000000000     
  -7.1280000000000001        0.0000000000000000       -2.1844836590802468E-004   0.0000000000000000     
  -6.9300000000000006        0.0000000000000000       -2.2163683231841714E-004   0.0000000000000000     
  -6.7320000000000002        0.0000000000000000       -2.2486861490583274E-004   0.0000000000000000     
  -6.5340000000000007        0.0000000000000000       -2.2813904621713416E-004   0.0000000000000000     
  -6.3360000000000003        0.0000000000000000       -2.3144247828930557E-004   0.0000000000000000     
  -6.1379999999999999        0.0000000000000000       -2.3477227135803479E-004   0.0000000000000000     
  -5.9400000000000004        0.0000000000000000       -2.3812085516838517E-004   0.0000000000000000     
  -5.7420000000000000        0.0000000000000000       -2.4147987759952672E-004   0.0000000000000000     
  -5.5440000000000005        0.0000000000000000       -2.4484054471789012E-004   0.0000000000000000     
  -5.3460000000000001        0.0000000000000000       -2.4819411720350003E-004   0.0000000000000000     
  -5.1480000000000006        0.0000000000000000       -2.5153272628455344E-004   0.0000000000000000     
  -4.9500000000000002        0.0000000000000000       -2.5485048610052934E-004   0.0000000000000000     
  -4.7520000000000007        0.0000000000000000       -2.5814494901331729E-004   0.0000000000000000     
  -4.5540000000000003        0.0000000000000000       -2.6141886527535362E-004   0.0000000000000000     
  -4.3559999999999999        0.0000000000000000       -2.6468190620948165E-004   0.0000000000000000     
  -4.1580000000000004        0.0000000000000000       -2.6795181370844058E-004   0.0000000000000000     
  -3.9600000000000000        0.0000000000000000       -2.7125385991746503E-004   0.0000000000000000     
  -3.7620000000000000        0.0000000000000000       -2.7461726217303096E-004   0.0000000000000000     
  -3.5640000000000001        0.0000000000000000       -2.7806832787346592E-004   0.0000000000000000     
  -3.3660000000000001        0.0000000000000000       -2.8162688029864690E-004   0.0000000000000000     
  -3.1680000000000001        0.0000000000000000       -2.8533389951184400E-004   0.0000000000000000     
  -2.9700000000000002        0.0000000000000000       -2.8936816565402606E-004   0.0000000000000000     
  -2.7720000000000002        0.0000000000000000       -2.9406387588928125E-004   0.0000000000000000     
  -2.5740000000000003        0.0000000000000000       -2.9887124890249630E-004   0.0000000000000000     
  -2.3760000000000003        0.0000000000000000       -3.0375577256064524E-004   0.0000000000000000     
  -2.1779999999999999        0.0000000000000000       -3.0916455503316131E-004   0.0000000000000000     
  -1.9800000000000000        0.0000000000000000       -3.1552042080420172E-004   0.0000000000000000     
  -1.7820000000000000        0.0000000000000000       -3.2291348335473187E-004   0.0000000000000000     
  -1.5840000000000001        0.0000000000000000       -3.2983126606532238E-004   0.0000000000000000     
  -1.3860000000000001        0.0000000000000000       -3.3391877655112711E-004   0.0000000000000000     
  -1.1880000000000002        0.0000000000000000       -3.3155496368203680E-004   0.0000000000000000     
 -0.98999999999999999        0.0000000000000000       -3.1764272683148365E-004   0.0000000000000000     
 -0.79200000000000004        0.0000000000000000       -2.8661327411558154E-004   0.0000000000000000     
 -0.59400000000000008        0.0000000000000000       -2.3619270003461828E-004   0.0000000000000000     
 -0.39600000000000002        0.0000000000000000       -1.7063709869035787E-004   0.0000000000000000     
 -0.19800000000000001        0.0000000000000000       -9.1608602034421225E-005   0.0000000000000000     
   0.0000000000000000        0.0000000000000000        0.0000000000000000        0.0000000000000000     
  0.19800000000000001        0.0000000000000000        9.1608602034421225E-005   0.0000000000000000     
  0.39600000000000002        0.0000000000000000        1.7063709869035787E-004   0.0000000000000000     
  0.59400000000000008        0.0000000000000000        2.3619270003461828E-004   0.0000000000000000     
  0.79200000000000004        0.0000000000000000        2.8661327411558154E-004   0.0000000000000000     
  0.98999999999999999        0.0000000000000000        3.1764272683148365E-004   0.0000000000000000     
   1.1880000000000002        0.0000000000000000        3.3155496368203680E-004   0.0000000000000000     
   1.3860000000000001        0.0000000000000000        3.3391877655112711E-004   0.0000000000000000     
   1.5840000000000001        0.0000000000000000        3.2983126606532238E-004   0.0000000000000000     
   1.7820000000000000        0.0000000000000000        3.2291348335473187E-004   0.0000000000000000     
   1.9800000000000000        0.0000000000000000        3.1552042080420172E-004   0.0000000000000000     
   2.1779999999999999        0.0000000000000000        3.0916455503316131E-004   0.0000000000000000     
   2.3760000000000003        0.0000000000000000        3.0375577256064524E-004   0.0000000000000000     
   2.5740000000000003        0.0000000000000000        2.9887124890249630E-004   0.0000000000000000     
   2.7720000000000002        0.0000000000000000        2.9406387588928125E-004   0.0000000000000000     
   2.9700000000000002        0.0000000000000000        2.8936816565402606E-004   0.0000000000000000     
   3.1680000000000001        0.0000000000000000        2.8533389951184400E-004   0.0000000000000000     
   3.3660000000000001        0.0000000000000000        2.8162688029864690E-004   0.0000000000000000     
   3.5640000000000001        0.0000000000000000        2.7806832787346592E-004   0.0000000000000000     
   3.7620000000000000        0.0000000000000000        2.7461726217303096E-004   0.0000000000000000     
   3.9600000000000000        0.0000000000000000        2.7125385991746503E-004   0.0000000000000000     
   4.1580000000000004        0.0000000000000000        2.6795181370844058E-004   0.0000000000000000     
   4.3559999999999999        0.0000000000000000        2.6468190620948165E-004   0.0000000000000000     
   4.5540000000000003        0.0000000000000000        2.6141886527535362E-004   0.0000000000000000     
   4.7520000000000007        0.0000000000000000        2.5814494901331729E-004   0.0000000000000000     
   4.9500000000000002        0.0000000000000000        2.5485048610052934E-004   0.0000000000000000     
   5.1480000000000006        0.0000000000000000        2.5153272628455344E-004   0.0000000000000000     
   5.3460000000000001        0.0000000000000000        2.4819411720350003E-004   0.0000000000000000     
   5.5440000000000005        0.0000000000000000        2.4484054471789012E-004   0.0000000000000000     
   5.7420000000000000        0.0000000000000000        2.4147987759952672E-004   0.0000000000000000     
   5.9400000000000004        0.0000000000000000        2.3812085516838517E-004   0.0000000000000000     
   6.1379999999999999        0.0000000000000000        2.3477227135803479E-004   0.0000000000000000     
   6.3360000000000003        0.0000000000000000        2.3144247828930557E-004   0.0000000000000000     
   6.5340000000000007        0.0000000000000000        2.2813904621713416E-004   0.0000000000000000     
   6.7320000000000002        0.0000000000000000        2.2486861490583274E-004   0.0000000000000000     
   6.9300000000000006        0.0000000000000000        2.2163683231841714E-004   0.0000000000000000     
   7.1280000000000001        0.0000000000000000        2.1844836590802468E-004   0.0000000000000000     
   7.3260000000000005        0.0000000000000000        2.1530696558485314E-004   0.0000000000000000     
   7.5240000000000000        0.0000000000000000        2.1221553075175450E-004   0.0000000000000000     
   7.7220000000000004        0.0000000000000000        2.0917620934178161E-004   0.0000000000000000     
   7.9199999999999999        0.0000000000000000        2.0619049609241200E-004   0.0000000000000000     
   8.1180000000000003        0.0000000000000000        2.0325930188551275E-004   0.0000000000000000     
   8.3160000000000007        0.0000000000000000        2.0038306603502071E-004   0.0000000000000000     
   8.5140000000000011        0.0000000000000000        1.9756181157744513E-004   0.0000000000000000     
   8.7119999999999997        0.0000000000000000        1.9479521855086682E-004   0.0000000000000000     
   8.9100000000000001        0.0000000000000000        1.9208269640259704E-004   0.0000000000000000     
   9.1080000000000005        0.0000000000000000        1.8942341586871054E-004   0.0000000000000000     
   9.3060000000000009        0.0000000000000000        1.8681636438696794E-004   0.0000000000000000     
   9.5040000000000013        0.0000000000000000        1.8426037920774732E-004   0.0000000000000000     
   9.7020000000000000        0.0000000000000000        1.8175418568260908E-004   0.0000000000000000     
   9.9000000000000004        0.0000000000000000        1.7929641055763659E-004   0.0000000000000000     
   10.098000000000001        0.0000000000000000        1.7688560892737613E-004   0.0000000000000000     
   10.296000000000001        0.0000000000000000        1.7452028528382603E-004   0.0000000000000000     
   10.494000000000000        0.0000000000000000        1.7219890187698307E-004   0.0000000000000000     
   10.692000000000000        0.0000000000000000        1.6991988806194734E-004   0.0000000000000000     
   10.890000000000001        0.0000000000000000        1.6768165233926104E-004   0.0000000000000000     
   11.088000000000001        0.0000000000000000        1.6548258516336064E-004   0.0000000000000000     
   11.286000000000001        0.0000000000000000        1.6332106350811198E-004   0.0000000000000000     
   11.484000000000000        0.0000000000000000        1.6119545188937498E-004   0.0000000000000000     
   11.682000000000000        0.0000000000000000        1.5910410544709992E-004   0.0000000000000000     
   11.880000000000001        0.0000000000000000        1.5704536559582694E-004   0.0000000000000000     
   12.078000000000001        0.0000000000000000        1.5501756323640345E-004   0.0000000000000000     
   12.276000000000000        0.0000000000000000        1.5301901076269687E-004   0.0000000000000000     
   12.474000000000000        0.0000000000000000        1.5104800029010942E-004   0.0000000000000000     
   12.672000000000001        0.0000000000000000        1.4910279916205464E-004   0.0000000000000000     
   12.870000000000001        0.0000000000000000        1.4718164132296831E-004   0.0000000000000000     
   13.068000000000001        0.0000000000000000        1.4528272393376338E-004   0.0000000000000000     
   13.266000000000000        0.0000000000000000        1.4340419596519348E-004   0.0000000000000000     
   13.464000000000000        0.0000000000000000        1.4154414895156390E-004   0.0000000000000000     
   13.662000000000001        0.0000000000000000        1.3970060410065636E-004   0.0000000000000000     
   13.860000000000001        0.0000000000000000        1.3787150479012048E-004   0.0000000000000000     
   14.058000000000000        0.0000000000000000        1.3605469326452183E-004   0.0000000000000000     
   14.256000000000000        0.0000000000000000        1.3424789626182752E-004   0.0000000000000000     
   14.454000000000001        0.0000000000000000        1.3244870738496770E-004   0.0000000000000000     
   14.652000000000001        0.0000000000000000        1.3065455728903522E-004   0.0000000000000000     
   14.850000000000001        0.0000000000000000        1.2886268925495255E-004   0.0000000000000000     
   15.048000000000000        0.0000000000000000        1.2707011775400003E-004   0.0000000000000000     
   15.246000000000000        0.0000000000000000        1.2527359758364624E-004   0.0000000000000000     
   15.444000000000001        0.0000000000000000        1.2346956440037270E-004   0.0000000000000000     
   15.642000000000001        0.0000000000000000        1.2165408194957715E-004   0.0000000000000000     
   15.840000000000000        0.0000000000000000        1.1982277225753317E-004   0.0000000000000000     
   16.038000000000000        0.0000000000000000        1.1797072864138342E-004   0.0000000000000000     
   16.236000000000001        0.0000000000000000        1.1609242514735764E-004   0.0000000000000000     
   16.434000000000001        0.0000000000000000        1.1418160085694407E-004   0.0000000000000000     
   16.632000000000001        0.0000000000000000        1.1223114933468873E-004   0.0000000000000000     
   16.830000000000002        0.0000000000000000        1.1023299253589235E-004   0.0000000000000000     
   17.028000000000002        0.0000000000000000        1.0818984544171199E-004   0.0000000000000000     
   17.225999999999999        0.0000000000000000        1.0608866286365584E-004   0.0000000000000000     
   17.423999999999999        0.0000000000000000        1.0391667069368061E-004   0.0000000000000000     
   17.622000000000000        0.0000000000000000        1.0166183396515692E-004   0.0000000000000000     
   17.820000000000000        0.0000000000000000        9.9304707401472682E-005   0.0000000000000000     
   18.018000000000001        0.0000000000000000        9.6837526741253000E-005   0.0000000000000000     
   18.216000000000001        0.0000000000000000        9.4254070873995823E-005   0.0000000000000000     
   18.414000000000001        0.0000000000000000        9.1527784760699315E-005   0.0000000000000000     
   18.612000000000002        0.0000000000000000        8.8691063695943358E-005   0.0000000000000000     
   18.810000000000002        0.0000000000000000        8.5767475634559740E-005   0.0000000000000000     
   19.008000000000003        0.0000000000000000        8.2793603475002044E-005   0.0000000000000000     
   19.206000000000000        0.0000000000000000        7.9825020365469147E-005   0.0000000000000000     
   19.404000000000000        0.0000000000000000        7.6769330791950346E-005   0.0000000000000000     
   19.602000000000000        0.0000000000000000        7.3415669278405497E-005   0.0000000000000000     
