  -19.602000000000000        0.0000000000000000       -3.0729257353068106E-005   0.0000000000000000     
  -19.404000000000000        0.0000000000000000       -3.1874967245769495E-005   0.0000000000000000     
  -19.206000000000000        0.0000000000000000       -3.2785756505951448E-005   0.0000000000000000     
  -19.008000000000003        0.0000000000000000       -3.3677686937549097E-005   0.0000000000000000     
  -18.810000000000002        0.0000000000000000       -3.4633653939296992E-005   0.0000000000000000     
  -18.612000000000002        0.0000000000000000       -3.5643225990747252E-005   0.0000000000000000     
  -18.414000000000001        0.0000000000000000       -3.6679404555087522E-005   0.0000000000000000     
  -18.216000000000001        0.0000000000000000       -3.7714073446745449E-005   0.0000000000000000     
  -18.018000000000001        0.0000000000000000       -3.8722368480574679E-005   0.0000000000000000     
  -17.820000000000000        0.0000000000000000       -3.9698508284878479E-005   0.0000000000000000     
  -17.622000000000000        0.0000000000000000       -4.0637884952907379E-005   0.0000000000000000     
  -17.423999999999999        0.0000000000000000       -4.1539713428654366E-005   0.0000000000000000     
  -17.225999999999999        0.0000000000000000       -4.2411038613665451E-005   0.0000000000000000     
  -17.028000000000002        0.0000000000000000       -4.3250558790342524E-005   0.0000000000000000     
  -16.830000000000002        0.0000000000000000       -4.4062006866945725E-005   0.0000000000000000     
  -16.632000000000001        0.0000000000000000       -4.4853292078593142E-005   0.0000000000000000     
  -16.434000000000001        0.0000000000000000       -4.5628083675294908E-005   0.0000000000000000     
  -16.236000000000001        0.0000000000000000       -4.6389695933104458E-005   0.0000000000000000     
  -16.038000000000000        0.0000000000000000       -4.7141067702825525E-005   0.0000000000000000     
  -15.840000000000000        0.0000000000000000       -4.7884786526695327E-005   0.0000000000000000     
  -15.642000000000001        0.0000000000000000       -4.8623128748843047E-005   0.0000000000000000     
  -15.444000000000001        0.0000000000000000       -4.9358107352592409E-005   0.0000000000000000     
  -15.246000000000000        0.0000000000000000       -5.0091514195262153E-005   0.0000000000000000     
  -15.048000000000000        0.0000000000000000       -5.0824962300575867E-005   0.0000000000000000     
  -14.850000000000001        0.0000000000000000       -5.1559915801083194E-005   0.0000000000000000     
  -14.652000000000001        0.0000000000000000       -5.2297722912269174E-005   0.0000000000000000     
  -14.454000000000001        0.0000000000000000       -5.3039634965218884E-005   0.0000000000000000     
  -14.256000000000000        0.0000000000000000       -5.3786829075867519E-005   0.0000000000000000     
  -14.058000000000000        0.0000000000000000       -5.4540421157495634E-005   0.0000000000000000     
  -13.860000000000001        0.0000000000000000       -5.5301480330249307E-005   0.0000000000000000     
  -13.662000000000001        0.0000000000000000       -5.6071040669831881E-005   0.0000000000000000     
  -13.464000000000000        0.0000000000000000       -5.6850105128535319E-005   0.0000000000000000     
  -13.266000000000000        0.0000000000000000       -5.7639660142792266E-005   0.0000000000000000     
  -13.068000000000001        0.0000000000000000       -5.8440678218392251E-005   0.0000000000000000     
  -12.870000000000001        0.0000000000000000       -5.9254122992896953E-005   0.0000000000000000     
  -12.672000000000001        0.0000000000000000       -6.0080957650194930E-005   0.0000000000000000     
  -12.474000000000000        0.0000000000000000       -6.0922146529960878E-005   0.0000000000000000     
  -12.276000000000000        0.0000000000000000       -6.1778660247679992E-005   0.0000000000000000     
  -12.078000000000001        0.0000000000000000       -6.2651478816350630E-005   0.0000000000000000     
  -11.880000000000001        0.0000000000000000       -6.3541599322920332E-005   0.0000000000000000     
  -11.682000000000000        0.0000000000000000       -6.4450030520215012E-005   0.0000000000000000     
  -11.484000000000000        0.0000000000000000       -6.5377804211972252E-005   0.0000000000000000     
  -11.286000000000001        0.0000000000000000       -6.6325972764840480E-005   0.0000000000000000     
  -11.088000000000001        0.0000000000000000       -6.7295612042851688E-005   0.0000000000000000     
  -10.890000000000001        0.0000000000000000       -6.8287825238438150E-005   0.0000000000000000     
  -10.692000000000000        0.0000000000000000       -6.9303740712084628E-005   0.0000000000000000     
  -10.494000000000000        0.0000000000000000       -7.0344517918882629E-005   0.0000000000000000     
  -10.296000000000001        0.0000000000000000       -7.1411341557588322E-005   0.0000000000000000     
  -10.098000000000001        0.0000000000000000       -7.2505428073269524E-005   0.0000000000000000     
  -9.9000000000000004        0.0000000000000000       -7.3628017926861026E-005   0.0000000000000000     
  -9.7020000000000000        0.0000000000000000       -7.4780380221909552E-005   0.0000000000000000     
  -9.5040000000000013        0.0000000000000000       -7.5963804894916306E-005   0.0000000000000000     
  -9.3060000000000009        0.0000000000000000       -7.7179599975295710E-005   0.0000000000000000     
  -9.1080000000000005        0.0000000000000000       -7.8429087934387599E-005   0.0000000000000000     
  -8.9100000000000001        0.0000000000000000       -7.9713595920684869E-005   0.0000000000000000     
  -8.7119999999999997        0.0000000000000000       -8.1034447208456678E-005   0.0000000000000000     
  -8.5140000000000011        0.0000000000000000       -8.2392954641092542E-005   0.0000000000000000     
  -8.3160000000000007        0.0000000000000000       -8.3790400039386934E-005   0.0000000000000000     
  -8.1180000000000003        0.0000000000000000       -8.5228022528459503E-005   0.0000000000000000     
  -7.9199999999999999        0.0000000000000000       -8.6707003732171319E-005   0.0000000000000000     
  -7.7220000000000004        0.0000000000000000       -8.8228440210686760E-005   0.0000000000000000     
  -7.5240000000000000        0.0000000000000000       -8.9793326933812500E-005   0.0000000000000000     
  -7.3260000000000005        0.0000000000000000       -9.1402526139583117E-005   0.0000000000000000     
  -7.1280000000000001        0.0000000000000000       -9.3056749543796697E-005   0.0000000000000000     
  -6.9300000000000006        0.0000000000000000       -9.4756526766530852E-005   0.0000000000000000     
  -6.7320000000000002        0.0000000000000000       -9.6502183238985392E-005   0.0000000000000000     
  -6.5340000000000007        0.0000000000000000       -9.8293824782199287E-005   0.0000000000000000     
  -6.3360000000000003        0.0000000000000000       -1.0013132943013394E-004   0.0000000000000000     
  -6.1379999999999999        0.0000000000000000       -1.0201435430678065E-004   0.0000000000000000     
  -5.9400000000000004        0.0000000000000000       -1.0394236975965660E-004   0.0000000000000000     
  -5.7420000000000000        0.0000000000000000       -1.0591472596332909E-004   0.0000000000000000     
  -5.5440000000000005        0.0000000000000000       -1.0793076920373928E-004   0.0000000000000000     
  -5.3460000000000001        0.0000000000000000       -1.0999003818901160E-004   0.0000000000000000     
  -5.1480000000000006        0.0000000000000000       -1.1209253080200510E-004   0.0000000000000000     
  -4.9500000000000002        0.0000000000000000       -1.1423914159235713E-004   0.0000000000000000     
  -4.7520000000000007        0.0000000000000000       -1.1643226496000580E-004   0.0000000000000000     
  -4.5540000000000003        0.0000000000000000       -1.1867670404953708E-004   0.0000000000000000     
  -4.3559999999999999        0.0000000000000000       -1.2098109815322036E-004   0.0000000000000000     
  -4.1580000000000004        0.0000000000000000       -1.2336027146279648E-004   0.0000000000000000     
  -3.9600000000000000        0.0000000000000000       -1.2583949282896960E-004   0.0000000000000000     
  -3.7620000000000000        0.0000000000000000       -1.2846262279321465E-004   0.0000000000000000     
  -3.5640000000000001        0.0000000000000000       -1.3130824701872718E-004   0.0000000000000000     
  -3.3660000000000001        0.0000000000000000       -1.3452063613827271E-004   0.0000000000000000     
  -3.1680000000000001        0.0000000000000000       -1.3836032191698794E-004   0.0000000000000000     
  -2.9700000000000002        0.0000000000000000       -1.4323806869714708E-004   0.0000000000000000     
  -2.7720000000000002        0.0000000000000000       -1.4947395975546817E-004   0.0000000000000000     
  -2.5740000000000003        0.0000000000000000       -1.5642349122253521E-004   0.0000000000000000     
  -2.3760000000000003        0.0000000000000000       -1.6304803363737289E-004   0.0000000000000000     
  -2.1779999999999999        0.0000000000000000       -1.6872729886930089E-004   0.0000000000000000     
  -1.9800000000000000        0.0000000000000000       -1.7452471344963418E-004   0.0000000000000000     
  -1.7820000000000000        0.0000000000000000       -1.8145997149844411E-004   0.0000000000000000     
  -1.5840000000000001        0.0000000000000000       -1.8845661330745778E-004   0.0000000000000000     
  -1.3860000000000001        0.0000000000000000       -1.9394098921017032E-004   0.0000000000000000     
  -1.1880000000000002        0.0000000000000000       -1.9487548725465991E-004   0.0000000000000000     
 -0.98999999999999999        0.0000000000000000       -1.8683728438543480E-004   0.0000000000000000     
 -0.79200000000000004        0.0000000000000000       -1.6674558185678285E-004   0.0000000000000000     
 -0.59400000000000008        0.0000000000000000       -1.3618160890484560E-004   0.0000000000000000     
 -0.39600000000000002        0.0000000000000000       -9.8295118247268605E-005   0.0000000000000000     
 -0.19800000000000001        0.0000000000000000       -5.2465433837710683E-005   0.0000000000000000     
   0.0000000000000000        0.0000000000000000        0.0000000000000000        0.0000000000000000     
  0.19800000000000001        0.0000000000000000        5.2465433837710683E-005   0.0000000000000000     
  0.39600000000000002        0.0000000000000000        9.8295118247268605E-005   0.0000000000000000     
  0.59400000000000008        0.0000000000000000        1.3618160890484560E-004   0.0000000000000000     
  0.79200000000000004        0.0000000000000000        1.6674558185678285E-004   0.0000000000000000     
  0.98999999999999999        0.0000000000000000        1.8683728438543480E-004   0.0000000000000000     
   1.1880000000000002        0.0000000000000000        1.9487548725465991E-004   0.0000000000000000     
   1.3860000000000001        0.0000000000000000        1.9394098921017032E-004   0.0000000000000000     
   1.5840000000000001        0.0000000000000000        1.8845661330745778E-004   0.0000000000000000     
   1.7820000000000000        0.0000000000000000        1.8145997149844411E-004   0.0000000000000000     
   1.9800000000000000        0.0000000000000000        1.7452471344963418E-004   0.0000000000000000     
   2.1779999999999999        0.0000000000000000        1.6872729886930089E-004   0.0000000000000000     
   2.3760000000000003        0.0000000000000000        1.6304803363737289E-004   0.0000000000000000     
   2.5740000000000003        0.0000000000000000        1.5642349122253521E-004   0.0000000000000000     
   2.7720000000000002        0.0000000000000000        1.4947395975546817E-004   0.0000000000000000     
   2.9700000000000002        0.0000000000000000        1.4323806869714708E-004   0.0000000000000000     
   3.1680000000000001        0.0000000000000000        1.3836032191698794E-004   0.0000000000000000     
   3.3660000000000001        0.0000000000000000        1.3452063613827271E-004   0.0000000000000000     
   3.5640000000000001        0.0000000000000000        1.3130824701872718E-004   0.0000000000000000     
   3.7620000000000000        0.0000000000000000        1.2846262279321465E-004   0.0000000000000000     
   3.9600000000000000        0.0000000000000000        1.2583949282896960E-004   0.0000000000000000     
   4.1580000000000004        0.0000000000000000        1.2336027146279648E-004   0.0000000000000000     
   4.3559999999999999        0.0000000000000000        1.2098109815322036E-004   0.0000000000000000     
   4.5540000000000003        0.0000000000000000        1.1867670404953708E-004   0.0000000000000000     
   4.7520000000000007        0.0000000000000000        1.1643226496000580E-004   0.0000000000000000     
   4.9500000000000002        0.0000000000000000        1.1423914159235713E-004   0.0000000000000000     
   5.1480000000000006        0.0000000000000000        1.1209253080200510E-004   0.0000000000000000     
   5.3460000000000001        0.0000000000000000        1.0999003818901160E-004   0.0000000000000000     
   5.5440000000000005        0.0000000000000000        1.0793076920373928E-004   0.0000000000000000     
   5.7420000000000000        0.0000000000000000        1.0591472596332909E-004   0.0000000000000000     
   5.9400000000000004        0.0000000000000000        1.0394236975965660E-004   0.0000000000000000     
   6.1379999999999999        0.0000000000000000        1.0201435430678065E-004   0.0000000000000000     
   6.3360000000000003        0.0000000000000000        1.0013132943013394E-004   0.0000000000000000     
   6.5340000000000007        0.0000000000000000        9.8293824782199287E-005   0.0000000000000000     
   6.7320000000000002        0.0000000000000000        9.6502183238985392E-005   0.0000000000000000     
   6.9300000000000006        0.0000000000000000        9.4756526766530852E-005   0.0000000000000000     
   7.1280000000000001        0.0000000000000000        9.3056749543796697E-005   0.0000000000000000     
   7.3260000000000005        0.0000000000000000        9.1402526139583117E-005   0.0000000000000000     
   7.5240000000000000        0.0000000000000000        8.9793326933812500E-005   0.0000000000000000     
   7.7220000000000004        0.0000000000000000        8.8228440210686760E-005   0.0000000000000000     
   7.9199999999999999        0.0000000000000000        8.6707003732171319E-005   0.0000000000000000     
   8.1180000000000003        0.0000000000000000        8.5228022528459503E-005   0.0000000000000000     
   8.3160000000000007        0.0000000000000000        8.3790400039386934E-005   0.0000000000000000     
   8.5140000000000011        0.0000000000000000        8.2392954641092542E-005   0.0000000000000000     
   8.7119999999999997        0.0000000000000000        8.1034447208456678E-005   0.0000000000000000     
   8.9100000000000001        0.0000000000000000        7.9713595920684869E-005   0.0000000000000000     
   9.1080000000000005        0.0000000000000000        7.8429087934387599E-005   0.0000000000000000     
   9.3060000000000009        0.0000000000000000        7.7179599975295710E-005   0.0000000000000000     
   9.5040000000000013        0.0000000000000000        7.5963804894916306E-005   0.0000000000000000     
   9.7020000000000000        0.0000000000000000        7.4780380221909552E-005   0.0000000000000000     
   9.9000000000000004        0.0000000000000000        7.3628017926861026E-005   0.0000000000000000     
   10.098000000000001        0.0000000000000000        7.2505428073269524E-005   0.0000000000000000     
   10.296000000000001        0.0000000000000000        7.1411341557588322E-005   0.0000000000000000     
   10.494000000000000        0.0000000000000000        7.0344517918882629E-005   0.0000000000000000     
   10.692000000000000        0.0000000000000000        6.9303740712084628E-005   0.0000000000000000     
   10.890000000000001        0.0000000000000000        6.8287825238438150E-005   0.0000000000000000     
   11.088000000000001        0.0000000000000000        6.7295612042851688E-005   0.0000000000000000     
   11.286000000000001        0.0000000000000000        6.6325972764840480E-005   0.0000000000000000     
   11.484000000000000        0.0000000000000000        6.5377804211972252E-005   0.0000000000000000     
   11.682000000000000        0.0000000000000000        6.4450030520215012E-005   0.0000000000000000     
   11.880000000000001        0.0000000000000000        6.3541599322920332E-005   0.0000000000000000     
   12.078000000000001        0.0000000000000000        6.2651478816350630E-005   0.0000000000000000     
   12.276000000000000        0.0000000000000000        6.1778660247679992E-005   0.0000000000000000     
   12.474000000000000        0.0000000000000000        6.0922146529960878E-005   0.0000000000000000     
   12.672000000000001        0.0000000000000000        6.0080957650194930E-005   0.0000000000000000     
   12.870000000000001        0.0000000000000000        5.9254122992896953E-005   0.0000000000000000     
   13.068000000000001        0.0000000000000000        5.8440678218392251E-005   0.0000000000000000     
   13.266000000000000        0.0000000000000000        5.7639660142792266E-005   0.0000000000000000     
   13.464000000000000        0.0000000000000000        5.6850105128535319E-005   0.0000000000000000     
   13.662000000000001        0.0000000000000000        5.6071040669831881E-005   0.0000000000000000     
   13.860000000000001        0.0000000000000000        5.5301480330249307E-005   0.0000000000000000     
   14.058000000000000        0.0000000000000000        5.4540421157495634E-005   0.0000000000000000     
   14.256000000000000        0.0000000000000000        5.3786829075867519E-005   0.0000000000000000     
   14.454000000000001        0.0000000000000000        5.3039634965218884E-005   0.0000000000000000     
   14.652000000000001        0.0000000000000000        5.2297722912269174E-005   0.0000000000000000     
   14.850000000000001        0.0000000000000000        5.1559915801083194E-005   0.0000000000000000     
   15.048000000000000        0.0000000000000000        5.0824962300575867E-005   0.0000000000000000     
   15.246000000000000        0.0000000000000000        5.0091514195262153E-005   0.0000000000000000     
   15.444000000000001        0.0000000000000000        4.9358107352592409E-005   0.0000000000000000     
   15.642000000000001        0.0000000000000000        4.8623128748843047E-005   0.0000000000000000     
   15.840000000000000        0.0000000000000000        4.7884786526695327E-005   0.0000000000000000     
   16.038000000000000        0.0000000000000000        4.7141067702825525E-005   0.0000000000000000     
   16.236000000000001        0.0000000000000000        4.6389695933104458E-005   0.0000000000000000     
   16.434000000000001        0.0000000000000000        4.5628083675294908E-005   0.0000000000000000     
   16.632000000000001        0.0000000000000000        4.4853292078593142E-005   0.0000000000000000     
   16.830000000000002        0.0000000000000000        4.4062006866945725E-005   0.0000000000000000     
   17.028000000000002        0.0000000000000000        4.3250558790342524E-005   0.0000000000000000     
   17.225999999999999        0.0000000000000000        4.2411038613665451E-005   0.0000000000000000     
   17.423999999999999        0.0000000000000000        4.1539713428654366E-005   0.0000000000000000     
   17.622000000000000        0.0000000000000000        4.0637884952907379E-005   0.0000000000000000     
   17.820000000000000        0.0000000000000000        3.9698508284878479E-005   0.0000000000000000     
   18.018000000000001        0.0000000000000000        3.8722368480574679E-005   0.0000000000000000     
   18.216000000000001        0.0000000000000000        3.7714073446745449E-005   0.0000000000000000     
   18.414000000000001        0.0000000000000000        3.6679404555087522E-005   0.0000000000000000     
   18.612000000000002        0.0000000000000000        3.5643225990747252E-005   0.0000000000000000     
   18.810000000000002        0.0000000000000000        3.4633653939296992E-005   0.0000000000000000     
   19.008000000000003        0.0000000000000000        3.3677686937549097E-005   0.0000000000000000     
   19.206000000000000        0.0000000000000000        3.2785756505951448E-005   0.0000000000000000     
   19.404000000000000        0.0000000000000000        3.1874967245769495E-005   0.0000000000000000     
   19.602000000000000        0.0000000000000000        3.0729257353068106E-005   0.0000000000000000     
