  -19.602000000000000        0.0000000000000000        2.3176068416973171E-004   0.0000000000000000     
  -19.404000000000000        0.0000000000000000        2.4417601483435355E-004   0.0000000000000000     
  -19.206000000000000        0.0000000000000000        2.5504672386126464E-004   0.0000000000000000     
  -19.008000000000003        0.0000000000000000        2.6532377638442917E-004   0.0000000000000000     
  -18.810000000000002        0.0000000000000000        2.7525999848904153E-004   0.0000000000000000     
  -18.612000000000002        0.0000000000000000        2.8472471372922587E-004   0.0000000000000000     
  -18.414000000000001        0.0000000000000000        2.9373829360913238E-004   0.0000000000000000     
  -18.216000000000001        0.0000000000000000        3.0229977991367245E-004   0.0000000000000000     
  -18.018000000000001        0.0000000000000000        3.1044790647003493E-004   0.0000000000000000     
  -17.820000000000000        0.0000000000000000        3.1816597943503419E-004   0.0000000000000000     
  -17.622000000000000        0.0000000000000000        3.2557283493525808E-004   0.0000000000000000     
  -17.423999999999999        0.0000000000000000        3.3270882930554619E-004   0.0000000000000000     
  -17.225999999999999        0.0000000000000000        3.3961402017664163E-004   0.0000000000000000     
  -17.028000000000002        0.0000000000000000        3.4626627089617606E-004   0.0000000000000000     
  -16.830000000000002        0.0000000000000000        3.5286638153389228E-004   0.0000000000000000     
  -16.632000000000001        0.0000000000000000        3.5932815288548824E-004   0.0000000000000000     
  -16.434000000000001        0.0000000000000000        3.6568025812462054E-004   0.0000000000000000     
  -16.236000000000001        0.0000000000000000        3.7194830129076446E-004   0.0000000000000000     
  -16.038000000000000        0.0000000000000000        3.7815520390506511E-004   0.0000000000000000     
  -15.840000000000000        0.0000000000000000        3.8432159057802704E-004   0.0000000000000000     
  -15.642000000000001        0.0000000000000000        3.9046609125658070E-004   0.0000000000000000     
  -15.444000000000001        0.0000000000000000        3.9660562238615457E-004   0.0000000000000000     
  -15.246000000000000        0.0000000000000000        4.0275567193256810E-004   0.0000000000000000     
  -15.048000000000000        0.0000000000000000        4.0893050657379306E-004   0.0000000000000000     
  -14.850000000000001        0.0000000000000000        4.1514335576159074E-004   0.0000000000000000     
  -14.652000000000001        0.0000000000000000        4.2140660312833133E-004   0.0000000000000000     
  -14.454000000000001        0.0000000000000000        4.2773191697200450E-004   0.0000000000000000     
  -14.256000000000000        0.0000000000000000        4.3413037757271915E-004   0.0000000000000000     
  -14.058000000000000        0.0000000000000000        4.4061260672716076E-004   0.0000000000000000     
  -13.860000000000001        0.0000000000000000        4.4718885646687659E-004   0.0000000000000000     
  -13.662000000000001        0.0000000000000000        4.5386911099788918E-004   0.0000000000000000     
  -13.464000000000000        0.0000000000000000        4.6066316234167688E-004   0.0000000000000000     
  -13.266000000000000        0.0000000000000000        4.6758067321569716E-004   0.0000000000000000     
  -13.068000000000001        0.0000000000000000        4.7463127819527654E-004   0.0000000000000000     
  -12.870000000000001        0.0000000000000000        4.8182462314715980E-004   0.0000000000000000     
  -12.672000000000001        0.0000000000000000        4.8917043101930275E-004   0.0000000000000000     
  -12.474000000000000        0.0000000000000000        4.9667858180254794E-004   0.0000000000000000     
  -12.276000000000000        0.0000000000000000        5.0435914363963319E-004   0.0000000000000000     
  -12.078000000000001        0.0000000000000000        5.1222245532167544E-004   0.0000000000000000     
  -11.880000000000001        0.0000000000000000        5.2027918447353943E-004   0.0000000000000000     
  -11.682000000000000        0.0000000000000000        5.2854039147132918E-004   0.0000000000000000     
  -11.484000000000000        0.0000000000000000        5.3701757800700791E-004   0.0000000000000000     
  -11.286000000000001        0.0000000000000000        5.4572278623396195E-004   0.0000000000000000     
  -11.088000000000001        0.0000000000000000        5.5466865327977871E-004   0.0000000000000000     
  -10.890000000000001        0.0000000000000000        5.6386850942685479E-004   0.0000000000000000     
  -10.692000000000000        0.0000000000000000        5.7333649070972614E-004   0.0000000000000000     
  -10.494000000000000        0.0000000000000000        5.8308758808458551E-004   0.0000000000000000     
  -10.296000000000001        0.0000000000000000        5.9313781258067450E-004   0.0000000000000000     
  -10.098000000000001        0.0000000000000000        6.0350432231433412E-004   0.0000000000000000     
  -9.9000000000000004        0.0000000000000000        6.1420554473588969E-004   0.0000000000000000     
  -9.7020000000000000        0.0000000000000000        6.2526139924629542E-004   0.0000000000000000     
  -9.5040000000000013        0.0000000000000000        6.3669342059620329E-004   0.0000000000000000     
  -9.3060000000000009        0.0000000000000000        6.4852506327897608E-004   0.0000000000000000     
  -9.1080000000000005        0.0000000000000000        6.6078191916412907E-004   0.0000000000000000     
  -8.9100000000000001        0.0000000000000000        6.7349202583657890E-004   0.0000000000000000     
  -8.7119999999999997        0.0000000000000000        6.8668624340451480E-004   0.0000000000000000     
  -8.5140000000000011        0.0000000000000000        7.0039864242586194E-004   0.0000000000000000     
  -8.3160000000000007        0.0000000000000000        7.1466700266058843E-004   0.0000000000000000     
  -8.1180000000000003        0.0000000000000000        7.2953333989313283E-004   0.0000000000000000     
  -7.9199999999999999        0.0000000000000000        7.4504463787265817E-004   0.0000000000000000     
  -7.7220000000000004        0.0000000000000000        7.6125354967718347E-004   0.0000000000000000     
  -7.5240000000000000        0.0000000000000000        7.7821934024454697E-004   0.0000000000000000     
  -7.3260000000000005        0.0000000000000000        7.9600897415075676E-004   0.0000000000000000     
  -7.1280000000000001        0.0000000000000000        8.1469827727223662E-004   0.0000000000000000     
  -6.9300000000000006        0.0000000000000000        8.3437357474716622E-004   0.0000000000000000     
  -6.7320000000000002        0.0000000000000000        8.5513327347348886E-004   0.0000000000000000     
  -6.5340000000000007        0.0000000000000000        8.7709002820328852E-004   0.0000000000000000     
  -6.3360000000000003        0.0000000000000000        9.0037303335501026E-004   0.0000000000000000     
  -6.1379999999999999        0.0000000000000000        9.2513092310762270E-004   0.0000000000000000     
  -5.9400000000000004        0.0000000000000000        9.5153492373699724E-004   0.0000000000000000     
  -5.7420000000000000        0.0000000000000000        9.7978265803168145E-004   0.0000000000000000     
  -5.5440000000000005        0.0000000000000000        1.0101023569342440E-003   0.0000000000000000     
  -5.3460000000000001        0.0000000000000000        1.0427575220472145E-003   0.0000000000000000     
  -5.1480000000000006        0.0000000000000000        1.0780519469728034E-003   0.0000000000000000     
  -4.9500000000000002        0.0000000000000000        1.1163346385132961E-003   0.0000000000000000     
  -4.7520000000000007        0.0000000000000000        1.1580039337467708E-003   0.0000000000000000     
  -4.5540000000000003        0.0000000000000000        1.2035095721751495E-003   0.0000000000000000     
  -4.3559999999999999        0.0000000000000000        1.2533503262546724E-003   0.0000000000000000     
  -4.1580000000000004        0.0000000000000000        1.3080627974142729E-003   0.0000000000000000     
  -3.9600000000000000        0.0000000000000000        1.3681946577854503E-003   0.0000000000000000     
  -3.7620000000000000        0.0000000000000000        1.4342511477474886E-003   0.0000000000000000     
  -3.5640000000000001        0.0000000000000000        1.5066007015636167E-003   0.0000000000000000     
  -3.3660000000000001        0.0000000000000000        1.5853275012637381E-003   0.0000000000000000     
  -3.1680000000000001        0.0000000000000000        1.6700460205749264E-003   0.0000000000000000     
  -2.9700000000000002        0.0000000000000000        1.7598480693947073E-003   0.0000000000000000     
  -2.7720000000000002        0.0000000000000000        1.8545738757987497E-003   0.0000000000000000     
  -2.5740000000000003        0.0000000000000000        1.9587996365906645E-003   0.0000000000000000     
  -2.3760000000000003        0.0000000000000000        2.0695590565413050E-003   0.0000000000000000     
  -2.1779999999999999        0.0000000000000000        2.1768651858276537E-003   0.0000000000000000     
  -1.9800000000000000        0.0000000000000000        2.2753160808823727E-003   0.0000000000000000     
  -1.7820000000000000        0.0000000000000000        2.3574640448146967E-003   0.0000000000000000     
  -1.5840000000000001        0.0000000000000000        2.4097316612561245E-003   0.0000000000000000     
  -1.3860000000000001        0.0000000000000000        2.4197309112788772E-003   0.0000000000000000     
  -1.1880000000000002        0.0000000000000000        2.3783747470454888E-003   0.0000000000000000     
 -0.98999999999999999        0.0000000000000000        2.2719393574106702E-003   0.0000000000000000     
 -0.79200000000000004        0.0000000000000000        2.0691796479414253E-003   0.0000000000000000     
 -0.59400000000000008        0.0000000000000000        1.7395438522092694E-003   0.0000000000000000     
 -0.39600000000000002        0.0000000000000000        1.2698849596529784E-003   0.0000000000000000     
 -0.19800000000000001        0.0000000000000000        6.7177219799336222E-004   0.0000000000000000     
   0.0000000000000000        0.0000000000000000        0.0000000000000000        0.0000000000000000     
  0.19800000000000001        0.0000000000000000       -6.7177219799336222E-004   0.0000000000000000     
  0.39600000000000002        0.0000000000000000       -1.2698849596529784E-003   0.0000000000000000     
  0.59400000000000008        0.0000000000000000       -1.7395438522092694E-003   0.0000000000000000     
  0.79200000000000004        0.0000000000000000       -2.0691796479414253E-003   0.0000000000000000     
  0.98999999999999999        0.0000000000000000       -2.2719393574106702E-003   0.0000000000000000     
   1.1880000000000002        0.0000000000000000       -2.3783747470454888E-003   0.0000000000000000     
   1.3860000000000001        0.0000000000000000       -2.4197309112788772E-003   0.0000000000000000     
   1.5840000000000001        0.0000000000000000       -2.4097316612561245E-003   0.0000000000000000     
   1.7820000000000000        0.0000000000000000       -2.3574640448146967E-003   0.0000000000000000     
   1.9800000000000000        0.0000000000000000       -2.2753160808823727E-003   0.0000000000000000     
   2.1779999999999999        0.0000000000000000       -2.1768651858276537E-003   0.0000000000000000     
   2.3760000000000003        0.0000000000000000       -2.0695590565413050E-003   0.0000000000000000     
   2.5740000000000003        0.0000000000000000       -1.9587996365906645E-003   0.0000000000000000     
   2.7720000000000002        0.0000000000000000       -1.8545738757987497E-003   0.0000000000000000     
   2.9700000000000002        0.0000000000000000       -1.7598480693947073E-003   0.0000000000000000     
   3.1680000000000001        0.0000000000000000       -1.6700460205749264E-003   0.0000000000000000     
   3.3660000000000001        0.0000000000000000       -1.5853275012637381E-003   0.0000000000000000     
   3.5640000000000001        0.0000000000000000       -1.5066007015636167E-003   0.0000000000000000     
   3.7620000000000000        0.0000000000000000       -1.4342511477474886E-003   0.0000000000000000     
   3.9600000000000000        0.0000000000000000       -1.3681946577854503E-003   0.0000000000000000     
   4.1580000000000004        0.0000000000000000       -1.3080627974142729E-003   0.0000000000000000     
   4.3559999999999999        0.0000000000000000       -1.2533503262546724E-003   0.0000000000000000     
   4.5540000000000003        0.0000000000000000       -1.2035095721751495E-003   0.0000000000000000     
   4.7520000000000007        0.0000000000000000       -1.1580039337467708E-003   0.0000000000000000     
   4.9500000000000002        0.0000000000000000       -1.1163346385132961E-003   0.0000000000000000     
   5.1480000000000006        0.0000000000000000       -1.0780519469728034E-003   0.0000000000000000     
   5.3460000000000001        0.0000000000000000       -1.0427575220472145E-003   0.0000000000000000     
   5.5440000000000005        0.0000000000000000       -1.0101023569342440E-003   0.0000000000000000     
   5.7420000000000000        0.0000000000000000       -9.7978265803168145E-004   0.0000000000000000     
   5.9400000000000004        0.0000000000000000       -9.5153492373699724E-004   0.0000000000000000     
   6.1379999999999999        0.0000000000000000       -9.2513092310762270E-004   0.0000000000000000     
   6.3360000000000003        0.0000000000000000       -9.0037303335501026E-004   0.0000000000000000     
   6.5340000000000007        0.0000000000000000       -8.7709002820328852E-004   0.0000000000000000     
   6.7320000000000002        0.0000000000000000       -8.5513327347348886E-004   0.0000000000000000     
   6.9300000000000006        0.0000000000000000       -8.3437357474716622E-004   0.0000000000000000     
   7.1280000000000001        0.0000000000000000       -8.1469827727223662E-004   0.0000000000000000     
   7.3260000000000005        0.0000000000000000       -7.9600897415075676E-004   0.0000000000000000     
   7.5240000000000000        0.0000000000000000       -7.7821934024454697E-004   0.0000000000000000     
   7.7220000000000004        0.0000000000000000       -7.6125354967718347E-004   0.0000000000000000     
   7.9199999999999999        0.0000000000000000       -7.4504463787265817E-004   0.0000000000000000     
   8.1180000000000003        0.0000000000000000       -7.2953333989313283E-004   0.0000000000000000     
   8.3160000000000007        0.0000000000000000       -7.1466700266058843E-004   0.0000000000000000     
   8.5140000000000011        0.0000000000000000       -7.0039864242586194E-004   0.0000000000000000     
   8.7119999999999997        0.0000000000000000       -6.8668624340451480E-004   0.0000000000000000     
   8.9100000000000001        0.0000000000000000       -6.7349202583657890E-004   0.0000000000000000     
   9.1080000000000005        0.0000000000000000       -6.6078191916412907E-004   0.0000000000000000     
   9.3060000000000009        0.0000000000000000       -6.4852506327897608E-004   0.0000000000000000     
   9.5040000000000013        0.0000000000000000       -6.3669342059620329E-004   0.0000000000000000     
   9.7020000000000000        0.0000000000000000       -6.2526139924629542E-004   0.0000000000000000     
   9.9000000000000004        0.0000000000000000       -6.1420554473588969E-004   0.0000000000000000     
   10.098000000000001        0.0000000000000000       -6.0350432231433412E-004   0.0000000000000000     
   10.296000000000001        0.0000000000000000       -5.9313781258067450E-004   0.0000000000000000     
   10.494000000000000        0.0000000000000000       -5.8308758808458551E-004   0.0000000000000000     
   10.692000000000000        0.0000000000000000       -5.7333649070972614E-004   0.0000000000000000     
   10.890000000000001        0.0000000000000000       -5.6386850942685479E-004   0.0000000000000000     
   11.088000000000001        0.0000000000000000       -5.5466865327977871E-004   0.0000000000000000     
   11.286000000000001        0.0000000000000000       -5.4572278623396195E-004   0.0000000000000000     
   11.484000000000000        0.0000000000000000       -5.3701757800700791E-004   0.0000000000000000     
   11.682000000000000        0.0000000000000000       -5.2854039147132918E-004   0.0000000000000000     
   11.880000000000001        0.0000000000000000       -5.2027918447353943E-004   0.0000000000000000     
   12.078000000000001        0.0000000000000000       -5.1222245532167544E-004   0.0000000000000000     
   12.276000000000000        0.0000000000000000       -5.0435914363963319E-004   0.0000000000000000     
   12.474000000000000        0.0000000000000000       -4.9667858180254794E-004   0.0000000000000000     
   12.672000000000001        0.0000000000000000       -4.8917043101930275E-004   0.0000000000000000     
   12.870000000000001        0.0000000000000000       -4.8182462314715980E-004   0.0000000000000000     
   13.068000000000001        0.0000000000000000       -4.7463127819527654E-004   0.0000000000000000     
   13.266000000000000        0.0000000000000000       -4.6758067321569716E-004   0.0000000000000000     
   13.464000000000000        0.0000000000000000       -4.6066316234167688E-004   0.0000000000000000     
   13.662000000000001        0.0000000000000000       -4.5386911099788918E-004   0.0000000000000000     
   13.860000000000001        0.0000000000000000       -4.4718885646687659E-004   0.0000000000000000     
   14.058000000000000        0.0000000000000000       -4.4061260672716076E-004   0.0000000000000000     
   14.256000000000000        0.0000000000000000       -4.3413037757271915E-004   0.0000000000000000     
   14.454000000000001        0.0000000000000000       -4.2773191697200450E-004   0.0000000000000000     
   14.652000000000001        0.0000000000000000       -4.2140660312833133E-004   0.0000000000000000     
   14.850000000000001        0.0000000000000000       -4.1514335576159074E-004   0.0000000000000000     
   15.048000000000000        0.0000000000000000       -4.0893050657379306E-004   0.0000000000000000     
   15.246000000000000        0.0000000000000000       -4.0275567193256810E-004   0.0000000000000000     
   15.444000000000001        0.0000000000000000       -3.9660562238615457E-004   0.0000000000000000     
   15.642000000000001        0.0000000000000000       -3.9046609125658070E-004   0.0000000000000000     
   15.840000000000000        0.0000000000000000       -3.8432159057802704E-004   0.0000000000000000     
   16.038000000000000        0.0000000000000000       -3.7815520390506511E-004   0.0000000000000000     
   16.236000000000001        0.0000000000000000       -3.7194830129076446E-004   0.0000000000000000     
   16.434000000000001        0.0000000000000000       -3.6568025812462054E-004   0.0000000000000000     
   16.632000000000001        0.0000000000000000       -3.5932815288548824E-004   0.0000000000000000     
   16.830000000000002        0.0000000000000000       -3.5286638153389228E-004   0.0000000000000000     
   17.028000000000002        0.0000000000000000       -3.4626627089617606E-004   0.0000000000000000     
   17.225999999999999        0.0000000000000000       -3.3961402017664163E-004   0.0000000000000000     
   17.423999999999999        0.0000000000000000       -3.3270882930554619E-004   0.0000000000000000     
   17.622000000000000        0.0000000000000000       -3.2557283493525808E-004   0.0000000000000000     
   17.820000000000000        0.0000000000000000       -3.1816597943503419E-004   0.0000000000000000     
   18.018000000000001        0.0000000000000000       -3.1044790647003493E-004   0.0000000000000000     
   18.216000000000001        0.0000000000000000       -3.0229977991367245E-004   0.0000000000000000     
   18.414000000000001        0.0000000000000000       -2.9373829360913238E-004   0.0000000000000000     
   18.612000000000002        0.0000000000000000       -2.8472471372922587E-004   0.0000000000000000     
   18.810000000000002        0.0000000000000000       -2.7525999848904153E-004   0.0000000000000000     
   19.008000000000003        0.0000000000000000       -2.6532377638442917E-004   0.0000000000000000     
   19.206000000000000        0.0000000000000000       -2.5504672386126464E-004   0.0000000000000000     
   19.404000000000000        0.0000000000000000       -2.4417601483435355E-004   0.0000000000000000     
   19.602000000000000        0.0000000000000000       -2.3176068416973171E-004   0.0000000000000000     
