  -19.602000000000000        0.0000000000000000       -3.2426477220825680E-005   0.0000000000000000     
  -19.404000000000000        0.0000000000000000       -3.3580550828223894E-005   0.0000000000000000     
  -19.206000000000000        0.0000000000000000       -3.4370658304636407E-005   0.0000000000000000     
  -19.008000000000003        0.0000000000000000       -3.5167431714374777E-005   0.0000000000000000     
  -18.810000000000002        0.0000000000000000       -3.6085492655017920E-005   0.0000000000000000     
  -18.612000000000002        0.0000000000000000       -3.7127838205945346E-005   0.0000000000000000     
  -18.414000000000001        0.0000000000000000       -3.8224925646425224E-005   0.0000000000000000     
  -18.216000000000001        0.0000000000000000       -3.9331852347989382E-005   0.0000000000000000     
  -18.018000000000001        0.0000000000000000       -4.0407377097318237E-005   0.0000000000000000     
  -17.820000000000000        0.0000000000000000       -4.1461037614142908E-005   0.0000000000000000     
  -17.622000000000000        0.0000000000000000       -4.2470992320807005E-005   0.0000000000000000     
  -17.423999999999999        0.0000000000000000       -4.3445140932495751E-005   0.0000000000000000     
  -17.225999999999999        0.0000000000000000       -4.4386415365296281E-005   0.0000000000000000     
  -17.028000000000002        0.0000000000000000       -4.5298954298404593E-005   0.0000000000000000     
  -16.830000000000002        0.0000000000000000       -4.6179254835796324E-005   0.0000000000000000     
  -16.632000000000001        0.0000000000000000       -4.7062478712694225E-005   0.0000000000000000     
  -16.434000000000001        0.0000000000000000       -4.7927326346712129E-005   0.0000000000000000     
  -16.236000000000001        0.0000000000000000       -4.8777559854013176E-005   0.0000000000000000     
  -16.038000000000000        0.0000000000000000       -4.9616487908148685E-005   0.0000000000000000     
  -15.840000000000000        0.0000000000000000       -5.0447008442934089E-005   0.0000000000000000     
  -15.642000000000001        0.0000000000000000       -5.1271674924719842E-005   0.0000000000000000     
  -15.444000000000001        0.0000000000000000       -5.2092746134007059E-005   0.0000000000000000     
  -15.246000000000000        0.0000000000000000       -5.2912242996998409E-005   0.0000000000000000     
  -15.048000000000000        0.0000000000000000       -5.3731984944252410E-005   0.0000000000000000     
  -14.850000000000001        0.0000000000000000       -5.4553629531462981E-005   0.0000000000000000     
  -14.652000000000001        0.0000000000000000       -5.5378703332433876E-005   0.0000000000000000     
  -14.454000000000001        0.0000000000000000       -5.6208619992385415E-005   0.0000000000000000     
  -14.256000000000000        0.0000000000000000       -5.7044704611080648E-005   0.0000000000000000     
  -14.058000000000000        0.0000000000000000       -5.7888208037126959E-005   0.0000000000000000     
  -13.860000000000001        0.0000000000000000       -5.8740320370150103E-005   0.0000000000000000     
  -13.662000000000001        0.0000000000000000       -5.9602183008334164E-005   0.0000000000000000     
  -13.464000000000000        0.0000000000000000       -6.0474897311416303E-005   0.0000000000000000     
  -13.266000000000000        0.0000000000000000       -6.1359533508521181E-005   0.0000000000000000     
  -13.068000000000001        0.0000000000000000       -6.2257138410602733E-005   0.0000000000000000     
  -12.870000000000001        0.0000000000000000       -6.3168741318995531E-005   0.0000000000000000     
  -12.672000000000001        0.0000000000000000       -6.4095361125758138E-005   0.0000000000000000     
  -12.474000000000000        0.0000000000000000       -6.5038007948336186E-005   0.0000000000000000     
  -12.276000000000000        0.0000000000000000       -6.5997693459625794E-005   0.0000000000000000     
  -12.078000000000001        0.0000000000000000       -6.6975430063440807E-005   0.0000000000000000     
  -11.880000000000001        0.0000000000000000       -6.7972238221692500E-005   0.0000000000000000     
  -11.682000000000000        0.0000000000000000       -6.8989149111617516E-005   0.0000000000000000     
  -11.484000000000000        0.0000000000000000       -7.0027207869900206E-005   0.0000000000000000     
  -11.286000000000001        0.0000000000000000       -7.1087476829593814E-005   0.0000000000000000     
  -11.088000000000001        0.0000000000000000       -7.2171037799287487E-005   0.0000000000000000     
  -10.890000000000001        0.0000000000000000       -7.3278996434210031E-005   0.0000000000000000     
  -10.692000000000000        0.0000000000000000       -7.4412484025718152E-005   0.0000000000000000     
  -10.494000000000000        0.0000000000000000       -7.5572657558905628E-005   0.0000000000000000     
  -10.296000000000001        0.0000000000000000       -7.6760702629072983E-005   0.0000000000000000     
  -10.098000000000001        0.0000000000000000       -7.7977837456373863E-005   0.0000000000000000     
  -9.9000000000000004        0.0000000000000000       -7.9225308025032402E-005   0.0000000000000000     
  -9.7020000000000000        0.0000000000000000       -8.0504396573510278E-005   0.0000000000000000     
  -9.5040000000000013        0.0000000000000000       -8.1816411599297279E-005   0.0000000000000000     
  -9.3060000000000009        0.0000000000000000       -8.3162694689211186E-005   0.0000000000000000     
  -9.1080000000000005        0.0000000000000000       -8.4544616364328563E-005   0.0000000000000000     
  -8.9100000000000001        0.0000000000000000       -8.5963570542293345E-005   0.0000000000000000     
  -8.7119999999999997        0.0000000000000000       -8.7420977979470803E-005   0.0000000000000000     
  -8.5140000000000011        0.0000000000000000       -8.8918272509532021E-005   0.0000000000000000     
  -8.3160000000000007        0.0000000000000000       -9.0456899498804911E-005   0.0000000000000000     
  -8.1180000000000003        0.0000000000000000       -9.2038308954764728E-005   0.0000000000000000     
  -7.9199999999999999        0.0000000000000000       -9.3663944825111067E-005   0.0000000000000000     
  -7.7220000000000004        0.0000000000000000       -9.5335234883739162E-005   0.0000000000000000     
  -7.5240000000000000        0.0000000000000000       -9.7053578614789187E-005   0.0000000000000000     
  -7.3260000000000005        0.0000000000000000       -9.8820337728719129E-005   0.0000000000000000     
  -7.1280000000000001        0.0000000000000000       -1.0063682708524321E-004   0.0000000000000000     
  -6.9300000000000006        0.0000000000000000       -1.0250429294943078E-004   0.0000000000000000     
  -6.7320000000000002        0.0000000000000000       -1.0442392124783569E-004   0.0000000000000000     
  -6.5340000000000007        0.0000000000000000       -1.0639682397270717E-004   0.0000000000000000     
  -6.3360000000000003        0.0000000000000000       -1.0842404846428433E-004   0.0000000000000000     
  -6.1379999999999999        0.0000000000000000       -1.1050658589016162E-004   0.0000000000000000     
  -5.9400000000000004        0.0000000000000000       -1.1264538873330460E-004   0.0000000000000000     
  -5.7420000000000000        0.0000000000000000       -1.1484139257195691E-004   0.0000000000000000     
  -5.5440000000000005        0.0000000000000000       -1.1709550529950440E-004   0.0000000000000000     
  -5.3460000000000001        0.0000000000000000       -1.1940857653394968E-004   0.0000000000000000     
  -5.1480000000000006        0.0000000000000000       -1.2178121626751165E-004   0.0000000000000000     
  -4.9500000000000002        0.0000000000000000       -1.2421339722219811E-004   0.0000000000000000     
  -4.7520000000000007        0.0000000000000000       -1.2670360115954739E-004   0.0000000000000000     
  -4.5540000000000003        0.0000000000000000       -1.2924719257796690E-004   0.0000000000000000     
  -4.3559999999999999        0.0000000000000000       -1.3183351931348150E-004   0.0000000000000000     
  -4.1580000000000004        0.0000000000000000       -1.3444113547774736E-004   0.0000000000000000     
  -3.9600000000000000        0.0000000000000000       -1.3703079027593525E-004   0.0000000000000000     
  -3.7620000000000000        0.0000000000000000       -1.3953720087282566E-004   0.0000000000000000     
  -3.5640000000000001        0.0000000000000000       -1.4186746827093860E-004   0.0000000000000000     
  -3.3660000000000001        0.0000000000000000       -1.4394004980575225E-004   0.0000000000000000     
  -3.1680000000000001        0.0000000000000000       -1.4586809961896077E-004   0.0000000000000000     
  -2.9700000000000002        0.0000000000000000       -1.4829826242349154E-004   0.0000000000000000     
  -2.7720000000000002        0.0000000000000000       -1.5181570691441310E-004   0.0000000000000000     
  -2.5740000000000003        0.0000000000000000       -1.5581878998000248E-004   0.0000000000000000     
  -2.3760000000000003        0.0000000000000000       -1.5990051326477187E-004   0.0000000000000000     
  -2.1779999999999999        0.0000000000000000       -1.6438535968745475E-004   0.0000000000000000     
  -1.9800000000000000        0.0000000000000000       -1.6913157281011273E-004   0.0000000000000000     
  -1.7820000000000000        0.0000000000000000       -1.7320969529189309E-004   0.0000000000000000     
  -1.5840000000000001        0.0000000000000000       -1.7576702467555296E-004   0.0000000000000000     
  -1.3860000000000001        0.0000000000000000       -1.7615567164656340E-004   0.0000000000000000     
  -1.1880000000000002        0.0000000000000000       -1.7286269035434094E-004   0.0000000000000000     
 -0.98999999999999999        0.0000000000000000       -1.6432560051603669E-004   0.0000000000000000     
 -0.79200000000000004        0.0000000000000000       -1.4823531952584072E-004   0.0000000000000000     
 -0.59400000000000008        0.0000000000000000       -1.2248170558751411E-004   0.0000000000000000     
 -0.39600000000000002        0.0000000000000000       -8.8131263375203984E-005   0.0000000000000000     
 -0.19800000000000001        0.0000000000000000       -4.6623873960452148E-005   0.0000000000000000     
   0.0000000000000000        0.0000000000000000        0.0000000000000000        0.0000000000000000     
  0.19800000000000001        0.0000000000000000        4.6623873960452148E-005   0.0000000000000000     
  0.39600000000000002        0.0000000000000000        8.8131263375203984E-005   0.0000000000000000     
  0.59400000000000008        0.0000000000000000        1.2248170558751411E-004   0.0000000000000000     
  0.79200000000000004        0.0000000000000000        1.4823531952584072E-004   0.0000000000000000     
  0.98999999999999999        0.0000000000000000        1.6432560051603669E-004   0.0000000000000000     
   1.1880000000000002        0.0000000000000000        1.7286269035434094E-004   0.0000000000000000     
   1.3860000000000001        0.0000000000000000        1.7615567164656340E-004   0.0000000000000000     
   1.5840000000000001        0.0000000000000000        1.7576702467555296E-004   0.0000000000000000     
   1.7820000000000000        0.0000000000000000        1.7320969529189309E-004   0.0000000000000000     
   1.9800000000000000        0.0000000000000000        1.6913157281011273E-004   0.0000000000000000     
   2.1779999999999999        0.0000000000000000        1.6438535968745475E-004   0.0000000000000000     
   2.3760000000000003        0.0000000000000000        1.5990051326477187E-004   0.0000000000000000     
   2.5740000000000003        0.0000000000000000        1.5581878998000248E-004   0.0000000000000000     
   2.7720000000000002        0.0000000000000000        1.5181570691441310E-004   0.0000000000000000     
   2.9700000000000002        0.0000000000000000        1.4829826242349154E-004   0.0000000000000000     
   3.1680000000000001        0.0000000000000000        1.4586809961896077E-004   0.0000000000000000     
   3.3660000000000001        0.0000000000000000        1.4394004980575225E-004   0.0000000000000000     
   3.5640000000000001        0.0000000000000000        1.4186746827093860E-004   0.0000000000000000     
   3.7620000000000000        0.0000000000000000        1.3953720087282566E-004   0.0000000000000000     
   3.9600000000000000        0.0000000000000000        1.3703079027593525E-004   0.0000000000000000     
   4.1580000000000004        0.0000000000000000        1.3444113547774736E-004   0.0000000000000000     
   4.3559999999999999        0.0000000000000000        1.3183351931348150E-004   0.0000000000000000     
   4.5540000000000003        0.0000000000000000        1.2924719257796690E-004   0.0000000000000000     
   4.7520000000000007        0.0000000000000000        1.2670360115954739E-004   0.0000000000000000     
   4.9500000000000002        0.0000000000000000        1.2421339722219811E-004   0.0000000000000000     
   5.1480000000000006        0.0000000000000000        1.2178121626751165E-004   0.0000000000000000     
   5.3460000000000001        0.0000000000000000        1.1940857653394968E-004   0.0000000000000000     
   5.5440000000000005        0.0000000000000000        1.1709550529950440E-004   0.0000000000000000     
   5.7420000000000000        0.0000000000000000        1.1484139257195691E-004   0.0000000000000000     
   5.9400000000000004        0.0000000000000000        1.1264538873330460E-004   0.0000000000000000     
   6.1379999999999999        0.0000000000000000        1.1050658589016162E-004   0.0000000000000000     
   6.3360000000000003        0.0000000000000000        1.0842404846428433E-004   0.0000000000000000     
   6.5340000000000007        0.0000000000000000        1.0639682397270717E-004   0.0000000000000000     
   6.7320000000000002        0.0000000000000000        1.0442392124783569E-004   0.0000000000000000     
   6.9300000000000006        0.0000000000000000        1.0250429294943078E-004   0.0000000000000000     
   7.1280000000000001        0.0000000000000000        1.0063682708524321E-004   0.0000000000000000     
   7.3260000000000005        0.0000000000000000        9.8820337728719129E-005   0.0000000000000000     
   7.5240000000000000        0.0000000000000000        9.7053578614789187E-005   0.0000000000000000     
   7.7220000000000004        0.0000000000000000        9.5335234883739162E-005   0.0000000000000000     
   7.9199999999999999        0.0000000000000000        9.3663944825111067E-005   0.0000000000000000     
   8.1180000000000003        0.0000000000000000        9.2038308954764728E-005   0.0000000000000000     
   8.3160000000000007        0.0000000000000000        9.0456899498804911E-005   0.0000000000000000     
   8.5140000000000011        0.0000000000000000        8.8918272509532021E-005   0.0000000000000000     
   8.7119999999999997        0.0000000000000000        8.7420977979470803E-005   0.0000000000000000     
   8.9100000000000001        0.0000000000000000        8.5963570542293345E-005   0.0000000000000000     
   9.1080000000000005        0.0000000000000000        8.4544616364328563E-005   0.0000000000000000     
   9.3060000000000009        0.0000000000000000        8.3162694689211186E-005   0.0000000000000000     
   9.5040000000000013        0.0000000000000000        8.1816411599297279E-005   0.0000000000000000     
   9.7020000000000000        0.0000000000000000        8.0504396573510278E-005   0.0000000000000000     
   9.9000000000000004        0.0000000000000000        7.9225308025032402E-005   0.0000000000000000     
   10.098000000000001        0.0000000000000000        7.7977837456373863E-005   0.0000000000000000     
   10.296000000000001        0.0000000000000000        7.6760702629072983E-005   0.0000000000000000     
   10.494000000000000        0.0000000000000000        7.5572657558905628E-005   0.0000000000000000     
   10.692000000000000        0.0000000000000000        7.4412484025718152E-005   0.0000000000000000     
   10.890000000000001        0.0000000000000000        7.3278996434210031E-005   0.0000000000000000     
   11.088000000000001        0.0000000000000000        7.2171037799287487E-005   0.0000000000000000     
   11.286000000000001        0.0000000000000000        7.1087476829593814E-005   0.0000000000000000     
   11.484000000000000        0.0000000000000000        7.0027207869900206E-005   0.0000000000000000     
   11.682000000000000        0.0000000000000000        6.8989149111617516E-005   0.0000000000000000     
   11.880000000000001        0.0000000000000000        6.7972238221692500E-005   0.0000000000000000     
   12.078000000000001        0.0000000000000000        6.6975430063440807E-005   0.0000000000000000     
   12.276000000000000        0.0000000000000000        6.5997693459625794E-005   0.0000000000000000     
   12.474000000000000        0.0000000000000000        6.5038007948336186E-005   0.0000000000000000     
   12.672000000000001        0.0000000000000000        6.4095361125758138E-005   0.0000000000000000     
   12.870000000000001        0.0000000000000000        6.3168741318995531E-005   0.0000000000000000     
   13.068000000000001        0.0000000000000000        6.2257138410602733E-005   0.0000000000000000     
   13.266000000000000        0.0000000000000000        6.1359533508521181E-005   0.0000000000000000     
   13.464000000000000        0.0000000000000000        6.0474897311416303E-005   0.0000000000000000     
   13.662000000000001        0.0000000000000000        5.9602183008334164E-005   0.0000000000000000     
   13.860000000000001        0.0000000000000000        5.8740320370150103E-005   0.0000000000000000     
   14.058000000000000        0.0000000000000000        5.7888208037126959E-005   0.0000000000000000     
   14.256000000000000        0.0000000000000000        5.7044704611080648E-005   0.0000000000000000     
   14.454000000000001        0.0000000000000000        5.6208619992385415E-005   0.0000000000000000     
   14.652000000000001        0.0000000000000000        5.5378703332433876E-005   0.0000000000000000     
   14.850000000000001        0.0000000000000000        5.4553629531462981E-005   0.0000000000000000     
   15.048000000000000        0.0000000000000000        5.3731984944252410E-005   0.0000000000000000     
   15.246000000000000        0.0000000000000000        5.2912242996998409E-005   0.0000000000000000     
   15.444000000000001        0.0000000000000000        5.2092746134007059E-005   0.0000000000000000     
   15.642000000000001        0.0000000000000000        5.1271674924719842E-005   0.0000000000000000     
   15.840000000000000        0.0000000000000000        5.0447008442934089E-005   0.0000000000000000     
   16.038000000000000        0.0000000000000000        4.9616487908148685E-005   0.0000000000000000     
   16.236000000000001        0.0000000000000000        4.8777559854013176E-005   0.0000000000000000     
   16.434000000000001        0.0000000000000000        4.7927326346712129E-005   0.0000000000000000     
   16.632000000000001        0.0000000000000000        4.7062478712694225E-005   0.0000000000000000     
   16.830000000000002        0.0000000000000000        4.6179254835796324E-005   0.0000000000000000     
   17.028000000000002        0.0000000000000000        4.5298954298404593E-005   0.0000000000000000     
   17.225999999999999        0.0000000000000000        4.4386415365296281E-005   0.0000000000000000     
   17.423999999999999        0.0000000000000000        4.3445140932495751E-005   0.0000000000000000     
   17.622000000000000        0.0000000000000000        4.2470992320807005E-005   0.0000000000000000     
   17.820000000000000        0.0000000000000000        4.1461037614142908E-005   0.0000000000000000     
   18.018000000000001        0.0000000000000000        4.0407377097318237E-005   0.0000000000000000     
   18.216000000000001        0.0000000000000000        3.9331852347989382E-005   0.0000000000000000     
   18.414000000000001        0.0000000000000000        3.8224925646425224E-005   0.0000000000000000     
   18.612000000000002        0.0000000000000000        3.7127838205945346E-005   0.0000000000000000     
   18.810000000000002        0.0000000000000000        3.6085492655017920E-005   0.0000000000000000     
   19.008000000000003        0.0000000000000000        3.5167431714374777E-005   0.0000000000000000     
   19.206000000000000        0.0000000000000000        3.4370658304636407E-005   0.0000000000000000     
   19.404000000000000        0.0000000000000000        3.3580550828223894E-005   0.0000000000000000     
   19.602000000000000        0.0000000000000000        3.2426477220825680E-005   0.0000000000000000     
