  -19.602000000000000        0.0000000000000000        2.8954729470557534E-004   0.0000000000000000     
  -19.404000000000000        0.0000000000000000        3.0514124811239574E-004   0.0000000000000000     
  -19.206000000000000        0.0000000000000000        3.1895569764556837E-004   0.0000000000000000     
  -19.008000000000003        0.0000000000000000        3.3195624626479036E-004   0.0000000000000000     
  -18.810000000000002        0.0000000000000000        3.4443427206756966E-004   0.0000000000000000     
  -18.612000000000002        0.0000000000000000        3.5634800809833346E-004   0.0000000000000000     
  -18.414000000000001        0.0000000000000000        3.6761955353855740E-004   0.0000000000000000     
  -18.216000000000001        0.0000000000000000        3.7832484040975690E-004   0.0000000000000000     
  -18.018000000000001        0.0000000000000000        3.8851516314718698E-004   0.0000000000000000     
  -17.820000000000000        0.0000000000000000        3.9817215977346466E-004   0.0000000000000000     
  -17.622000000000000        0.0000000000000000        4.0744040819843205E-004   0.0000000000000000     
  -17.423999999999999        0.0000000000000000        4.1637007722969979E-004   0.0000000000000000     
  -17.225999999999999        0.0000000000000000        4.2501092301963373E-004   0.0000000000000000     
  -17.028000000000002        0.0000000000000000        4.3333382517376720E-004   0.0000000000000000     
  -16.830000000000002        0.0000000000000000        4.4158569964166473E-004   0.0000000000000000     
  -16.632000000000001        0.0000000000000000        4.4966539617165768E-004   0.0000000000000000     
  -16.434000000000001        0.0000000000000000        4.5760872762781128E-004   0.0000000000000000     
  -16.236000000000001        0.0000000000000000        4.6544772188714508E-004   0.0000000000000000     
  -16.038000000000000        0.0000000000000000        4.7321110944454546E-004   0.0000000000000000     
  -15.840000000000000        0.0000000000000000        4.8092473819955322E-004   0.0000000000000000     
  -15.642000000000001        0.0000000000000000        4.8861196998101013E-004   0.0000000000000000     
  -15.444000000000001        0.0000000000000000        4.9629404365832673E-004   0.0000000000000000     
  -15.246000000000000        0.0000000000000000        5.0399039838712955E-004   0.0000000000000000     
  -15.048000000000000        0.0000000000000000        5.1171893334068250E-004   0.0000000000000000     
  -14.850000000000001        0.0000000000000000        5.1949625756131693E-004   0.0000000000000000     
  -14.652000000000001        0.0000000000000000        5.2733791365725056E-004   0.0000000000000000     
  -14.454000000000001        0.0000000000000000        5.3525856108649957E-004   0.0000000000000000     
  -14.256000000000000        0.0000000000000000        5.4327210024725844E-004   0.0000000000000000     
  -14.058000000000000        0.0000000000000000        5.5139188877192772E-004   0.0000000000000000     
  -13.860000000000001        0.0000000000000000        5.5963081062943996E-004   0.0000000000000000     
  -13.662000000000001        0.0000000000000000        5.6800141326414225E-004   0.0000000000000000     
  -13.464000000000000        0.0000000000000000        5.7651600924736265E-004   0.0000000000000000     
  -13.266000000000000        0.0000000000000000        5.8518677968606150E-004   0.0000000000000000     
  -13.068000000000001        0.0000000000000000        5.9402585101599615E-004   0.0000000000000000     
  -12.870000000000001        0.0000000000000000        6.0304538726297654E-004   0.0000000000000000     
  -12.672000000000001        0.0000000000000000        6.1225766257294383E-004   0.0000000000000000     
  -12.474000000000000        0.0000000000000000        6.2167514298833767E-004   0.0000000000000000     
  -12.276000000000000        0.0000000000000000        6.3131056283799642E-004   0.0000000000000000     
  -12.078000000000001        0.0000000000000000        6.4117697808334622E-004   0.0000000000000000     
  -11.880000000000001        0.0000000000000000        6.5128789844527647E-004   0.0000000000000000     
  -11.682000000000000        0.0000000000000000        6.6165730644400489E-004   0.0000000000000000     
  -11.484000000000000        0.0000000000000000        6.7229978117260729E-004   0.0000000000000000     
  -11.286000000000001        0.0000000000000000        6.8323055023178012E-004   0.0000000000000000     
  -11.088000000000001        0.0000000000000000        6.9446564153028236E-004   0.0000000000000000     
  -10.890000000000001        0.0000000000000000        7.0602193933876197E-004   0.0000000000000000     
  -10.692000000000000        0.0000000000000000        7.1791731304648705E-004   0.0000000000000000     
  -10.494000000000000        0.0000000000000000        7.3017077751676607E-004   0.0000000000000000     
  -10.296000000000001        0.0000000000000000        7.4280256524256606E-004   0.0000000000000000     
  -10.098000000000001        0.0000000000000000        7.5583437870394639E-004   0.0000000000000000     
  -9.9000000000000004        0.0000000000000000        7.6928950354148134E-004   0.0000000000000000     
  -9.7020000000000000        0.0000000000000000        7.8319305907019780E-004   0.0000000000000000     
  -9.5040000000000013        0.0000000000000000        7.9757222520251221E-004   0.0000000000000000     
  -9.3060000000000009        0.0000000000000000        8.1245650563620969E-004   0.0000000000000000     
  -9.1080000000000005        0.0000000000000000        8.2787810142179337E-004   0.0000000000000000     
  -8.9100000000000001        0.0000000000000000        8.4387219056910657E-004   0.0000000000000000     
  -8.7119999999999997        0.0000000000000000        8.6047746922887191E-004   0.0000000000000000     
  -8.5140000000000011        0.0000000000000000        8.7773656044490614E-004   0.0000000000000000     
  -8.3160000000000007        0.0000000000000000        8.9569663142311223E-004   0.0000000000000000     
  -8.1180000000000003        0.0000000000000000        9.1441011786730841E-004   0.0000000000000000     
  -7.9199999999999999        0.0000000000000000        9.3393544629873375E-004   0.0000000000000000     
  -7.7220000000000004        0.0000000000000000        9.5433807093660381E-004   0.0000000000000000     
  -7.5240000000000000        0.0000000000000000        9.7569147585467369E-004   0.0000000000000000     
  -7.3260000000000005        0.0000000000000000        9.9807852590435881E-004   0.0000000000000000     
  -7.1280000000000001        0.0000000000000000        1.0215930064810643E-003   0.0000000000000000     
  -6.9300000000000006        0.0000000000000000        1.0463414280627444E-003   0.0000000000000000     
  -6.7320000000000002        0.0000000000000000        1.0724450870233271E-003   0.0000000000000000     
  -6.5340000000000007        0.0000000000000000        1.1000425948815673E-003   0.0000000000000000     
  -6.3360000000000003        0.0000000000000000        1.1292927751690880E-003   0.0000000000000000     
  -6.1379999999999999        0.0000000000000000        1.1603780426032858E-003   0.0000000000000000     
  -5.9400000000000004        0.0000000000000000        1.1935084075369116E-003   0.0000000000000000     
  -5.7420000000000000        0.0000000000000000        1.2289258396014906E-003   0.0000000000000000     
  -5.5440000000000005        0.0000000000000000        1.2669095620429980E-003   0.0000000000000000     
  -5.3460000000000001        0.0000000000000000        1.3077814967345964E-003   0.0000000000000000     
  -5.1480000000000006        0.0000000000000000        1.3519122590267064E-003   0.0000000000000000     
  -4.9500000000000002        0.0000000000000000        1.3997271005614976E-003   0.0000000000000000     
  -4.7520000000000007        0.0000000000000000        1.4517105407274302E-003   0.0000000000000000     
  -4.5540000000000003        0.0000000000000000        1.5084088999551578E-003   0.0000000000000000     
  -4.3559999999999999        0.0000000000000000        1.5704269723209611E-003   0.0000000000000000     
  -4.1580000000000004        0.0000000000000000        1.6384147168966338E-003   0.0000000000000000     
  -3.9600000000000000        0.0000000000000000        1.7130347693583138E-003   0.0000000000000000     
  -3.7620000000000000        0.0000000000000000        1.7948980104183312E-003   0.0000000000000000     
  -3.5640000000000001        0.0000000000000000        1.8844477071764435E-003   0.0000000000000000     
  -3.3660000000000001        0.0000000000000000        1.9817716184640784E-003   0.0000000000000000     
  -3.1680000000000001        0.0000000000000000        2.0863491657346521E-003   0.0000000000000000     
  -2.9700000000000002        0.0000000000000000        2.1969298332039770E-003   0.0000000000000000     
  -2.7720000000000002        0.0000000000000000        2.3130147309072912E-003   0.0000000000000000     
  -2.5740000000000003        0.0000000000000000        2.4396669549334679E-003   0.0000000000000000     
  -2.3760000000000003        0.0000000000000000        2.5731139080621625E-003   0.0000000000000000     
  -2.1779999999999999        0.0000000000000000        2.7014085646704343E-003   0.0000000000000000     
  -1.9800000000000000        0.0000000000000000        2.8182182444740915E-003   0.0000000000000000     
  -1.7820000000000000        0.0000000000000000        2.9150336983796523E-003   0.0000000000000000     
  -1.5840000000000001        0.0000000000000000        2.9765119360967208E-003   0.0000000000000000     
  -1.3860000000000001        0.0000000000000000        2.9888362302501535E-003   0.0000000000000000     
  -1.1880000000000002        0.0000000000000000        2.9392071162033869E-003   0.0000000000000000     
 -0.98999999999999999        0.0000000000000000        2.7985407477938542E-003   0.0000000000000000     
 -0.79200000000000004        0.0000000000000000        2.5369843267041320E-003   0.0000000000000000     
 -0.59400000000000008        0.0000000000000000        2.1265600781122909E-003   0.0000000000000000     
 -0.39600000000000002        0.0000000000000000        1.5467203603583147E-003   0.0000000000000000     
 -0.19800000000000001        0.0000000000000000        8.1795837548853830E-004   0.0000000000000000     
   0.0000000000000000        0.0000000000000000        0.0000000000000000        0.0000000000000000     
  0.19800000000000001        0.0000000000000000       -8.1795837548853830E-004   0.0000000000000000     
  0.39600000000000002        0.0000000000000000       -1.5467203603583147E-003   0.0000000000000000     
  0.59400000000000008        0.0000000000000000       -2.1265600781122909E-003   0.0000000000000000     
  0.79200000000000004        0.0000000000000000       -2.5369843267041320E-003   0.0000000000000000     
  0.98999999999999999        0.0000000000000000       -2.7985407477938542E-003   0.0000000000000000     
   1.1880000000000002        0.0000000000000000       -2.9392071162033869E-003   0.0000000000000000     
   1.3860000000000001        0.0000000000000000       -2.9888362302501535E-003   0.0000000000000000     
   1.5840000000000001        0.0000000000000000       -2.9765119360967208E-003   0.0000000000000000     
   1.7820000000000000        0.0000000000000000       -2.9150336983796523E-003   0.0000000000000000     
   1.9800000000000000        0.0000000000000000       -2.8182182444740915E-003   0.0000000000000000     
   2.1779999999999999        0.0000000000000000       -2.7014085646704343E-003   0.0000000000000000     
   2.3760000000000003        0.0000000000000000       -2.5731139080621625E-003   0.0000000000000000     
   2.5740000000000003        0.0000000000000000       -2.4396669549334679E-003   0.0000000000000000     
   2.7720000000000002        0.0000000000000000       -2.3130147309072912E-003   0.0000000000000000     
   2.9700000000000002        0.0000000000000000       -2.1969298332039770E-003   0.0000000000000000     
   3.1680000000000001        0.0000000000000000       -2.0863491657346521E-003   0.0000000000000000     
   3.3660000000000001        0.0000000000000000       -1.9817716184640784E-003   0.0000000000000000     
   3.5640000000000001        0.0000000000000000       -1.8844477071764435E-003   0.0000000000000000     
   3.7620000000000000        0.0000000000000000       -1.7948980104183312E-003   0.0000000000000000     
   3.9600000000000000        0.0000000000000000       -1.7130347693583138E-003   0.0000000000000000     
   4.1580000000000004        0.0000000000000000       -1.6384147168966338E-003   0.0000000000000000     
   4.3559999999999999        0.0000000000000000       -1.5704269723209611E-003   0.0000000000000000     
   4.5540000000000003        0.0000000000000000       -1.5084088999551578E-003   0.0000000000000000     
   4.7520000000000007        0.0000000000000000       -1.4517105407274302E-003   0.0000000000000000     
   4.9500000000000002        0.0000000000000000       -1.3997271005614976E-003   0.0000000000000000     
   5.1480000000000006        0.0000000000000000       -1.3519122590267064E-003   0.0000000000000000     
   5.3460000000000001        0.0000000000000000       -1.3077814967345964E-003   0.0000000000000000     
   5.5440000000000005        0.0000000000000000       -1.2669095620429980E-003   0.0000000000000000     
   5.7420000000000000        0.0000000000000000       -1.2289258396014906E-003   0.0000000000000000     
   5.9400000000000004        0.0000000000000000       -1.1935084075369116E-003   0.0000000000000000     
   6.1379999999999999        0.0000000000000000       -1.1603780426032858E-003   0.0000000000000000     
   6.3360000000000003        0.0000000000000000       -1.1292927751690880E-003   0.0000000000000000     
   6.5340000000000007        0.0000000000000000       -1.1000425948815673E-003   0.0000000000000000     
   6.7320000000000002        0.0000000000000000       -1.0724450870233271E-003   0.0000000000000000     
   6.9300000000000006        0.0000000000000000       -1.0463414280627444E-003   0.0000000000000000     
   7.1280000000000001        0.0000000000000000       -1.0215930064810643E-003   0.0000000000000000     
   7.3260000000000005        0.0000000000000000       -9.9807852590435881E-004   0.0000000000000000     
   7.5240000000000000        0.0000000000000000       -9.7569147585467369E-004   0.0000000000000000     
   7.7220000000000004        0.0000000000000000       -9.5433807093660381E-004   0.0000000000000000     
   7.9199999999999999        0.0000000000000000       -9.3393544629873375E-004   0.0000000000000000     
   8.1180000000000003        0.0000000000000000       -9.1441011786730841E-004   0.0000000000000000     
   8.3160000000000007        0.0000000000000000       -8.9569663142311223E-004   0.0000000000000000     
   8.5140000000000011        0.0000000000000000       -8.7773656044490614E-004   0.0000000000000000     
   8.7119999999999997        0.0000000000000000       -8.6047746922887191E-004   0.0000000000000000     
   8.9100000000000001        0.0000000000000000       -8.4387219056910657E-004   0.0000000000000000     
   9.1080000000000005        0.0000000000000000       -8.2787810142179337E-004   0.0000000000000000     
   9.3060000000000009        0.0000000000000000       -8.1245650563620969E-004   0.0000000000000000     
   9.5040000000000013        0.0000000000000000       -7.9757222520251221E-004   0.0000000000000000     
   9.7020000000000000        0.0000000000000000       -7.8319305907019780E-004   0.0000000000000000     
   9.9000000000000004        0.0000000000000000       -7.6928950354148134E-004   0.0000000000000000     
   10.098000000000001        0.0000000000000000       -7.5583437870394639E-004   0.0000000000000000     
   10.296000000000001        0.0000000000000000       -7.4280256524256606E-004   0.0000000000000000     
   10.494000000000000        0.0000000000000000       -7.3017077751676607E-004   0.0000000000000000     
   10.692000000000000        0.0000000000000000       -7.1791731304648705E-004   0.0000000000000000     
   10.890000000000001        0.0000000000000000       -7.0602193933876197E-004   0.0000000000000000     
   11.088000000000001        0.0000000000000000       -6.9446564153028236E-004   0.0000000000000000     
   11.286000000000001        0.0000000000000000       -6.8323055023178012E-004   0.0000000000000000     
   11.484000000000000        0.0000000000000000       -6.7229978117260729E-004   0.0000000000000000     
   11.682000000000000        0.0000000000000000       -6.6165730644400489E-004   0.0000000000000000     
   11.880000000000001        0.0000000000000000       -6.5128789844527647E-004   0.0000000000000000     
   12.078000000000001        0.0000000000000000       -6.4117697808334622E-004   0.0000000000000000     
   12.276000000000000        0.0000000000000000       -6.3131056283799642E-004   0.0000000000000000     
   12.474000000000000        0.0000000000000000       -6.2167514298833767E-004   0.0000000000000000     
   12.672000000000001        0.0000000000000000       -6.1225766257294383E-004   0.0000000000000000     
   12.870000000000001        0.0000000000000000       -6.0304538726297654E-004   0.0000000000000000     
   13.068000000000001        0.0000000000000000       -5.9402585101599615E-004   0.0000000000000000     
   13.266000000000000        0.0000000000000000       -5.8518677968606150E-004   0.0000000000000000     
   13.464000000000000        0.0000000000000000       -5.7651600924736265E-004   0.0000000000000000     
   13.662000000000001        0.0000000000000000       -5.6800141326414225E-004   0.0000000000000000     
   13.860000000000001        0.0000000000000000       -5.5963081062943996E-004   0.0000000000000000     
   14.058000000000000        0.0000000000000000       -5.5139188877192772E-004   0.0000000000000000     
   14.256000000000000        0.0000000000000000       -5.4327210024725844E-004   0.0000000000000000     
   14.454000000000001        0.0000000000000000       -5.3525856108649957E-004   0.0000000000000000     
   14.652000000000001        0.0000000000000000       -5.2733791365725056E-004   0.0000000000000000     
   14.850000000000001        0.0000000000000000       -5.1949625756131693E-004   0.0000000000000000     
   15.048000000000000        0.0000000000000000       -5.1171893334068250E-004   0.0000000000000000     
   15.246000000000000        0.0000000000000000       -5.0399039838712955E-004   0.0000000000000000     
   15.444000000000001        0.0000000000000000       -4.9629404365832673E-004   0.0000000000000000     
   15.642000000000001        0.0000000000000000       -4.8861196998101013E-004   0.0000000000000000     
   15.840000000000000        0.0000000000000000       -4.8092473819955322E-004   0.0000000000000000     
   16.038000000000000        0.0000000000000000       -4.7321110944454546E-004   0.0000000000000000     
   16.236000000000001        0.0000000000000000       -4.6544772188714508E-004   0.0000000000000000     
   16.434000000000001        0.0000000000000000       -4.5760872762781128E-004   0.0000000000000000     
   16.632000000000001        0.0000000000000000       -4.4966539617165768E-004   0.0000000000000000     
   16.830000000000002        0.0000000000000000       -4.4158569964166473E-004   0.0000000000000000     
   17.028000000000002        0.0000000000000000       -4.3333382517376720E-004   0.0000000000000000     
   17.225999999999999        0.0000000000000000       -4.2501092301963373E-004   0.0000000000000000     
   17.423999999999999        0.0000000000000000       -4.1637007722969979E-004   0.0000000000000000     
   17.622000000000000        0.0000000000000000       -4.0744040819843205E-004   0.0000000000000000     
   17.820000000000000        0.0000000000000000       -3.9817215977346466E-004   0.0000000000000000     
   18.018000000000001        0.0000000000000000       -3.8851516314718698E-004   0.0000000000000000     
   18.216000000000001        0.0000000000000000       -3.7832484040975690E-004   0.0000000000000000     
   18.414000000000001        0.0000000000000000       -3.6761955353855740E-004   0.0000000000000000     
   18.612000000000002        0.0000000000000000       -3.5634800809833346E-004   0.0000000000000000     
   18.810000000000002        0.0000000000000000       -3.4443427206756966E-004   0.0000000000000000     
   19.008000000000003        0.0000000000000000       -3.3195624626479036E-004   0.0000000000000000     
   19.206000000000000        0.0000000000000000       -3.1895569764556837E-004   0.0000000000000000     
   19.404000000000000        0.0000000000000000       -3.0514124811239574E-004   0.0000000000000000     
   19.602000000000000        0.0000000000000000       -2.8954729470557534E-004   0.0000000000000000     
