  -19.602000000000000        0.0000000000000000        2.4570042039774093E-004   0.0000000000000000     
  -19.404000000000000        0.0000000000000000        2.5815383764933516E-004   0.0000000000000000     
  -19.206000000000000        0.0000000000000000        2.6928760969935751E-004   0.0000000000000000     
  -19.008000000000003        0.0000000000000000        2.8016084472019554E-004   0.0000000000000000     
  -18.810000000000002        0.0000000000000000        2.9099053484798326E-004   0.0000000000000000     
  -18.612000000000002        0.0000000000000000        3.0153144252180475E-004   0.0000000000000000     
  -18.414000000000001        0.0000000000000000        3.1158219071501754E-004   0.0000000000000000     
  -18.216000000000001        0.0000000000000000        3.2117712740301546E-004   0.0000000000000000     
  -18.018000000000001        0.0000000000000000        3.3025352380382407E-004   0.0000000000000000     
  -17.820000000000000        0.0000000000000000        3.3879897946316424E-004   0.0000000000000000     
  -17.622000000000000        0.0000000000000000        3.4695067076631018E-004   0.0000000000000000     
  -17.423999999999999        0.0000000000000000        3.5470606077357231E-004   0.0000000000000000     
  -17.225999999999999        0.0000000000000000        3.6214782196459161E-004   0.0000000000000000     
  -17.028000000000002        0.0000000000000000        3.6932522035201332E-004   0.0000000000000000     
  -16.830000000000002        0.0000000000000000        3.7628265016244469E-004   0.0000000000000000     
  -16.632000000000001        0.0000000000000000        3.8299927492726853E-004   0.0000000000000000     
  -16.434000000000001        0.0000000000000000        3.8960302635601251E-004   0.0000000000000000     
  -16.236000000000001        0.0000000000000000        3.9610057980832031E-004   0.0000000000000000     
  -16.038000000000000        0.0000000000000000        4.0251775760521405E-004   0.0000000000000000     
  -15.840000000000000        0.0000000000000000        4.0887741536282718E-004   0.0000000000000000     
  -15.642000000000001        0.0000000000000000        4.1519989569425791E-004   0.0000000000000000     
  -15.444000000000001        0.0000000000000000        4.2150342608803421E-004   0.0000000000000000     
  -15.246000000000000        0.0000000000000000        4.2780444952774939E-004   0.0000000000000000     
  -15.048000000000000        0.0000000000000000        4.3411791510205455E-004   0.0000000000000000     
  -14.850000000000001        0.0000000000000000        4.4045752048210224E-004   0.0000000000000000     
  -14.652000000000001        0.0000000000000000        4.4683592896449314E-004   0.0000000000000000     
  -14.454000000000001        0.0000000000000000        4.5326492513154065E-004   0.0000000000000000     
  -14.256000000000000        0.0000000000000000        4.5975560720864296E-004   0.0000000000000000     
  -14.058000000000000        0.0000000000000000        4.6631847278688670E-004   0.0000000000000000     
  -13.860000000000001        0.0000000000000000        4.7296356877999149E-004   0.0000000000000000     
  -13.662000000000001        0.0000000000000000        4.7970055554343488E-004   0.0000000000000000     
  -13.464000000000000        0.0000000000000000        4.8653883289474347E-004   0.0000000000000000     
  -13.266000000000000        0.0000000000000000        4.9348757015673034E-004   0.0000000000000000     
  -13.068000000000001        0.0000000000000000        5.0055581025745691E-004   0.0000000000000000     
  -12.870000000000001        0.0000000000000000        5.0775250806920616E-004   0.0000000000000000     
  -12.672000000000001        0.0000000000000000        5.1508659858906102E-004   0.0000000000000000     
  -12.474000000000000        0.0000000000000000        5.2256703049630723E-004   0.0000000000000000     
  -12.276000000000000        0.0000000000000000        5.3020281742468926E-004   0.0000000000000000     
  -12.078000000000001        0.0000000000000000        5.3800309473635212E-004   0.0000000000000000     
  -11.880000000000001        0.0000000000000000        5.4597712631973550E-004   0.0000000000000000     
  -11.682000000000000        0.0000000000000000        5.5413436649074126E-004   0.0000000000000000     
  -11.484000000000000        0.0000000000000000        5.6248449231153673E-004   0.0000000000000000     
  -11.286000000000001        0.0000000000000000        5.7103741407544368E-004   0.0000000000000000     
  -11.088000000000001        0.0000000000000000        5.7980332954607125E-004   0.0000000000000000     
  -10.890000000000001        0.0000000000000000        5.8879274798038410E-004   0.0000000000000000     
  -10.692000000000000        0.0000000000000000        5.9801651956704275E-004   0.0000000000000000     
  -10.494000000000000        0.0000000000000000        6.0748585976632210E-004   0.0000000000000000     
  -10.296000000000001        0.0000000000000000        6.1721237630005840E-004   0.0000000000000000     
  -10.098000000000001        0.0000000000000000        6.2720809743780216E-004   0.0000000000000000     
  -9.9000000000000004        0.0000000000000000        6.3748551099829980E-004   0.0000000000000000     
  -9.7020000000000000        0.0000000000000000        6.4805759332695794E-004   0.0000000000000000     
  -9.5040000000000013        0.0000000000000000        6.5893782528241842E-004   0.0000000000000000     
  -9.3060000000000009        0.0000000000000000        6.7014022397926954E-004   0.0000000000000000     
  -9.1080000000000005        0.0000000000000000        6.8167940587020249E-004   0.0000000000000000     
  -8.9100000000000001        0.0000000000000000        6.9357060794622571E-004   0.0000000000000000     
  -8.7119999999999997        0.0000000000000000        7.0582977004591749E-004   0.0000000000000000     
  -8.5140000000000011        0.0000000000000000        7.1847354460579662E-004   0.0000000000000000     
  -8.3160000000000007        0.0000000000000000        7.3151942005939094E-004   0.0000000000000000     
  -8.1180000000000003        0.0000000000000000        7.4498584255123590E-004   0.0000000000000000     
  -7.9199999999999999        0.0000000000000000        7.5889234411751307E-004   0.0000000000000000     
  -7.7220000000000004        0.0000000000000000        7.7325973805350871E-004   0.0000000000000000     
  -7.5240000000000000        0.0000000000000000        7.8811040681596933E-004   0.0000000000000000     
  -7.3260000000000005        0.0000000000000000        8.0346870857176420E-004   0.0000000000000000     
  -7.1280000000000001        0.0000000000000000        8.1936145316572294E-004   0.0000000000000000     
  -6.9300000000000006        0.0000000000000000        8.3581866322558697E-004   0.0000000000000000     
  -6.7320000000000002        0.0000000000000000        8.5287463109059178E-004   0.0000000000000000     
  -6.5340000000000007        0.0000000000000000        8.7056925171728695E-004   0.0000000000000000     
  -6.3360000000000003        0.0000000000000000        8.8895007005559859E-004   0.0000000000000000     
  -6.1379999999999999        0.0000000000000000        9.0807493783021435E-004   0.0000000000000000     
  -5.9400000000000004        0.0000000000000000        9.2801582688579489E-004   0.0000000000000000     
  -5.7420000000000000        0.0000000000000000        9.4886395006112080E-004   0.0000000000000000     
  -5.5440000000000005        0.0000000000000000        9.7073688143636979E-004   0.0000000000000000     
  -5.3460000000000001        0.0000000000000000        9.9378820878172065E-004   0.0000000000000000     
  -5.1480000000000006        0.0000000000000000        1.0182203862444505E-003   0.0000000000000000     
  -4.9500000000000002        0.0000000000000000        1.0443018443903340E-003   0.0000000000000000     
  -4.7520000000000007        0.0000000000000000        1.0723888118196858E-003   0.0000000000000000     
  -4.5540000000000003        0.0000000000000000        1.1029518453911670E-003   0.0000000000000000     
  -4.3559999999999999        0.0000000000000000        1.1366057445440882E-003   0.0000000000000000     
  -4.1580000000000004        0.0000000000000000        1.1741372204720037E-003   0.0000000000000000     
  -3.9600000000000000        0.0000000000000000        1.2165161724903950E-003   0.0000000000000000     
  -3.7620000000000000        0.0000000000000000        1.2648535758143040E-003   0.0000000000000000     
  -3.5640000000000001        0.0000000000000000        1.3201988035414099E-003   0.0000000000000000     
  -3.3660000000000001        0.0000000000000000        1.3828873145437569E-003   0.0000000000000000     
  -3.1680000000000001        0.0000000000000000        1.4513909433885562E-003   0.0000000000000000     
  -2.9700000000000002        0.0000000000000000        1.5232514498855520E-003   0.0000000000000000     
  -2.7720000000000002        0.0000000000000000        1.5945837345108626E-003   0.0000000000000000     
  -2.5740000000000003        0.0000000000000000        1.6648006561250234E-003   0.0000000000000000     
  -2.3760000000000003        0.0000000000000000        1.7375386273355961E-003   0.0000000000000000     
  -2.1779999999999999        0.0000000000000000        1.8139247126202612E-003   0.0000000000000000     
  -1.9800000000000000        0.0000000000000000        1.8912921230121499E-003   0.0000000000000000     
  -1.7820000000000000        0.0000000000000000        1.9652606339184298E-003   0.0000000000000000     
  -1.5840000000000001        0.0000000000000000        2.0268326614380121E-003   0.0000000000000000     
  -1.3860000000000001        0.0000000000000000        2.0647012861916823E-003   0.0000000000000000     
  -1.1880000000000002        0.0000000000000000        2.0712781464024940E-003   0.0000000000000000     
 -0.98999999999999999        0.0000000000000000        2.0324633730536027E-003   0.0000000000000000     
 -0.79200000000000004        0.0000000000000000        1.9180270664648095E-003   0.0000000000000000     
 -0.59400000000000008        0.0000000000000000        1.6808979400484074E-003   0.0000000000000000     
 -0.39600000000000002        0.0000000000000000        1.2727757333555057E-003   0.0000000000000000     
 -0.19800000000000001        0.0000000000000000        6.8902775092687422E-004   0.0000000000000000     
   0.0000000000000000        0.0000000000000000        0.0000000000000000        0.0000000000000000     
  0.19800000000000001        0.0000000000000000       -6.8902775092687422E-004   0.0000000000000000     
  0.39600000000000002        0.0000000000000000       -1.2727757333555057E-003   0.0000000000000000     
  0.59400000000000008        0.0000000000000000       -1.6808979400484074E-003   0.0000000000000000     
  0.79200000000000004        0.0000000000000000       -1.9180270664648095E-003   0.0000000000000000     
  0.98999999999999999        0.0000000000000000       -2.0324633730536027E-003   0.0000000000000000     
   1.1880000000000002        0.0000000000000000       -2.0712781464024940E-003   0.0000000000000000     
   1.3860000000000001        0.0000000000000000       -2.0647012861916823E-003   0.0000000000000000     
   1.5840000000000001        0.0000000000000000       -2.0268326614380121E-003   0.0000000000000000     
   1.7820000000000000        0.0000000000000000       -1.9652606339184298E-003   0.0000000000000000     
   1.9800000000000000        0.0000000000000000       -1.8912921230121499E-003   0.0000000000000000     
   2.1779999999999999        0.0000000000000000       -1.8139247126202612E-003   0.0000000000000000     
   2.3760000000000003        0.0000000000000000       -1.7375386273355961E-003   0.0000000000000000     
   2.5740000000000003        0.0000000000000000       -1.6648006561250234E-003   0.0000000000000000     
   2.7720000000000002        0.0000000000000000       -1.5945837345108626E-003   0.0000000000000000     
   2.9700000000000002        0.0000000000000000       -1.5232514498855520E-003   0.0000000000000000     
   3.1680000000000001        0.0000000000000000       -1.4513909433885562E-003   0.0000000000000000     
   3.3660000000000001        0.0000000000000000       -1.3828873145437569E-003   0.0000000000000000     
   3.5640000000000001        0.0000000000000000       -1.3201988035414099E-003   0.0000000000000000     
   3.7620000000000000        0.0000000000000000       -1.2648535758143040E-003   0.0000000000000000     
   3.9600000000000000        0.0000000000000000       -1.2165161724903950E-003   0.0000000000000000     
   4.1580000000000004        0.0000000000000000       -1.1741372204720037E-003   0.0000000000000000     
   4.3559999999999999        0.0000000000000000       -1.1366057445440882E-003   0.0000000000000000     
   4.5540000000000003        0.0000000000000000       -1.1029518453911670E-003   0.0000000000000000     
   4.7520000000000007        0.0000000000000000       -1.0723888118196858E-003   0.0000000000000000     
   4.9500000000000002        0.0000000000000000       -1.0443018443903340E-003   0.0000000000000000     
   5.1480000000000006        0.0000000000000000       -1.0182203862444505E-003   0.0000000000000000     
   5.3460000000000001        0.0000000000000000       -9.9378820878172065E-004   0.0000000000000000     
   5.5440000000000005        0.0000000000000000       -9.7073688143636979E-004   0.0000000000000000     
   5.7420000000000000        0.0000000000000000       -9.4886395006112080E-004   0.0000000000000000     
   5.9400000000000004        0.0000000000000000       -9.2801582688579489E-004   0.0000000000000000     
   6.1379999999999999        0.0000000000000000       -9.0807493783021435E-004   0.0000000000000000     
   6.3360000000000003        0.0000000000000000       -8.8895007005559859E-004   0.0000000000000000     
   6.5340000000000007        0.0000000000000000       -8.7056925171728695E-004   0.0000000000000000     
   6.7320000000000002        0.0000000000000000       -8.5287463109059178E-004   0.0000000000000000     
   6.9300000000000006        0.0000000000000000       -8.3581866322558697E-004   0.0000000000000000     
   7.1280000000000001        0.0000000000000000       -8.1936145316572294E-004   0.0000000000000000     
   7.3260000000000005        0.0000000000000000       -8.0346870857176420E-004   0.0000000000000000     
   7.5240000000000000        0.0000000000000000       -7.8811040681596933E-004   0.0000000000000000     
   7.7220000000000004        0.0000000000000000       -7.7325973805350871E-004   0.0000000000000000     
   7.9199999999999999        0.0000000000000000       -7.5889234411751307E-004   0.0000000000000000     
   8.1180000000000003        0.0000000000000000       -7.4498584255123590E-004   0.0000000000000000     
   8.3160000000000007        0.0000000000000000       -7.3151942005939094E-004   0.0000000000000000     
   8.5140000000000011        0.0000000000000000       -7.1847354460579662E-004   0.0000000000000000     
   8.7119999999999997        0.0000000000000000       -7.0582977004591749E-004   0.0000000000000000     
   8.9100000000000001        0.0000000000000000       -6.9357060794622571E-004   0.0000000000000000     
   9.1080000000000005        0.0000000000000000       -6.8167940587020249E-004   0.0000000000000000     
   9.3060000000000009        0.0000000000000000       -6.7014022397926954E-004   0.0000000000000000     
   9.5040000000000013        0.0000000000000000       -6.5893782528241842E-004   0.0000000000000000     
   9.7020000000000000        0.0000000000000000       -6.4805759332695794E-004   0.0000000000000000     
   9.9000000000000004        0.0000000000000000       -6.3748551099829980E-004   0.0000000000000000     
   10.098000000000001        0.0000000000000000       -6.2720809743780216E-004   0.0000000000000000     
   10.296000000000001        0.0000000000000000       -6.1721237630005840E-004   0.0000000000000000     
   10.494000000000000        0.0000000000000000       -6.0748585976632210E-004   0.0000000000000000     
   10.692000000000000        0.0000000000000000       -5.9801651956704275E-004   0.0000000000000000     
   10.890000000000001        0.0000000000000000       -5.8879274798038410E-004   0.0000000000000000     
   11.088000000000001        0.0000000000000000       -5.7980332954607125E-004   0.0000000000000000     
   11.286000000000001        0.0000000000000000       -5.7103741407544368E-004   0.0000000000000000     
   11.484000000000000        0.0000000000000000       -5.6248449231153673E-004   0.0000000000000000     
   11.682000000000000        0.0000000000000000       -5.5413436649074126E-004   0.0000000000000000     
   11.880000000000001        0.0000000000000000       -5.4597712631973550E-004   0.0000000000000000     
   12.078000000000001        0.0000000000000000       -5.3800309473635212E-004   0.0000000000000000     
   12.276000000000000        0.0000000000000000       -5.3020281742468926E-004   0.0000000000000000     
   12.474000000000000        0.0000000000000000       -5.2256703049630723E-004   0.0000000000000000     
   12.672000000000001        0.0000000000000000       -5.1508659858906102E-004   0.0000000000000000     
   12.870000000000001        0.0000000000000000       -5.0775250806920616E-004   0.0000000000000000     
   13.068000000000001        0.0000000000000000       -5.0055581025745691E-004   0.0000000000000000     
   13.266000000000000        0.0000000000000000       -4.9348757015673034E-004   0.0000000000000000     
   13.464000000000000        0.0000000000000000       -4.8653883289474347E-004   0.0000000000000000     
   13.662000000000001        0.0000000000000000       -4.7970055554343488E-004   0.0000000000000000     
   13.860000000000001        0.0000000000000000       -4.7296356877999149E-004   0.0000000000000000     
   14.058000000000000        0.0000000000000000       -4.6631847278688670E-004   0.0000000000000000     
   14.256000000000000        0.0000000000000000       -4.5975560720864296E-004   0.0000000000000000     
   14.454000000000001        0.0000000000000000       -4.5326492513154065E-004   0.0000000000000000     
   14.652000000000001        0.0000000000000000       -4.4683592896449314E-004   0.0000000000000000     
   14.850000000000001        0.0000000000000000       -4.4045752048210224E-004   0.0000000000000000     
   15.048000000000000        0.0000000000000000       -4.3411791510205455E-004   0.0000000000000000     
   15.246000000000000        0.0000000000000000       -4.2780444952774939E-004   0.0000000000000000     
   15.444000000000001        0.0000000000000000       -4.2150342608803421E-004   0.0000000000000000     
   15.642000000000001        0.0000000000000000       -4.1519989569425791E-004   0.0000000000000000     
   15.840000000000000        0.0000000000000000       -4.0887741536282718E-004   0.0000000000000000     
   16.038000000000000        0.0000000000000000       -4.0251775760521405E-004   0.0000000000000000     
   16.236000000000001        0.0000000000000000       -3.9610057980832031E-004   0.0000000000000000     
   16.434000000000001        0.0000000000000000       -3.8960302635601251E-004   0.0000000000000000     
   16.632000000000001        0.0000000000000000       -3.8299927492726853E-004   0.0000000000000000     
   16.830000000000002        0.0000000000000000       -3.7628265016244469E-004   0.0000000000000000     
   17.028000000000002        0.0000000000000000       -3.6932522035201332E-004   0.0000000000000000     
   17.225999999999999        0.0000000000000000       -3.6214782196459161E-004   0.0000000000000000     
   17.423999999999999        0.0000000000000000       -3.5470606077357231E-004   0.0000000000000000     
   17.622000000000000        0.0000000000000000       -3.4695067076631018E-004   0.0000000000000000     
   17.820000000000000        0.0000000000000000       -3.3879897946316424E-004   0.0000000000000000     
   18.018000000000001        0.0000000000000000       -3.3025352380382407E-004   0.0000000000000000     
   18.216000000000001        0.0000000000000000       -3.2117712740301546E-004   0.0000000000000000     
   18.414000000000001        0.0000000000000000       -3.1158219071501754E-004   0.0000000000000000     
   18.612000000000002        0.0000000000000000       -3.0153144252180475E-004   0.0000000000000000     
   18.810000000000002        0.0000000000000000       -2.9099053484798326E-004   0.0000000000000000     
   19.008000000000003        0.0000000000000000       -2.8016084472019554E-004   0.0000000000000000     
   19.206000000000000        0.0000000000000000       -2.6928760969935751E-004   0.0000000000000000     
   19.404000000000000        0.0000000000000000       -2.5815383764933516E-004   0.0000000000000000     
   19.602000000000000        0.0000000000000000       -2.4570042039774093E-004   0.0000000000000000     
