  -19.602000000000000        0.0000000000000000       -1.0558786848601227E-003   0.0000000000000000     
  -19.404000000000000        0.0000000000000000       -1.1144662814048033E-003   0.0000000000000000     
  -19.206000000000000        0.0000000000000000       -1.1654623305668024E-003   0.0000000000000000     
  -19.008000000000003        0.0000000000000000       -1.2115812892587190E-003   0.0000000000000000     
  -18.810000000000002        0.0000000000000000       -1.2547133989415902E-003   0.0000000000000000     
  -18.612000000000002        0.0000000000000000       -1.2948622537429294E-003   0.0000000000000000     
  -18.414000000000001        0.0000000000000000       -1.3331553165085613E-003   0.0000000000000000     
  -18.216000000000001        0.0000000000000000       -1.3695327971056826E-003   0.0000000000000000     
  -18.018000000000001        0.0000000000000000       -1.4042915681165039E-003   0.0000000000000000     
  -17.820000000000000        0.0000000000000000       -1.4374809965427317E-003   0.0000000000000000     
  -17.622000000000000        0.0000000000000000       -1.4696778457168320E-003   0.0000000000000000     
  -17.423999999999999        0.0000000000000000       -1.5007432450223315E-003   0.0000000000000000     
  -17.225999999999999        0.0000000000000000       -1.5310890284257316E-003   0.0000000000000000     
  -17.028000000000002        0.0000000000000000       -1.5607069287654817E-003   0.0000000000000000     
  -16.830000000000002        0.0000000000000000       -1.5898147828449216E-003   0.0000000000000000     
  -16.632000000000001        0.0000000000000000       -1.6185143694329223E-003   0.0000000000000000     
  -16.434000000000001        0.0000000000000000       -1.6469180899879824E-003   0.0000000000000000     
  -16.236000000000001        0.0000000000000000       -1.6751951466408529E-003   0.0000000000000000     
  -16.038000000000000        0.0000000000000000       -1.7033449828859268E-003   0.0000000000000000     
  -15.840000000000000        0.0000000000000000       -1.7314483035580223E-003   0.0000000000000000     
  -15.642000000000001        0.0000000000000000       -1.7595793361353937E-003   0.0000000000000000     
  -15.444000000000001        0.0000000000000000       -1.7878069181724303E-003   0.0000000000000000     
  -15.246000000000000        0.0000000000000000       -1.8161953135078760E-003   0.0000000000000000     
  -15.048000000000000        0.0000000000000000       -1.8448049803116995E-003   0.0000000000000000     
  -14.850000000000001        0.0000000000000000       -1.8736933448928884E-003   0.0000000000000000     
  -14.652000000000001        0.0000000000000000       -1.9029153996837377E-003   0.0000000000000000     
  -14.454000000000001        0.0000000000000000       -1.9325242194189599E-003   0.0000000000000000     
  -14.256000000000000        0.0000000000000000       -1.9625715066955312E-003   0.0000000000000000     
  -14.058000000000000        0.0000000000000000       -1.9931080211617967E-003   0.0000000000000000     
  -13.860000000000001        0.0000000000000000       -2.0241840447699846E-003   0.0000000000000000     
  -13.662000000000001        0.0000000000000000       -2.0558497238600893E-003   0.0000000000000000     
  -13.464000000000000        0.0000000000000000       -2.0881554634377508E-003   0.0000000000000000     
  -13.266000000000000        0.0000000000000000       -2.1211522190228548E-003   0.0000000000000000     
  -13.068000000000001        0.0000000000000000       -2.1548919557954570E-003   0.0000000000000000     
  -12.870000000000001        0.0000000000000000       -2.1894278609435767E-003   0.0000000000000000     
  -12.672000000000001        0.0000000000000000       -2.2248146821753035E-003   0.0000000000000000     
  -12.474000000000000        0.0000000000000000       -2.2611091192314371E-003   0.0000000000000000     
  -12.276000000000000        0.0000000000000000       -2.2983702211590525E-003   0.0000000000000000     
  -12.078000000000001        0.0000000000000000       -2.3366594712275770E-003   0.0000000000000000     
  -11.880000000000001        0.0000000000000000       -2.3760414149851142E-003   0.0000000000000000     
  -11.682000000000000        0.0000000000000000       -2.4165839154675389E-003   0.0000000000000000     
  -11.484000000000000        0.0000000000000000       -2.4583585818115112E-003   0.0000000000000000     
  -11.286000000000001        0.0000000000000000       -2.5014411809303602E-003   0.0000000000000000     
  -11.088000000000001        0.0000000000000000       -2.5459119914654788E-003   0.0000000000000000     
  -10.890000000000001        0.0000000000000000       -2.5918565161826314E-003   0.0000000000000000     
  -10.692000000000000        0.0000000000000000       -2.6393657412136949E-003   0.0000000000000000     
  -10.494000000000000        0.0000000000000000       -2.6885368612422260E-003   0.0000000000000000     
  -10.296000000000001        0.0000000000000000       -2.7394737726388640E-003   0.0000000000000000     
  -10.098000000000001        0.0000000000000000       -2.7922877858576381E-003   0.0000000000000000     
  -9.9000000000000004        0.0000000000000000       -2.8470982632858742E-003   0.0000000000000000     
  -9.7020000000000000        0.0000000000000000       -2.9040334833833311E-003   0.0000000000000000     
  -9.5040000000000013        0.0000000000000000       -2.9632312845234757E-003   0.0000000000000000     
  -9.3060000000000009        0.0000000000000000       -3.0248400033333648E-003   0.0000000000000000     
  -9.1080000000000005        0.0000000000000000       -3.0890195191498244E-003   0.0000000000000000     
  -8.9100000000000001        0.0000000000000000       -3.1559419344426073E-003   0.0000000000000000     
  -8.7119999999999997        0.0000000000000000       -3.2257930410856880E-003   0.0000000000000000     
  -8.5140000000000011        0.0000000000000000       -3.2987729704779430E-003   0.0000000000000000     
  -8.3160000000000007        0.0000000000000000       -3.3750976813027018E-003   0.0000000000000000     
  -8.1180000000000003        0.0000000000000000       -3.4549999115786470E-003   0.0000000000000000     
  -7.9199999999999999        0.0000000000000000       -3.5387305597269886E-003   0.0000000000000000     
  -7.7220000000000004        0.0000000000000000       -3.6265594786001115E-003   0.0000000000000000     
  -7.5240000000000000        0.0000000000000000       -3.7187768478497540E-003   0.0000000000000000     
  -7.3260000000000005        0.0000000000000000       -3.8156940264290743E-003   0.0000000000000000     
  -7.1280000000000001        0.0000000000000000       -3.9176440381812365E-003   0.0000000000000000     
  -6.9300000000000006        0.0000000000000000       -4.0249821340483357E-003   0.0000000000000000     
  -6.7320000000000002        0.0000000000000000       -4.1380854990706213E-003   0.0000000000000000     
  -6.5340000000000007        0.0000000000000000       -4.2573523052323895E-003   0.0000000000000000     
  -6.3360000000000003        0.0000000000000000       -4.3831995890210324E-003   0.0000000000000000     
  -6.1379999999999999        0.0000000000000000       -4.5160601025040145E-003   0.0000000000000000     
  -5.9400000000000004        0.0000000000000000       -4.6563766046528749E-003   0.0000000000000000     
  -5.7420000000000000        0.0000000000000000       -4.8045938963423348E-003   0.0000000000000000     
  -5.5440000000000005        0.0000000000000000       -4.9611469889028351E-003   0.0000000000000000     
  -5.3460000000000001        0.0000000000000000       -5.1264447441807179E-003   0.0000000000000000     
  -5.1480000000000006        0.0000000000000000       -5.3008465013603531E-003   0.0000000000000000     
  -4.9500000000000002        0.0000000000000000       -5.4846310993618324E-003   0.0000000000000000     
  -4.7520000000000007        0.0000000000000000       -5.6779543863128903E-003   0.0000000000000000     
  -4.5540000000000003        0.0000000000000000       -5.8807944056477558E-003   0.0000000000000000     
  -4.3559999999999999        0.0000000000000000       -6.0928809617388493E-003   0.0000000000000000     
  -4.1580000000000004        0.0000000000000000       -6.3136156671510686E-003   0.0000000000000000     
  -3.9600000000000000        0.0000000000000000       -6.5419938849531961E-003   0.0000000000000000     
  -3.7620000000000000        0.0000000000000000       -6.7765768450793809E-003   0.0000000000000000     
  -3.5640000000000001        0.0000000000000000       -7.0156094976414739E-003   0.0000000000000000     
  -3.3660000000000001        0.0000000000000000       -7.2573241216486685E-003   0.0000000000000000     
  -3.1680000000000001        0.0000000000000000       -7.5000874098425929E-003   0.0000000000000000     
  -2.9700000000000002        0.0000000000000000       -7.7420039162826079E-003   0.0000000000000000     
  -2.7720000000000002        0.0000000000000000       -7.9777069822620193E-003   0.0000000000000000     
  -2.5740000000000003        0.0000000000000000       -8.1997361119380188E-003   0.0000000000000000     
  -2.3760000000000003        0.0000000000000000       -8.4003157307412975E-003   0.0000000000000000     
  -2.1779999999999999        0.0000000000000000       -8.5673847251508672E-003   0.0000000000000000     
  -1.9800000000000000        0.0000000000000000       -8.6744593467222315E-003   0.0000000000000000     
  -1.7820000000000000        0.0000000000000000       -8.6931284037261511E-003   0.0000000000000000     
  -1.5840000000000001        0.0000000000000000       -8.5985825029106927E-003   0.0000000000000000     
  -1.3860000000000001        0.0000000000000000       -8.3550311305933492E-003   0.0000000000000000     
  -1.1880000000000002        0.0000000000000000       -7.9224391908210394E-003   0.0000000000000000     
 -0.98999999999999999        0.0000000000000000       -7.2591214723575510E-003   0.0000000000000000     
 -0.79200000000000004        0.0000000000000000       -6.3265745550462223E-003   0.0000000000000000     
 -0.59400000000000008        0.0000000000000000       -5.1016016429924500E-003   0.0000000000000000     
 -0.39600000000000002        0.0000000000000000       -3.5936307291523236E-003   0.0000000000000000     
 -0.19800000000000001        0.0000000000000000       -1.8599545635307466E-003   0.0000000000000000     
   0.0000000000000000        0.0000000000000000        0.0000000000000000        0.0000000000000000     
  0.19800000000000001        0.0000000000000000        1.8599545635307466E-003   0.0000000000000000     
  0.39600000000000002        0.0000000000000000        3.5936307291523236E-003   0.0000000000000000     
  0.59400000000000008        0.0000000000000000        5.1016016429924500E-003   0.0000000000000000     
  0.79200000000000004        0.0000000000000000        6.3265745550462223E-003   0.0000000000000000     
  0.98999999999999999        0.0000000000000000        7.2591214723575510E-003   0.0000000000000000     
   1.1880000000000002        0.0000000000000000        7.9224391908210394E-003   0.0000000000000000     
   1.3860000000000001        0.0000000000000000        8.3550311305933492E-003   0.0000000000000000     
   1.5840000000000001        0.0000000000000000        8.5985825029106927E-003   0.0000000000000000     
   1.7820000000000000        0.0000000000000000        8.6931284037261511E-003   0.0000000000000000     
   1.9800000000000000        0.0000000000000000        8.6744593467222315E-003   0.0000000000000000     
   2.1779999999999999        0.0000000000000000        8.5673847251508672E-003   0.0000000000000000     
   2.3760000000000003        0.0000000000000000        8.4003157307412975E-003   0.0000000000000000     
   2.5740000000000003        0.0000000000000000        8.1997361119380188E-003   0.0000000000000000     
   2.7720000000000002        0.0000000000000000        7.9777069822620193E-003   0.0000000000000000     
   2.9700000000000002        0.0000000000000000        7.7420039162826079E-003   0.0000000000000000     
   3.1680000000000001        0.0000000000000000        7.5000874098425929E-003   0.0000000000000000     
   3.3660000000000001        0.0000000000000000        7.2573241216486685E-003   0.0000000000000000     
   3.5640000000000001        0.0000000000000000        7.0156094976414739E-003   0.0000000000000000     
   3.7620000000000000        0.0000000000000000        6.7765768450793809E-003   0.0000000000000000     
   3.9600000000000000        0.0000000000000000        6.5419938849531961E-003   0.0000000000000000     
   4.1580000000000004        0.0000000000000000        6.3136156671510686E-003   0.0000000000000000     
   4.3559999999999999        0.0000000000000000        6.0928809617388493E-003   0.0000000000000000     
   4.5540000000000003        0.0000000000000000        5.8807944056477558E-003   0.0000000000000000     
   4.7520000000000007        0.0000000000000000        5.6779543863128903E-003   0.0000000000000000     
   4.9500000000000002        0.0000000000000000        5.4846310993618324E-003   0.0000000000000000     
   5.1480000000000006        0.0000000000000000        5.3008465013603531E-003   0.0000000000000000     
   5.3460000000000001        0.0000000000000000        5.1264447441807179E-003   0.0000000000000000     
   5.5440000000000005        0.0000000000000000        4.9611469889028351E-003   0.0000000000000000     
   5.7420000000000000        0.0000000000000000        4.8045938963423348E-003   0.0000000000000000     
   5.9400000000000004        0.0000000000000000        4.6563766046528749E-003   0.0000000000000000     
   6.1379999999999999        0.0000000000000000        4.5160601025040145E-003   0.0000000000000000     
   6.3360000000000003        0.0000000000000000        4.3831995890210324E-003   0.0000000000000000     
   6.5340000000000007        0.0000000000000000        4.2573523052323895E-003   0.0000000000000000     
   6.7320000000000002        0.0000000000000000        4.1380854990706213E-003   0.0000000000000000     
   6.9300000000000006        0.0000000000000000        4.0249821340483357E-003   0.0000000000000000     
   7.1280000000000001        0.0000000000000000        3.9176440381812365E-003   0.0000000000000000     
   7.3260000000000005        0.0000000000000000        3.8156940264290743E-003   0.0000000000000000     
   7.5240000000000000        0.0000000000000000        3.7187768478497540E-003   0.0000000000000000     
   7.7220000000000004        0.0000000000000000        3.6265594786001115E-003   0.0000000000000000     
   7.9199999999999999        0.0000000000000000        3.5387305597269886E-003   0.0000000000000000     
   8.1180000000000003        0.0000000000000000        3.4549999115786470E-003   0.0000000000000000     
   8.3160000000000007        0.0000000000000000        3.3750976813027018E-003   0.0000000000000000     
   8.5140000000000011        0.0000000000000000        3.2987729704779430E-003   0.0000000000000000     
   8.7119999999999997        0.0000000000000000        3.2257930410856880E-003   0.0000000000000000     
   8.9100000000000001        0.0000000000000000        3.1559419344426073E-003   0.0000000000000000     
   9.1080000000000005        0.0000000000000000        3.0890195191498244E-003   0.0000000000000000     
   9.3060000000000009        0.0000000000000000        3.0248400033333648E-003   0.0000000000000000     
   9.5040000000000013        0.0000000000000000        2.9632312845234757E-003   0.0000000000000000     
   9.7020000000000000        0.0000000000000000        2.9040334833833311E-003   0.0000000000000000     
   9.9000000000000004        0.0000000000000000        2.8470982632858742E-003   0.0000000000000000     
   10.098000000000001        0.0000000000000000        2.7922877858576381E-003   0.0000000000000000     
   10.296000000000001        0.0000000000000000        2.7394737726388640E-003   0.0000000000000000     
   10.494000000000000        0.0000000000000000        2.6885368612422260E-003   0.0000000000000000     
   10.692000000000000        0.0000000000000000        2.6393657412136949E-003   0.0000000000000000     
   10.890000000000001        0.0000000000000000        2.5918565161826314E-003   0.0000000000000000     
   11.088000000000001        0.0000000000000000        2.5459119914654788E-003   0.0000000000000000     
   11.286000000000001        0.0000000000000000        2.5014411809303602E-003   0.0000000000000000     
   11.484000000000000        0.0000000000000000        2.4583585818115112E-003   0.0000000000000000     
   11.682000000000000        0.0000000000000000        2.4165839154675389E-003   0.0000000000000000     
   11.880000000000001        0.0000000000000000        2.3760414149851142E-003   0.0000000000000000     
   12.078000000000001        0.0000000000000000        2.3366594712275770E-003   0.0000000000000000     
   12.276000000000000        0.0000000000000000        2.2983702211590525E-003   0.0000000000000000     
   12.474000000000000        0.0000000000000000        2.2611091192314371E-003   0.0000000000000000     
   12.672000000000001        0.0000000000000000        2.2248146821753035E-003   0.0000000000000000     
   12.870000000000001        0.0000000000000000        2.1894278609435767E-003   0.0000000000000000     
   13.068000000000001        0.0000000000000000        2.1548919557954570E-003   0.0000000000000000     
   13.266000000000000        0.0000000000000000        2.1211522190228548E-003   0.0000000000000000     
   13.464000000000000        0.0000000000000000        2.0881554634377508E-003   0.0000000000000000     
   13.662000000000001        0.0000000000000000        2.0558497238600893E-003   0.0000000000000000     
   13.860000000000001        0.0000000000000000        2.0241840447699846E-003   0.0000000000000000     
   14.058000000000000        0.0000000000000000        1.9931080211617967E-003   0.0000000000000000     
   14.256000000000000        0.0000000000000000        1.9625715066955312E-003   0.0000000000000000     
   14.454000000000001        0.0000000000000000        1.9325242194189599E-003   0.0000000000000000     
   14.652000000000001        0.0000000000000000        1.9029153996837377E-003   0.0000000000000000     
   14.850000000000001        0.0000000000000000        1.8736933448928884E-003   0.0000000000000000     
   15.048000000000000        0.0000000000000000        1.8448049803116995E-003   0.0000000000000000     
   15.246000000000000        0.0000000000000000        1.8161953135078760E-003   0.0000000000000000     
   15.444000000000001        0.0000000000000000        1.7878069181724303E-003   0.0000000000000000     
   15.642000000000001        0.0000000000000000        1.7595793361353937E-003   0.0000000000000000     
   15.840000000000000        0.0000000000000000        1.7314483035580223E-003   0.0000000000000000     
   16.038000000000000        0.0000000000000000        1.7033449828859268E-003   0.0000000000000000     
   16.236000000000001        0.0000000000000000        1.6751951466408529E-003   0.0000000000000000     
   16.434000000000001        0.0000000000000000        1.6469180899879824E-003   0.0000000000000000     
   16.632000000000001        0.0000000000000000        1.6185143694329223E-003   0.0000000000000000     
   16.830000000000002        0.0000000000000000        1.5898147828449216E-003   0.0000000000000000     
   17.028000000000002        0.0000000000000000        1.5607069287654817E-003   0.0000000000000000     
   17.225999999999999        0.0000000000000000        1.5310890284257316E-003   0.0000000000000000     
   17.423999999999999        0.0000000000000000        1.5007432450223315E-003   0.0000000000000000     
   17.622000000000000        0.0000000000000000        1.4696778457168320E-003   0.0000000000000000     
   17.820000000000000        0.0000000000000000        1.4374809965427317E-003   0.0000000000000000     
   18.018000000000001        0.0000000000000000        1.4042915681165039E-003   0.0000000000000000     
   18.216000000000001        0.0000000000000000        1.3695327971056826E-003   0.0000000000000000     
   18.414000000000001        0.0000000000000000        1.3331553165085613E-003   0.0000000000000000     
   18.612000000000002        0.0000000000000000        1.2948622537429294E-003   0.0000000000000000     
   18.810000000000002        0.0000000000000000        1.2547133989415902E-003   0.0000000000000000     
   19.008000000000003        0.0000000000000000        1.2115812892587190E-003   0.0000000000000000     
   19.206000000000000        0.0000000000000000        1.1654623305668024E-003   0.0000000000000000     
   19.404000000000000        0.0000000000000000        1.1144662814048033E-003   0.0000000000000000     
   19.602000000000000        0.0000000000000000        1.0558786848601227E-003   0.0000000000000000     
