  -19.602000000000000        0.0000000000000000        4.1864232644832317E-005   0.0000000000000000     
  -19.404000000000000        0.0000000000000000        4.3677777854099846E-005   0.0000000000000000     
  -19.206000000000000        0.0000000000000000        4.5120519208194615E-005   0.0000000000000000     
  -19.008000000000003        0.0000000000000000        4.6428749895040273E-005   0.0000000000000000     
  -18.810000000000002        0.0000000000000000        4.7778880758909614E-005   0.0000000000000000     
  -18.612000000000002        0.0000000000000000        4.9189756686942095E-005   0.0000000000000000     
  -18.414000000000001        0.0000000000000000        5.0623537847096985E-005   0.0000000000000000     
  -18.216000000000001        0.0000000000000000        5.2036395130960647E-005   0.0000000000000000     
  -18.018000000000001        0.0000000000000000        5.3417385469317361E-005   0.0000000000000000     
  -17.820000000000000        0.0000000000000000        5.4752730725258507E-005   0.0000000000000000     
  -17.622000000000000        0.0000000000000000        5.6036793219024098E-005   0.0000000000000000     
  -17.423999999999999        0.0000000000000000        5.7268869044473572E-005   0.0000000000000000     
  -17.225999999999999        0.0000000000000000        5.8455509146817801E-005   0.0000000000000000     
  -17.028000000000002        0.0000000000000000        5.9580439460062140E-005   0.0000000000000000     
  -16.830000000000002        0.0000000000000000        6.0694504109354309E-005   0.0000000000000000     
  -16.632000000000001        0.0000000000000000        6.1779864742423642E-005   0.0000000000000000     
  -16.434000000000001        0.0000000000000000        6.2841547451754384E-005   0.0000000000000000     
  -16.236000000000001        0.0000000000000000        6.3884092899668549E-005   0.0000000000000000     
  -16.038000000000000        0.0000000000000000        6.4911540000498326E-005   0.0000000000000000     
  -15.840000000000000        0.0000000000000000        6.5927452507267097E-005   0.0000000000000000     
  -15.642000000000001        0.0000000000000000        6.6934971328113163E-005   0.0000000000000000     
  -15.444000000000001        0.0000000000000000        6.7936874612764748E-005   0.0000000000000000     
  -15.246000000000000        0.0000000000000000        6.8935636017121459E-005   0.0000000000000000     
  -15.048000000000000        0.0000000000000000        6.9933473462305422E-005   0.0000000000000000     
  -14.850000000000001        0.0000000000000000        7.0932398289775975E-005   0.0000000000000000     
  -14.652000000000001        0.0000000000000000        7.1934251475960857E-005   0.0000000000000000     
  -14.454000000000001        0.0000000000000000        7.2940735043714022E-005   0.0000000000000000     
  -14.256000000000000        0.0000000000000000        7.3953437302379571E-005   0.0000000000000000     
  -14.058000000000000        0.0000000000000000        7.4973857058090190E-005   0.0000000000000000     
  -13.860000000000001        0.0000000000000000        7.6003417771246617E-005   0.0000000000000000     
  -13.662000000000001        0.0000000000000000        7.7043489505651861E-005   0.0000000000000000     
  -13.464000000000000        0.0000000000000000        7.8095392176234118E-005   0.0000000000000000     
  -13.266000000000000        0.0000000000000000        7.9160413602353681E-005   0.0000000000000000     
  -13.068000000000001        0.0000000000000000        8.0239814872666741E-005   0.0000000000000000     
  -12.870000000000001        0.0000000000000000        8.1334842371061757E-005   0.0000000000000000     
  -12.672000000000001        0.0000000000000000        8.2446727805464174E-005   0.0000000000000000     
  -12.474000000000000        0.0000000000000000        8.3576704107996491E-005   0.0000000000000000     
  -12.276000000000000        0.0000000000000000        8.4726003094601576E-005   0.0000000000000000     
  -12.078000000000001        0.0000000000000000        8.5895863573548015E-005   0.0000000000000000     
  -11.880000000000001        0.0000000000000000        8.7087536803909349E-005   0.0000000000000000     
  -11.682000000000000        0.0000000000000000        8.8302286128304693E-005   0.0000000000000000     
  -11.484000000000000        0.0000000000000000        8.9541400496676366E-005   0.0000000000000000     
  -11.286000000000001        0.0000000000000000        9.0806184384666577E-005   0.0000000000000000     
  -11.088000000000001        0.0000000000000000        9.2097973031270963E-005   0.0000000000000000     
  -10.890000000000001        0.0000000000000000        9.3418125424909193E-005   0.0000000000000000     
  -10.692000000000000        0.0000000000000000        9.4768033405690647E-005   0.0000000000000000     
  -10.494000000000000        0.0000000000000000        9.6149115990900645E-005   0.0000000000000000     
  -10.296000000000001        0.0000000000000000        9.7562826453740268E-005   0.0000000000000000     
  -10.098000000000001        0.0000000000000000        9.9010646511990687E-005   0.0000000000000000     
  -9.9000000000000004        0.0000000000000000        1.0049408940290816E-004   0.0000000000000000     
  -9.7020000000000000        0.0000000000000000        1.0201469522407400E-004   0.0000000000000000     
  -9.5040000000000013        0.0000000000000000        1.0357402607261173E-004   0.0000000000000000     
  -9.3060000000000009        0.0000000000000000        1.0517366577874431E-004   0.0000000000000000     
  -9.1080000000000005        0.0000000000000000        1.0681520780784609E-004   0.0000000000000000     
  -8.9100000000000001        0.0000000000000000        1.0850024905304337E-004   0.0000000000000000     
  -8.7119999999999997        0.0000000000000000        1.1023037697394350E-004   0.0000000000000000     
  -8.5140000000000011        0.0000000000000000        1.1200716283474601E-004   0.0000000000000000     
  -8.3160000000000007        0.0000000000000000        1.1383213542721183E-004   0.0000000000000000     
  -8.1180000000000003        0.0000000000000000        1.1570676679076369E-004   0.0000000000000000     
  -7.9199999999999999        0.0000000000000000        1.1763246352788792E-004   0.0000000000000000     
  -7.7220000000000004        0.0000000000000000        1.1961052045027069E-004   0.0000000000000000     
  -7.5240000000000000        0.0000000000000000        1.2164212271034124E-004   0.0000000000000000     
  -7.3260000000000005        0.0000000000000000        1.2372829653813959E-004   0.0000000000000000     
  -7.1280000000000001        0.0000000000000000        1.2586990839878097E-004   0.0000000000000000     
  -6.9300000000000006        0.0000000000000000        1.2806763514364974E-004   0.0000000000000000     
  -6.7320000000000002        0.0000000000000000        1.3032195899119107E-004   0.0000000000000000     
  -6.5340000000000007        0.0000000000000000        1.3263317863830006E-004   0.0000000000000000     
  -6.3360000000000003        0.0000000000000000        1.3500143439236861E-004   0.0000000000000000     
  -6.1379999999999999        0.0000000000000000        1.3742678128465761E-004   0.0000000000000000     
  -5.9400000000000004        0.0000000000000000        1.3990930463450490E-004   0.0000000000000000     
  -5.7420000000000000        0.0000000000000000        1.4244929341003914E-004   0.0000000000000000     
  -5.5440000000000005        0.0000000000000000        1.4504753169151027E-004   0.0000000000000000     
  -5.3460000000000001        0.0000000000000000        1.4770565581999633E-004   0.0000000000000000     
  -5.1480000000000006        0.0000000000000000        1.5042671446398355E-004   0.0000000000000000     
  -4.9500000000000002        0.0000000000000000        1.5321580643326492E-004   0.0000000000000000     
  -4.7520000000000007        0.0000000000000000        1.5608095029096206E-004   0.0000000000000000     
  -4.5540000000000003        0.0000000000000000        1.5903407377123815E-004   0.0000000000000000     
  -4.3559999999999999        0.0000000000000000        1.6209214574036218E-004   0.0000000000000000     
  -4.1580000000000004        0.0000000000000000        1.6527853382410955E-004   0.0000000000000000     
  -3.9600000000000000        0.0000000000000000        1.6862485827426546E-004   0.0000000000000000     
  -3.7620000000000000        0.0000000000000000        1.7217466903909413E-004   0.0000000000000000     
  -3.5640000000000001        0.0000000000000000        1.7599290279407762E-004   0.0000000000000000     
  -3.3660000000000001        0.0000000000000000        1.8019196065926119E-004   0.0000000000000000     
  -3.1680000000000001        0.0000000000000000        1.8499944671627815E-004   0.0000000000000000     
  -2.9700000000000002        0.0000000000000000        1.9089425727057921E-004   0.0000000000000000     
  -2.7720000000000002        0.0000000000000000        1.9860722319125956E-004   0.0000000000000000     
  -2.5740000000000003        0.0000000000000000        2.0807822728685397E-004   0.0000000000000000     
  -2.3760000000000003        0.0000000000000000        2.1787604871186068E-004   0.0000000000000000     
  -2.1779999999999999        0.0000000000000000        2.2790542476740472E-004   0.0000000000000000     
  -1.9800000000000000        0.0000000000000000        2.3799231866947627E-004   0.0000000000000000     
  -1.7820000000000000        0.0000000000000000        2.4778503103744002E-004   0.0000000000000000     
  -1.5840000000000001        0.0000000000000000        2.5717353553883103E-004   0.0000000000000000     
  -1.3860000000000001        0.0000000000000000        2.6371199412994484E-004   0.0000000000000000     
  -1.1880000000000002        0.0000000000000000        2.6396797617730152E-004   0.0000000000000000     
 -0.98999999999999999        0.0000000000000000        2.5457239326736930E-004   0.0000000000000000     
 -0.79200000000000004        0.0000000000000000        2.3394611025038948E-004   0.0000000000000000     
 -0.59400000000000008        0.0000000000000000        2.0193435602204631E-004   0.0000000000000000     
 -0.39600000000000002        0.0000000000000000        1.5279100206591376E-004   0.0000000000000000     
 -0.19800000000000001        0.0000000000000000        8.2758657882581877E-005   0.0000000000000000     
   0.0000000000000000        0.0000000000000000        0.0000000000000000        0.0000000000000000     
  0.19800000000000001        0.0000000000000000       -8.2758657882581877E-005   0.0000000000000000     
  0.39600000000000002        0.0000000000000000       -1.5279100206591376E-004   0.0000000000000000     
  0.59400000000000008        0.0000000000000000       -2.0193435602204631E-004   0.0000000000000000     
  0.79200000000000004        0.0000000000000000       -2.3394611025038948E-004   0.0000000000000000     
  0.98999999999999999        0.0000000000000000       -2.5457239326736930E-004   0.0000000000000000     
   1.1880000000000002        0.0000000000000000       -2.6396797617730152E-004   0.0000000000000000     
   1.3860000000000001        0.0000000000000000       -2.6371199412994484E-004   0.0000000000000000     
   1.5840000000000001        0.0000000000000000       -2.5717353553883103E-004   0.0000000000000000     
   1.7820000000000000        0.0000000000000000       -2.4778503103744002E-004   0.0000000000000000     
   1.9800000000000000        0.0000000000000000       -2.3799231866947627E-004   0.0000000000000000     
   2.1779999999999999        0.0000000000000000       -2.2790542476740472E-004   0.0000000000000000     
   2.3760000000000003        0.0000000000000000       -2.1787604871186068E-004   0.0000000000000000     
   2.5740000000000003        0.0000000000000000       -2.0807822728685397E-004   0.0000000000000000     
   2.7720000000000002        0.0000000000000000       -1.9860722319125956E-004   0.0000000000000000     
   2.9700000000000002        0.0000000000000000       -1.9089425727057921E-004   0.0000000000000000     
   3.1680000000000001        0.0000000000000000       -1.8499944671627815E-004   0.0000000000000000     
   3.3660000000000001        0.0000000000000000       -1.8019196065926119E-004   0.0000000000000000     
   3.5640000000000001        0.0000000000000000       -1.7599290279407762E-004   0.0000000000000000     
   3.7620000000000000        0.0000000000000000       -1.7217466903909413E-004   0.0000000000000000     
   3.9600000000000000        0.0000000000000000       -1.6862485827426546E-004   0.0000000000000000     
   4.1580000000000004        0.0000000000000000       -1.6527853382410955E-004   0.0000000000000000     
   4.3559999999999999        0.0000000000000000       -1.6209214574036218E-004   0.0000000000000000     
   4.5540000000000003        0.0000000000000000       -1.5903407377123815E-004   0.0000000000000000     
   4.7520000000000007        0.0000000000000000       -1.5608095029096206E-004   0.0000000000000000     
   4.9500000000000002        0.0000000000000000       -1.5321580643326492E-004   0.0000000000000000     
   5.1480000000000006        0.0000000000000000       -1.5042671446398355E-004   0.0000000000000000     
   5.3460000000000001        0.0000000000000000       -1.4770565581999633E-004   0.0000000000000000     
   5.5440000000000005        0.0000000000000000       -1.4504753169151027E-004   0.0000000000000000     
   5.7420000000000000        0.0000000000000000       -1.4244929341003914E-004   0.0000000000000000     
   5.9400000000000004        0.0000000000000000       -1.3990930463450490E-004   0.0000000000000000     
   6.1379999999999999        0.0000000000000000       -1.3742678128465761E-004   0.0000000000000000     
   6.3360000000000003        0.0000000000000000       -1.3500143439236861E-004   0.0000000000000000     
   6.5340000000000007        0.0000000000000000       -1.3263317863830006E-004   0.0000000000000000     
   6.7320000000000002        0.0000000000000000       -1.3032195899119107E-004   0.0000000000000000     
   6.9300000000000006        0.0000000000000000       -1.2806763514364974E-004   0.0000000000000000     
   7.1280000000000001        0.0000000000000000       -1.2586990839878097E-004   0.0000000000000000     
   7.3260000000000005        0.0000000000000000       -1.2372829653813959E-004   0.0000000000000000     
   7.5240000000000000        0.0000000000000000       -1.2164212271034124E-004   0.0000000000000000     
   7.7220000000000004        0.0000000000000000       -1.1961052045027069E-004   0.0000000000000000     
   7.9199999999999999        0.0000000000000000       -1.1763246352788792E-004   0.0000000000000000     
   8.1180000000000003        0.0000000000000000       -1.1570676679076369E-004   0.0000000000000000     
   8.3160000000000007        0.0000000000000000       -1.1383213542721183E-004   0.0000000000000000     
   8.5140000000000011        0.0000000000000000       -1.1200716283474601E-004   0.0000000000000000     
   8.7119999999999997        0.0000000000000000       -1.1023037697394350E-004   0.0000000000000000     
   8.9100000000000001        0.0000000000000000       -1.0850024905304337E-004   0.0000000000000000     
   9.1080000000000005        0.0000000000000000       -1.0681520780784609E-004   0.0000000000000000     
   9.3060000000000009        0.0000000000000000       -1.0517366577874431E-004   0.0000000000000000     
   9.5040000000000013        0.0000000000000000       -1.0357402607261173E-004   0.0000000000000000     
   9.7020000000000000        0.0000000000000000       -1.0201469522407400E-004   0.0000000000000000     
   9.9000000000000004        0.0000000000000000       -1.0049408940290816E-004   0.0000000000000000     
   10.098000000000001        0.0000000000000000       -9.9010646511990687E-005   0.0000000000000000     
   10.296000000000001        0.0000000000000000       -9.7562826453740268E-005   0.0000000000000000     
   10.494000000000000        0.0000000000000000       -9.6149115990900645E-005   0.0000000000000000     
   10.692000000000000        0.0000000000000000       -9.4768033405690647E-005   0.0000000000000000     
   10.890000000000001        0.0000000000000000       -9.3418125424909193E-005   0.0000000000000000     
   11.088000000000001        0.0000000000000000       -9.2097973031270963E-005   0.0000000000000000     
   11.286000000000001        0.0000000000000000       -9.0806184384666577E-005   0.0000000000000000     
   11.484000000000000        0.0000000000000000       -8.9541400496676366E-005   0.0000000000000000     
   11.682000000000000        0.0000000000000000       -8.8302286128304693E-005   0.0000000000000000     
   11.880000000000001        0.0000000000000000       -8.7087536803909349E-005   0.0000000000000000     
   12.078000000000001        0.0000000000000000       -8.5895863573548015E-005   0.0000000000000000     
   12.276000000000000        0.0000000000000000       -8.4726003094601576E-005   0.0000000000000000     
   12.474000000000000        0.0000000000000000       -8.3576704107996491E-005   0.0000000000000000     
   12.672000000000001        0.0000000000000000       -8.2446727805464174E-005   0.0000000000000000     
   12.870000000000001        0.0000000000000000       -8.1334842371061757E-005   0.0000000000000000     
   13.068000000000001        0.0000000000000000       -8.0239814872666741E-005   0.0000000000000000     
   13.266000000000000        0.0000000000000000       -7.9160413602353681E-005   0.0000000000000000     
   13.464000000000000        0.0000000000000000       -7.8095392176234118E-005   0.0000000000000000     
   13.662000000000001        0.0000000000000000       -7.7043489505651861E-005   0.0000000000000000     
   13.860000000000001        0.0000000000000000       -7.6003417771246617E-005   0.0000000000000000     
   14.058000000000000        0.0000000000000000       -7.4973857058090190E-005   0.0000000000000000     
   14.256000000000000        0.0000000000000000       -7.3953437302379571E-005   0.0000000000000000     
   14.454000000000001        0.0000000000000000       -7.2940735043714022E-005   0.0000000000000000     
   14.652000000000001        0.0000000000000000       -7.1934251475960857E-005   0.0000000000000000     
   14.850000000000001        0.0000000000000000       -7.0932398289775975E-005   0.0000000000000000     
   15.048000000000000        0.0000000000000000       -6.9933473462305422E-005   0.0000000000000000     
   15.246000000000000        0.0000000000000000       -6.8935636017121459E-005   0.0000000000000000     
   15.444000000000001        0.0000000000000000       -6.7936874612764748E-005   0.0000000000000000     
   15.642000000000001        0.0000000000000000       -6.6934971328113163E-005   0.0000000000000000     
   15.840000000000000        0.0000000000000000       -6.5927452507267097E-005   0.0000000000000000     
   16.038000000000000        0.0000000000000000       -6.4911540000498326E-005   0.0000000000000000     
   16.236000000000001        0.0000000000000000       -6.3884092899668549E-005   0.0000000000000000     
   16.434000000000001        0.0000000000000000       -6.2841547451754384E-005   0.0000000000000000     
   16.632000000000001        0.0000000000000000       -6.1779864742423642E-005   0.0000000000000000     
   16.830000000000002        0.0000000000000000       -6.0694504109354309E-005   0.0000000000000000     
   17.028000000000002        0.0000000000000000       -5.9580439460062140E-005   0.0000000000000000     
   17.225999999999999        0.0000000000000000       -5.8455509146817801E-005   0.0000000000000000     
   17.423999999999999        0.0000000000000000       -5.7268869044473572E-005   0.0000000000000000     
   17.622000000000000        0.0000000000000000       -5.6036793219024098E-005   0.0000000000000000     
   17.820000000000000        0.0000000000000000       -5.4752730725258507E-005   0.0000000000000000     
   18.018000000000001        0.0000000000000000       -5.3417385469317361E-005   0.0000000000000000     
   18.216000000000001        0.0000000000000000       -5.2036395130960647E-005   0.0000000000000000     
   18.414000000000001        0.0000000000000000       -5.0623537847096985E-005   0.0000000000000000     
   18.612000000000002        0.0000000000000000       -4.9189756686942095E-005   0.0000000000000000     
   18.810000000000002        0.0000000000000000       -4.7778880758909614E-005   0.0000000000000000     
   19.008000000000003        0.0000000000000000       -4.6428749895040273E-005   0.0000000000000000     
   19.206000000000000        0.0000000000000000       -4.5120519208194615E-005   0.0000000000000000     
   19.404000000000000        0.0000000000000000       -4.3677777854099846E-005   0.0000000000000000     
   19.602000000000000        0.0000000000000000       -4.1864232644832317E-005   0.0000000000000000     
