  -19.602000000000000        0.0000000000000000       -1.8239332423740046E-003   0.0000000000000000     
  -19.404000000000000        0.0000000000000000       -1.9122915192889547E-003   0.0000000000000000     
  -19.206000000000000        0.0000000000000000       -1.9941011843415462E-003   0.0000000000000000     
  -19.008000000000003        0.0000000000000000       -2.0719584507139749E-003   0.0000000000000000     
  -18.810000000000002        0.0000000000000000       -2.1454275885729093E-003   0.0000000000000000     
  -18.612000000000002        0.0000000000000000       -2.2146619436719589E-003   0.0000000000000000     
  -18.414000000000001        0.0000000000000000       -2.2801320625865304E-003   0.0000000000000000     
  -18.216000000000001        0.0000000000000000       -2.3423675828786569E-003   0.0000000000000000     
  -18.018000000000001        0.0000000000000000       -2.4016325513650581E-003   0.0000000000000000     
  -17.820000000000000        0.0000000000000000       -2.4581817983000331E-003   0.0000000000000000     
  -17.622000000000000        0.0000000000000000       -2.5124385831825822E-003   0.0000000000000000     
  -17.423999999999999        0.0000000000000000       -2.5650060262802760E-003   0.0000000000000000     
  -17.225999999999999        0.0000000000000000       -2.6161784649063060E-003   0.0000000000000000     
  -17.028000000000002        0.0000000000000000       -2.6662564130100017E-003   0.0000000000000000     
  -16.830000000000002        0.0000000000000000       -2.7154738527399732E-003   0.0000000000000000     
  -16.632000000000001        0.0000000000000000       -2.7640794367926290E-003   0.0000000000000000     
  -16.434000000000001        0.0000000000000000       -2.8122551643928644E-003   0.0000000000000000     
  -16.236000000000001        0.0000000000000000       -2.8601723443274362E-003   0.0000000000000000     
  -16.038000000000000        0.0000000000000000       -2.9079862658564909E-003   0.0000000000000000     
  -15.840000000000000        0.0000000000000000       -2.9559145454854975E-003   0.0000000000000000     
  -15.642000000000001        0.0000000000000000       -3.0039939411586943E-003   0.0000000000000000     
  -15.444000000000001        0.0000000000000000       -3.0523455208436323E-003   0.0000000000000000     
  -15.246000000000000        0.0000000000000000       -3.1010817668822360E-003   0.0000000000000000     
  -15.048000000000000        0.0000000000000000       -3.1503082973559676E-003   0.0000000000000000     
  -14.850000000000001        0.0000000000000000       -3.2001253911185874E-003   0.0000000000000000     
  -14.652000000000001        0.0000000000000000       -3.2506291247728215E-003   0.0000000000000000     
  -14.454000000000001        0.0000000000000000       -3.3019125833869110E-003   0.0000000000000000     
  -14.256000000000000        0.0000000000000000       -3.3540668029823652E-003   0.0000000000000000     
  -14.058000000000000        0.0000000000000000       -3.4071815074718233E-003   0.0000000000000000     
  -13.860000000000001        0.0000000000000000       -3.4613459377717520E-003   0.0000000000000000     
  -13.662000000000001        0.0000000000000000       -3.5166495497964399E-003   0.0000000000000000     
  -13.464000000000000        0.0000000000000000       -3.5731826903300165E-003   0.0000000000000000     
  -13.266000000000000        0.0000000000000000       -3.6310370502962426E-003   0.0000000000000000     
  -13.068000000000001        0.0000000000000000       -3.6903062834821310E-003   0.0000000000000000     
  -12.870000000000001        0.0000000000000000       -3.7510865812480877E-003   0.0000000000000000     
  -12.672000000000001        0.0000000000000000       -3.8134770986061142E-003   0.0000000000000000     
  -12.474000000000000        0.0000000000000000       -3.8775805323865036E-003   0.0000000000000000     
  -12.276000000000000        0.0000000000000000       -3.9435034136625262E-003   0.0000000000000000     
  -12.078000000000001        0.0000000000000000       -4.0113569578329074E-003   0.0000000000000000     
  -11.880000000000001        0.0000000000000000       -4.0812571434313142E-003   0.0000000000000000     
  -11.682000000000000        0.0000000000000000       -4.1533254815558510E-003   0.0000000000000000     
  -11.484000000000000        0.0000000000000000       -4.2276894195948595E-003   0.0000000000000000     
  -11.286000000000001        0.0000000000000000       -4.3044827507136597E-003   0.0000000000000000     
  -11.088000000000001        0.0000000000000000       -4.3838464604804700E-003   0.0000000000000000     
  -10.890000000000001        0.0000000000000000       -4.4659287314751401E-003   0.0000000000000000     
  -10.692000000000000        0.0000000000000000       -4.5508860173565074E-003   0.0000000000000000     
  -10.494000000000000        0.0000000000000000       -4.6388832583210797E-003   0.0000000000000000     
  -10.296000000000001        0.0000000000000000       -4.7300944797786350E-003   0.0000000000000000     
  -10.098000000000001        0.0000000000000000       -4.8247035315944521E-003   0.0000000000000000     
  -9.9000000000000004        0.0000000000000000       -4.9229044063229515E-003   0.0000000000000000     
  -9.7020000000000000        0.0000000000000000       -5.0249020752335056E-003   0.0000000000000000     
  -9.5040000000000013        0.0000000000000000       -5.1309126122856099E-003   0.0000000000000000     
  -9.3060000000000009        0.0000000000000000       -5.2411641285513306E-003   0.0000000000000000     
  -9.1080000000000005        0.0000000000000000       -5.3558970662530543E-003   0.0000000000000000     
  -8.9100000000000001        0.0000000000000000       -5.4753646739247952E-003   0.0000000000000000     
  -8.7119999999999997        0.0000000000000000       -5.5998331432918404E-003   0.0000000000000000     
  -8.5140000000000011        0.0000000000000000       -5.7295822412445005E-003   0.0000000000000000     
  -8.3160000000000007        0.0000000000000000       -5.8649048578357310E-003   0.0000000000000000     
  -8.1180000000000003        0.0000000000000000       -6.0061074494116911E-003   0.0000000000000000     
  -7.9199999999999999        0.0000000000000000       -6.1535093275980491E-003   0.0000000000000000     
  -7.7220000000000004        0.0000000000000000       -6.3074422165150914E-003   0.0000000000000000     
  -7.5240000000000000        0.0000000000000000       -6.4682490810050479E-003   0.0000000000000000     
  -7.3260000000000005        0.0000000000000000       -6.6362826077059197E-003   0.0000000000000000     
  -7.1280000000000001        0.0000000000000000       -6.8119032023226042E-003   0.0000000000000000     
  -6.9300000000000006        0.0000000000000000       -6.9954758015295590E-003   0.0000000000000000     
  -6.7320000000000002        0.0000000000000000       -7.1873660003600537E-003   0.0000000000000000     
  -6.5340000000000007        0.0000000000000000       -7.3879350641646007E-003   0.0000000000000000     
  -6.3360000000000003        0.0000000000000000       -7.5975328630636949E-003   0.0000000000000000     
  -6.1379999999999999        0.0000000000000000       -7.8164892877048055E-003   0.0000000000000000     
  -5.9400000000000004        0.0000000000000000       -8.0451035449980082E-003   0.0000000000000000     
  -5.7420000000000000        0.0000000000000000       -8.2836288542118049E-003   0.0000000000000000     
  -5.5440000000000005        0.0000000000000000       -8.5322550578435883E-003   0.0000000000000000     
  -5.3460000000000001        0.0000000000000000       -8.7910845718208227E-003   0.0000000000000000     
  -5.1480000000000006        0.0000000000000000       -9.0601024169252049E-003   0.0000000000000000     
  -4.9500000000000002        0.0000000000000000       -9.3391361115603352E-003   0.0000000000000000     
  -4.7520000000000007        0.0000000000000000       -9.6278035257937565E-003   0.0000000000000000     
  -4.5540000000000003        0.0000000000000000       -9.9254409317494664E-003   0.0000000000000000     
  -4.3559999999999999        0.0000000000000000       -1.0231004428145242E-002   0.0000000000000000     
  -4.1580000000000004        0.0000000000000000       -1.0542941631645607E-002   0.0000000000000000     
  -3.9600000000000000        0.0000000000000000       -1.0859129949213871E-002   0.0000000000000000     
  -3.7620000000000000        0.0000000000000000       -1.1177555995874444E-002   0.0000000000000000     
  -3.5640000000000001        0.0000000000000000       -1.1498266344348708E-002   0.0000000000000000     
  -3.3660000000000001        0.0000000000000000       -1.1817226610467474E-002   0.0000000000000000     
  -3.1680000000000001        0.0000000000000000       -1.2125414366545399E-002   0.0000000000000000     
  -2.9700000000000002        0.0000000000000000       -1.2415901609993516E-002   0.0000000000000000     
  -2.7720000000000002        0.0000000000000000       -1.2686070701357247E-002   0.0000000000000000     
  -2.5740000000000003        0.0000000000000000       -1.2922199100596771E-002   0.0000000000000000     
  -2.3760000000000003        0.0000000000000000       -1.3095049444293095E-002   0.0000000000000000     
  -2.1779999999999999        0.0000000000000000       -1.3179028813404835E-002   0.0000000000000000     
  -1.9800000000000000        0.0000000000000000       -1.3148966301264010E-002   0.0000000000000000     
  -1.7820000000000000        0.0000000000000000       -1.2973459285408991E-002   0.0000000000000000     
  -1.5840000000000001        0.0000000000000000       -1.2660311055655704E-002   0.0000000000000000     
  -1.3860000000000001        0.0000000000000000       -1.2195256602512153E-002   0.0000000000000000     
  -1.1880000000000002        0.0000000000000000       -1.1511117459517863E-002   0.0000000000000000     
 -0.98999999999999999        0.0000000000000000       -1.0549205348239901E-002   0.0000000000000000     
 -0.79200000000000004        0.0000000000000000       -9.2266615262652178E-003   0.0000000000000000     
 -0.59400000000000008        0.0000000000000000       -7.4722479208165701E-003   0.0000000000000000     
 -0.39600000000000002        0.0000000000000000       -5.2809666032021182E-003   0.0000000000000000     
 -0.19800000000000001        0.0000000000000000       -2.7313625825578867E-003   0.0000000000000000     
   0.0000000000000000        0.0000000000000000        0.0000000000000000        0.0000000000000000     
  0.19800000000000001        0.0000000000000000        2.7313625825578867E-003   0.0000000000000000     
  0.39600000000000002        0.0000000000000000        5.2809666032021182E-003   0.0000000000000000     
  0.59400000000000008        0.0000000000000000        7.4722479208165701E-003   0.0000000000000000     
  0.79200000000000004        0.0000000000000000        9.2266615262652178E-003   0.0000000000000000     
  0.98999999999999999        0.0000000000000000        1.0549205348239901E-002   0.0000000000000000     
   1.1880000000000002        0.0000000000000000        1.1511117459517863E-002   0.0000000000000000     
   1.3860000000000001        0.0000000000000000        1.2195256602512153E-002   0.0000000000000000     
   1.5840000000000001        0.0000000000000000        1.2660311055655704E-002   0.0000000000000000     
   1.7820000000000000        0.0000000000000000        1.2973459285408991E-002   0.0000000000000000     
   1.9800000000000000        0.0000000000000000        1.3148966301264010E-002   0.0000000000000000     
   2.1779999999999999        0.0000000000000000        1.3179028813404835E-002   0.0000000000000000     
   2.3760000000000003        0.0000000000000000        1.3095049444293095E-002   0.0000000000000000     
   2.5740000000000003        0.0000000000000000        1.2922199100596771E-002   0.0000000000000000     
   2.7720000000000002        0.0000000000000000        1.2686070701357247E-002   0.0000000000000000     
   2.9700000000000002        0.0000000000000000        1.2415901609993516E-002   0.0000000000000000     
   3.1680000000000001        0.0000000000000000        1.2125414366545399E-002   0.0000000000000000     
   3.3660000000000001        0.0000000000000000        1.1817226610467474E-002   0.0000000000000000     
   3.5640000000000001        0.0000000000000000        1.1498266344348708E-002   0.0000000000000000     
   3.7620000000000000        0.0000000000000000        1.1177555995874444E-002   0.0000000000000000     
   3.9600000000000000        0.0000000000000000        1.0859129949213871E-002   0.0000000000000000     
   4.1580000000000004        0.0000000000000000        1.0542941631645607E-002   0.0000000000000000     
   4.3559999999999999        0.0000000000000000        1.0231004428145242E-002   0.0000000000000000     
   4.5540000000000003        0.0000000000000000        9.9254409317494664E-003   0.0000000000000000     
   4.7520000000000007        0.0000000000000000        9.6278035257937565E-003   0.0000000000000000     
   4.9500000000000002        0.0000000000000000        9.3391361115603352E-003   0.0000000000000000     
   5.1480000000000006        0.0000000000000000        9.0601024169252049E-003   0.0000000000000000     
   5.3460000000000001        0.0000000000000000        8.7910845718208227E-003   0.0000000000000000     
   5.5440000000000005        0.0000000000000000        8.5322550578435883E-003   0.0000000000000000     
   5.7420000000000000        0.0000000000000000        8.2836288542118049E-003   0.0000000000000000     
   5.9400000000000004        0.0000000000000000        8.0451035449980082E-003   0.0000000000000000     
   6.1379999999999999        0.0000000000000000        7.8164892877048055E-003   0.0000000000000000     
   6.3360000000000003        0.0000000000000000        7.5975328630636949E-003   0.0000000000000000     
   6.5340000000000007        0.0000000000000000        7.3879350641646007E-003   0.0000000000000000     
   6.7320000000000002        0.0000000000000000        7.1873660003600537E-003   0.0000000000000000     
   6.9300000000000006        0.0000000000000000        6.9954758015295590E-003   0.0000000000000000     
   7.1280000000000001        0.0000000000000000        6.8119032023226042E-003   0.0000000000000000     
   7.3260000000000005        0.0000000000000000        6.6362826077059197E-003   0.0000000000000000     
   7.5240000000000000        0.0000000000000000        6.4682490810050479E-003   0.0000000000000000     
   7.7220000000000004        0.0000000000000000        6.3074422165150914E-003   0.0000000000000000     
   7.9199999999999999        0.0000000000000000        6.1535093275980491E-003   0.0000000000000000     
   8.1180000000000003        0.0000000000000000        6.0061074494116911E-003   0.0000000000000000     
   8.3160000000000007        0.0000000000000000        5.8649048578357310E-003   0.0000000000000000     
   8.5140000000000011        0.0000000000000000        5.7295822412445005E-003   0.0000000000000000     
   8.7119999999999997        0.0000000000000000        5.5998331432918404E-003   0.0000000000000000     
   8.9100000000000001        0.0000000000000000        5.4753646739247952E-003   0.0000000000000000     
   9.1080000000000005        0.0000000000000000        5.3558970662530543E-003   0.0000000000000000     
   9.3060000000000009        0.0000000000000000        5.2411641285513306E-003   0.0000000000000000     
   9.5040000000000013        0.0000000000000000        5.1309126122856099E-003   0.0000000000000000     
   9.7020000000000000        0.0000000000000000        5.0249020752335056E-003   0.0000000000000000     
   9.9000000000000004        0.0000000000000000        4.9229044063229515E-003   0.0000000000000000     
   10.098000000000001        0.0000000000000000        4.8247035315944521E-003   0.0000000000000000     
   10.296000000000001        0.0000000000000000        4.7300944797786350E-003   0.0000000000000000     
   10.494000000000000        0.0000000000000000        4.6388832583210797E-003   0.0000000000000000     
   10.692000000000000        0.0000000000000000        4.5508860173565074E-003   0.0000000000000000     
   10.890000000000001        0.0000000000000000        4.4659287314751401E-003   0.0000000000000000     
   11.088000000000001        0.0000000000000000        4.3838464604804700E-003   0.0000000000000000     
   11.286000000000001        0.0000000000000000        4.3044827507136597E-003   0.0000000000000000     
   11.484000000000000        0.0000000000000000        4.2276894195948595E-003   0.0000000000000000     
   11.682000000000000        0.0000000000000000        4.1533254815558510E-003   0.0000000000000000     
   11.880000000000001        0.0000000000000000        4.0812571434313142E-003   0.0000000000000000     
   12.078000000000001        0.0000000000000000        4.0113569578329074E-003   0.0000000000000000     
   12.276000000000000        0.0000000000000000        3.9435034136625262E-003   0.0000000000000000     
   12.474000000000000        0.0000000000000000        3.8775805323865036E-003   0.0000000000000000     
   12.672000000000001        0.0000000000000000        3.8134770986061142E-003   0.0000000000000000     
   12.870000000000001        0.0000000000000000        3.7510865812480877E-003   0.0000000000000000     
   13.068000000000001        0.0000000000000000        3.6903062834821310E-003   0.0000000000000000     
   13.266000000000000        0.0000000000000000        3.6310370502962426E-003   0.0000000000000000     
   13.464000000000000        0.0000000000000000        3.5731826903300165E-003   0.0000000000000000     
   13.662000000000001        0.0000000000000000        3.5166495497964399E-003   0.0000000000000000     
   13.860000000000001        0.0000000000000000        3.4613459377717520E-003   0.0000000000000000     
   14.058000000000000        0.0000000000000000        3.4071815074718233E-003   0.0000000000000000     
   14.256000000000000        0.0000000000000000        3.3540668029823652E-003   0.0000000000000000     
   14.454000000000001        0.0000000000000000        3.3019125833869110E-003   0.0000000000000000     
   14.652000000000001        0.0000000000000000        3.2506291247728215E-003   0.0000000000000000     
   14.850000000000001        0.0000000000000000        3.2001253911185874E-003   0.0000000000000000     
   15.048000000000000        0.0000000000000000        3.1503082973559676E-003   0.0000000000000000     
   15.246000000000000        0.0000000000000000        3.1010817668822360E-003   0.0000000000000000     
   15.444000000000001        0.0000000000000000        3.0523455208436323E-003   0.0000000000000000     
   15.642000000000001        0.0000000000000000        3.0039939411586943E-003   0.0000000000000000     
   15.840000000000000        0.0000000000000000        2.9559145454854975E-003   0.0000000000000000     
   16.038000000000000        0.0000000000000000        2.9079862658564909E-003   0.0000000000000000     
   16.236000000000001        0.0000000000000000        2.8601723443274362E-003   0.0000000000000000     
   16.434000000000001        0.0000000000000000        2.8122551643928644E-003   0.0000000000000000     
   16.632000000000001        0.0000000000000000        2.7640794367926290E-003   0.0000000000000000     
   16.830000000000002        0.0000000000000000        2.7154738527399732E-003   0.0000000000000000     
   17.028000000000002        0.0000000000000000        2.6662564130100017E-003   0.0000000000000000     
   17.225999999999999        0.0000000000000000        2.6161784649063060E-003   0.0000000000000000     
   17.423999999999999        0.0000000000000000        2.5650060262802760E-003   0.0000000000000000     
   17.622000000000000        0.0000000000000000        2.5124385831825822E-003   0.0000000000000000     
   17.820000000000000        0.0000000000000000        2.4581817983000331E-003   0.0000000000000000     
   18.018000000000001        0.0000000000000000        2.4016325513650581E-003   0.0000000000000000     
   18.216000000000001        0.0000000000000000        2.3423675828786569E-003   0.0000000000000000     
   18.414000000000001        0.0000000000000000        2.2801320625865304E-003   0.0000000000000000     
   18.612000000000002        0.0000000000000000        2.2146619436719589E-003   0.0000000000000000     
   18.810000000000002        0.0000000000000000        2.1454275885729093E-003   0.0000000000000000     
   19.008000000000003        0.0000000000000000        2.0719584507139749E-003   0.0000000000000000     
   19.206000000000000        0.0000000000000000        1.9941011843415462E-003   0.0000000000000000     
   19.404000000000000        0.0000000000000000        1.9122915192889547E-003   0.0000000000000000     
   19.602000000000000        0.0000000000000000        1.8239332423740046E-003   0.0000000000000000     
