  -19.602000000000000        0.0000000000000000       -1.0791921407197137E-004   0.0000000000000000     
  -19.404000000000000        0.0000000000000000       -1.1476854850125294E-004   0.0000000000000000     
  -19.206000000000000        0.0000000000000000       -1.2008593815640913E-004   0.0000000000000000     
  -19.008000000000003        0.0000000000000000       -1.2437144167837767E-004   0.0000000000000000     
  -18.810000000000002        0.0000000000000000       -1.2824861156625640E-004   0.0000000000000000     
  -18.612000000000002        0.0000000000000000       -1.3203262248759589E-004   0.0000000000000000     
  -18.414000000000001        0.0000000000000000       -1.3573875534607518E-004   0.0000000000000000     
  -18.216000000000001        0.0000000000000000       -1.3935270171139960E-004   0.0000000000000000     
  -18.018000000000001        0.0000000000000000       -1.4283021049440957E-004   0.0000000000000000     
  -17.820000000000000        0.0000000000000000       -1.4618873112715324E-004   0.0000000000000000     
  -17.622000000000000        0.0000000000000000       -1.4943480795857929E-004   0.0000000000000000     
  -17.423999999999999        0.0000000000000000       -1.5254038033125637E-004   0.0000000000000000     
  -17.225999999999999        0.0000000000000000       -1.5554212394498063E-004   0.0000000000000000     
  -17.028000000000002        0.0000000000000000       -1.5844554024797646E-004   0.0000000000000000     
  -16.830000000000002        0.0000000000000000       -1.6126108425807523E-004   0.0000000000000000     
  -16.632000000000001        0.0000000000000000       -1.6401909319647292E-004   0.0000000000000000     
  -16.434000000000001        0.0000000000000000       -1.6671443363380217E-004   0.0000000000000000     
  -16.236000000000001        0.0000000000000000       -1.6935670186582586E-004   0.0000000000000000     
  -16.038000000000000        0.0000000000000000       -1.7195456524503149E-004   0.0000000000000000     
  -15.840000000000000        0.0000000000000000       -1.7451578335806001E-004   0.0000000000000000     
  -15.642000000000001        0.0000000000000000       -1.7704729904256727E-004   0.0000000000000000     
  -15.444000000000001        0.0000000000000000       -1.7955533202828919E-004   0.0000000000000000     
  -15.246000000000000        0.0000000000000000       -1.8204547080684683E-004   0.0000000000000000     
  -15.048000000000000        0.0000000000000000       -1.8452275797876385E-004   0.0000000000000000     
  -14.850000000000001        0.0000000000000000       -1.8699178097074829E-004   0.0000000000000000     
  -14.652000000000001        0.0000000000000000       -1.8945673081076893E-004   0.0000000000000000     
  -14.454000000000001        0.0000000000000000       -1.9192146892949894E-004   0.0000000000000000     
  -14.256000000000000        0.0000000000000000       -1.9438958005873959E-004   0.0000000000000000     
  -14.058000000000000        0.0000000000000000       -1.9686440294948521E-004   0.0000000000000000     
  -13.860000000000001        0.0000000000000000       -1.9934908443642839E-004   0.0000000000000000     
  -13.662000000000001        0.0000000000000000       -2.0184660022590716E-004   0.0000000000000000     
  -13.464000000000000        0.0000000000000000       -2.0435978609852933E-004   0.0000000000000000     
  -13.266000000000000        0.0000000000000000       -2.0689135867731626E-004   0.0000000000000000     
  -13.068000000000001        0.0000000000000000       -2.0944393191115710E-004   0.0000000000000000     
  -12.870000000000001        0.0000000000000000       -2.1202004590825137E-004   0.0000000000000000     
  -12.672000000000001        0.0000000000000000       -2.1462216630240707E-004   0.0000000000000000     
  -12.474000000000000        0.0000000000000000       -2.1725271265441356E-004   0.0000000000000000     
  -12.276000000000000        0.0000000000000000       -2.1991405882650211E-004   0.0000000000000000     
  -12.078000000000001        0.0000000000000000       -2.2260854827760843E-004   0.0000000000000000     
  -11.880000000000001        0.0000000000000000       -2.2533849926261013E-004   0.0000000000000000     
  -11.682000000000000        0.0000000000000000       -2.2810621907621979E-004   0.0000000000000000     
  -11.484000000000000        0.0000000000000000       -2.3091400534919424E-004   0.0000000000000000     
  -11.286000000000001        0.0000000000000000       -2.3376415588511785E-004   0.0000000000000000     
  -11.088000000000001        0.0000000000000000       -2.3665896618320410E-004   0.0000000000000000     
  -10.890000000000001        0.0000000000000000       -2.3960074320691243E-004   0.0000000000000000     
  -10.692000000000000        0.0000000000000000       -2.4259180070319446E-004   0.0000000000000000     
  -10.494000000000000        0.0000000000000000       -2.4563446101718629E-004   0.0000000000000000     
  -10.296000000000001        0.0000000000000000       -2.4873106160205671E-004   0.0000000000000000     
  -10.098000000000001        0.0000000000000000       -2.5188393942129553E-004   0.0000000000000000     
  -9.9000000000000004        0.0000000000000000       -2.5509543937407043E-004   0.0000000000000000     
  -9.7020000000000000        0.0000000000000000       -2.5836790928321991E-004   0.0000000000000000     
  -9.5040000000000013        0.0000000000000000       -2.6170367693795660E-004   0.0000000000000000     
  -9.3060000000000009        0.0000000000000000       -2.6510505689176204E-004   0.0000000000000000     
  -9.1080000000000005        0.0000000000000000       -2.6857431019350261E-004   0.0000000000000000     
  -8.9100000000000001        0.0000000000000000       -2.7211366315365118E-004   0.0000000000000000     
  -8.7119999999999997        0.0000000000000000       -2.7572523577916409E-004   0.0000000000000000     
  -8.5140000000000011        0.0000000000000000       -2.7941105754402030E-004   0.0000000000000000     
  -8.3160000000000007        0.0000000000000000       -2.8317300216111873E-004   0.0000000000000000     
  -8.1180000000000003        0.0000000000000000       -2.8701276648288070E-004   0.0000000000000000     
  -7.9199999999999999        0.0000000000000000       -2.9093182205184898E-004   0.0000000000000000     
  -7.7220000000000004        0.0000000000000000       -2.9493137284428378E-004   0.0000000000000000     
  -7.5240000000000000        0.0000000000000000       -2.9901231246647053E-004   0.0000000000000000     
  -7.3260000000000005        0.0000000000000000       -3.0317517502840977E-004   0.0000000000000000     
  -7.1280000000000001        0.0000000000000000       -3.0742012467333132E-004   0.0000000000000000     
  -6.9300000000000006        0.0000000000000000       -3.1174694811729280E-004   0.0000000000000000     
  -6.7320000000000002        0.0000000000000000       -3.1615508430355495E-004   0.0000000000000000     
  -6.5340000000000007        0.0000000000000000       -3.2064374641902762E-004   0.0000000000000000     
  -6.3360000000000003        0.0000000000000000       -3.2521212328189724E-004   0.0000000000000000     
  -6.1379999999999999        0.0000000000000000       -3.2985970546773799E-004   0.0000000000000000     
  -5.9400000000000004        0.0000000000000000       -3.3458684832496686E-004   0.0000000000000000     
  -5.7420000000000000        0.0000000000000000       -3.3939559820708064E-004   0.0000000000000000     
  -5.5440000000000005        0.0000000000000000       -3.4429081398123758E-004   0.0000000000000000     
  -5.3460000000000001        0.0000000000000000       -3.4928179019841474E-004   0.0000000000000000     
  -5.1480000000000006        0.0000000000000000       -3.5438427249632082E-004   0.0000000000000000     
  -4.9500000000000002        0.0000000000000000       -3.5962293559039453E-004   0.0000000000000000     
  -4.7520000000000007        0.0000000000000000       -3.6503392754427377E-004   0.0000000000000000     
  -4.5540000000000003        0.0000000000000000       -3.7066692843727554E-004   0.0000000000000000     
  -4.3559999999999999        0.0000000000000000       -3.7658501648043851E-004   0.0000000000000000     
  -4.1580000000000004        0.0000000000000000       -3.8285974544790738E-004   0.0000000000000000     
  -3.9600000000000000        0.0000000000000000       -3.8955666905011717E-004   0.0000000000000000     
  -3.7620000000000000        0.0000000000000000       -3.9670564477781915E-004   0.0000000000000000     
  -3.5640000000000001        0.0000000000000000       -4.0425498602061156E-004   0.0000000000000000     
  -3.3660000000000001        0.0000000000000000       -4.1203478997492432E-004   0.0000000000000000     
  -3.1680000000000001        0.0000000000000000       -4.1983476198622873E-004   0.0000000000000000     
  -2.9700000000000002        0.0000000000000000       -4.2778531823609397E-004   0.0000000000000000     
  -2.7720000000000002        0.0000000000000000       -4.3684460669824051E-004   0.0000000000000000     
  -2.5740000000000003        0.0000000000000000       -4.4839629822743276E-004   0.0000000000000000     
  -2.3760000000000003        0.0000000000000000       -4.6273008374711575E-004   0.0000000000000000     
  -2.1779999999999999        0.0000000000000000       -4.7997059916893894E-004   0.0000000000000000     
  -1.9800000000000000        0.0000000000000000       -5.0037658486159456E-004   0.0000000000000000     
  -1.7820000000000000        0.0000000000000000       -5.2314515690745115E-004   0.0000000000000000     
  -1.5840000000000001        0.0000000000000000       -5.4494536227500624E-004   0.0000000000000000     
  -1.3860000000000001        0.0000000000000000       -5.5881550216244991E-004   0.0000000000000000     
  -1.1880000000000002        0.0000000000000000       -5.5751800200979826E-004   0.0000000000000000     
 -0.98999999999999999        0.0000000000000000       -5.3508873406793184E-004   0.0000000000000000     
 -0.79200000000000004        0.0000000000000000       -4.8485561101529426E-004   0.0000000000000000     
 -0.59400000000000008        0.0000000000000000       -4.0080380355337524E-004   0.0000000000000000     
 -0.39600000000000002        0.0000000000000000       -2.8679822086867730E-004   0.0000000000000000     
 -0.19800000000000001        0.0000000000000000       -1.5074035588225556E-004   0.0000000000000000     
   0.0000000000000000        0.0000000000000000        0.0000000000000000        0.0000000000000000     
  0.19800000000000001        0.0000000000000000        1.5074035588225556E-004   0.0000000000000000     
  0.39600000000000002        0.0000000000000000        2.8679822086867730E-004   0.0000000000000000     
  0.59400000000000008        0.0000000000000000        4.0080380355337524E-004   0.0000000000000000     
  0.79200000000000004        0.0000000000000000        4.8485561101529426E-004   0.0000000000000000     
  0.98999999999999999        0.0000000000000000        5.3508873406793184E-004   0.0000000000000000     
   1.1880000000000002        0.0000000000000000        5.5751800200979826E-004   0.0000000000000000     
   1.3860000000000001        0.0000000000000000        5.5881550216244991E-004   0.0000000000000000     
   1.5840000000000001        0.0000000000000000        5.4494536227500624E-004   0.0000000000000000     
   1.7820000000000000        0.0000000000000000        5.2314515690745115E-004   0.0000000000000000     
   1.9800000000000000        0.0000000000000000        5.0037658486159456E-004   0.0000000000000000     
   2.1779999999999999        0.0000000000000000        4.7997059916893894E-004   0.0000000000000000     
   2.3760000000000003        0.0000000000000000        4.6273008374711575E-004   0.0000000000000000     
   2.5740000000000003        0.0000000000000000        4.4839629822743276E-004   0.0000000000000000     
   2.7720000000000002        0.0000000000000000        4.3684460669824051E-004   0.0000000000000000     
   2.9700000000000002        0.0000000000000000        4.2778531823609397E-004   0.0000000000000000     
   3.1680000000000001        0.0000000000000000        4.1983476198622873E-004   0.0000000000000000     
   3.3660000000000001        0.0000000000000000        4.1203478997492432E-004   0.0000000000000000     
   3.5640000000000001        0.0000000000000000        4.0425498602061156E-004   0.0000000000000000     
   3.7620000000000000        0.0000000000000000        3.9670564477781915E-004   0.0000000000000000     
   3.9600000000000000        0.0000000000000000        3.8955666905011717E-004   0.0000000000000000     
   4.1580000000000004        0.0000000000000000        3.8285974544790738E-004   0.0000000000000000     
   4.3559999999999999        0.0000000000000000        3.7658501648043851E-004   0.0000000000000000     
   4.5540000000000003        0.0000000000000000        3.7066692843727554E-004   0.0000000000000000     
   4.7520000000000007        0.0000000000000000        3.6503392754427377E-004   0.0000000000000000     
   4.9500000000000002        0.0000000000000000        3.5962293559039453E-004   0.0000000000000000     
   5.1480000000000006        0.0000000000000000        3.5438427249632082E-004   0.0000000000000000     
   5.3460000000000001        0.0000000000000000        3.4928179019841474E-004   0.0000000000000000     
   5.5440000000000005        0.0000000000000000        3.4429081398123758E-004   0.0000000000000000     
   5.7420000000000000        0.0000000000000000        3.3939559820708064E-004   0.0000000000000000     
   5.9400000000000004        0.0000000000000000        3.3458684832496686E-004   0.0000000000000000     
   6.1379999999999999        0.0000000000000000        3.2985970546773799E-004   0.0000000000000000     
   6.3360000000000003        0.0000000000000000        3.2521212328189724E-004   0.0000000000000000     
   6.5340000000000007        0.0000000000000000        3.2064374641902762E-004   0.0000000000000000     
   6.7320000000000002        0.0000000000000000        3.1615508430355495E-004   0.0000000000000000     
   6.9300000000000006        0.0000000000000000        3.1174694811729280E-004   0.0000000000000000     
   7.1280000000000001        0.0000000000000000        3.0742012467333132E-004   0.0000000000000000     
   7.3260000000000005        0.0000000000000000        3.0317517502840977E-004   0.0000000000000000     
   7.5240000000000000        0.0000000000000000        2.9901231246647053E-004   0.0000000000000000     
   7.7220000000000004        0.0000000000000000        2.9493137284428378E-004   0.0000000000000000     
   7.9199999999999999        0.0000000000000000        2.9093182205184898E-004   0.0000000000000000     
   8.1180000000000003        0.0000000000000000        2.8701276648288070E-004   0.0000000000000000     
   8.3160000000000007        0.0000000000000000        2.8317300216111873E-004   0.0000000000000000     
   8.5140000000000011        0.0000000000000000        2.7941105754402030E-004   0.0000000000000000     
   8.7119999999999997        0.0000000000000000        2.7572523577916409E-004   0.0000000000000000     
   8.9100000000000001        0.0000000000000000        2.7211366315365118E-004   0.0000000000000000     
   9.1080000000000005        0.0000000000000000        2.6857431019350261E-004   0.0000000000000000     
   9.3060000000000009        0.0000000000000000        2.6510505689176204E-004   0.0000000000000000     
   9.5040000000000013        0.0000000000000000        2.6170367693795660E-004   0.0000000000000000     
   9.7020000000000000        0.0000000000000000        2.5836790928321991E-004   0.0000000000000000     
   9.9000000000000004        0.0000000000000000        2.5509543937407043E-004   0.0000000000000000     
   10.098000000000001        0.0000000000000000        2.5188393942129553E-004   0.0000000000000000     
   10.296000000000001        0.0000000000000000        2.4873106160205671E-004   0.0000000000000000     
   10.494000000000000        0.0000000000000000        2.4563446101718629E-004   0.0000000000000000     
   10.692000000000000        0.0000000000000000        2.4259180070319446E-004   0.0000000000000000     
   10.890000000000001        0.0000000000000000        2.3960074320691243E-004   0.0000000000000000     
   11.088000000000001        0.0000000000000000        2.3665896618320410E-004   0.0000000000000000     
   11.286000000000001        0.0000000000000000        2.3376415588511785E-004   0.0000000000000000     
   11.484000000000000        0.0000000000000000        2.3091400534919424E-004   0.0000000000000000     
   11.682000000000000        0.0000000000000000        2.2810621907621979E-004   0.0000000000000000     
   11.880000000000001        0.0000000000000000        2.2533849926261013E-004   0.0000000000000000     
   12.078000000000001        0.0000000000000000        2.2260854827760843E-004   0.0000000000000000     
   12.276000000000000        0.0000000000000000        2.1991405882650211E-004   0.0000000000000000     
   12.474000000000000        0.0000000000000000        2.1725271265441356E-004   0.0000000000000000     
   12.672000000000001        0.0000000000000000        2.1462216630240707E-004   0.0000000000000000     
   12.870000000000001        0.0000000000000000        2.1202004590825137E-004   0.0000000000000000     
   13.068000000000001        0.0000000000000000        2.0944393191115710E-004   0.0000000000000000     
   13.266000000000000        0.0000000000000000        2.0689135867731626E-004   0.0000000000000000     
   13.464000000000000        0.0000000000000000        2.0435978609852933E-004   0.0000000000000000     
   13.662000000000001        0.0000000000000000        2.0184660022590716E-004   0.0000000000000000     
   13.860000000000001        0.0000000000000000        1.9934908443642839E-004   0.0000000000000000     
   14.058000000000000        0.0000000000000000        1.9686440294948521E-004   0.0000000000000000     
   14.256000000000000        0.0000000000000000        1.9438958005873959E-004   0.0000000000000000     
   14.454000000000001        0.0000000000000000        1.9192146892949894E-004   0.0000000000000000     
   14.652000000000001        0.0000000000000000        1.8945673081076893E-004   0.0000000000000000     
   14.850000000000001        0.0000000000000000        1.8699178097074829E-004   0.0000000000000000     
   15.048000000000000        0.0000000000000000        1.8452275797876385E-004   0.0000000000000000     
   15.246000000000000        0.0000000000000000        1.8204547080684683E-004   0.0000000000000000     
   15.444000000000001        0.0000000000000000        1.7955533202828919E-004   0.0000000000000000     
   15.642000000000001        0.0000000000000000        1.7704729904256727E-004   0.0000000000000000     
   15.840000000000000        0.0000000000000000        1.7451578335806001E-004   0.0000000000000000     
   16.038000000000000        0.0000000000000000        1.7195456524503149E-004   0.0000000000000000     
   16.236000000000001        0.0000000000000000        1.6935670186582586E-004   0.0000000000000000     
   16.434000000000001        0.0000000000000000        1.6671443363380217E-004   0.0000000000000000     
   16.632000000000001        0.0000000000000000        1.6401909319647292E-004   0.0000000000000000     
   16.830000000000002        0.0000000000000000        1.6126108425807523E-004   0.0000000000000000     
   17.028000000000002        0.0000000000000000        1.5844554024797646E-004   0.0000000000000000     
   17.225999999999999        0.0000000000000000        1.5554212394498063E-004   0.0000000000000000     
   17.423999999999999        0.0000000000000000        1.5254038033125637E-004   0.0000000000000000     
   17.622000000000000        0.0000000000000000        1.4943480795857929E-004   0.0000000000000000     
   17.820000000000000        0.0000000000000000        1.4618873112715324E-004   0.0000000000000000     
   18.018000000000001        0.0000000000000000        1.4283021049440957E-004   0.0000000000000000     
   18.216000000000001        0.0000000000000000        1.3935270171139960E-004   0.0000000000000000     
   18.414000000000001        0.0000000000000000        1.3573875534607518E-004   0.0000000000000000     
   18.612000000000002        0.0000000000000000        1.3203262248759589E-004   0.0000000000000000     
   18.810000000000002        0.0000000000000000        1.2824861156625640E-004   0.0000000000000000     
   19.008000000000003        0.0000000000000000        1.2437144167837767E-004   0.0000000000000000     
   19.206000000000000        0.0000000000000000        1.2008593815640913E-004   0.0000000000000000     
   19.404000000000000        0.0000000000000000        1.1476854850125294E-004   0.0000000000000000     
   19.602000000000000        0.0000000000000000        1.0791921407197137E-004   0.0000000000000000     
