  -19.602000000000000        0.0000000000000000        2.3136425331058617E-004   0.0000000000000000     
  -19.404000000000000        0.0000000000000000        2.4359564406663088E-004   0.0000000000000000     
  -19.206000000000000        0.0000000000000000        2.5451072617754475E-004   0.0000000000000000     
  -19.008000000000003        0.0000000000000000        2.6478780145637332E-004   0.0000000000000000     
  -18.810000000000002        0.0000000000000000        2.7460048392505460E-004   0.0000000000000000     
  -18.612000000000002        0.0000000000000000        2.8404198769660740E-004   0.0000000000000000     
  -18.414000000000001        0.0000000000000000        2.9304326304167963E-004   0.0000000000000000     
  -18.216000000000001        0.0000000000000000        3.0159277445166306E-004   0.0000000000000000     
  -18.018000000000001        0.0000000000000000        3.0972921041524617E-004   0.0000000000000000     
  -17.820000000000000        0.0000000000000000        3.1743587248050118E-004   0.0000000000000000     
  -17.622000000000000        0.0000000000000000        3.2483150050891587E-004   0.0000000000000000     
  -17.423999999999999        0.0000000000000000        3.3195640503595525E-004   0.0000000000000000     
  -17.225999999999999        0.0000000000000000        3.3885060953006159E-004   0.0000000000000000     
  -17.028000000000002        0.0000000000000000        3.4549200931201506E-004   0.0000000000000000     
  -16.830000000000002        0.0000000000000000        3.5208122367365010E-004   0.0000000000000000     
  -16.632000000000001        0.0000000000000000        3.5853211349713948E-004   0.0000000000000000     
  -16.434000000000001        0.0000000000000000        3.6487331623838882E-004   0.0000000000000000     
  -16.236000000000001        0.0000000000000000        3.7113040384850640E-004   0.0000000000000000     
  -16.038000000000000        0.0000000000000000        3.7732628716211682E-004   0.0000000000000000     
  -15.840000000000000        0.0000000000000000        3.8348156161062619E-004   0.0000000000000000     
  -15.642000000000001        0.0000000000000000        3.8961482928688020E-004   0.0000000000000000     
  -15.444000000000001        0.0000000000000000        3.9574300099059801E-004   0.0000000000000000     
  -15.246000000000000        0.0000000000000000        4.0188153997321977E-004   0.0000000000000000     
  -15.048000000000000        0.0000000000000000        4.0804468808311928E-004   0.0000000000000000     
  -14.850000000000001        0.0000000000000000        4.1424567318780275E-004   0.0000000000000000     
  -14.652000000000001        0.0000000000000000        4.2049684709051532E-004   0.0000000000000000     
  -14.454000000000001        0.0000000000000000        4.2680987091689183E-004   0.0000000000000000     
  -14.256000000000000        0.0000000000000000        4.3319580610880779E-004   0.0000000000000000     
  -14.058000000000000        0.0000000000000000        4.3966526325794463E-004   0.0000000000000000     
  -13.860000000000001        0.0000000000000000        4.4622847751633161E-004   0.0000000000000000     
  -13.662000000000001        0.0000000000000000        4.5289541972463957E-004   0.0000000000000000     
  -13.464000000000000        0.0000000000000000        4.5967585799649671E-004   0.0000000000000000     
  -13.266000000000000        0.0000000000000000        4.6657944516937012E-004   0.0000000000000000     
  -13.068000000000001        0.0000000000000000        4.7361580732121805E-004   0.0000000000000000     
  -12.870000000000001        0.0000000000000000        4.8079455978586869E-004   0.0000000000000000     
  -12.672000000000001        0.0000000000000000        4.8812542119058247E-004   0.0000000000000000     
  -12.474000000000000        0.0000000000000000        4.9561824309602386E-004   0.0000000000000000     
  -12.276000000000000        0.0000000000000000        5.0328308347689389E-004   0.0000000000000000     
  -12.078000000000001        0.0000000000000000        5.1113026355347998E-004   0.0000000000000000     
  -11.880000000000001        0.0000000000000000        5.1917042367265491E-004   0.0000000000000000     
  -11.682000000000000        0.0000000000000000        5.2741460568914015E-004   0.0000000000000000     
  -11.484000000000000        0.0000000000000000        5.3587428580279439E-004   0.0000000000000000     
  -11.286000000000001        0.0000000000000000        5.4456148074691119E-004   0.0000000000000000     
  -11.088000000000001        0.0000000000000000        5.5348881053912246E-004   0.0000000000000000     
  -10.890000000000001        0.0000000000000000        5.6266957609549674E-004   0.0000000000000000     
  -10.692000000000000        0.0000000000000000        5.7211786783842550E-004   0.0000000000000000     
  -10.494000000000000        0.0000000000000000        5.8184866255221962E-004   0.0000000000000000     
  -10.296000000000001        0.0000000000000000        5.9187792061316457E-004   0.0000000000000000     
  -10.098000000000001        0.0000000000000000        6.0222275754994435E-004   0.0000000000000000     
  -9.9000000000000004        0.0000000000000000        6.1290155877251492E-004   0.0000000000000000     
  -9.7020000000000000        0.0000000000000000        6.2393418761360253E-004   0.0000000000000000     
  -9.5040000000000013        0.0000000000000000        6.3534212233796409E-004   0.0000000000000000     
  -9.3060000000000009        0.0000000000000000        6.4714874571541352E-004   0.0000000000000000     
  -9.1080000000000005        0.0000000000000000        6.5937956465618658E-004   0.0000000000000000     
  -8.9100000000000001        0.0000000000000000        6.7206254352380980E-004   0.0000000000000000     
  -8.7119999999999997        0.0000000000000000        6.8522842653101121E-004   0.0000000000000000     
  -8.5140000000000011        0.0000000000000000        6.9891116728888595E-004   0.0000000000000000     
  -8.3160000000000007        0.0000000000000000        7.1314839902820830E-004   0.0000000000000000     
  -8.1180000000000003        0.0000000000000000        7.2798199480643530E-004   0.0000000000000000     
  -7.9199999999999999        0.0000000000000000        7.4345873669705677E-004   0.0000000000000000     
  -7.7220000000000004        0.0000000000000000        7.5963104579993988E-004   0.0000000000000000     
  -7.5240000000000000        0.0000000000000000        7.7655793953466815E-004   0.0000000000000000     
  -7.3260000000000005        0.0000000000000000        7.9430603444521030E-004   0.0000000000000000     
  -7.1280000000000001        0.0000000000000000        8.1295087047875136E-004   0.0000000000000000     
  -6.9300000000000006        0.0000000000000000        8.3257828408838427E-004   0.0000000000000000     
  -6.7320000000000002        0.0000000000000000        8.5328621795650590E-004   0.0000000000000000     
  -6.5340000000000007        0.0000000000000000        8.7518670847163348E-004   0.0000000000000000     
  -6.3360000000000003        0.0000000000000000        8.9840830654219631E-004   0.0000000000000000     
  -6.1379999999999999        0.0000000000000000        9.2309879211681769E-004   0.0000000000000000     
  -5.9400000000000004        0.0000000000000000        9.4942850503743862E-004   0.0000000000000000     
  -5.7420000000000000        0.0000000000000000        9.7759394970932845E-004   0.0000000000000000     
  -5.5440000000000005        0.0000000000000000        1.0078221060320167E-003   0.0000000000000000     
  -5.3460000000000001        0.0000000000000000        1.0403750433118102E-003   0.0000000000000000     
  -5.1480000000000006        0.0000000000000000        1.0755549348756273E-003   0.0000000000000000     
  -4.9500000000000002        0.0000000000000000        1.1137088826894438E-003   0.0000000000000000     
  -4.7520000000000007        0.0000000000000000        1.1552332677515771E-003   0.0000000000000000     
  -4.5540000000000003        0.0000000000000000        1.2005756601714398E-003   0.0000000000000000     
  -4.3559999999999999        0.0000000000000000        1.2502325519708852E-003   0.0000000000000000     
  -4.1580000000000004        0.0000000000000000        1.3047383913169356E-003   0.0000000000000000     
  -3.9600000000000000        0.0000000000000000        1.3646387969880663E-003   0.0000000000000000     
  -3.7620000000000000        0.0000000000000000        1.4304379087239397E-003   0.0000000000000000     
  -3.5640000000000001        0.0000000000000000        1.5025041181569213E-003   0.0000000000000000     
  -3.3660000000000001        0.0000000000000000        1.5809238314526365E-003   0.0000000000000000     
  -3.1680000000000001        0.0000000000000000        1.6653177979038295E-003   0.0000000000000000     
  -2.9700000000000002        0.0000000000000000        1.7547903893555079E-003   0.0000000000000000     
  -2.7720000000000002        0.0000000000000000        1.8492037097097122E-003   0.0000000000000000     
  -2.5740000000000003        0.0000000000000000        1.9531664626537995E-003   0.0000000000000000     
  -2.3760000000000003        0.0000000000000000        2.0637692385757525E-003   0.0000000000000000     
  -2.1779999999999999        0.0000000000000000        2.1711145853767718E-003   0.0000000000000000     
  -1.9800000000000000        0.0000000000000000        2.2699263964825632E-003   0.0000000000000000     
  -1.7820000000000000        0.0000000000000000        2.3529293016874161E-003   0.0000000000000000     
  -1.5840000000000001        0.0000000000000000        2.4067093128638892E-003   0.0000000000000000     
  -1.3860000000000001        0.0000000000000000        2.4186351692238269E-003   0.0000000000000000     
  -1.1880000000000002        0.0000000000000000        2.3771943215870053E-003   0.0000000000000000     
 -0.98999999999999999        0.0000000000000000        2.2629293842170999E-003   0.0000000000000000     
 -0.79200000000000004        0.0000000000000000        2.0546630505243937E-003   0.0000000000000000     
 -0.59400000000000008        0.0000000000000000        1.7248822856361988E-003   0.0000000000000000     
 -0.39600000000000002        0.0000000000000000        1.2541422578423971E-003   0.0000000000000000     
 -0.19800000000000001        0.0000000000000000        6.6245271334011192E-004   0.0000000000000000     
   0.0000000000000000        0.0000000000000000        0.0000000000000000        0.0000000000000000     
  0.19800000000000001        0.0000000000000000       -6.6245271334011192E-004   0.0000000000000000     
  0.39600000000000002        0.0000000000000000       -1.2541422578423971E-003   0.0000000000000000     
  0.59400000000000008        0.0000000000000000       -1.7248822856361988E-003   0.0000000000000000     
  0.79200000000000004        0.0000000000000000       -2.0546630505243937E-003   0.0000000000000000     
  0.98999999999999999        0.0000000000000000       -2.2629293842170999E-003   0.0000000000000000     
   1.1880000000000002        0.0000000000000000       -2.3771943215870053E-003   0.0000000000000000     
   1.3860000000000001        0.0000000000000000       -2.4186351692238269E-003   0.0000000000000000     
   1.5840000000000001        0.0000000000000000       -2.4067093128638892E-003   0.0000000000000000     
   1.7820000000000000        0.0000000000000000       -2.3529293016874161E-003   0.0000000000000000     
   1.9800000000000000        0.0000000000000000       -2.2699263964825632E-003   0.0000000000000000     
   2.1779999999999999        0.0000000000000000       -2.1711145853767718E-003   0.0000000000000000     
   2.3760000000000003        0.0000000000000000       -2.0637692385757525E-003   0.0000000000000000     
   2.5740000000000003        0.0000000000000000       -1.9531664626537995E-003   0.0000000000000000     
   2.7720000000000002        0.0000000000000000       -1.8492037097097122E-003   0.0000000000000000     
   2.9700000000000002        0.0000000000000000       -1.7547903893555079E-003   0.0000000000000000     
   3.1680000000000001        0.0000000000000000       -1.6653177979038295E-003   0.0000000000000000     
   3.3660000000000001        0.0000000000000000       -1.5809238314526365E-003   0.0000000000000000     
   3.5640000000000001        0.0000000000000000       -1.5025041181569213E-003   0.0000000000000000     
   3.7620000000000000        0.0000000000000000       -1.4304379087239397E-003   0.0000000000000000     
   3.9600000000000000        0.0000000000000000       -1.3646387969880663E-003   0.0000000000000000     
   4.1580000000000004        0.0000000000000000       -1.3047383913169356E-003   0.0000000000000000     
   4.3559999999999999        0.0000000000000000       -1.2502325519708852E-003   0.0000000000000000     
   4.5540000000000003        0.0000000000000000       -1.2005756601714398E-003   0.0000000000000000     
   4.7520000000000007        0.0000000000000000       -1.1552332677515771E-003   0.0000000000000000     
   4.9500000000000002        0.0000000000000000       -1.1137088826894438E-003   0.0000000000000000     
   5.1480000000000006        0.0000000000000000       -1.0755549348756273E-003   0.0000000000000000     
   5.3460000000000001        0.0000000000000000       -1.0403750433118102E-003   0.0000000000000000     
   5.5440000000000005        0.0000000000000000       -1.0078221060320167E-003   0.0000000000000000     
   5.7420000000000000        0.0000000000000000       -9.7759394970932845E-004   0.0000000000000000     
   5.9400000000000004        0.0000000000000000       -9.4942850503743862E-004   0.0000000000000000     
   6.1379999999999999        0.0000000000000000       -9.2309879211681769E-004   0.0000000000000000     
   6.3360000000000003        0.0000000000000000       -8.9840830654219631E-004   0.0000000000000000     
   6.5340000000000007        0.0000000000000000       -8.7518670847163348E-004   0.0000000000000000     
   6.7320000000000002        0.0000000000000000       -8.5328621795650590E-004   0.0000000000000000     
   6.9300000000000006        0.0000000000000000       -8.3257828408838427E-004   0.0000000000000000     
   7.1280000000000001        0.0000000000000000       -8.1295087047875136E-004   0.0000000000000000     
   7.3260000000000005        0.0000000000000000       -7.9430603444521030E-004   0.0000000000000000     
   7.5240000000000000        0.0000000000000000       -7.7655793953466815E-004   0.0000000000000000     
   7.7220000000000004        0.0000000000000000       -7.5963104579993988E-004   0.0000000000000000     
   7.9199999999999999        0.0000000000000000       -7.4345873669705677E-004   0.0000000000000000     
   8.1180000000000003        0.0000000000000000       -7.2798199480643530E-004   0.0000000000000000     
   8.3160000000000007        0.0000000000000000       -7.1314839902820830E-004   0.0000000000000000     
   8.5140000000000011        0.0000000000000000       -6.9891116728888595E-004   0.0000000000000000     
   8.7119999999999997        0.0000000000000000       -6.8522842653101121E-004   0.0000000000000000     
   8.9100000000000001        0.0000000000000000       -6.7206254352380980E-004   0.0000000000000000     
   9.1080000000000005        0.0000000000000000       -6.5937956465618658E-004   0.0000000000000000     
   9.3060000000000009        0.0000000000000000       -6.4714874571541352E-004   0.0000000000000000     
   9.5040000000000013        0.0000000000000000       -6.3534212233796409E-004   0.0000000000000000     
   9.7020000000000000        0.0000000000000000       -6.2393418761360253E-004   0.0000000000000000     
   9.9000000000000004        0.0000000000000000       -6.1290155877251492E-004   0.0000000000000000     
   10.098000000000001        0.0000000000000000       -6.0222275754994435E-004   0.0000000000000000     
   10.296000000000001        0.0000000000000000       -5.9187792061316457E-004   0.0000000000000000     
   10.494000000000000        0.0000000000000000       -5.8184866255221962E-004   0.0000000000000000     
   10.692000000000000        0.0000000000000000       -5.7211786783842550E-004   0.0000000000000000     
   10.890000000000001        0.0000000000000000       -5.6266957609549674E-004   0.0000000000000000     
   11.088000000000001        0.0000000000000000       -5.5348881053912246E-004   0.0000000000000000     
   11.286000000000001        0.0000000000000000       -5.4456148074691119E-004   0.0000000000000000     
   11.484000000000000        0.0000000000000000       -5.3587428580279439E-004   0.0000000000000000     
   11.682000000000000        0.0000000000000000       -5.2741460568914015E-004   0.0000000000000000     
   11.880000000000001        0.0000000000000000       -5.1917042367265491E-004   0.0000000000000000     
   12.078000000000001        0.0000000000000000       -5.1113026355347998E-004   0.0000000000000000     
   12.276000000000000        0.0000000000000000       -5.0328308347689389E-004   0.0000000000000000     
   12.474000000000000        0.0000000000000000       -4.9561824309602386E-004   0.0000000000000000     
   12.672000000000001        0.0000000000000000       -4.8812542119058247E-004   0.0000000000000000     
   12.870000000000001        0.0000000000000000       -4.8079455978586869E-004   0.0000000000000000     
   13.068000000000001        0.0000000000000000       -4.7361580732121805E-004   0.0000000000000000     
   13.266000000000000        0.0000000000000000       -4.6657944516937012E-004   0.0000000000000000     
   13.464000000000000        0.0000000000000000       -4.5967585799649671E-004   0.0000000000000000     
   13.662000000000001        0.0000000000000000       -4.5289541972463957E-004   0.0000000000000000     
   13.860000000000001        0.0000000000000000       -4.4622847751633161E-004   0.0000000000000000     
   14.058000000000000        0.0000000000000000       -4.3966526325794463E-004   0.0000000000000000     
   14.256000000000000        0.0000000000000000       -4.3319580610880779E-004   0.0000000000000000     
   14.454000000000001        0.0000000000000000       -4.2680987091689183E-004   0.0000000000000000     
   14.652000000000001        0.0000000000000000       -4.2049684709051532E-004   0.0000000000000000     
   14.850000000000001        0.0000000000000000       -4.1424567318780275E-004   0.0000000000000000     
   15.048000000000000        0.0000000000000000       -4.0804468808311928E-004   0.0000000000000000     
   15.246000000000000        0.0000000000000000       -4.0188153997321977E-004   0.0000000000000000     
   15.444000000000001        0.0000000000000000       -3.9574300099059801E-004   0.0000000000000000     
   15.642000000000001        0.0000000000000000       -3.8961482928688020E-004   0.0000000000000000     
   15.840000000000000        0.0000000000000000       -3.8348156161062619E-004   0.0000000000000000     
   16.038000000000000        0.0000000000000000       -3.7732628716211682E-004   0.0000000000000000     
   16.236000000000001        0.0000000000000000       -3.7113040384850640E-004   0.0000000000000000     
   16.434000000000001        0.0000000000000000       -3.6487331623838882E-004   0.0000000000000000     
   16.632000000000001        0.0000000000000000       -3.5853211349713948E-004   0.0000000000000000     
   16.830000000000002        0.0000000000000000       -3.5208122367365010E-004   0.0000000000000000     
   17.028000000000002        0.0000000000000000       -3.4549200931201506E-004   0.0000000000000000     
   17.225999999999999        0.0000000000000000       -3.3885060953006159E-004   0.0000000000000000     
   17.423999999999999        0.0000000000000000       -3.3195640503595525E-004   0.0000000000000000     
   17.622000000000000        0.0000000000000000       -3.2483150050891587E-004   0.0000000000000000     
   17.820000000000000        0.0000000000000000       -3.1743587248050118E-004   0.0000000000000000     
   18.018000000000001        0.0000000000000000       -3.0972921041524617E-004   0.0000000000000000     
   18.216000000000001        0.0000000000000000       -3.0159277445166306E-004   0.0000000000000000     
   18.414000000000001        0.0000000000000000       -2.9304326304167963E-004   0.0000000000000000     
   18.612000000000002        0.0000000000000000       -2.8404198769660740E-004   0.0000000000000000     
   18.810000000000002        0.0000000000000000       -2.7460048392505460E-004   0.0000000000000000     
   19.008000000000003        0.0000000000000000       -2.6478780145637332E-004   0.0000000000000000     
   19.206000000000000        0.0000000000000000       -2.5451072617754475E-004   0.0000000000000000     
   19.404000000000000        0.0000000000000000       -2.4359564406663088E-004   0.0000000000000000     
   19.602000000000000        0.0000000000000000       -2.3136425331058617E-004   0.0000000000000000     
