  -19.602000000000000        0.0000000000000000       -5.2762571174151705E-005   0.0000000000000000     
  -19.404000000000000        0.0000000000000000       -5.4985621005257508E-005   0.0000000000000000     
  -19.206000000000000        0.0000000000000000       -5.7142886674421801E-005   0.0000000000000000     
  -19.008000000000003        0.0000000000000000       -5.9298044535394002E-005   0.0000000000000000     
  -18.810000000000002        0.0000000000000000       -6.1490734350033442E-005   0.0000000000000000     
  -18.612000000000002        0.0000000000000000       -6.3649407773869602E-005   0.0000000000000000     
  -18.414000000000001        0.0000000000000000       -6.5738861679414859E-005   0.0000000000000000     
  -18.216000000000001        0.0000000000000000       -6.7740781170467110E-005   0.0000000000000000     
  -18.018000000000001        0.0000000000000000       -6.9632343813835935E-005   0.0000000000000000     
  -17.820000000000000        0.0000000000000000       -7.1434943311062205E-005   0.0000000000000000     
  -17.622000000000000        0.0000000000000000       -7.3154484036848253E-005   0.0000000000000000     
  -17.423999999999999        0.0000000000000000       -7.4797503275805330E-005   0.0000000000000000     
  -17.225999999999999        0.0000000000000000       -7.6383640966289380E-005   0.0000000000000000     
  -17.028000000000002        0.0000000000000000       -7.7917471968928843E-005   0.0000000000000000     
  -16.830000000000002        0.0000000000000000       -7.9407351832305701E-005   0.0000000000000000     
  -16.632000000000001        0.0000000000000000       -8.0863918454898061E-005   0.0000000000000000     
  -16.434000000000001        0.0000000000000000       -8.2285366203569085E-005   0.0000000000000000     
  -16.236000000000001        0.0000000000000000       -8.3677741647116637E-005   0.0000000000000000     
  -16.038000000000000        0.0000000000000000       -8.5046344334856078E-005   0.0000000000000000     
  -15.840000000000000        0.0000000000000000       -8.6395829845212799E-005   0.0000000000000000     
  -15.642000000000001        0.0000000000000000       -8.7730298431995657E-005   0.0000000000000000     
  -15.444000000000001        0.0000000000000000       -8.9053385917432372E-005   0.0000000000000000     
  -15.246000000000000        0.0000000000000000       -9.0368332290414910E-005   0.0000000000000000     
  -15.048000000000000        0.0000000000000000       -9.1678051039263242E-005   0.0000000000000000     
  -14.850000000000001        0.0000000000000000       -9.2985173712500322E-005   0.0000000000000000     
  -14.652000000000001        0.0000000000000000       -9.4292102832972197E-005   0.0000000000000000     
  -14.454000000000001        0.0000000000000000       -9.5601038714965975E-005   0.0000000000000000     
  -14.256000000000000        0.0000000000000000       -9.6914018163240999E-005   0.0000000000000000     
  -14.058000000000000        0.0000000000000000       -9.8232937883998482E-005   0.0000000000000000     
  -13.860000000000001        0.0000000000000000       -9.9559570824312257E-005   0.0000000000000000     
  -13.662000000000001        0.0000000000000000       -1.0089559391099540E-004   0.0000000000000000     
  -13.464000000000000        0.0000000000000000       -1.0224259405636711E-004   0.0000000000000000     
  -13.266000000000000        0.0000000000000000       -1.0360208700368720E-004   0.0000000000000000     
  -13.068000000000001        0.0000000000000000       -1.0497552721434810E-004   0.0000000000000000     
  -12.870000000000001        0.0000000000000000       -1.0636431841037231E-004   0.0000000000000000     
  -12.672000000000001        0.0000000000000000       -1.0776982120764162E-004   0.0000000000000000     
  -12.474000000000000        0.0000000000000000       -1.0919335719175318E-004   0.0000000000000000     
  -12.276000000000000        0.0000000000000000       -1.1063622156325578E-004   0.0000000000000000     
  -12.078000000000001        0.0000000000000000       -1.1209968580927997E-004   0.0000000000000000     
  -11.880000000000001        0.0000000000000000       -1.1358499868289571E-004   0.0000000000000000     
  -11.682000000000000        0.0000000000000000       -1.1509339580225800E-004   0.0000000000000000     
  -11.484000000000000        0.0000000000000000       -1.1662609494104863E-004   0.0000000000000000     
  -11.286000000000001        0.0000000000000000       -1.1818430776636605E-004   0.0000000000000000     
  -11.088000000000001        0.0000000000000000       -1.1976923400578639E-004   0.0000000000000000     
  -10.890000000000001        0.0000000000000000       -1.2138206179301882E-004   0.0000000000000000     
  -10.692000000000000        0.0000000000000000       -1.2302397156373310E-004   0.0000000000000000     
  -10.494000000000000        0.0000000000000000       -1.2469612722693790E-004   0.0000000000000000     
  -10.296000000000001        0.0000000000000000       -1.2639968041366488E-004   0.0000000000000000     
  -10.098000000000001        0.0000000000000000       -1.2813576009289686E-004   0.0000000000000000     
  -9.9000000000000004        0.0000000000000000       -1.2990547117454259E-004   0.0000000000000000     
  -9.7020000000000000        0.0000000000000000       -1.3170988105767103E-004   0.0000000000000000     
  -9.5040000000000013        0.0000000000000000       -1.3355001237174251E-004   0.0000000000000000     
  -9.3060000000000009        0.0000000000000000       -1.3542682820703056E-004   0.0000000000000000     
  -9.1080000000000005        0.0000000000000000       -1.3734121769790053E-004   0.0000000000000000     
  -8.9100000000000001        0.0000000000000000       -1.3929397093397002E-004   0.0000000000000000     
  -8.7119999999999997        0.0000000000000000       -1.4128575971861042E-004   0.0000000000000000     
  -8.5140000000000011        0.0000000000000000       -1.4331710563900602E-004   0.0000000000000000     
  -8.3160000000000007        0.0000000000000000       -1.4538834283615900E-004   0.0000000000000000     
  -8.1180000000000003        0.0000000000000000       -1.4749958467072234E-004   0.0000000000000000     
  -7.9199999999999999        0.0000000000000000       -1.4965066617133289E-004   0.0000000000000000     
  -7.7220000000000004        0.0000000000000000       -1.5184109760153498E-004   0.0000000000000000     
  -7.5240000000000000        0.0000000000000000       -1.5406999596235109E-004   0.0000000000000000     
  -7.3260000000000005        0.0000000000000000       -1.5633601473056865E-004   0.0000000000000000     
  -7.1280000000000001        0.0000000000000000       -1.5863726556053273E-004   0.0000000000000000     
  -6.9300000000000006        0.0000000000000000       -1.6097124715829344E-004   0.0000000000000000     
  -6.7320000000000002        0.0000000000000000       -1.6333474288111798E-004   0.0000000000000000     
  -6.5340000000000007        0.0000000000000000       -1.6572374109266629E-004   0.0000000000000000     
  -6.3360000000000003        0.0000000000000000       -1.6813337770493959E-004   0.0000000000000000     
  -6.1379999999999999        0.0000000000000000       -1.7055786302890176E-004   0.0000000000000000     
  -5.9400000000000004        0.0000000000000000       -1.7299048255220502E-004   0.0000000000000000     
  -5.7420000000000000        0.0000000000000000       -1.7542363894355292E-004   0.0000000000000000     
  -5.5440000000000005        0.0000000000000000       -1.7784899637113827E-004   0.0000000000000000     
  -5.3460000000000001        0.0000000000000000       -1.8025776047652346E-004   0.0000000000000000     
  -5.1480000000000006        0.0000000000000000       -1.8264112705008466E-004   0.0000000000000000     
  -4.9500000000000002        0.0000000000000000       -1.8499097361236787E-004   0.0000000000000000     
  -4.7520000000000007        0.0000000000000000       -1.8730082582409709E-004   0.0000000000000000     
  -4.5540000000000003        0.0000000000000000       -1.8956710598360302E-004   0.0000000000000000     
  -4.3559999999999999        0.0000000000000000       -1.9179058080553941E-004   0.0000000000000000     
  -4.1580000000000004        0.0000000000000000       -1.9397790957656187E-004   0.0000000000000000     
  -3.9600000000000000        0.0000000000000000       -1.9614296917947884E-004   0.0000000000000000     
  -3.7620000000000000        0.0000000000000000       -1.9830814370930087E-004   0.0000000000000000     
  -3.5640000000000001        0.0000000000000000       -2.0050733947990715E-004   0.0000000000000000     
  -3.3660000000000001        0.0000000000000000       -2.0279884537677530E-004   0.0000000000000000     
  -3.1680000000000001        0.0000000000000000       -2.0531258456489045E-004   0.0000000000000000     
  -2.9700000000000002        0.0000000000000000       -2.0836079470809693E-004   0.0000000000000000     
  -2.7720000000000002        0.0000000000000000       -2.1221245968406166E-004   0.0000000000000000     
  -2.5740000000000003        0.0000000000000000       -2.1522407740528099E-004   0.0000000000000000     
  -2.3760000000000003        0.0000000000000000       -2.1728952467575975E-004   0.0000000000000000     
  -2.1779999999999999        0.0000000000000000       -2.1989000962178114E-004   0.0000000000000000     
  -1.9800000000000000        0.0000000000000000       -2.2335669996244244E-004   0.0000000000000000     
  -1.7820000000000000        0.0000000000000000       -2.2772804744471286E-004   0.0000000000000000     
  -1.5840000000000001        0.0000000000000000       -2.3198087163676709E-004   0.0000000000000000     
  -1.3860000000000001        0.0000000000000000       -2.3453883461444609E-004   0.0000000000000000     
  -1.1880000000000002        0.0000000000000000       -2.3281674699696819E-004   0.0000000000000000     
 -0.98999999999999999        0.0000000000000000       -2.2313846440209643E-004   0.0000000000000000     
 -0.79200000000000004        0.0000000000000000       -2.0189520270931337E-004   0.0000000000000000     
 -0.59400000000000008        0.0000000000000000       -1.6766296406653906E-004   0.0000000000000000     
 -0.39600000000000002        0.0000000000000000       -1.2158693659926173E-004   0.0000000000000000     
 -0.19800000000000001        0.0000000000000000       -6.4932257721995228E-005   0.0000000000000000     
   0.0000000000000000        0.0000000000000000        0.0000000000000000        0.0000000000000000     
  0.19800000000000001        0.0000000000000000        6.4932257721995228E-005   0.0000000000000000     
  0.39600000000000002        0.0000000000000000        1.2158693659926173E-004   0.0000000000000000     
  0.59400000000000008        0.0000000000000000        1.6766296406653906E-004   0.0000000000000000     
  0.79200000000000004        0.0000000000000000        2.0189520270931337E-004   0.0000000000000000     
  0.98999999999999999        0.0000000000000000        2.2313846440209643E-004   0.0000000000000000     
   1.1880000000000002        0.0000000000000000        2.3281674699696819E-004   0.0000000000000000     
   1.3860000000000001        0.0000000000000000        2.3453883461444609E-004   0.0000000000000000     
   1.5840000000000001        0.0000000000000000        2.3198087163676709E-004   0.0000000000000000     
   1.7820000000000000        0.0000000000000000        2.2772804744471286E-004   0.0000000000000000     
   1.9800000000000000        0.0000000000000000        2.2335669996244244E-004   0.0000000000000000     
   2.1779999999999999        0.0000000000000000        2.1989000962178114E-004   0.0000000000000000     
   2.3760000000000003        0.0000000000000000        2.1728952467575975E-004   0.0000000000000000     
   2.5740000000000003        0.0000000000000000        2.1522407740528099E-004   0.0000000000000000     
   2.7720000000000002        0.0000000000000000        2.1221245968406166E-004   0.0000000000000000     
   2.9700000000000002        0.0000000000000000        2.0836079470809693E-004   0.0000000000000000     
   3.1680000000000001        0.0000000000000000        2.0531258456489045E-004   0.0000000000000000     
   3.3660000000000001        0.0000000000000000        2.0279884537677530E-004   0.0000000000000000     
   3.5640000000000001        0.0000000000000000        2.0050733947990715E-004   0.0000000000000000     
   3.7620000000000000        0.0000000000000000        1.9830814370930087E-004   0.0000000000000000     
   3.9600000000000000        0.0000000000000000        1.9614296917947884E-004   0.0000000000000000     
   4.1580000000000004        0.0000000000000000        1.9397790957656187E-004   0.0000000000000000     
   4.3559999999999999        0.0000000000000000        1.9179058080553941E-004   0.0000000000000000     
   4.5540000000000003        0.0000000000000000        1.8956710598360302E-004   0.0000000000000000     
   4.7520000000000007        0.0000000000000000        1.8730082582409709E-004   0.0000000000000000     
   4.9500000000000002        0.0000000000000000        1.8499097361236787E-004   0.0000000000000000     
   5.1480000000000006        0.0000000000000000        1.8264112705008466E-004   0.0000000000000000     
   5.3460000000000001        0.0000000000000000        1.8025776047652346E-004   0.0000000000000000     
   5.5440000000000005        0.0000000000000000        1.7784899637113827E-004   0.0000000000000000     
   5.7420000000000000        0.0000000000000000        1.7542363894355292E-004   0.0000000000000000     
   5.9400000000000004        0.0000000000000000        1.7299048255220502E-004   0.0000000000000000     
   6.1379999999999999        0.0000000000000000        1.7055786302890176E-004   0.0000000000000000     
   6.3360000000000003        0.0000000000000000        1.6813337770493959E-004   0.0000000000000000     
   6.5340000000000007        0.0000000000000000        1.6572374109266629E-004   0.0000000000000000     
   6.7320000000000002        0.0000000000000000        1.6333474288111798E-004   0.0000000000000000     
   6.9300000000000006        0.0000000000000000        1.6097124715829344E-004   0.0000000000000000     
   7.1280000000000001        0.0000000000000000        1.5863726556053273E-004   0.0000000000000000     
   7.3260000000000005        0.0000000000000000        1.5633601473056865E-004   0.0000000000000000     
   7.5240000000000000        0.0000000000000000        1.5406999596235109E-004   0.0000000000000000     
   7.7220000000000004        0.0000000000000000        1.5184109760153498E-004   0.0000000000000000     
   7.9199999999999999        0.0000000000000000        1.4965066617133289E-004   0.0000000000000000     
   8.1180000000000003        0.0000000000000000        1.4749958467072234E-004   0.0000000000000000     
   8.3160000000000007        0.0000000000000000        1.4538834283615900E-004   0.0000000000000000     
   8.5140000000000011        0.0000000000000000        1.4331710563900602E-004   0.0000000000000000     
   8.7119999999999997        0.0000000000000000        1.4128575971861042E-004   0.0000000000000000     
   8.9100000000000001        0.0000000000000000        1.3929397093397002E-004   0.0000000000000000     
   9.1080000000000005        0.0000000000000000        1.3734121769790053E-004   0.0000000000000000     
   9.3060000000000009        0.0000000000000000        1.3542682820703056E-004   0.0000000000000000     
   9.5040000000000013        0.0000000000000000        1.3355001237174251E-004   0.0000000000000000     
   9.7020000000000000        0.0000000000000000        1.3170988105767103E-004   0.0000000000000000     
   9.9000000000000004        0.0000000000000000        1.2990547117454259E-004   0.0000000000000000     
   10.098000000000001        0.0000000000000000        1.2813576009289686E-004   0.0000000000000000     
   10.296000000000001        0.0000000000000000        1.2639968041366488E-004   0.0000000000000000     
   10.494000000000000        0.0000000000000000        1.2469612722693790E-004   0.0000000000000000     
   10.692000000000000        0.0000000000000000        1.2302397156373310E-004   0.0000000000000000     
   10.890000000000001        0.0000000000000000        1.2138206179301882E-004   0.0000000000000000     
   11.088000000000001        0.0000000000000000        1.1976923400578639E-004   0.0000000000000000     
   11.286000000000001        0.0000000000000000        1.1818430776636605E-004   0.0000000000000000     
   11.484000000000000        0.0000000000000000        1.1662609494104863E-004   0.0000000000000000     
   11.682000000000000        0.0000000000000000        1.1509339580225800E-004   0.0000000000000000     
   11.880000000000001        0.0000000000000000        1.1358499868289571E-004   0.0000000000000000     
   12.078000000000001        0.0000000000000000        1.1209968580927997E-004   0.0000000000000000     
   12.276000000000000        0.0000000000000000        1.1063622156325578E-004   0.0000000000000000     
   12.474000000000000        0.0000000000000000        1.0919335719175318E-004   0.0000000000000000     
   12.672000000000001        0.0000000000000000        1.0776982120764162E-004   0.0000000000000000     
   12.870000000000001        0.0000000000000000        1.0636431841037231E-004   0.0000000000000000     
   13.068000000000001        0.0000000000000000        1.0497552721434810E-004   0.0000000000000000     
   13.266000000000000        0.0000000000000000        1.0360208700368720E-004   0.0000000000000000     
   13.464000000000000        0.0000000000000000        1.0224259405636711E-004   0.0000000000000000     
   13.662000000000001        0.0000000000000000        1.0089559391099540E-004   0.0000000000000000     
   13.860000000000001        0.0000000000000000        9.9559570824312257E-005   0.0000000000000000     
   14.058000000000000        0.0000000000000000        9.8232937883998482E-005   0.0000000000000000     
   14.256000000000000        0.0000000000000000        9.6914018163240999E-005   0.0000000000000000     
   14.454000000000001        0.0000000000000000        9.5601038714965975E-005   0.0000000000000000     
   14.652000000000001        0.0000000000000000        9.4292102832972197E-005   0.0000000000000000     
   14.850000000000001        0.0000000000000000        9.2985173712500322E-005   0.0000000000000000     
   15.048000000000000        0.0000000000000000        9.1678051039263242E-005   0.0000000000000000     
   15.246000000000000        0.0000000000000000        9.0368332290414910E-005   0.0000000000000000     
   15.444000000000001        0.0000000000000000        8.9053385917432372E-005   0.0000000000000000     
   15.642000000000001        0.0000000000000000        8.7730298431995657E-005   0.0000000000000000     
   15.840000000000000        0.0000000000000000        8.6395829845212799E-005   0.0000000000000000     
   16.038000000000000        0.0000000000000000        8.5046344334856078E-005   0.0000000000000000     
   16.236000000000001        0.0000000000000000        8.3677741647116637E-005   0.0000000000000000     
   16.434000000000001        0.0000000000000000        8.2285366203569085E-005   0.0000000000000000     
   16.632000000000001        0.0000000000000000        8.0863918454898061E-005   0.0000000000000000     
   16.830000000000002        0.0000000000000000        7.9407351832305701E-005   0.0000000000000000     
   17.028000000000002        0.0000000000000000        7.7917471968928843E-005   0.0000000000000000     
   17.225999999999999        0.0000000000000000        7.6383640966289380E-005   0.0000000000000000     
   17.423999999999999        0.0000000000000000        7.4797503275805330E-005   0.0000000000000000     
   17.622000000000000        0.0000000000000000        7.3154484036848253E-005   0.0000000000000000     
   17.820000000000000        0.0000000000000000        7.1434943311062205E-005   0.0000000000000000     
   18.018000000000001        0.0000000000000000        6.9632343813835935E-005   0.0000000000000000     
   18.216000000000001        0.0000000000000000        6.7740781170467110E-005   0.0000000000000000     
   18.414000000000001        0.0000000000000000        6.5738861679414859E-005   0.0000000000000000     
   18.612000000000002        0.0000000000000000        6.3649407773869602E-005   0.0000000000000000     
   18.810000000000002        0.0000000000000000        6.1490734350033442E-005   0.0000000000000000     
   19.008000000000003        0.0000000000000000        5.9298044535394002E-005   0.0000000000000000     
   19.206000000000000        0.0000000000000000        5.7142886674421801E-005   0.0000000000000000     
   19.404000000000000        0.0000000000000000        5.4985621005257508E-005   0.0000000000000000     
   19.602000000000000        0.0000000000000000        5.2762571174151705E-005   0.0000000000000000     
