  -19.602000000000000        0.0000000000000000       -7.8470192257265554E-005   0.0000000000000000     
  -19.404000000000000        0.0000000000000000       -8.3719857873327811E-005   0.0000000000000000     
  -19.206000000000000        0.0000000000000000       -8.7459616884575598E-005   0.0000000000000000     
  -19.008000000000003        0.0000000000000000       -9.0396519342597972E-005   0.0000000000000000     
  -18.810000000000002        0.0000000000000000       -9.3184582158168508E-005   0.0000000000000000     
  -18.612000000000002        0.0000000000000000       -9.6024703884087315E-005   0.0000000000000000     
  -18.414000000000001        0.0000000000000000       -9.8869974842317944E-005   0.0000000000000000     
  -18.216000000000001        0.0000000000000000       -1.0164910340972629E-004   0.0000000000000000     
  -18.018000000000001        0.0000000000000000       -1.0432839040658528E-004   0.0000000000000000     
  -17.820000000000000        0.0000000000000000       -1.0691854142227243E-004   0.0000000000000000     
  -17.622000000000000        0.0000000000000000       -1.0942345602868354E-004   0.0000000000000000     
  -17.423999999999999        0.0000000000000000       -1.1181922824855959E-004   0.0000000000000000     
  -17.225999999999999        0.0000000000000000       -1.1412849311211602E-004   0.0000000000000000     
  -17.028000000000002        0.0000000000000000       -1.1635953538053685E-004   0.0000000000000000     
  -16.830000000000002        0.0000000000000000       -1.1852976090445277E-004   0.0000000000000000     
  -16.632000000000001        0.0000000000000000       -1.2066316008751682E-004   0.0000000000000000     
  -16.434000000000001        0.0000000000000000       -1.2274759212045730E-004   0.0000000000000000     
  -16.236000000000001        0.0000000000000000       -1.2479192356053699E-004   0.0000000000000000     
  -16.038000000000000        0.0000000000000000       -1.2680403087759825E-004   0.0000000000000000     
  -15.840000000000000        0.0000000000000000       -1.2879088153911893E-004   0.0000000000000000     
  -15.642000000000001        0.0000000000000000       -1.3075864257489314E-004   0.0000000000000000     
  -15.444000000000001        0.0000000000000000       -1.3271278323676117E-004   0.0000000000000000     
  -15.246000000000000        0.0000000000000000       -1.3465818641494938E-004   0.0000000000000000     
  -15.048000000000000        0.0000000000000000       -1.3659923315087808E-004   0.0000000000000000     
  -14.850000000000001        0.0000000000000000       -1.3853988938232912E-004   0.0000000000000000     
  -14.652000000000001        0.0000000000000000       -1.4048376990414437E-004   0.0000000000000000     
  -14.454000000000001        0.0000000000000000       -1.4243419986612814E-004   0.0000000000000000     
  -14.256000000000000        0.0000000000000000       -1.4439426247352767E-004   0.0000000000000000     
  -14.058000000000000        0.0000000000000000       -1.4636683605860217E-004   0.0000000000000000     
  -13.860000000000001        0.0000000000000000       -1.4835463439271385E-004   0.0000000000000000     
  -13.662000000000001        0.0000000000000000       -1.5036023075260300E-004   0.0000000000000000     
  -13.464000000000000        0.0000000000000000       -1.5238608698426760E-004   0.0000000000000000     
  -13.266000000000000        0.0000000000000000       -1.5443457429991221E-004   0.0000000000000000     
  -13.068000000000001        0.0000000000000000       -1.5650798933653350E-004   0.0000000000000000     
  -12.870000000000001        0.0000000000000000       -1.5860856960960855E-004   0.0000000000000000     
  -12.672000000000001        0.0000000000000000       -1.6073852244735383E-004   0.0000000000000000     
  -12.474000000000000        0.0000000000000000       -1.6290001015633655E-004   0.0000000000000000     
  -12.276000000000000        0.0000000000000000       -1.6509519137053268E-004   0.0000000000000000     
  -12.078000000000001        0.0000000000000000       -1.6732621027839203E-004   0.0000000000000000     
  -11.880000000000001        0.0000000000000000       -1.6959521988258383E-004   0.0000000000000000     
  -11.682000000000000        0.0000000000000000       -1.7190438473643703E-004   0.0000000000000000     
  -11.484000000000000        0.0000000000000000       -1.7425588536545248E-004   0.0000000000000000     
  -11.286000000000001        0.0000000000000000       -1.7665193799847970E-004   0.0000000000000000     
  -11.088000000000001        0.0000000000000000       -1.7909479463972880E-004   0.0000000000000000     
  -10.890000000000001        0.0000000000000000       -1.8158674725984503E-004   0.0000000000000000     
  -10.692000000000000        0.0000000000000000       -1.8413013947618967E-004   0.0000000000000000     
  -10.494000000000000        0.0000000000000000       -1.8672736797866965E-004   0.0000000000000000     
  -10.296000000000001        0.0000000000000000       -1.8938089580867543E-004   0.0000000000000000     
  -10.098000000000001        0.0000000000000000       -1.9209324289675759E-004   0.0000000000000000     
  -9.9000000000000004        0.0000000000000000       -1.9486700403672109E-004   0.0000000000000000     
  -9.7020000000000000        0.0000000000000000       -1.9770484228936279E-004   0.0000000000000000     
  -9.5040000000000013        0.0000000000000000       -2.0060949177652177E-004   0.0000000000000000     
  -9.3060000000000009        0.0000000000000000       -2.0358376191536068E-004   0.0000000000000000     
  -9.1080000000000005        0.0000000000000000       -2.0663052980674068E-004   0.0000000000000000     
  -8.9100000000000001        0.0000000000000000       -2.0975273259479053E-004   0.0000000000000000     
  -8.7119999999999997        0.0000000000000000       -2.1295337751972589E-004   0.0000000000000000     
  -8.5140000000000011        0.0000000000000000       -2.1623551535997264E-004   0.0000000000000000     
  -8.3160000000000007        0.0000000000000000       -2.1960224070581127E-004   0.0000000000000000     
  -8.1180000000000003        0.0000000000000000       -2.2305667261706200E-004   0.0000000000000000     
  -7.9199999999999999        0.0000000000000000       -2.2660194233070605E-004   0.0000000000000000     
  -7.7220000000000004        0.0000000000000000       -2.3024118948747766E-004   0.0000000000000000     
  -7.5240000000000000        0.0000000000000000       -2.3397753641652363E-004   0.0000000000000000     
  -7.3260000000000005        0.0000000000000000       -2.3781408723525831E-004   0.0000000000000000     
  -7.1280000000000001        0.0000000000000000       -2.4175395401117620E-004   0.0000000000000000     
  -6.9300000000000006        0.0000000000000000       -2.4580026391260332E-004   0.0000000000000000     
  -6.7320000000000002        0.0000000000000000       -2.4995625126832035E-004   0.0000000000000000     
  -6.5340000000000007        0.0000000000000000       -2.5422535408470314E-004   0.0000000000000000     
  -6.3360000000000003        0.0000000000000000       -2.5861142655914164E-004   0.0000000000000000     
  -6.1379999999999999        0.0000000000000000       -2.6311901786572813E-004   0.0000000000000000     
  -5.9400000000000004        0.0000000000000000       -2.6775382872317312E-004   0.0000000000000000     
  -5.7420000000000000        0.0000000000000000       -2.7252331220194452E-004   0.0000000000000000     
  -5.5440000000000005        0.0000000000000000       -2.7743745726083039E-004   0.0000000000000000     
  -5.3460000000000001        0.0000000000000000       -2.8250978448006849E-004   0.0000000000000000     
  -5.1480000000000006        0.0000000000000000       -2.8775844387091186E-004   0.0000000000000000     
  -4.9500000000000002        0.0000000000000000       -2.9320715680889532E-004   0.0000000000000000     
  -4.7520000000000007        0.0000000000000000       -2.9888548614932927E-004   0.0000000000000000     
  -4.5540000000000003        0.0000000000000000       -3.0482740509766334E-004   0.0000000000000000     
  -4.3559999999999999        0.0000000000000000       -3.1106625374060462E-004   0.0000000000000000     
  -4.1580000000000004        0.0000000000000000       -3.1762304990077135E-004   0.0000000000000000     
  -3.9600000000000000        0.0000000000000000       -3.2448442379020572E-004   0.0000000000000000     
  -3.7620000000000000        0.0000000000000000       -3.3156873999705215E-004   0.0000000000000000     
  -3.5640000000000001        0.0000000000000000       -3.3869409878043425E-004   0.0000000000000000     
  -3.3660000000000001        0.0000000000000000       -3.4561517618712551E-004   0.0000000000000000     
  -3.1680000000000001        0.0000000000000000       -3.5230863464178895E-004   0.0000000000000000     
  -2.9700000000000002        0.0000000000000000       -3.5957905881750610E-004   0.0000000000000000     
  -2.7720000000000002        0.0000000000000000       -3.6868216870442912E-004   0.0000000000000000     
  -2.5740000000000003        0.0000000000000000       -3.7937539876068131E-004   0.0000000000000000     
  -2.3760000000000003        0.0000000000000000       -3.9048363090475510E-004   0.0000000000000000     
  -2.1779999999999999        0.0000000000000000       -4.0143253141779271E-004   0.0000000000000000     
  -1.9800000000000000        0.0000000000000000       -4.1225104727593776E-004   0.0000000000000000     
  -1.7820000000000000        0.0000000000000000       -4.2339807663900744E-004   0.0000000000000000     
  -1.5840000000000001        0.0000000000000000       -4.3454151848522739E-004   0.0000000000000000     
  -1.3860000000000001        0.0000000000000000       -4.4136869161257166E-004   0.0000000000000000     
  -1.1880000000000002        0.0000000000000000       -4.3786093457509080E-004   0.0000000000000000     
 -0.98999999999999999        0.0000000000000000       -4.1898127655051330E-004   0.0000000000000000     
 -0.79200000000000004        0.0000000000000000       -3.8114956195199064E-004   0.0000000000000000     
 -0.59400000000000008        0.0000000000000000       -3.2397012819768253E-004   0.0000000000000000     
 -0.39600000000000002        0.0000000000000000       -2.4231845446031424E-004   0.0000000000000000     
 -0.19800000000000001        0.0000000000000000       -1.3134641518403503E-004   0.0000000000000000     
   0.0000000000000000        0.0000000000000000        0.0000000000000000        0.0000000000000000     
  0.19800000000000001        0.0000000000000000        1.3134641518403503E-004   0.0000000000000000     
  0.39600000000000002        0.0000000000000000        2.4231845446031424E-004   0.0000000000000000     
  0.59400000000000008        0.0000000000000000        3.2397012819768253E-004   0.0000000000000000     
  0.79200000000000004        0.0000000000000000        3.8114956195199064E-004   0.0000000000000000     
  0.98999999999999999        0.0000000000000000        4.1898127655051330E-004   0.0000000000000000     
   1.1880000000000002        0.0000000000000000        4.3786093457509080E-004   0.0000000000000000     
   1.3860000000000001        0.0000000000000000        4.4136869161257166E-004   0.0000000000000000     
   1.5840000000000001        0.0000000000000000        4.3454151848522739E-004   0.0000000000000000     
   1.7820000000000000        0.0000000000000000        4.2339807663900744E-004   0.0000000000000000     
   1.9800000000000000        0.0000000000000000        4.1225104727593776E-004   0.0000000000000000     
   2.1779999999999999        0.0000000000000000        4.0143253141779271E-004   0.0000000000000000     
   2.3760000000000003        0.0000000000000000        3.9048363090475510E-004   0.0000000000000000     
   2.5740000000000003        0.0000000000000000        3.7937539876068131E-004   0.0000000000000000     
   2.7720000000000002        0.0000000000000000        3.6868216870442912E-004   0.0000000000000000     
   2.9700000000000002        0.0000000000000000        3.5957905881750610E-004   0.0000000000000000     
   3.1680000000000001        0.0000000000000000        3.5230863464178895E-004   0.0000000000000000     
   3.3660000000000001        0.0000000000000000        3.4561517618712551E-004   0.0000000000000000     
   3.5640000000000001        0.0000000000000000        3.3869409878043425E-004   0.0000000000000000     
   3.7620000000000000        0.0000000000000000        3.3156873999705215E-004   0.0000000000000000     
   3.9600000000000000        0.0000000000000000        3.2448442379020572E-004   0.0000000000000000     
   4.1580000000000004        0.0000000000000000        3.1762304990077135E-004   0.0000000000000000     
   4.3559999999999999        0.0000000000000000        3.1106625374060462E-004   0.0000000000000000     
   4.5540000000000003        0.0000000000000000        3.0482740509766334E-004   0.0000000000000000     
   4.7520000000000007        0.0000000000000000        2.9888548614932927E-004   0.0000000000000000     
   4.9500000000000002        0.0000000000000000        2.9320715680889532E-004   0.0000000000000000     
   5.1480000000000006        0.0000000000000000        2.8775844387091186E-004   0.0000000000000000     
   5.3460000000000001        0.0000000000000000        2.8250978448006849E-004   0.0000000000000000     
   5.5440000000000005        0.0000000000000000        2.7743745726083039E-004   0.0000000000000000     
   5.7420000000000000        0.0000000000000000        2.7252331220194452E-004   0.0000000000000000     
   5.9400000000000004        0.0000000000000000        2.6775382872317312E-004   0.0000000000000000     
   6.1379999999999999        0.0000000000000000        2.6311901786572813E-004   0.0000000000000000     
   6.3360000000000003        0.0000000000000000        2.5861142655914164E-004   0.0000000000000000     
   6.5340000000000007        0.0000000000000000        2.5422535408470314E-004   0.0000000000000000     
   6.7320000000000002        0.0000000000000000        2.4995625126832035E-004   0.0000000000000000     
   6.9300000000000006        0.0000000000000000        2.4580026391260332E-004   0.0000000000000000     
   7.1280000000000001        0.0000000000000000        2.4175395401117620E-004   0.0000000000000000     
   7.3260000000000005        0.0000000000000000        2.3781408723525831E-004   0.0000000000000000     
   7.5240000000000000        0.0000000000000000        2.3397753641652363E-004   0.0000000000000000     
   7.7220000000000004        0.0000000000000000        2.3024118948747766E-004   0.0000000000000000     
   7.9199999999999999        0.0000000000000000        2.2660194233070605E-004   0.0000000000000000     
   8.1180000000000003        0.0000000000000000        2.2305667261706200E-004   0.0000000000000000     
   8.3160000000000007        0.0000000000000000        2.1960224070581127E-004   0.0000000000000000     
   8.5140000000000011        0.0000000000000000        2.1623551535997264E-004   0.0000000000000000     
   8.7119999999999997        0.0000000000000000        2.1295337751972589E-004   0.0000000000000000     
   8.9100000000000001        0.0000000000000000        2.0975273259479053E-004   0.0000000000000000     
   9.1080000000000005        0.0000000000000000        2.0663052980674068E-004   0.0000000000000000     
   9.3060000000000009        0.0000000000000000        2.0358376191536068E-004   0.0000000000000000     
   9.5040000000000013        0.0000000000000000        2.0060949177652177E-004   0.0000000000000000     
   9.7020000000000000        0.0000000000000000        1.9770484228936279E-004   0.0000000000000000     
   9.9000000000000004        0.0000000000000000        1.9486700403672109E-004   0.0000000000000000     
   10.098000000000001        0.0000000000000000        1.9209324289675759E-004   0.0000000000000000     
   10.296000000000001        0.0000000000000000        1.8938089580867543E-004   0.0000000000000000     
   10.494000000000000        0.0000000000000000        1.8672736797866965E-004   0.0000000000000000     
   10.692000000000000        0.0000000000000000        1.8413013947618967E-004   0.0000000000000000     
   10.890000000000001        0.0000000000000000        1.8158674725984503E-004   0.0000000000000000     
   11.088000000000001        0.0000000000000000        1.7909479463972880E-004   0.0000000000000000     
   11.286000000000001        0.0000000000000000        1.7665193799847970E-004   0.0000000000000000     
   11.484000000000000        0.0000000000000000        1.7425588536545248E-004   0.0000000000000000     
   11.682000000000000        0.0000000000000000        1.7190438473643703E-004   0.0000000000000000     
   11.880000000000001        0.0000000000000000        1.6959521988258383E-004   0.0000000000000000     
   12.078000000000001        0.0000000000000000        1.6732621027839203E-004   0.0000000000000000     
   12.276000000000000        0.0000000000000000        1.6509519137053268E-004   0.0000000000000000     
   12.474000000000000        0.0000000000000000        1.6290001015633655E-004   0.0000000000000000     
   12.672000000000001        0.0000000000000000        1.6073852244735383E-004   0.0000000000000000     
   12.870000000000001        0.0000000000000000        1.5860856960960855E-004   0.0000000000000000     
   13.068000000000001        0.0000000000000000        1.5650798933653350E-004   0.0000000000000000     
   13.266000000000000        0.0000000000000000        1.5443457429991221E-004   0.0000000000000000     
   13.464000000000000        0.0000000000000000        1.5238608698426760E-004   0.0000000000000000     
   13.662000000000001        0.0000000000000000        1.5036023075260300E-004   0.0000000000000000     
   13.860000000000001        0.0000000000000000        1.4835463439271385E-004   0.0000000000000000     
   14.058000000000000        0.0000000000000000        1.4636683605860217E-004   0.0000000000000000     
   14.256000000000000        0.0000000000000000        1.4439426247352767E-004   0.0000000000000000     
   14.454000000000001        0.0000000000000000        1.4243419986612814E-004   0.0000000000000000     
   14.652000000000001        0.0000000000000000        1.4048376990414437E-004   0.0000000000000000     
   14.850000000000001        0.0000000000000000        1.3853988938232912E-004   0.0000000000000000     
   15.048000000000000        0.0000000000000000        1.3659923315087808E-004   0.0000000000000000     
   15.246000000000000        0.0000000000000000        1.3465818641494938E-004   0.0000000000000000     
   15.444000000000001        0.0000000000000000        1.3271278323676117E-004   0.0000000000000000     
   15.642000000000001        0.0000000000000000        1.3075864257489314E-004   0.0000000000000000     
   15.840000000000000        0.0000000000000000        1.2879088153911893E-004   0.0000000000000000     
   16.038000000000000        0.0000000000000000        1.2680403087759825E-004   0.0000000000000000     
   16.236000000000001        0.0000000000000000        1.2479192356053699E-004   0.0000000000000000     
   16.434000000000001        0.0000000000000000        1.2274759212045730E-004   0.0000000000000000     
   16.632000000000001        0.0000000000000000        1.2066316008751682E-004   0.0000000000000000     
   16.830000000000002        0.0000000000000000        1.1852976090445277E-004   0.0000000000000000     
   17.028000000000002        0.0000000000000000        1.1635953538053685E-004   0.0000000000000000     
   17.225999999999999        0.0000000000000000        1.1412849311211602E-004   0.0000000000000000     
   17.423999999999999        0.0000000000000000        1.1181922824855959E-004   0.0000000000000000     
   17.622000000000000        0.0000000000000000        1.0942345602868354E-004   0.0000000000000000     
   17.820000000000000        0.0000000000000000        1.0691854142227243E-004   0.0000000000000000     
   18.018000000000001        0.0000000000000000        1.0432839040658528E-004   0.0000000000000000     
   18.216000000000001        0.0000000000000000        1.0164910340972629E-004   0.0000000000000000     
   18.414000000000001        0.0000000000000000        9.8869974842317944E-005   0.0000000000000000     
   18.612000000000002        0.0000000000000000        9.6024703884087315E-005   0.0000000000000000     
   18.810000000000002        0.0000000000000000        9.3184582158168508E-005   0.0000000000000000     
   19.008000000000003        0.0000000000000000        9.0396519342597972E-005   0.0000000000000000     
   19.206000000000000        0.0000000000000000        8.7459616884575598E-005   0.0000000000000000     
   19.404000000000000        0.0000000000000000        8.3719857873327811E-005   0.0000000000000000     
   19.602000000000000        0.0000000000000000        7.8470192257265554E-005   0.0000000000000000     
