  -19.602000000000000        0.0000000000000000        3.2386031739952217E-004   0.0000000000000000     
  -19.404000000000000        0.0000000000000000        3.4012369099729981E-004   0.0000000000000000     
  -19.206000000000000        0.0000000000000000        3.5503314538842199E-004   0.0000000000000000     
  -19.008000000000003        0.0000000000000000        3.6993908780285771E-004   0.0000000000000000     
  -18.810000000000002        0.0000000000000000        3.8445835917604043E-004   0.0000000000000000     
  -18.612000000000002        0.0000000000000000        3.9848828687357260E-004   0.0000000000000000     
  -18.414000000000001        0.0000000000000000        4.1184612067603693E-004   0.0000000000000000     
  -18.216000000000001        0.0000000000000000        4.2457939376666442E-004   0.0000000000000000     
  -18.018000000000001        0.0000000000000000        4.3661744479660551E-004   0.0000000000000000     
  -17.820000000000000        0.0000000000000000        4.4792870180865145E-004   0.0000000000000000     
  -17.622000000000000        0.0000000000000000        4.5875443556179726E-004   0.0000000000000000     
  -17.423999999999999        0.0000000000000000        4.6901515815957293E-004   0.0000000000000000     
  -17.225999999999999        0.0000000000000000        4.7887360843283005E-004   0.0000000000000000     
  -17.028000000000002        0.0000000000000000        4.8839191994450330E-004   0.0000000000000000     
  -16.830000000000002        0.0000000000000000        4.9762607877167997E-004   0.0000000000000000     
  -16.632000000000001        0.0000000000000000        5.0648127732876578E-004   0.0000000000000000     
  -16.434000000000001        0.0000000000000000        5.1532310834465566E-004   0.0000000000000000     
  -16.236000000000001        0.0000000000000000        5.2401307819797873E-004   0.0000000000000000     
  -16.038000000000000        0.0000000000000000        5.3258649843688035E-004   0.0000000000000000     
  -15.840000000000000        0.0000000000000000        5.4107463684159151E-004   0.0000000000000000     
  -15.642000000000001        0.0000000000000000        5.4950531558154347E-004   0.0000000000000000     
  -15.444000000000001        0.0000000000000000        5.5790342244008205E-004   0.0000000000000000     
  -15.246000000000000        0.0000000000000000        5.6629138044528694E-004   0.0000000000000000     
  -15.048000000000000        0.0000000000000000        5.7468953638692877E-004   0.0000000000000000     
  -14.850000000000001        0.0000000000000000        5.8311650071119815E-004   0.0000000000000000     
  -14.652000000000001        0.0000000000000000        5.9158942035823694E-004   0.0000000000000000     
  -14.454000000000001        0.0000000000000000        6.0012424537786793E-004   0.0000000000000000     
  -14.256000000000000        0.0000000000000000        6.0873590613572744E-004   0.0000000000000000     
  -14.058000000000000        0.0000000000000000        6.1743850826305620E-004   0.0000000000000000     
  -13.860000000000001        0.0000000000000000        6.2624551193676608E-004   0.0000000000000000     
  -13.662000000000001        0.0000000000000000        6.3516982238361291E-004   0.0000000000000000     
  -13.464000000000000        0.0000000000000000        6.4422395596773854E-004   0.0000000000000000     
  -13.266000000000000        0.0000000000000000        6.5342008086282104E-004   0.0000000000000000     
  -13.068000000000001        0.0000000000000000        6.6277016381170468E-004   0.0000000000000000     
  -12.870000000000001        0.0000000000000000        6.7228603159549729E-004   0.0000000000000000     
  -12.672000000000001        0.0000000000000000        6.8197943293473763E-004   0.0000000000000000     
  -12.474000000000000        0.0000000000000000        6.9186211107708385E-004   0.0000000000000000     
  -12.276000000000000        0.0000000000000000        7.0194586244355498E-004   0.0000000000000000     
  -12.078000000000001        0.0000000000000000        7.1224261123254513E-004   0.0000000000000000     
  -11.880000000000001        0.0000000000000000        7.2276442120091918E-004   0.0000000000000000     
  -11.682000000000000        0.0000000000000000        7.3352357314848953E-004   0.0000000000000000     
  -11.484000000000000        0.0000000000000000        7.4453259510527724E-004   0.0000000000000000     
  -11.286000000000001        0.0000000000000000        7.5580430196669265E-004   0.0000000000000000     
  -11.088000000000001        0.0000000000000000        7.6735186396216146E-004   0.0000000000000000     
  -10.890000000000001        0.0000000000000000        7.7918880613664029E-004   0.0000000000000000     
  -10.692000000000000        0.0000000000000000        7.9132904729448735E-004   0.0000000000000000     
  -10.494000000000000        0.0000000000000000        8.0378696630774001E-004   0.0000000000000000     
  -10.296000000000001        0.0000000000000000        8.1657739854433834E-004   0.0000000000000000     
  -10.098000000000001        0.0000000000000000        8.2971572599783842E-004   0.0000000000000000     
  -9.9000000000000004        0.0000000000000000        8.4321780959651326E-004   0.0000000000000000     
  -9.7020000000000000        0.0000000000000000        8.5710015229521199E-004   0.0000000000000000     
  -9.5040000000000013        0.0000000000000000        8.7137983173011743E-004   0.0000000000000000     
  -9.3060000000000009        0.0000000000000000        8.8607457387220544E-004   0.0000000000000000     
  -9.1080000000000005        0.0000000000000000        9.0120281317132762E-004   0.0000000000000000     
  -8.9100000000000001        0.0000000000000000        9.1678370119760509E-004   0.0000000000000000     
  -8.7119999999999997        0.0000000000000000        9.3283720679515256E-004   0.0000000000000000     
  -8.5140000000000011        0.0000000000000000        9.4938414059482729E-004   0.0000000000000000     
  -8.3160000000000007        0.0000000000000000        9.6644627138496521E-004   0.0000000000000000     
  -8.1180000000000003        0.0000000000000000        9.8404644775336816E-004   0.0000000000000000     
  -7.9199999999999999        0.0000000000000000        1.0022087516736329E-003   0.0000000000000000     
  -7.7220000000000004        0.0000000000000000        1.0209587240454687E-003   0.0000000000000000     
  -7.5240000000000000        0.0000000000000000        1.0403236079498635E-003   0.0000000000000000     
  -7.3260000000000005        0.0000000000000000        1.0603327945448810E-003   0.0000000000000000     
  -7.1280000000000001        0.0000000000000000        1.0810184005410448E-003   0.0000000000000000     
  -6.9300000000000006        0.0000000000000000        1.1024159493446123E-003   0.0000000000000000     
  -6.7320000000000002        0.0000000000000000        1.1245654633294502E-003   0.0000000000000000     
  -6.5340000000000007        0.0000000000000000        1.1475128539488639E-003   0.0000000000000000     
  -6.3360000000000003        0.0000000000000000        1.1713118879401905E-003   0.0000000000000000     
  -6.1379999999999999        0.0000000000000000        1.1960267845813985E-003   0.0000000000000000     
  -5.9400000000000004        0.0000000000000000        1.2217358473510479E-003   0.0000000000000000     
  -5.7420000000000000        0.0000000000000000        1.2485363860648331E-003   0.0000000000000000     
  -5.5440000000000005        0.0000000000000000        1.2765512928592270E-003   0.0000000000000000     
  -5.3460000000000001        0.0000000000000000        1.3059380510436554E-003   0.0000000000000000     
  -5.1480000000000006        0.0000000000000000        1.3369009325972956E-003   0.0000000000000000     
  -4.9500000000000002        0.0000000000000000        1.3697070163130654E-003   0.0000000000000000     
  -4.7520000000000007        0.0000000000000000        1.4047077127546949E-003   0.0000000000000000     
  -4.5540000000000003        0.0000000000000000        1.4423659338858909E-003   0.0000000000000000     
  -4.3559999999999999        0.0000000000000000        1.4832885881441809E-003   0.0000000000000000     
  -4.1580000000000004        0.0000000000000000        1.5282590431239451E-003   0.0000000000000000     
  -3.9600000000000000        0.0000000000000000        1.5782517782941452E-003   0.0000000000000000     
  -3.7620000000000000        0.0000000000000000        1.6343833530377677E-003   0.0000000000000000     
  -3.5640000000000001        0.0000000000000000        1.6977051876989311E-003   0.0000000000000000     
  -3.3660000000000001        0.0000000000000000        1.7687683558336219E-003   0.0000000000000000     
  -3.1680000000000001        0.0000000000000000        1.8477252353884170E-003   0.0000000000000000     
  -2.9700000000000002        0.0000000000000000        1.9360960170592405E-003   0.0000000000000000     
  -2.7720000000000002        0.0000000000000000        2.0266957542464828E-003   0.0000000000000000     
  -2.5740000000000003        0.0000000000000000        2.1132261095861324E-003   0.0000000000000000     
  -2.3760000000000003        0.0000000000000000        2.2003739382708346E-003   0.0000000000000000     
  -2.1779999999999999        0.0000000000000000        2.2897511586461874E-003   0.0000000000000000     
  -1.9800000000000000        0.0000000000000000        2.3769807798432420E-003   0.0000000000000000     
  -1.7820000000000000        0.0000000000000000        2.4572431987091264E-003   0.0000000000000000     
  -1.5840000000000001        0.0000000000000000        2.5192137897544491E-003   0.0000000000000000     
  -1.3860000000000001        0.0000000000000000        2.5468522138952896E-003   0.0000000000000000     
  -1.1880000000000002        0.0000000000000000        2.5261441861096456E-003   0.0000000000000000     
 -0.98999999999999999        0.0000000000000000        2.4327000563760114E-003   0.0000000000000000     
 -0.79200000000000004        0.0000000000000000        2.2334562239861087E-003   0.0000000000000000     
 -0.59400000000000008        0.0000000000000000        1.8941398872134340E-003   0.0000000000000000     
 -0.39600000000000002        0.0000000000000000        1.3946439541689928E-003   0.0000000000000000     
 -0.19800000000000001        0.0000000000000000        7.4485931400204025E-004   0.0000000000000000     
   0.0000000000000000        0.0000000000000000        0.0000000000000000        0.0000000000000000     
  0.19800000000000001        0.0000000000000000       -7.4485931400204025E-004   0.0000000000000000     
  0.39600000000000002        0.0000000000000000       -1.3946439541689928E-003   0.0000000000000000     
  0.59400000000000008        0.0000000000000000       -1.8941398872134340E-003   0.0000000000000000     
  0.79200000000000004        0.0000000000000000       -2.2334562239861087E-003   0.0000000000000000     
  0.98999999999999999        0.0000000000000000       -2.4327000563760114E-003   0.0000000000000000     
   1.1880000000000002        0.0000000000000000       -2.5261441861096456E-003   0.0000000000000000     
   1.3860000000000001        0.0000000000000000       -2.5468522138952896E-003   0.0000000000000000     
   1.5840000000000001        0.0000000000000000       -2.5192137897544491E-003   0.0000000000000000     
   1.7820000000000000        0.0000000000000000       -2.4572431987091264E-003   0.0000000000000000     
   1.9800000000000000        0.0000000000000000       -2.3769807798432420E-003   0.0000000000000000     
   2.1779999999999999        0.0000000000000000       -2.2897511586461874E-003   0.0000000000000000     
   2.3760000000000003        0.0000000000000000       -2.2003739382708346E-003   0.0000000000000000     
   2.5740000000000003        0.0000000000000000       -2.1132261095861324E-003   0.0000000000000000     
   2.7720000000000002        0.0000000000000000       -2.0266957542464828E-003   0.0000000000000000     
   2.9700000000000002        0.0000000000000000       -1.9360960170592405E-003   0.0000000000000000     
   3.1680000000000001        0.0000000000000000       -1.8477252353884170E-003   0.0000000000000000     
   3.3660000000000001        0.0000000000000000       -1.7687683558336219E-003   0.0000000000000000     
   3.5640000000000001        0.0000000000000000       -1.6977051876989311E-003   0.0000000000000000     
   3.7620000000000000        0.0000000000000000       -1.6343833530377677E-003   0.0000000000000000     
   3.9600000000000000        0.0000000000000000       -1.5782517782941452E-003   0.0000000000000000     
   4.1580000000000004        0.0000000000000000       -1.5282590431239451E-003   0.0000000000000000     
   4.3559999999999999        0.0000000000000000       -1.4832885881441809E-003   0.0000000000000000     
   4.5540000000000003        0.0000000000000000       -1.4423659338858909E-003   0.0000000000000000     
   4.7520000000000007        0.0000000000000000       -1.4047077127546949E-003   0.0000000000000000     
   4.9500000000000002        0.0000000000000000       -1.3697070163130654E-003   0.0000000000000000     
   5.1480000000000006        0.0000000000000000       -1.3369009325972956E-003   0.0000000000000000     
   5.3460000000000001        0.0000000000000000       -1.3059380510436554E-003   0.0000000000000000     
   5.5440000000000005        0.0000000000000000       -1.2765512928592270E-003   0.0000000000000000     
   5.7420000000000000        0.0000000000000000       -1.2485363860648331E-003   0.0000000000000000     
   5.9400000000000004        0.0000000000000000       -1.2217358473510479E-003   0.0000000000000000     
   6.1379999999999999        0.0000000000000000       -1.1960267845813985E-003   0.0000000000000000     
   6.3360000000000003        0.0000000000000000       -1.1713118879401905E-003   0.0000000000000000     
   6.5340000000000007        0.0000000000000000       -1.1475128539488639E-003   0.0000000000000000     
   6.7320000000000002        0.0000000000000000       -1.1245654633294502E-003   0.0000000000000000     
   6.9300000000000006        0.0000000000000000       -1.1024159493446123E-003   0.0000000000000000     
   7.1280000000000001        0.0000000000000000       -1.0810184005410448E-003   0.0000000000000000     
   7.3260000000000005        0.0000000000000000       -1.0603327945448810E-003   0.0000000000000000     
   7.5240000000000000        0.0000000000000000       -1.0403236079498635E-003   0.0000000000000000     
   7.7220000000000004        0.0000000000000000       -1.0209587240454687E-003   0.0000000000000000     
   7.9199999999999999        0.0000000000000000       -1.0022087516736329E-003   0.0000000000000000     
   8.1180000000000003        0.0000000000000000       -9.8404644775336816E-004   0.0000000000000000     
   8.3160000000000007        0.0000000000000000       -9.6644627138496521E-004   0.0000000000000000     
   8.5140000000000011        0.0000000000000000       -9.4938414059482729E-004   0.0000000000000000     
   8.7119999999999997        0.0000000000000000       -9.3283720679515256E-004   0.0000000000000000     
   8.9100000000000001        0.0000000000000000       -9.1678370119760509E-004   0.0000000000000000     
   9.1080000000000005        0.0000000000000000       -9.0120281317132762E-004   0.0000000000000000     
   9.3060000000000009        0.0000000000000000       -8.8607457387220544E-004   0.0000000000000000     
   9.5040000000000013        0.0000000000000000       -8.7137983173011743E-004   0.0000000000000000     
   9.7020000000000000        0.0000000000000000       -8.5710015229521199E-004   0.0000000000000000     
   9.9000000000000004        0.0000000000000000       -8.4321780959651326E-004   0.0000000000000000     
   10.098000000000001        0.0000000000000000       -8.2971572599783842E-004   0.0000000000000000     
   10.296000000000001        0.0000000000000000       -8.1657739854433834E-004   0.0000000000000000     
   10.494000000000000        0.0000000000000000       -8.0378696630774001E-004   0.0000000000000000     
   10.692000000000000        0.0000000000000000       -7.9132904729448735E-004   0.0000000000000000     
   10.890000000000001        0.0000000000000000       -7.7918880613664029E-004   0.0000000000000000     
   11.088000000000001        0.0000000000000000       -7.6735186396216146E-004   0.0000000000000000     
   11.286000000000001        0.0000000000000000       -7.5580430196669265E-004   0.0000000000000000     
   11.484000000000000        0.0000000000000000       -7.4453259510527724E-004   0.0000000000000000     
   11.682000000000000        0.0000000000000000       -7.3352357314848953E-004   0.0000000000000000     
   11.880000000000001        0.0000000000000000       -7.2276442120091918E-004   0.0000000000000000     
   12.078000000000001        0.0000000000000000       -7.1224261123254513E-004   0.0000000000000000     
   12.276000000000000        0.0000000000000000       -7.0194586244355498E-004   0.0000000000000000     
   12.474000000000000        0.0000000000000000       -6.9186211107708385E-004   0.0000000000000000     
   12.672000000000001        0.0000000000000000       -6.8197943293473763E-004   0.0000000000000000     
   12.870000000000001        0.0000000000000000       -6.7228603159549729E-004   0.0000000000000000     
   13.068000000000001        0.0000000000000000       -6.6277016381170468E-004   0.0000000000000000     
   13.266000000000000        0.0000000000000000       -6.5342008086282104E-004   0.0000000000000000     
   13.464000000000000        0.0000000000000000       -6.4422395596773854E-004   0.0000000000000000     
   13.662000000000001        0.0000000000000000       -6.3516982238361291E-004   0.0000000000000000     
   13.860000000000001        0.0000000000000000       -6.2624551193676608E-004   0.0000000000000000     
   14.058000000000000        0.0000000000000000       -6.1743850826305620E-004   0.0000000000000000     
   14.256000000000000        0.0000000000000000       -6.0873590613572744E-004   0.0000000000000000     
   14.454000000000001        0.0000000000000000       -6.0012424537786793E-004   0.0000000000000000     
   14.652000000000001        0.0000000000000000       -5.9158942035823694E-004   0.0000000000000000     
   14.850000000000001        0.0000000000000000       -5.8311650071119815E-004   0.0000000000000000     
   15.048000000000000        0.0000000000000000       -5.7468953638692877E-004   0.0000000000000000     
   15.246000000000000        0.0000000000000000       -5.6629138044528694E-004   0.0000000000000000     
   15.444000000000001        0.0000000000000000       -5.5790342244008205E-004   0.0000000000000000     
   15.642000000000001        0.0000000000000000       -5.4950531558154347E-004   0.0000000000000000     
   15.840000000000000        0.0000000000000000       -5.4107463684159151E-004   0.0000000000000000     
   16.038000000000000        0.0000000000000000       -5.3258649843688035E-004   0.0000000000000000     
   16.236000000000001        0.0000000000000000       -5.2401307819797873E-004   0.0000000000000000     
   16.434000000000001        0.0000000000000000       -5.1532310834465566E-004   0.0000000000000000     
   16.632000000000001        0.0000000000000000       -5.0648127732876578E-004   0.0000000000000000     
   16.830000000000002        0.0000000000000000       -4.9762607877167997E-004   0.0000000000000000     
   17.028000000000002        0.0000000000000000       -4.8839191994450330E-004   0.0000000000000000     
   17.225999999999999        0.0000000000000000       -4.7887360843283005E-004   0.0000000000000000     
   17.423999999999999        0.0000000000000000       -4.6901515815957293E-004   0.0000000000000000     
   17.622000000000000        0.0000000000000000       -4.5875443556179726E-004   0.0000000000000000     
   17.820000000000000        0.0000000000000000       -4.4792870180865145E-004   0.0000000000000000     
   18.018000000000001        0.0000000000000000       -4.3661744479660551E-004   0.0000000000000000     
   18.216000000000001        0.0000000000000000       -4.2457939376666442E-004   0.0000000000000000     
   18.414000000000001        0.0000000000000000       -4.1184612067603693E-004   0.0000000000000000     
   18.612000000000002        0.0000000000000000       -3.9848828687357260E-004   0.0000000000000000     
   18.810000000000002        0.0000000000000000       -3.8445835917604043E-004   0.0000000000000000     
   19.008000000000003        0.0000000000000000       -3.6993908780285771E-004   0.0000000000000000     
   19.206000000000000        0.0000000000000000       -3.5503314538842199E-004   0.0000000000000000     
   19.404000000000000        0.0000000000000000       -3.4012369099729981E-004   0.0000000000000000     
   19.602000000000000        0.0000000000000000       -3.2386031739952217E-004   0.0000000000000000     
