  -19.602000000000000        0.0000000000000000        1.3831980637315318E-003   0.0000000000000000     
  -19.404000000000000        0.0000000000000000        1.4705718031884170E-003   0.0000000000000000     
  -19.206000000000000        0.0000000000000000        1.5476839998066537E-003   0.0000000000000000     
  -19.008000000000003        0.0000000000000000        1.6175752951415809E-003   0.0000000000000000     
  -18.810000000000002        0.0000000000000000        1.6824490589610875E-003   0.0000000000000000     
  -18.612000000000002        0.0000000000000000        1.7421831711218040E-003   0.0000000000000000     
  -18.414000000000001        0.0000000000000000        1.7981266966151765E-003   0.0000000000000000     
  -18.216000000000001        0.0000000000000000        1.8504466060190392E-003   0.0000000000000000     
  -18.018000000000001        0.0000000000000000        1.8994097427348061E-003   0.0000000000000000     
  -17.820000000000000        0.0000000000000000        1.9460908663382003E-003   0.0000000000000000     
  -17.622000000000000        0.0000000000000000        1.9904046095604758E-003   0.0000000000000000     
  -17.423999999999999        0.0000000000000000        2.0330080292386846E-003   0.0000000000000000     
  -17.225999999999999        0.0000000000000000        2.0742151687454199E-003   0.0000000000000000     
  -17.028000000000002        0.0000000000000000        2.1142931563023571E-003   0.0000000000000000     
  -16.830000000000002        0.0000000000000000        2.1534689134652318E-003   0.0000000000000000     
  -16.632000000000001        0.0000000000000000        2.1920602521750395E-003   0.0000000000000000     
  -16.434000000000001        0.0000000000000000        2.2301179457911331E-003   0.0000000000000000     
  -16.236000000000001        0.0000000000000000        2.2678037385778236E-003   0.0000000000000000     
  -16.038000000000000        0.0000000000000000        2.3052599636995104E-003   0.0000000000000000     
  -15.840000000000000        0.0000000000000000        2.3426128513757542E-003   0.0000000000000000     
  -15.642000000000001        0.0000000000000000        2.3799754637282323E-003   0.0000000000000000     
  -15.444000000000001        0.0000000000000000        2.4174499791037541E-003   0.0000000000000000     
  -15.246000000000000        0.0000000000000000        2.4551296973379399E-003   0.0000000000000000     
  -15.048000000000000        0.0000000000000000        2.4931007115764161E-003   0.0000000000000000     
  -14.850000000000001        0.0000000000000000        2.5314432597884260E-003   0.0000000000000000     
  -14.652000000000001        0.0000000000000000        2.5702330490888709E-003   0.0000000000000000     
  -14.454000000000001        0.0000000000000000        2.6095420998294232E-003   0.0000000000000000     
  -14.256000000000000        0.0000000000000000        2.6494398362573385E-003   0.0000000000000000     
  -14.058000000000000        0.0000000000000000        2.6899936842693039E-003   0.0000000000000000     
  -13.860000000000001        0.0000000000000000        2.7312699157329904E-003   0.0000000000000000     
  -13.662000000000001        0.0000000000000000        2.7733341067112316E-003   0.0000000000000000     
  -13.464000000000000        0.0000000000000000        2.8162520055185977E-003   0.0000000000000000     
  -13.266000000000000        0.0000000000000000        2.8600896427551105E-003   0.0000000000000000     
  -13.068000000000001        0.0000000000000000        2.9049141834626559E-003   0.0000000000000000     
  -12.870000000000001        0.0000000000000000        2.9507942486999630E-003   0.0000000000000000     
  -12.672000000000001        0.0000000000000000        2.9978004920962384E-003   0.0000000000000000     
  -12.474000000000000        0.0000000000000000        3.0460059276479468E-003   0.0000000000000000     
  -12.276000000000000        0.0000000000000000        3.0954865530511779E-003   0.0000000000000000     
  -12.078000000000001        0.0000000000000000        3.1463217275032795E-003   0.0000000000000000     
  -11.880000000000001        0.0000000000000000        3.1985949264995914E-003   0.0000000000000000     
  -11.682000000000000        0.0000000000000000        3.2523938944980270E-003   0.0000000000000000     
  -11.484000000000000        0.0000000000000000        3.3078116150592825E-003   0.0000000000000000     
  -11.286000000000001        0.0000000000000000        3.3649466456719479E-003   0.0000000000000000     
  -11.088000000000001        0.0000000000000000        3.4239040471053506E-003   0.0000000000000000     
  -10.890000000000001        0.0000000000000000        3.4847959645719307E-003   0.0000000000000000     
  -10.692000000000000        0.0000000000000000        3.5477423847131281E-003   0.0000000000000000     
  -10.494000000000000        0.0000000000000000        3.6128722275256013E-003   0.0000000000000000     
  -10.296000000000001        0.0000000000000000        3.6803242126895188E-003   0.0000000000000000     
  -10.098000000000001        0.0000000000000000        3.7502479466556046E-003   0.0000000000000000     
  -9.9000000000000004        0.0000000000000000        3.8228050198713987E-003   0.0000000000000000     
  -9.7020000000000000        0.0000000000000000        3.8981707585641341E-003   0.0000000000000000     
  -9.5040000000000013        0.0000000000000000        3.9765352229942652E-003   0.0000000000000000     
  -9.3060000000000009        0.0000000000000000        4.0581052101843450E-003   0.0000000000000000     
  -9.1080000000000005        0.0000000000000000        4.1431060310499661E-003   0.0000000000000000     
  -8.9100000000000001        0.0000000000000000        4.2317836897586836E-003   0.0000000000000000     
  -8.7119999999999997        0.0000000000000000        4.3244069302419298E-003   0.0000000000000000     
  -8.5140000000000011        0.0000000000000000        4.4212704202597009E-003   0.0000000000000000     
  -8.3160000000000007        0.0000000000000000        4.5226970503563328E-003   0.0000000000000000     
  -8.1180000000000003        0.0000000000000000        4.6290415557556815E-003   0.0000000000000000     
  -7.9199999999999999        0.0000000000000000        4.7406943107384837E-003   0.0000000000000000     
  -7.7220000000000004        0.0000000000000000        4.8580848619344721E-003   0.0000000000000000     
  -7.5240000000000000        0.0000000000000000        4.9816868874440817E-003   0.0000000000000000     
  -7.3260000000000005        0.0000000000000000        5.1120229294404698E-003   0.0000000000000000     
  -7.1280000000000001        0.0000000000000000        5.2496698722355834E-003   0.0000000000000000     
  -6.9300000000000006        0.0000000000000000        5.3952647401353040E-003   0.0000000000000000     
  -6.7320000000000002        0.0000000000000000        5.5495111034757297E-003   0.0000000000000000     
  -6.5340000000000007        0.0000000000000000        5.7131855866278669E-003   0.0000000000000000     
  -6.3360000000000003        0.0000000000000000        5.8871449111925116E-003   0.0000000000000000     
  -6.1379999999999999        0.0000000000000000        6.0723323894297833E-003   0.0000000000000000     
  -5.9400000000000004        0.0000000000000000        6.2697846975545563E-003   0.0000000000000000     
  -5.7420000000000000        0.0000000000000000        6.4806364715740495E-003   0.0000000000000000     
  -5.5440000000000005        0.0000000000000000        6.7061242311132422E-003   0.0000000000000000     
  -5.3460000000000001        0.0000000000000000        6.9475852751602540E-003   0.0000000000000000     
  -5.1480000000000006        0.0000000000000000        7.2064532202855405E-003   0.0000000000000000     
  -4.9500000000000002        0.0000000000000000        7.4842430550097899E-003   0.0000000000000000     
  -4.7520000000000007        0.0000000000000000        7.7825256552460842E-003   0.0000000000000000     
  -4.5540000000000003        0.0000000000000000        8.1028823014884198E-003   0.0000000000000000     
  -4.3559999999999999        0.0000000000000000        8.4468350176751025E-003   0.0000000000000000     
  -4.1580000000000004        0.0000000000000000        8.8157392399802453E-003   0.0000000000000000     
  -3.9600000000000000        0.0000000000000000        9.2106299049914096E-003   0.0000000000000000     
  -3.7620000000000000        0.0000000000000000        9.6320092163301105E-003   0.0000000000000000     
  -3.5640000000000001        0.0000000000000000        1.0079583546141390E-002   0.0000000000000000     
  -3.3660000000000001        0.0000000000000000        1.0552018687384583E-002   0.0000000000000000     
  -3.1680000000000001        0.0000000000000000        1.1046997912692140E-002   0.0000000000000000     
  -2.9700000000000002        0.0000000000000000        1.1562651167411838E-002   0.0000000000000000     
  -2.7720000000000002        0.0000000000000000        1.2099951244601902E-002   0.0000000000000000     
  -2.5740000000000003        0.0000000000000000        1.2649396027006200E-002   0.0000000000000000     
  -2.3760000000000003        0.0000000000000000        1.3189485420791311E-002   0.0000000000000000     
  -2.1779999999999999        0.0000000000000000        1.3698228519238805E-002   0.0000000000000000     
  -1.9800000000000000        0.0000000000000000        1.4149303387242013E-002   0.0000000000000000     
  -1.7820000000000000        0.0000000000000000        1.4505551605070855E-002   0.0000000000000000     
  -1.5840000000000001        0.0000000000000000        1.4714921530075276E-002   0.0000000000000000     
  -1.3860000000000001        0.0000000000000000        1.4682837541736040E-002   0.0000000000000000     
  -1.1880000000000002        0.0000000000000000        1.4298559936963658E-002   0.0000000000000000     
 -0.98999999999999999        0.0000000000000000        1.3461723795007915E-002   0.0000000000000000     
 -0.79200000000000004        0.0000000000000000        1.2050891316006637E-002   0.0000000000000000     
 -0.59400000000000008        0.0000000000000000        9.9740976972655885E-003   0.0000000000000000     
 -0.39600000000000002        0.0000000000000000        7.1942681345981800E-003   0.0000000000000000     
 -0.19800000000000001        0.0000000000000000        3.7841564731917587E-003   0.0000000000000000     
   0.0000000000000000        0.0000000000000000        0.0000000000000000        0.0000000000000000     
  0.19800000000000001        0.0000000000000000       -3.7841564731917587E-003   0.0000000000000000     
  0.39600000000000002        0.0000000000000000       -7.1942681345981800E-003   0.0000000000000000     
  0.59400000000000008        0.0000000000000000       -9.9740976972655885E-003   0.0000000000000000     
  0.79200000000000004        0.0000000000000000       -1.2050891316006637E-002   0.0000000000000000     
  0.98999999999999999        0.0000000000000000       -1.3461723795007915E-002   0.0000000000000000     
   1.1880000000000002        0.0000000000000000       -1.4298559936963658E-002   0.0000000000000000     
   1.3860000000000001        0.0000000000000000       -1.4682837541736040E-002   0.0000000000000000     
   1.5840000000000001        0.0000000000000000       -1.4714921530075276E-002   0.0000000000000000     
   1.7820000000000000        0.0000000000000000       -1.4505551605070855E-002   0.0000000000000000     
   1.9800000000000000        0.0000000000000000       -1.4149303387242013E-002   0.0000000000000000     
   2.1779999999999999        0.0000000000000000       -1.3698228519238805E-002   0.0000000000000000     
   2.3760000000000003        0.0000000000000000       -1.3189485420791311E-002   0.0000000000000000     
   2.5740000000000003        0.0000000000000000       -1.2649396027006200E-002   0.0000000000000000     
   2.7720000000000002        0.0000000000000000       -1.2099951244601902E-002   0.0000000000000000     
   2.9700000000000002        0.0000000000000000       -1.1562651167411838E-002   0.0000000000000000     
   3.1680000000000001        0.0000000000000000       -1.1046997912692140E-002   0.0000000000000000     
   3.3660000000000001        0.0000000000000000       -1.0552018687384583E-002   0.0000000000000000     
   3.5640000000000001        0.0000000000000000       -1.0079583546141390E-002   0.0000000000000000     
   3.7620000000000000        0.0000000000000000       -9.6320092163301105E-003   0.0000000000000000     
   3.9600000000000000        0.0000000000000000       -9.2106299049914096E-003   0.0000000000000000     
   4.1580000000000004        0.0000000000000000       -8.8157392399802453E-003   0.0000000000000000     
   4.3559999999999999        0.0000000000000000       -8.4468350176751025E-003   0.0000000000000000     
   4.5540000000000003        0.0000000000000000       -8.1028823014884198E-003   0.0000000000000000     
   4.7520000000000007        0.0000000000000000       -7.7825256552460842E-003   0.0000000000000000     
   4.9500000000000002        0.0000000000000000       -7.4842430550097899E-003   0.0000000000000000     
   5.1480000000000006        0.0000000000000000       -7.2064532202855405E-003   0.0000000000000000     
   5.3460000000000001        0.0000000000000000       -6.9475852751602540E-003   0.0000000000000000     
   5.5440000000000005        0.0000000000000000       -6.7061242311132422E-003   0.0000000000000000     
   5.7420000000000000        0.0000000000000000       -6.4806364715740495E-003   0.0000000000000000     
   5.9400000000000004        0.0000000000000000       -6.2697846975545563E-003   0.0000000000000000     
   6.1379999999999999        0.0000000000000000       -6.0723323894297833E-003   0.0000000000000000     
   6.3360000000000003        0.0000000000000000       -5.8871449111925116E-003   0.0000000000000000     
   6.5340000000000007        0.0000000000000000       -5.7131855866278669E-003   0.0000000000000000     
   6.7320000000000002        0.0000000000000000       -5.5495111034757297E-003   0.0000000000000000     
   6.9300000000000006        0.0000000000000000       -5.3952647401353040E-003   0.0000000000000000     
   7.1280000000000001        0.0000000000000000       -5.2496698722355834E-003   0.0000000000000000     
   7.3260000000000005        0.0000000000000000       -5.1120229294404698E-003   0.0000000000000000     
   7.5240000000000000        0.0000000000000000       -4.9816868874440817E-003   0.0000000000000000     
   7.7220000000000004        0.0000000000000000       -4.8580848619344721E-003   0.0000000000000000     
   7.9199999999999999        0.0000000000000000       -4.7406943107384837E-003   0.0000000000000000     
   8.1180000000000003        0.0000000000000000       -4.6290415557556815E-003   0.0000000000000000     
   8.3160000000000007        0.0000000000000000       -4.5226970503563328E-003   0.0000000000000000     
   8.5140000000000011        0.0000000000000000       -4.4212704202597009E-003   0.0000000000000000     
   8.7119999999999997        0.0000000000000000       -4.3244069302419298E-003   0.0000000000000000     
   8.9100000000000001        0.0000000000000000       -4.2317836897586836E-003   0.0000000000000000     
   9.1080000000000005        0.0000000000000000       -4.1431060310499661E-003   0.0000000000000000     
   9.3060000000000009        0.0000000000000000       -4.0581052101843450E-003   0.0000000000000000     
   9.5040000000000013        0.0000000000000000       -3.9765352229942652E-003   0.0000000000000000     
   9.7020000000000000        0.0000000000000000       -3.8981707585641341E-003   0.0000000000000000     
   9.9000000000000004        0.0000000000000000       -3.8228050198713987E-003   0.0000000000000000     
   10.098000000000001        0.0000000000000000       -3.7502479466556046E-003   0.0000000000000000     
   10.296000000000001        0.0000000000000000       -3.6803242126895188E-003   0.0000000000000000     
   10.494000000000000        0.0000000000000000       -3.6128722275256013E-003   0.0000000000000000     
   10.692000000000000        0.0000000000000000       -3.5477423847131281E-003   0.0000000000000000     
   10.890000000000001        0.0000000000000000       -3.4847959645719307E-003   0.0000000000000000     
   11.088000000000001        0.0000000000000000       -3.4239040471053506E-003   0.0000000000000000     
   11.286000000000001        0.0000000000000000       -3.3649466456719479E-003   0.0000000000000000     
   11.484000000000000        0.0000000000000000       -3.3078116150592825E-003   0.0000000000000000     
   11.682000000000000        0.0000000000000000       -3.2523938944980270E-003   0.0000000000000000     
   11.880000000000001        0.0000000000000000       -3.1985949264995914E-003   0.0000000000000000     
   12.078000000000001        0.0000000000000000       -3.1463217275032795E-003   0.0000000000000000     
   12.276000000000000        0.0000000000000000       -3.0954865530511779E-003   0.0000000000000000     
   12.474000000000000        0.0000000000000000       -3.0460059276479468E-003   0.0000000000000000     
   12.672000000000001        0.0000000000000000       -2.9978004920962384E-003   0.0000000000000000     
   12.870000000000001        0.0000000000000000       -2.9507942486999630E-003   0.0000000000000000     
   13.068000000000001        0.0000000000000000       -2.9049141834626559E-003   0.0000000000000000     
   13.266000000000000        0.0000000000000000       -2.8600896427551105E-003   0.0000000000000000     
   13.464000000000000        0.0000000000000000       -2.8162520055185977E-003   0.0000000000000000     
   13.662000000000001        0.0000000000000000       -2.7733341067112316E-003   0.0000000000000000     
   13.860000000000001        0.0000000000000000       -2.7312699157329904E-003   0.0000000000000000     
   14.058000000000000        0.0000000000000000       -2.6899936842693039E-003   0.0000000000000000     
   14.256000000000000        0.0000000000000000       -2.6494398362573385E-003   0.0000000000000000     
   14.454000000000001        0.0000000000000000       -2.6095420998294232E-003   0.0000000000000000     
   14.652000000000001        0.0000000000000000       -2.5702330490888709E-003   0.0000000000000000     
   14.850000000000001        0.0000000000000000       -2.5314432597884260E-003   0.0000000000000000     
   15.048000000000000        0.0000000000000000       -2.4931007115764161E-003   0.0000000000000000     
   15.246000000000000        0.0000000000000000       -2.4551296973379399E-003   0.0000000000000000     
   15.444000000000001        0.0000000000000000       -2.4174499791037541E-003   0.0000000000000000     
   15.642000000000001        0.0000000000000000       -2.3799754637282323E-003   0.0000000000000000     
   15.840000000000000        0.0000000000000000       -2.3426128513757542E-003   0.0000000000000000     
   16.038000000000000        0.0000000000000000       -2.3052599636995104E-003   0.0000000000000000     
   16.236000000000001        0.0000000000000000       -2.2678037385778236E-003   0.0000000000000000     
   16.434000000000001        0.0000000000000000       -2.2301179457911331E-003   0.0000000000000000     
   16.632000000000001        0.0000000000000000       -2.1920602521750395E-003   0.0000000000000000     
   16.830000000000002        0.0000000000000000       -2.1534689134652318E-003   0.0000000000000000     
   17.028000000000002        0.0000000000000000       -2.1142931563023571E-003   0.0000000000000000     
   17.225999999999999        0.0000000000000000       -2.0742151687454199E-003   0.0000000000000000     
   17.423999999999999        0.0000000000000000       -2.0330080292386846E-003   0.0000000000000000     
   17.622000000000000        0.0000000000000000       -1.9904046095604758E-003   0.0000000000000000     
   17.820000000000000        0.0000000000000000       -1.9460908663382003E-003   0.0000000000000000     
   18.018000000000001        0.0000000000000000       -1.8994097427348061E-003   0.0000000000000000     
   18.216000000000001        0.0000000000000000       -1.8504466060190392E-003   0.0000000000000000     
   18.414000000000001        0.0000000000000000       -1.7981266966151765E-003   0.0000000000000000     
   18.612000000000002        0.0000000000000000       -1.7421831711218040E-003   0.0000000000000000     
   18.810000000000002        0.0000000000000000       -1.6824490589610875E-003   0.0000000000000000     
   19.008000000000003        0.0000000000000000       -1.6175752951415809E-003   0.0000000000000000     
   19.206000000000000        0.0000000000000000       -1.5476839998066537E-003   0.0000000000000000     
   19.404000000000000        0.0000000000000000       -1.4705718031884170E-003   0.0000000000000000     
   19.602000000000000        0.0000000000000000       -1.3831980637315318E-003   0.0000000000000000     
