  -19.602000000000000        0.0000000000000000       -3.4230256414882721E-004   0.0000000000000000     
  -19.404000000000000        0.0000000000000000       -3.5949439574294647E-004   0.0000000000000000     
  -19.206000000000000        0.0000000000000000       -3.7544611081933134E-004   0.0000000000000000     
  -19.008000000000003        0.0000000000000000       -3.9108465922108585E-004   0.0000000000000000     
  -18.810000000000002        0.0000000000000000       -4.0636025443575532E-004   0.0000000000000000     
  -18.612000000000002        0.0000000000000000       -4.2116194226507307E-004   0.0000000000000000     
  -18.414000000000001        0.0000000000000000       -4.3510212496497168E-004   0.0000000000000000     
  -18.216000000000001        0.0000000000000000       -4.4840278386532815E-004   0.0000000000000000     
  -18.018000000000001        0.0000000000000000       -4.6095273916995055E-004   0.0000000000000000     
  -17.820000000000000        0.0000000000000000       -4.7282716948624214E-004   0.0000000000000000     
  -17.622000000000000        0.0000000000000000       -4.8411272411977871E-004   0.0000000000000000     
  -17.423999999999999        0.0000000000000000       -4.9483940154561236E-004   0.0000000000000000     
  -17.225999999999999        0.0000000000000000       -5.0514439687203189E-004   0.0000000000000000     
  -17.028000000000002        0.0000000000000000       -5.1509252329983780E-004   0.0000000000000000     
  -16.830000000000002        0.0000000000000000       -5.2474228241515606E-004   0.0000000000000000     
  -16.632000000000001        0.0000000000000000       -5.3414577068958309E-004   0.0000000000000000     
  -16.434000000000001        0.0000000000000000       -5.4328959264142408E-004   0.0000000000000000     
  -16.236000000000001        0.0000000000000000       -5.5236920502245879E-004   0.0000000000000000     
  -16.038000000000000        0.0000000000000000       -5.6132154474408376E-004   0.0000000000000000     
  -15.840000000000000        0.0000000000000000       -5.7017819920279376E-004   0.0000000000000000     
  -15.642000000000001        0.0000000000000000       -5.7896723523461532E-004   0.0000000000000000     
  -15.444000000000001        0.0000000000000000       -5.8771377595678690E-004   0.0000000000000000     
  -15.246000000000000        0.0000000000000000       -5.9644043692758868E-004   0.0000000000000000     
  -15.048000000000000        0.0000000000000000       -6.0516772987214871E-004   0.0000000000000000     
  -14.850000000000001        0.0000000000000000       -6.1391440839570865E-004   0.0000000000000000     
  -14.652000000000001        0.0000000000000000       -6.2269772636122656E-004   0.0000000000000000     
  -14.454000000000001        0.0000000000000000       -6.3153370709752440E-004   0.0000000000000000     
  -14.256000000000000        0.0000000000000000       -6.4043733713928274E-004   0.0000000000000000     
  -14.058000000000000        0.0000000000000000       -6.4942273438851807E-004   0.0000000000000000     
  -13.860000000000001        0.0000000000000000       -6.5850330492703204E-004   0.0000000000000000     
  -13.662000000000001        0.0000000000000000       -6.6769190363107295E-004   0.0000000000000000     
  -13.464000000000000        0.0000000000000000       -6.7700088411857824E-004   0.0000000000000000     
  -13.266000000000000        0.0000000000000000       -6.8644227146178415E-004   0.0000000000000000     
  -13.068000000000001        0.0000000000000000       -6.9602779525494989E-004   0.0000000000000000     
  -12.870000000000001        0.0000000000000000       -7.0576899066102810E-004   0.0000000000000000     
  -12.672000000000001        0.0000000000000000       -7.1567725809487464E-004   0.0000000000000000     
  -12.474000000000000        0.0000000000000000       -7.2576394341536117E-004   0.0000000000000000     
  -12.276000000000000        0.0000000000000000       -7.3604034852548157E-004   0.0000000000000000     
  -12.078000000000001        0.0000000000000000       -7.4651785030670236E-004   0.0000000000000000     
  -11.880000000000001        0.0000000000000000       -7.5720786619742052E-004   0.0000000000000000     
  -11.682000000000000        0.0000000000000000       -7.6812194875859022E-004   0.0000000000000000     
  -11.484000000000000        0.0000000000000000       -7.7927179074333865E-004   0.0000000000000000     
  -11.286000000000001        0.0000000000000000       -7.9066929803030988E-004   0.0000000000000000     
  -11.088000000000001        0.0000000000000000       -8.0232656954683159E-004   0.0000000000000000     
  -10.890000000000001        0.0000000000000000       -8.1425596127282203E-004   0.0000000000000000     
  -10.692000000000000        0.0000000000000000       -8.2647004772898769E-004   0.0000000000000000     
  -10.494000000000000        0.0000000000000000       -8.3898174004703443E-004   0.0000000000000000     
  -10.296000000000001        0.0000000000000000       -8.5180420969498745E-004   0.0000000000000000     
  -10.098000000000001        0.0000000000000000       -8.6495092664333549E-004   0.0000000000000000     
  -9.9000000000000004        0.0000000000000000       -8.7843569321048088E-004   0.0000000000000000     
  -9.7020000000000000        0.0000000000000000       -8.9227262603103577E-004   0.0000000000000000     
  -9.5040000000000013        0.0000000000000000       -9.0647614127904372E-004   0.0000000000000000     
  -9.3060000000000009        0.0000000000000000       -9.2106094959836210E-004   0.0000000000000000     
  -9.1080000000000005        0.0000000000000000       -9.3604210947765751E-004   0.0000000000000000     
  -8.9100000000000001        0.0000000000000000       -9.5143494420663413E-004   0.0000000000000000     
  -8.7119999999999997        0.0000000000000000       -9.6725504904838751E-004   0.0000000000000000     
  -8.5140000000000011        0.0000000000000000       -9.8351831964077962E-004   0.0000000000000000     
  -8.3160000000000007        0.0000000000000000       -1.0002408990535121E-003   0.0000000000000000     
  -8.1180000000000003        0.0000000000000000       -1.0174392684363237E-003   0.0000000000000000     
  -7.9199999999999999        0.0000000000000000       -1.0351301865004451E-003   0.0000000000000000     
  -7.7220000000000004        0.0000000000000000       -1.0533308750492723E-003   0.0000000000000000     
  -7.5240000000000000        0.0000000000000000       -1.0720590746001225E-003   0.0000000000000000     
  -7.3260000000000005        0.0000000000000000       -1.0913333384219804E-003   0.0000000000000000     
  -7.1280000000000001        0.0000000000000000       -1.1111733576822504E-003   0.0000000000000000     
  -6.9300000000000006        0.0000000000000000       -1.1316005545054500E-003   0.0000000000000000     
  -6.7320000000000002        0.0000000000000000       -1.1526389495689069E-003   0.0000000000000000     
  -6.5340000000000007        0.0000000000000000       -1.1743164120800254E-003   0.0000000000000000     
  -6.3360000000000003        0.0000000000000000       -1.1966664886979748E-003   0.0000000000000000     
  -6.1379999999999999        0.0000000000000000       -1.2197311129267447E-003   0.0000000000000000     
  -5.9400000000000004        0.0000000000000000       -1.2435644651094693E-003   0.0000000000000000     
  -5.7420000000000000        0.0000000000000000       -1.2682384277100177E-003   0.0000000000000000     
  -5.5440000000000005        0.0000000000000000       -1.2938502479228021E-003   0.0000000000000000     
  -5.3460000000000001        0.0000000000000000       -1.3205334110779749E-003   0.0000000000000000     
  -5.1480000000000006        0.0000000000000000       -1.3484726441708474E-003   0.0000000000000000     
  -4.9500000000000002        0.0000000000000000       -1.3779242725028458E-003   0.0000000000000000     
  -4.7520000000000007        0.0000000000000000       -1.4092434468623391E-003   0.0000000000000000     
  -4.5540000000000003        0.0000000000000000       -1.4429184612263595E-003   0.0000000000000000     
  -4.3559999999999999        0.0000000000000000       -1.4796108291719680E-003   0.0000000000000000     
  -4.1580000000000004        0.0000000000000000       -1.5201907471672337E-003   0.0000000000000000     
  -3.9600000000000000        0.0000000000000000       -1.5657328523105583E-003   0.0000000000000000     
  -3.7620000000000000        0.0000000000000000       -1.6173540309031677E-003   0.0000000000000000     
  -3.5640000000000001        0.0000000000000000       -1.6755718486849321E-003   0.0000000000000000     
  -3.3660000000000001        0.0000000000000000       -1.7390651533956184E-003   0.0000000000000000     
  -3.1680000000000001        0.0000000000000000       -1.8052400456431889E-003   0.0000000000000000     
  -2.9700000000000002        0.0000000000000000       -1.8698519318656576E-003   0.0000000000000000     
  -2.7720000000000002        0.0000000000000000       -1.9325616519966259E-003   0.0000000000000000     
  -2.5740000000000003        0.0000000000000000       -1.9974965662479666E-003   0.0000000000000000     
  -2.3760000000000003        0.0000000000000000       -2.0662846498803061E-003   0.0000000000000000     
  -2.1779999999999999        0.0000000000000000       -2.1382956030017043E-003   0.0000000000000000     
  -1.9800000000000000        0.0000000000000000       -2.2098237938751710E-003   0.0000000000000000     
  -1.7820000000000000        0.0000000000000000       -2.2745134412712788E-003   0.0000000000000000     
  -1.5840000000000001        0.0000000000000000       -2.3227897485897176E-003   0.0000000000000000     
  -1.3860000000000001        0.0000000000000000       -2.3412926867113402E-003   0.0000000000000000     
  -1.1880000000000002        0.0000000000000000       -2.3138737373063737E-003   0.0000000000000000     
 -0.98999999999999999        0.0000000000000000       -2.2175534791275416E-003   0.0000000000000000     
 -0.79200000000000004        0.0000000000000000       -2.0294451711034131E-003   0.0000000000000000     
 -0.59400000000000008        0.0000000000000000       -1.7214204786286350E-003   0.0000000000000000     
 -0.39600000000000002        0.0000000000000000       -1.2673648285068521E-003   0.0000000000000000     
 -0.19800000000000001        0.0000000000000000       -6.7567645247911044E-004   0.0000000000000000     
   0.0000000000000000        0.0000000000000000        0.0000000000000000        0.0000000000000000     
  0.19800000000000001        0.0000000000000000        6.7567645247911044E-004   0.0000000000000000     
  0.39600000000000002        0.0000000000000000        1.2673648285068521E-003   0.0000000000000000     
  0.59400000000000008        0.0000000000000000        1.7214204786286350E-003   0.0000000000000000     
  0.79200000000000004        0.0000000000000000        2.0294451711034131E-003   0.0000000000000000     
  0.98999999999999999        0.0000000000000000        2.2175534791275416E-003   0.0000000000000000     
   1.1880000000000002        0.0000000000000000        2.3138737373063737E-003   0.0000000000000000     
   1.3860000000000001        0.0000000000000000        2.3412926867113402E-003   0.0000000000000000     
   1.5840000000000001        0.0000000000000000        2.3227897485897176E-003   0.0000000000000000     
   1.7820000000000000        0.0000000000000000        2.2745134412712788E-003   0.0000000000000000     
   1.9800000000000000        0.0000000000000000        2.2098237938751710E-003   0.0000000000000000     
   2.1779999999999999        0.0000000000000000        2.1382956030017043E-003   0.0000000000000000     
   2.3760000000000003        0.0000000000000000        2.0662846498803061E-003   0.0000000000000000     
   2.5740000000000003        0.0000000000000000        1.9974965662479666E-003   0.0000000000000000     
   2.7720000000000002        0.0000000000000000        1.9325616519966259E-003   0.0000000000000000     
   2.9700000000000002        0.0000000000000000        1.8698519318656576E-003   0.0000000000000000     
   3.1680000000000001        0.0000000000000000        1.8052400456431889E-003   0.0000000000000000     
   3.3660000000000001        0.0000000000000000        1.7390651533956184E-003   0.0000000000000000     
   3.5640000000000001        0.0000000000000000        1.6755718486849321E-003   0.0000000000000000     
   3.7620000000000000        0.0000000000000000        1.6173540309031677E-003   0.0000000000000000     
   3.9600000000000000        0.0000000000000000        1.5657328523105583E-003   0.0000000000000000     
   4.1580000000000004        0.0000000000000000        1.5201907471672337E-003   0.0000000000000000     
   4.3559999999999999        0.0000000000000000        1.4796108291719680E-003   0.0000000000000000     
   4.5540000000000003        0.0000000000000000        1.4429184612263595E-003   0.0000000000000000     
   4.7520000000000007        0.0000000000000000        1.4092434468623391E-003   0.0000000000000000     
   4.9500000000000002        0.0000000000000000        1.3779242725028458E-003   0.0000000000000000     
   5.1480000000000006        0.0000000000000000        1.3484726441708474E-003   0.0000000000000000     
   5.3460000000000001        0.0000000000000000        1.3205334110779749E-003   0.0000000000000000     
   5.5440000000000005        0.0000000000000000        1.2938502479228021E-003   0.0000000000000000     
   5.7420000000000000        0.0000000000000000        1.2682384277100177E-003   0.0000000000000000     
   5.9400000000000004        0.0000000000000000        1.2435644651094693E-003   0.0000000000000000     
   6.1379999999999999        0.0000000000000000        1.2197311129267447E-003   0.0000000000000000     
   6.3360000000000003        0.0000000000000000        1.1966664886979748E-003   0.0000000000000000     
   6.5340000000000007        0.0000000000000000        1.1743164120800254E-003   0.0000000000000000     
   6.7320000000000002        0.0000000000000000        1.1526389495689069E-003   0.0000000000000000     
   6.9300000000000006        0.0000000000000000        1.1316005545054500E-003   0.0000000000000000     
   7.1280000000000001        0.0000000000000000        1.1111733576822504E-003   0.0000000000000000     
   7.3260000000000005        0.0000000000000000        1.0913333384219804E-003   0.0000000000000000     
   7.5240000000000000        0.0000000000000000        1.0720590746001225E-003   0.0000000000000000     
   7.7220000000000004        0.0000000000000000        1.0533308750492723E-003   0.0000000000000000     
   7.9199999999999999        0.0000000000000000        1.0351301865004451E-003   0.0000000000000000     
   8.1180000000000003        0.0000000000000000        1.0174392684363237E-003   0.0000000000000000     
   8.3160000000000007        0.0000000000000000        1.0002408990535121E-003   0.0000000000000000     
   8.5140000000000011        0.0000000000000000        9.8351831964077962E-004   0.0000000000000000     
   8.7119999999999997        0.0000000000000000        9.6725504904838751E-004   0.0000000000000000     
   8.9100000000000001        0.0000000000000000        9.5143494420663413E-004   0.0000000000000000     
   9.1080000000000005        0.0000000000000000        9.3604210947765751E-004   0.0000000000000000     
   9.3060000000000009        0.0000000000000000        9.2106094959836210E-004   0.0000000000000000     
   9.5040000000000013        0.0000000000000000        9.0647614127904372E-004   0.0000000000000000     
   9.7020000000000000        0.0000000000000000        8.9227262603103577E-004   0.0000000000000000     
   9.9000000000000004        0.0000000000000000        8.7843569321048088E-004   0.0000000000000000     
   10.098000000000001        0.0000000000000000        8.6495092664333549E-004   0.0000000000000000     
   10.296000000000001        0.0000000000000000        8.5180420969498745E-004   0.0000000000000000     
   10.494000000000000        0.0000000000000000        8.3898174004703443E-004   0.0000000000000000     
   10.692000000000000        0.0000000000000000        8.2647004772898769E-004   0.0000000000000000     
   10.890000000000001        0.0000000000000000        8.1425596127282203E-004   0.0000000000000000     
   11.088000000000001        0.0000000000000000        8.0232656954683159E-004   0.0000000000000000     
   11.286000000000001        0.0000000000000000        7.9066929803030988E-004   0.0000000000000000     
   11.484000000000000        0.0000000000000000        7.7927179074333865E-004   0.0000000000000000     
   11.682000000000000        0.0000000000000000        7.6812194875859022E-004   0.0000000000000000     
   11.880000000000001        0.0000000000000000        7.5720786619742052E-004   0.0000000000000000     
   12.078000000000001        0.0000000000000000        7.4651785030670236E-004   0.0000000000000000     
   12.276000000000000        0.0000000000000000        7.3604034852548157E-004   0.0000000000000000     
   12.474000000000000        0.0000000000000000        7.2576394341536117E-004   0.0000000000000000     
   12.672000000000001        0.0000000000000000        7.1567725809487464E-004   0.0000000000000000     
   12.870000000000001        0.0000000000000000        7.0576899066102810E-004   0.0000000000000000     
   13.068000000000001        0.0000000000000000        6.9602779525494989E-004   0.0000000000000000     
   13.266000000000000        0.0000000000000000        6.8644227146178415E-004   0.0000000000000000     
   13.464000000000000        0.0000000000000000        6.7700088411857824E-004   0.0000000000000000     
   13.662000000000001        0.0000000000000000        6.6769190363107295E-004   0.0000000000000000     
   13.860000000000001        0.0000000000000000        6.5850330492703204E-004   0.0000000000000000     
   14.058000000000000        0.0000000000000000        6.4942273438851807E-004   0.0000000000000000     
   14.256000000000000        0.0000000000000000        6.4043733713928274E-004   0.0000000000000000     
   14.454000000000001        0.0000000000000000        6.3153370709752440E-004   0.0000000000000000     
   14.652000000000001        0.0000000000000000        6.2269772636122656E-004   0.0000000000000000     
   14.850000000000001        0.0000000000000000        6.1391440839570865E-004   0.0000000000000000     
   15.048000000000000        0.0000000000000000        6.0516772987214871E-004   0.0000000000000000     
   15.246000000000000        0.0000000000000000        5.9644043692758868E-004   0.0000000000000000     
   15.444000000000001        0.0000000000000000        5.8771377595678690E-004   0.0000000000000000     
   15.642000000000001        0.0000000000000000        5.7896723523461532E-004   0.0000000000000000     
   15.840000000000000        0.0000000000000000        5.7017819920279376E-004   0.0000000000000000     
   16.038000000000000        0.0000000000000000        5.6132154474408376E-004   0.0000000000000000     
   16.236000000000001        0.0000000000000000        5.5236920502245879E-004   0.0000000000000000     
   16.434000000000001        0.0000000000000000        5.4328959264142408E-004   0.0000000000000000     
   16.632000000000001        0.0000000000000000        5.3414577068958309E-004   0.0000000000000000     
   16.830000000000002        0.0000000000000000        5.2474228241515606E-004   0.0000000000000000     
   17.028000000000002        0.0000000000000000        5.1509252329983780E-004   0.0000000000000000     
   17.225999999999999        0.0000000000000000        5.0514439687203189E-004   0.0000000000000000     
   17.423999999999999        0.0000000000000000        4.9483940154561236E-004   0.0000000000000000     
   17.622000000000000        0.0000000000000000        4.8411272411977871E-004   0.0000000000000000     
   17.820000000000000        0.0000000000000000        4.7282716948624214E-004   0.0000000000000000     
   18.018000000000001        0.0000000000000000        4.6095273916995055E-004   0.0000000000000000     
   18.216000000000001        0.0000000000000000        4.4840278386532815E-004   0.0000000000000000     
   18.414000000000001        0.0000000000000000        4.3510212496497168E-004   0.0000000000000000     
   18.612000000000002        0.0000000000000000        4.2116194226507307E-004   0.0000000000000000     
   18.810000000000002        0.0000000000000000        4.0636025443575532E-004   0.0000000000000000     
   19.008000000000003        0.0000000000000000        3.9108465922108585E-004   0.0000000000000000     
   19.206000000000000        0.0000000000000000        3.7544611081933134E-004   0.0000000000000000     
   19.404000000000000        0.0000000000000000        3.5949439574294647E-004   0.0000000000000000     
   19.602000000000000        0.0000000000000000        3.4230256414882721E-004   0.0000000000000000     
