  -19.602000000000000        0.0000000000000000        6.1097062105670621E-007   0.0000000000000000     
  -19.404000000000000        0.0000000000000000        3.3555640814898465E-006   0.0000000000000000     
  -19.206000000000000        0.0000000000000000        5.3714513825912478E-006   0.0000000000000000     
  -19.008000000000003        0.0000000000000000        6.9312287115697409E-006   0.0000000000000000     
  -18.810000000000002        0.0000000000000000        8.0806555592625538E-006   0.0000000000000000     
  -18.612000000000002        0.0000000000000000        8.8781463343336432E-006   0.0000000000000000     
  -18.414000000000001        0.0000000000000000        9.4075830193489037E-006   0.0000000000000000     
  -18.216000000000001        0.0000000000000000        9.7435530332952837E-006   0.0000000000000000     
  -18.018000000000001        0.0000000000000000        9.9499039224120331E-006   0.0000000000000000     
  -17.820000000000000        0.0000000000000000        1.0074060711665008E-005   0.0000000000000000     
  -17.622000000000000        0.0000000000000000        1.0148527042986085E-005   0.0000000000000000     
  -17.423999999999999        0.0000000000000000        1.0193580179907364E-005   0.0000000000000000     
  -17.225999999999999        0.0000000000000000        1.0225449112709287E-005   0.0000000000000000     
  -17.028000000000002        0.0000000000000000        1.0249230858714962E-005   0.0000000000000000     
  -16.830000000000002        0.0000000000000000        1.0275596590935288E-005   0.0000000000000000     
  -16.632000000000001        0.0000000000000000        1.0303467816746309E-005   0.0000000000000000     
  -16.434000000000001        0.0000000000000000        1.0340718223248534E-005   0.0000000000000000     
  -16.236000000000001        0.0000000000000000        1.0387102570623032E-005   0.0000000000000000     
  -16.038000000000000        0.0000000000000000        1.0445964703953088E-005   0.0000000000000000     
  -15.840000000000000        0.0000000000000000        1.0518410506204211E-005   0.0000000000000000     
  -15.642000000000001        0.0000000000000000        1.0605427569145060E-005   0.0000000000000000     
  -15.444000000000001        0.0000000000000000        1.0707963740107281E-005   0.0000000000000000     
  -15.246000000000000        0.0000000000000000        1.0826982019968740E-005   0.0000000000000000     
  -15.048000000000000        0.0000000000000000        1.0963487107696392E-005   0.0000000000000000     
  -14.850000000000001        0.0000000000000000        1.1118550919567794E-005   0.0000000000000000     
  -14.652000000000001        0.0000000000000000        1.1293329487817064E-005   0.0000000000000000     
  -14.454000000000001        0.0000000000000000        1.1489073168264417E-005   0.0000000000000000     
  -14.256000000000000        0.0000000000000000        1.1707142405180365E-005   0.0000000000000000     
  -14.058000000000000        0.0000000000000000        1.1949013587185627E-005   0.0000000000000000     
  -13.860000000000001        0.0000000000000000        1.2216292713659461E-005   0.0000000000000000     
  -13.662000000000001        0.0000000000000000        1.2510729177815236E-005   0.0000000000000000     
  -13.464000000000000        0.0000000000000000        1.2834223558024473E-005   0.0000000000000000     
  -13.266000000000000        0.0000000000000000        1.3188845169890694E-005   0.0000000000000000     
  -13.068000000000001        0.0000000000000000        1.3576844638292474E-005   0.0000000000000000     
  -12.870000000000001        0.0000000000000000        1.4000672008637137E-005   0.0000000000000000     
  -12.672000000000001        0.0000000000000000        1.4462996711203507E-005   0.0000000000000000     
  -12.474000000000000        0.0000000000000000        1.4966727075524638E-005   0.0000000000000000     
  -12.276000000000000        0.0000000000000000        1.5515031508266570E-005   0.0000000000000000     
  -12.078000000000001        0.0000000000000000        1.6111365996031739E-005   0.0000000000000000     
  -11.880000000000001        0.0000000000000000        1.6759506245765350E-005   0.0000000000000000     
  -11.682000000000000        0.0000000000000000        1.7463572224098826E-005   0.0000000000000000     
  -11.484000000000000        0.0000000000000000        1.8228072105083923E-005   0.0000000000000000     
  -11.286000000000001        0.0000000000000000        1.9057938416778553E-005   0.0000000000000000     
  -11.088000000000001        0.0000000000000000        1.9958575101977489E-005   0.0000000000000000     
  -10.890000000000001        0.0000000000000000        2.0935910314399319E-005   0.0000000000000000     
  -10.692000000000000        0.0000000000000000        2.1996453838214809E-005   0.0000000000000000     
  -10.494000000000000        0.0000000000000000        2.3147366830601570E-005   0.0000000000000000     
  -10.296000000000001        0.0000000000000000        2.4396536276866977E-005   0.0000000000000000     
  -10.098000000000001        0.0000000000000000        2.5752665041538475E-005   0.0000000000000000     
  -9.9000000000000004        0.0000000000000000        2.7225367227524266E-005   0.0000000000000000     
  -9.7020000000000000        0.0000000000000000        2.8825295158265785E-005   0.0000000000000000     
  -9.5040000000000013        0.0000000000000000        3.0564269737824715E-005   0.0000000000000000     
  -9.3060000000000009        0.0000000000000000        3.2455433395100156E-005   0.0000000000000000     
  -9.1080000000000005        0.0000000000000000        3.4513443314792007E-005   0.0000000000000000     
  -8.9100000000000001        0.0000000000000000        3.6754675641581278E-005   0.0000000000000000     
  -8.7119999999999997        0.0000000000000000        3.9197494839501370E-005   0.0000000000000000     
  -8.5140000000000011        0.0000000000000000        4.1862533700474094E-005   0.0000000000000000     
  -8.3160000000000007        0.0000000000000000        4.4773059560064013E-005   0.0000000000000000     
  -8.1180000000000003        0.0000000000000000        4.7955392408613745E-005   0.0000000000000000     
  -7.9199999999999999        0.0000000000000000        5.1439397200088880E-005   0.0000000000000000     
  -7.7220000000000004        0.0000000000000000        5.5259088206464045E-005   0.0000000000000000     
  -7.5240000000000000        0.0000000000000000        5.9453325741044416E-005   0.0000000000000000     
  -7.3260000000000005        0.0000000000000000        6.4066684797993586E-005   0.0000000000000000     
  -7.1280000000000001        0.0000000000000000        6.9150448452287512E-005   0.0000000000000000     
  -6.9300000000000006        0.0000000000000000        7.4763843554156691E-005   0.0000000000000000     
  -6.7320000000000002        0.0000000000000000        8.0975464076293781E-005   0.0000000000000000     
  -6.5340000000000007        0.0000000000000000        8.7865035305667759E-005   0.0000000000000000     
  -6.3360000000000003        0.0000000000000000        9.5525418345231820E-005   0.0000000000000000     
  -6.1379999999999999        0.0000000000000000        1.0406507978443149E-004   0.0000000000000000     
  -5.9400000000000004        0.0000000000000000        1.1361087114559147E-004   0.0000000000000000     
  -5.7420000000000000        0.0000000000000000        1.2431134565202038E-004   0.0000000000000000     
  -5.5440000000000005        0.0000000000000000        1.3634043991847398E-004   0.0000000000000000     
  -5.3460000000000001        0.0000000000000000        1.4990157858439432E-004   0.0000000000000000     
  -5.1480000000000006        0.0000000000000000        1.6523197375516600E-004   0.0000000000000000     
  -4.9500000000000002        0.0000000000000000        1.8260671816008246E-004   0.0000000000000000     
  -4.7520000000000007        0.0000000000000000        2.0234202478388070E-004   0.0000000000000000     
  -4.5540000000000003        0.0000000000000000        2.2479590391975764E-004   0.0000000000000000     
  -4.3559999999999999        0.0000000000000000        2.5036349164037677E-004   0.0000000000000000     
  -4.1580000000000004        0.0000000000000000        2.7946072306619338E-004   0.0000000000000000     
  -3.9600000000000000        0.0000000000000000        3.1248316763204936E-004   0.0000000000000000     
  -3.7620000000000000        0.0000000000000000        3.4971158098706239E-004   0.0000000000000000     
  -3.5640000000000001        0.0000000000000000        3.9111504074381499E-004   0.0000000000000000     
  -3.3660000000000001        0.0000000000000000        4.3609812517833081E-004   0.0000000000000000     
  -3.1680000000000001        0.0000000000000000        4.8405081051626129E-004   0.0000000000000000     
  -2.9700000000000002        0.0000000000000000        5.3459256090262011E-004   0.0000000000000000     
  -2.7720000000000002        0.0000000000000000        5.8676232790586501E-004   0.0000000000000000     
  -2.5740000000000003        0.0000000000000000        6.3983594359454425E-004   0.0000000000000000     
  -2.3760000000000003        0.0000000000000000        6.9474261608818149E-004   0.0000000000000000     
  -2.1779999999999999        0.0000000000000000        7.5656928823957469E-004   0.0000000000000000     
  -1.9800000000000000        0.0000000000000000        8.2414003393770953E-004   0.0000000000000000     
  -1.7820000000000000        0.0000000000000000        8.9216677834240172E-004   0.0000000000000000     
  -1.5840000000000001        0.0000000000000000        9.5396858108960810E-004   0.0000000000000000     
  -1.3860000000000001        0.0000000000000000        9.9950216210520706E-004   0.0000000000000000     
  -1.1880000000000002        0.0000000000000000        1.0209432247360228E-003   0.0000000000000000     
 -0.98999999999999999        0.0000000000000000        1.0133652939646419E-003   0.0000000000000000     
 -0.79200000000000004        0.0000000000000000        9.5207480750124059E-004   0.0000000000000000     
 -0.59400000000000008        0.0000000000000000        8.2380122559934583E-004   0.0000000000000000     
 -0.39600000000000002        0.0000000000000000        6.7751327067651519E-004   0.0000000000000000     
 -0.19800000000000001        0.0000000000000000        5.6662752768877028E-004   0.0000000000000000     
   0.0000000000000000        0.0000000000000000        5.2503511337539911E-004   0.0000000000000000     
  0.19800000000000001        0.0000000000000000        5.6662752768877028E-004   0.0000000000000000     
  0.39600000000000002        0.0000000000000000        6.7751327067651519E-004   0.0000000000000000     
  0.59400000000000008        0.0000000000000000        8.2380122559934583E-004   0.0000000000000000     
  0.79200000000000004        0.0000000000000000        9.5207480750124059E-004   0.0000000000000000     
  0.98999999999999999        0.0000000000000000        1.0133652939646419E-003   0.0000000000000000     
   1.1880000000000002        0.0000000000000000        1.0209432247360228E-003   0.0000000000000000     
   1.3860000000000001        0.0000000000000000        9.9950216210520706E-004   0.0000000000000000     
   1.5840000000000001        0.0000000000000000        9.5396858108960810E-004   0.0000000000000000     
   1.7820000000000000        0.0000000000000000        8.9216677834240172E-004   0.0000000000000000     
   1.9800000000000000        0.0000000000000000        8.2414003393770953E-004   0.0000000000000000     
   2.1779999999999999        0.0000000000000000        7.5656928823957469E-004   0.0000000000000000     
   2.3760000000000003        0.0000000000000000        6.9474261608818149E-004   0.0000000000000000     
   2.5740000000000003        0.0000000000000000        6.3983594359454425E-004   0.0000000000000000     
   2.7720000000000002        0.0000000000000000        5.8676232790586501E-004   0.0000000000000000     
   2.9700000000000002        0.0000000000000000        5.3459256090262011E-004   0.0000000000000000     
   3.1680000000000001        0.0000000000000000        4.8405081051626129E-004   0.0000000000000000     
   3.3660000000000001        0.0000000000000000        4.3609812517833081E-004   0.0000000000000000     
   3.5640000000000001        0.0000000000000000        3.9111504074381499E-004   0.0000000000000000     
   3.7620000000000000        0.0000000000000000        3.4971158098706239E-004   0.0000000000000000     
   3.9600000000000000        0.0000000000000000        3.1248316763204936E-004   0.0000000000000000     
   4.1580000000000004        0.0000000000000000        2.7946072306619338E-004   0.0000000000000000     
   4.3559999999999999        0.0000000000000000        2.5036349164037677E-004   0.0000000000000000     
   4.5540000000000003        0.0000000000000000        2.2479590391975764E-004   0.0000000000000000     
   4.7520000000000007        0.0000000000000000        2.0234202478388070E-004   0.0000000000000000     
   4.9500000000000002        0.0000000000000000        1.8260671816008246E-004   0.0000000000000000     
   5.1480000000000006        0.0000000000000000        1.6523197375516600E-004   0.0000000000000000     
   5.3460000000000001        0.0000000000000000        1.4990157858439432E-004   0.0000000000000000     
   5.5440000000000005        0.0000000000000000        1.3634043991847398E-004   0.0000000000000000     
   5.7420000000000000        0.0000000000000000        1.2431134565202038E-004   0.0000000000000000     
   5.9400000000000004        0.0000000000000000        1.1361087114559147E-004   0.0000000000000000     
   6.1379999999999999        0.0000000000000000        1.0406507978443149E-004   0.0000000000000000     
   6.3360000000000003        0.0000000000000000        9.5525418345231820E-005   0.0000000000000000     
   6.5340000000000007        0.0000000000000000        8.7865035305667759E-005   0.0000000000000000     
   6.7320000000000002        0.0000000000000000        8.0975464076293781E-005   0.0000000000000000     
   6.9300000000000006        0.0000000000000000        7.4763843554156691E-005   0.0000000000000000     
   7.1280000000000001        0.0000000000000000        6.9150448452287512E-005   0.0000000000000000     
   7.3260000000000005        0.0000000000000000        6.4066684797993586E-005   0.0000000000000000     
   7.5240000000000000        0.0000000000000000        5.9453325741044416E-005   0.0000000000000000     
   7.7220000000000004        0.0000000000000000        5.5259088206464045E-005   0.0000000000000000     
   7.9199999999999999        0.0000000000000000        5.1439397200088880E-005   0.0000000000000000     
   8.1180000000000003        0.0000000000000000        4.7955392408613745E-005   0.0000000000000000     
   8.3160000000000007        0.0000000000000000        4.4773059560064013E-005   0.0000000000000000     
   8.5140000000000011        0.0000000000000000        4.1862533700474094E-005   0.0000000000000000     
   8.7119999999999997        0.0000000000000000        3.9197494839501370E-005   0.0000000000000000     
   8.9100000000000001        0.0000000000000000        3.6754675641581278E-005   0.0000000000000000     
   9.1080000000000005        0.0000000000000000        3.4513443314792007E-005   0.0000000000000000     
   9.3060000000000009        0.0000000000000000        3.2455433395100156E-005   0.0000000000000000     
   9.5040000000000013        0.0000000000000000        3.0564269737824715E-005   0.0000000000000000     
   9.7020000000000000        0.0000000000000000        2.8825295158265785E-005   0.0000000000000000     
   9.9000000000000004        0.0000000000000000        2.7225367227524266E-005   0.0000000000000000     
   10.098000000000001        0.0000000000000000        2.5752665041538475E-005   0.0000000000000000     
   10.296000000000001        0.0000000000000000        2.4396536276866977E-005   0.0000000000000000     
   10.494000000000000        0.0000000000000000        2.3147366830601570E-005   0.0000000000000000     
   10.692000000000000        0.0000000000000000        2.1996453838214809E-005   0.0000000000000000     
   10.890000000000001        0.0000000000000000        2.0935910314399319E-005   0.0000000000000000     
   11.088000000000001        0.0000000000000000        1.9958575101977489E-005   0.0000000000000000     
   11.286000000000001        0.0000000000000000        1.9057938416778553E-005   0.0000000000000000     
   11.484000000000000        0.0000000000000000        1.8228072105083923E-005   0.0000000000000000     
   11.682000000000000        0.0000000000000000        1.7463572224098826E-005   0.0000000000000000     
   11.880000000000001        0.0000000000000000        1.6759506245765350E-005   0.0000000000000000     
   12.078000000000001        0.0000000000000000        1.6111365996031739E-005   0.0000000000000000     
   12.276000000000000        0.0000000000000000        1.5515031508266570E-005   0.0000000000000000     
   12.474000000000000        0.0000000000000000        1.4966727075524638E-005   0.0000000000000000     
   12.672000000000001        0.0000000000000000        1.4462996711203507E-005   0.0000000000000000     
   12.870000000000001        0.0000000000000000        1.4000672008637137E-005   0.0000000000000000     
   13.068000000000001        0.0000000000000000        1.3576844638292474E-005   0.0000000000000000     
   13.266000000000000        0.0000000000000000        1.3188845169890694E-005   0.0000000000000000     
   13.464000000000000        0.0000000000000000        1.2834223558024473E-005   0.0000000000000000     
   13.662000000000001        0.0000000000000000        1.2510729177815236E-005   0.0000000000000000     
   13.860000000000001        0.0000000000000000        1.2216292713659461E-005   0.0000000000000000     
   14.058000000000000        0.0000000000000000        1.1949013587185627E-005   0.0000000000000000     
   14.256000000000000        0.0000000000000000        1.1707142405180365E-005   0.0000000000000000     
   14.454000000000001        0.0000000000000000        1.1489073168264417E-005   0.0000000000000000     
   14.652000000000001        0.0000000000000000        1.1293329487817064E-005   0.0000000000000000     
   14.850000000000001        0.0000000000000000        1.1118550919567794E-005   0.0000000000000000     
   15.048000000000000        0.0000000000000000        1.0963487107696392E-005   0.0000000000000000     
   15.246000000000000        0.0000000000000000        1.0826982019968740E-005   0.0000000000000000     
   15.444000000000001        0.0000000000000000        1.0707963740107281E-005   0.0000000000000000     
   15.642000000000001        0.0000000000000000        1.0605427569145060E-005   0.0000000000000000     
   15.840000000000000        0.0000000000000000        1.0518410506204211E-005   0.0000000000000000     
   16.038000000000000        0.0000000000000000        1.0445964703953088E-005   0.0000000000000000     
   16.236000000000001        0.0000000000000000        1.0387102570623032E-005   0.0000000000000000     
   16.434000000000001        0.0000000000000000        1.0340718223248534E-005   0.0000000000000000     
   16.632000000000001        0.0000000000000000        1.0303467816746309E-005   0.0000000000000000     
   16.830000000000002        0.0000000000000000        1.0275596590935288E-005   0.0000000000000000     
   17.028000000000002        0.0000000000000000        1.0249230858714962E-005   0.0000000000000000     
   17.225999999999999        0.0000000000000000        1.0225449112709287E-005   0.0000000000000000     
   17.423999999999999        0.0000000000000000        1.0193580179907364E-005   0.0000000000000000     
   17.622000000000000        0.0000000000000000        1.0148527042986085E-005   0.0000000000000000     
   17.820000000000000        0.0000000000000000        1.0074060711665008E-005   0.0000000000000000     
   18.018000000000001        0.0000000000000000        9.9499039224120331E-006   0.0000000000000000     
   18.216000000000001        0.0000000000000000        9.7435530332952837E-006   0.0000000000000000     
   18.414000000000001        0.0000000000000000        9.4075830193489037E-006   0.0000000000000000     
   18.612000000000002        0.0000000000000000        8.8781463343336432E-006   0.0000000000000000     
   18.810000000000002        0.0000000000000000        8.0806555592625538E-006   0.0000000000000000     
   19.008000000000003        0.0000000000000000        6.9312287115697409E-006   0.0000000000000000     
   19.206000000000000        0.0000000000000000        5.3714513825912478E-006   0.0000000000000000     
   19.404000000000000        0.0000000000000000        3.3555640814898465E-006   0.0000000000000000     
   19.602000000000000        0.0000000000000000        6.1097062105670621E-007   0.0000000000000000     
