  -19.602000000000000        0.0000000000000000        2.3188748728473703E-005   0.0000000000000000     
  -19.404000000000000        0.0000000000000000        3.8839875215508586E-005   0.0000000000000000     
  -19.206000000000000        0.0000000000000000        4.9039794412527869E-005   0.0000000000000000     
  -19.008000000000003        0.0000000000000000        5.4712786397559024E-005   0.0000000000000000     
  -18.810000000000002        0.0000000000000000        5.7479583317767573E-005   0.0000000000000000     
  -18.612000000000002        0.0000000000000000        5.8593183830726093E-005   0.0000000000000000     
  -18.414000000000001        0.0000000000000000        5.8772990064912987E-005   0.0000000000000000     
  -18.216000000000001        0.0000000000000000        5.8475969570885531E-005   0.0000000000000000     
  -18.018000000000001        0.0000000000000000        5.7957384809334999E-005   0.0000000000000000     
  -17.820000000000000        0.0000000000000000        5.7371518779183942E-005   0.0000000000000000     
  -17.622000000000000        0.0000000000000000        5.6788890822416422E-005   0.0000000000000000     
  -17.423999999999999        0.0000000000000000        5.6260714188415276E-005   0.0000000000000000     
  -17.225999999999999        0.0000000000000000        5.5820280514486474E-005   0.0000000000000000     
  -17.028000000000002        0.0000000000000000        5.5471214763509153E-005   0.0000000000000000     
  -16.830000000000002        0.0000000000000000        5.5216721019394005E-005   0.0000000000000000     
  -16.632000000000001        0.0000000000000000        5.5056343506353546E-005   0.0000000000000000     
  -16.434000000000001        0.0000000000000000        5.4988705866771395E-005   0.0000000000000000     
  -16.236000000000001        0.0000000000000000        5.5003604964973395E-005   0.0000000000000000     
  -16.038000000000000        0.0000000000000000        5.5098996074924751E-005   0.0000000000000000     
  -15.840000000000000        0.0000000000000000        5.5269513641482051E-005   0.0000000000000000     
  -15.642000000000001        0.0000000000000000        5.5509989594100200E-005   0.0000000000000000     
  -15.444000000000001        0.0000000000000000        5.5815607941324669E-005   0.0000000000000000     
  -15.246000000000000        0.0000000000000000        5.6181986755992484E-005   0.0000000000000000     
  -15.048000000000000        0.0000000000000000        5.6605247378375079E-005   0.0000000000000000     
  -14.850000000000001        0.0000000000000000        5.7081968868844411E-005   0.0000000000000000     
  -14.652000000000001        0.0000000000000000        5.7609250240293429E-005   0.0000000000000000     
  -14.454000000000001        0.0000000000000000        5.8184653957838576E-005   0.0000000000000000     
  -14.256000000000000        0.0000000000000000        5.8806220143106902E-005   0.0000000000000000     
  -14.058000000000000        0.0000000000000000        5.9472436455386490E-005   0.0000000000000000     
  -13.860000000000001        0.0000000000000000        6.0182237994410706E-005   0.0000000000000000     
  -13.662000000000001        0.0000000000000000        6.0935026052177639E-005   0.0000000000000000     
  -13.464000000000000        0.0000000000000000        6.1730625267851283E-005   0.0000000000000000     
  -13.266000000000000        0.0000000000000000        6.2569337112573496E-005   0.0000000000000000     
  -13.068000000000001        0.0000000000000000        6.3451923140467117E-005   0.0000000000000000     
  -12.870000000000001        0.0000000000000000        6.4379664494517436E-005   0.0000000000000000     
  -12.672000000000001        0.0000000000000000        6.5354361079338953E-005   0.0000000000000000     
  -12.474000000000000        0.0000000000000000        6.6378416150242501E-005   0.0000000000000000     
  -12.276000000000000        0.0000000000000000        6.7454855034449732E-005   0.0000000000000000     
  -12.078000000000001        0.0000000000000000        6.8587447788639826E-005   0.0000000000000000     
  -11.880000000000001        0.0000000000000000        6.9780756547023311E-005   0.0000000000000000     
  -11.682000000000000        0.0000000000000000        7.1040263887101756E-005   0.0000000000000000     
  -11.484000000000000        0.0000000000000000        7.2372499599217252E-005   0.0000000000000000     
  -11.286000000000001        0.0000000000000000        7.3785200549353897E-005   0.0000000000000000     
  -11.088000000000001        0.0000000000000000        7.5287481091300423E-005   0.0000000000000000     
  -10.890000000000001        0.0000000000000000        7.6890062852752724E-005   0.0000000000000000     
  -10.692000000000000        0.0000000000000000        7.8605542745564783E-005   0.0000000000000000     
  -10.494000000000000        0.0000000000000000        8.0448678127122231E-005   0.0000000000000000     
  -10.296000000000001        0.0000000000000000        8.2436755248132610E-005   0.0000000000000000     
  -10.098000000000001        0.0000000000000000        8.4590017652979923E-005   0.0000000000000000     
  -9.9000000000000004        0.0000000000000000        8.6932170129778362E-005   0.0000000000000000     
  -9.7020000000000000        0.0000000000000000        8.9490967952562516E-005   0.0000000000000000     
  -9.5040000000000013        0.0000000000000000        9.2298940020037304E-005   0.0000000000000000     
  -9.3060000000000009        0.0000000000000000        9.5394182280316751E-005   0.0000000000000000     
  -9.1080000000000005        0.0000000000000000        9.8821390020880617E-005   0.0000000000000000     
  -8.9100000000000001        0.0000000000000000        1.0263296753377997E-004   0.0000000000000000     
  -8.7119999999999997        0.0000000000000000        1.0689048731699604E-004   0.0000000000000000     
  -8.5140000000000011        0.0000000000000000        1.1166625785949524E-004   0.0000000000000000     
  -8.3160000000000007        0.0000000000000000        1.1704532041958109E-004   0.0000000000000000     
  -8.1180000000000003        0.0000000000000000        1.2312774832873907E-004   0.0000000000000000     
  -7.9199999999999999        0.0000000000000000        1.3003139913049527E-004   0.0000000000000000     
  -7.7220000000000004        0.0000000000000000        1.3789526175108535E-004   0.0000000000000000     
  -7.5240000000000000        0.0000000000000000        1.4688330927860947E-004   0.0000000000000000     
  -7.3260000000000005        0.0000000000000000        1.5718920298590815E-004   0.0000000000000000     
  -7.1280000000000001        0.0000000000000000        1.6904189959096477E-004   0.0000000000000000     
  -6.9300000000000006        0.0000000000000000        1.8271229896495470E-004   0.0000000000000000     
  -6.7320000000000002        0.0000000000000000        1.9852126536239797E-004   0.0000000000000000     
  -6.5340000000000007        0.0000000000000000        2.1684915361293110E-004   0.0000000000000000     
  -6.3360000000000003        0.0000000000000000        2.3814722765849988E-004   0.0000000000000000     
  -6.1379999999999999        0.0000000000000000        2.6295130659153670E-004   0.0000000000000000     
  -5.9400000000000004        0.0000000000000000        2.9189802855906469E-004   0.0000000000000000     
  -5.7420000000000000        0.0000000000000000        3.2574414014045083E-004   0.0000000000000000     
  -5.5440000000000005        0.0000000000000000        3.6538944805344920E-004   0.0000000000000000     
  -5.3460000000000001        0.0000000000000000        4.1190378160679093E-004   0.0000000000000000     
  -5.1480000000000006        0.0000000000000000        4.6655814647323290E-004   0.0000000000000000     
  -4.9500000000000002        0.0000000000000000        5.3086062352348498E-004   0.0000000000000000     
  -4.7520000000000007        0.0000000000000000        6.0659601207399257E-004   0.0000000000000000     
  -4.5540000000000003        0.0000000000000000        6.9586711476185743E-004   0.0000000000000000     
  -4.3559999999999999        0.0000000000000000        8.0113434953918016E-004   0.0000000000000000     
  -4.1580000000000004        0.0000000000000000        9.2524383758572698E-004   0.0000000000000000     
  -3.9600000000000000        0.0000000000000000        1.0714321790915291E-003   0.0000000000000000     
  -3.7620000000000000        0.0000000000000000        1.2433014227046279E-003   0.0000000000000000     
  -3.5640000000000001        0.0000000000000000        1.4448325270013968E-003   0.0000000000000000     
  -3.3660000000000001        0.0000000000000000        1.6807903563278688E-003   0.0000000000000000     
  -3.1680000000000001        0.0000000000000000        1.9581862857489776E-003   0.0000000000000000     
  -2.9700000000000002        0.0000000000000000        2.2839731730190131E-003   0.0000000000000000     
  -2.7720000000000002        0.0000000000000000        2.6603994542883052E-003   0.0000000000000000     
  -2.5740000000000003        0.0000000000000000        3.0922436323118159E-003   0.0000000000000000     
  -2.3760000000000003        0.0000000000000000        3.5890098045092650E-003   0.0000000000000000     
  -2.1779999999999999        0.0000000000000000        4.1603852780951276E-003   0.0000000000000000     
  -1.9800000000000000        0.0000000000000000        4.8175363567978238E-003   0.0000000000000000     
  -1.7820000000000000        0.0000000000000000        5.5881598796171661E-003   0.0000000000000000     
  -1.5840000000000001        0.0000000000000000        6.4868679105090938E-003   0.0000000000000000     
  -1.3860000000000001        0.0000000000000000        7.5054911904414746E-003   0.0000000000000000     
  -1.1880000000000002        0.0000000000000000        8.6251390241473547E-003   0.0000000000000000     
 -0.98999999999999999        0.0000000000000000        9.8197906706811357E-003   0.0000000000000000     
 -0.79200000000000004        0.0000000000000000        1.1041694784055967E-002   0.0000000000000000     
 -0.59400000000000008        0.0000000000000000        1.2204975526125471E-002   0.0000000000000000     
 -0.39600000000000002        0.0000000000000000        1.3198865711834925E-002   0.0000000000000000     
 -0.19800000000000001        0.0000000000000000        1.3882014905929359E-002   0.0000000000000000     
   0.0000000000000000        0.0000000000000000        1.4125268041269536E-002   0.0000000000000000     
  0.19800000000000001        0.0000000000000000        1.3882014905929359E-002   0.0000000000000000     
  0.39600000000000002        0.0000000000000000        1.3198865711834925E-002   0.0000000000000000     
  0.59400000000000008        0.0000000000000000        1.2204975526125471E-002   0.0000000000000000     
  0.79200000000000004        0.0000000000000000        1.1041694784055967E-002   0.0000000000000000     
  0.98999999999999999        0.0000000000000000        9.8197906706811357E-003   0.0000000000000000     
   1.1880000000000002        0.0000000000000000        8.6251390241473547E-003   0.0000000000000000     
   1.3860000000000001        0.0000000000000000        7.5054911904414746E-003   0.0000000000000000     
   1.5840000000000001        0.0000000000000000        6.4868679105090938E-003   0.0000000000000000     
   1.7820000000000000        0.0000000000000000        5.5881598796171661E-003   0.0000000000000000     
   1.9800000000000000        0.0000000000000000        4.8175363567978238E-003   0.0000000000000000     
   2.1779999999999999        0.0000000000000000        4.1603852780951276E-003   0.0000000000000000     
   2.3760000000000003        0.0000000000000000        3.5890098045092650E-003   0.0000000000000000     
   2.5740000000000003        0.0000000000000000        3.0922436323118159E-003   0.0000000000000000     
   2.7720000000000002        0.0000000000000000        2.6603994542883052E-003   0.0000000000000000     
   2.9700000000000002        0.0000000000000000        2.2839731730190131E-003   0.0000000000000000     
   3.1680000000000001        0.0000000000000000        1.9581862857489776E-003   0.0000000000000000     
   3.3660000000000001        0.0000000000000000        1.6807903563278688E-003   0.0000000000000000     
   3.5640000000000001        0.0000000000000000        1.4448325270013968E-003   0.0000000000000000     
   3.7620000000000000        0.0000000000000000        1.2433014227046279E-003   0.0000000000000000     
   3.9600000000000000        0.0000000000000000        1.0714321790915291E-003   0.0000000000000000     
   4.1580000000000004        0.0000000000000000        9.2524383758572698E-004   0.0000000000000000     
   4.3559999999999999        0.0000000000000000        8.0113434953918016E-004   0.0000000000000000     
   4.5540000000000003        0.0000000000000000        6.9586711476185743E-004   0.0000000000000000     
   4.7520000000000007        0.0000000000000000        6.0659601207399257E-004   0.0000000000000000     
   4.9500000000000002        0.0000000000000000        5.3086062352348498E-004   0.0000000000000000     
   5.1480000000000006        0.0000000000000000        4.6655814647323290E-004   0.0000000000000000     
   5.3460000000000001        0.0000000000000000        4.1190378160679093E-004   0.0000000000000000     
   5.5440000000000005        0.0000000000000000        3.6538944805344920E-004   0.0000000000000000     
   5.7420000000000000        0.0000000000000000        3.2574414014045083E-004   0.0000000000000000     
   5.9400000000000004        0.0000000000000000        2.9189802855906469E-004   0.0000000000000000     
   6.1379999999999999        0.0000000000000000        2.6295130659153670E-004   0.0000000000000000     
   6.3360000000000003        0.0000000000000000        2.3814722765849988E-004   0.0000000000000000     
   6.5340000000000007        0.0000000000000000        2.1684915361293110E-004   0.0000000000000000     
   6.7320000000000002        0.0000000000000000        1.9852126536239797E-004   0.0000000000000000     
   6.9300000000000006        0.0000000000000000        1.8271229896495470E-004   0.0000000000000000     
   7.1280000000000001        0.0000000000000000        1.6904189959096477E-004   0.0000000000000000     
   7.3260000000000005        0.0000000000000000        1.5718920298590815E-004   0.0000000000000000     
   7.5240000000000000        0.0000000000000000        1.4688330927860947E-004   0.0000000000000000     
   7.7220000000000004        0.0000000000000000        1.3789526175108535E-004   0.0000000000000000     
   7.9199999999999999        0.0000000000000000        1.3003139913049527E-004   0.0000000000000000     
   8.1180000000000003        0.0000000000000000        1.2312774832873907E-004   0.0000000000000000     
   8.3160000000000007        0.0000000000000000        1.1704532041958109E-004   0.0000000000000000     
   8.5140000000000011        0.0000000000000000        1.1166625785949524E-004   0.0000000000000000     
   8.7119999999999997        0.0000000000000000        1.0689048731699604E-004   0.0000000000000000     
   8.9100000000000001        0.0000000000000000        1.0263296753377997E-004   0.0000000000000000     
   9.1080000000000005        0.0000000000000000        9.8821390020880617E-005   0.0000000000000000     
   9.3060000000000009        0.0000000000000000        9.5394182280316751E-005   0.0000000000000000     
   9.5040000000000013        0.0000000000000000        9.2298940020037304E-005   0.0000000000000000     
   9.7020000000000000        0.0000000000000000        8.9490967952562516E-005   0.0000000000000000     
   9.9000000000000004        0.0000000000000000        8.6932170129778362E-005   0.0000000000000000     
   10.098000000000001        0.0000000000000000        8.4590017652979923E-005   0.0000000000000000     
   10.296000000000001        0.0000000000000000        8.2436755248132610E-005   0.0000000000000000     
   10.494000000000000        0.0000000000000000        8.0448678127122231E-005   0.0000000000000000     
   10.692000000000000        0.0000000000000000        7.8605542745564783E-005   0.0000000000000000     
   10.890000000000001        0.0000000000000000        7.6890062852752724E-005   0.0000000000000000     
   11.088000000000001        0.0000000000000000        7.5287481091300423E-005   0.0000000000000000     
   11.286000000000001        0.0000000000000000        7.3785200549353897E-005   0.0000000000000000     
   11.484000000000000        0.0000000000000000        7.2372499599217252E-005   0.0000000000000000     
   11.682000000000000        0.0000000000000000        7.1040263887101756E-005   0.0000000000000000     
   11.880000000000001        0.0000000000000000        6.9780756547023311E-005   0.0000000000000000     
   12.078000000000001        0.0000000000000000        6.8587447788639826E-005   0.0000000000000000     
   12.276000000000000        0.0000000000000000        6.7454855034449732E-005   0.0000000000000000     
   12.474000000000000        0.0000000000000000        6.6378416150242501E-005   0.0000000000000000     
   12.672000000000001        0.0000000000000000        6.5354361079338953E-005   0.0000000000000000     
   12.870000000000001        0.0000000000000000        6.4379664494517436E-005   0.0000000000000000     
   13.068000000000001        0.0000000000000000        6.3451923140467117E-005   0.0000000000000000     
   13.266000000000000        0.0000000000000000        6.2569337112573496E-005   0.0000000000000000     
   13.464000000000000        0.0000000000000000        6.1730625267851283E-005   0.0000000000000000     
   13.662000000000001        0.0000000000000000        6.0935026052177639E-005   0.0000000000000000     
   13.860000000000001        0.0000000000000000        6.0182237994410706E-005   0.0000000000000000     
   14.058000000000000        0.0000000000000000        5.9472436455386490E-005   0.0000000000000000     
   14.256000000000000        0.0000000000000000        5.8806220143106902E-005   0.0000000000000000     
   14.454000000000001        0.0000000000000000        5.8184653957838576E-005   0.0000000000000000     
   14.652000000000001        0.0000000000000000        5.7609250240293429E-005   0.0000000000000000     
   14.850000000000001        0.0000000000000000        5.7081968868844411E-005   0.0000000000000000     
   15.048000000000000        0.0000000000000000        5.6605247378375079E-005   0.0000000000000000     
   15.246000000000000        0.0000000000000000        5.6181986755992484E-005   0.0000000000000000     
   15.444000000000001        0.0000000000000000        5.5815607941324669E-005   0.0000000000000000     
   15.642000000000001        0.0000000000000000        5.5509989594100200E-005   0.0000000000000000     
   15.840000000000000        0.0000000000000000        5.5269513641482051E-005   0.0000000000000000     
   16.038000000000000        0.0000000000000000        5.5098996074924751E-005   0.0000000000000000     
   16.236000000000001        0.0000000000000000        5.5003604964973395E-005   0.0000000000000000     
   16.434000000000001        0.0000000000000000        5.4988705866771395E-005   0.0000000000000000     
   16.632000000000001        0.0000000000000000        5.5056343506353546E-005   0.0000000000000000     
   16.830000000000002        0.0000000000000000        5.5216721019394005E-005   0.0000000000000000     
   17.028000000000002        0.0000000000000000        5.5471214763509153E-005   0.0000000000000000     
   17.225999999999999        0.0000000000000000        5.5820280514486474E-005   0.0000000000000000     
   17.423999999999999        0.0000000000000000        5.6260714188415276E-005   0.0000000000000000     
   17.622000000000000        0.0000000000000000        5.6788890822416422E-005   0.0000000000000000     
   17.820000000000000        0.0000000000000000        5.7371518779183942E-005   0.0000000000000000     
   18.018000000000001        0.0000000000000000        5.7957384809334999E-005   0.0000000000000000     
   18.216000000000001        0.0000000000000000        5.8475969570885531E-005   0.0000000000000000     
   18.414000000000001        0.0000000000000000        5.8772990064912987E-005   0.0000000000000000     
   18.612000000000002        0.0000000000000000        5.8593183830726093E-005   0.0000000000000000     
   18.810000000000002        0.0000000000000000        5.7479583317767573E-005   0.0000000000000000     
   19.008000000000003        0.0000000000000000        5.4712786397559024E-005   0.0000000000000000     
   19.206000000000000        0.0000000000000000        4.9039794412527869E-005   0.0000000000000000     
   19.404000000000000        0.0000000000000000        3.8839875215508586E-005   0.0000000000000000     
   19.602000000000000        0.0000000000000000        2.3188748728473703E-005   0.0000000000000000     
