  -19.602000000000000        0.0000000000000000       -3.4833884878970651E-005   0.0000000000000000     
  -19.404000000000000        0.0000000000000000       -3.5541984938308102E-005   0.0000000000000000     
  -19.206000000000000        0.0000000000000000       -3.6505200777750061E-005   0.0000000000000000     
  -19.008000000000003        0.0000000000000000       -3.8687163392627679E-005   0.0000000000000000     
  -18.810000000000002        0.0000000000000000       -4.1811684532320622E-005   0.0000000000000000     
  -18.612000000000002        0.0000000000000000       -4.5450118949662071E-005   0.0000000000000000     
  -18.414000000000001        0.0000000000000000       -4.9327724904964259E-005   0.0000000000000000     
  -18.216000000000001        0.0000000000000000       -5.3240270542475594E-005   0.0000000000000000     
  -18.018000000000001        0.0000000000000000       -5.7098920461332047E-005   0.0000000000000000     
  -17.820000000000000        0.0000000000000000       -6.0851847530855681E-005   0.0000000000000000     
  -17.622000000000000        0.0000000000000000       -6.4503778145674458E-005   0.0000000000000000     
  -17.423999999999999        0.0000000000000000       -6.8058547967393538E-005   0.0000000000000000     
  -17.225999999999999        0.0000000000000000       -7.1546353367929775E-005   0.0000000000000000     
  -17.028000000000002        0.0000000000000000       -7.4970679539256932E-005   0.0000000000000000     
  -16.830000000000002        0.0000000000000000       -7.8351387621348047E-005   0.0000000000000000     
  -16.632000000000001        0.0000000000000000       -8.1714336398296382E-005   0.0000000000000000     
  -16.434000000000001        0.0000000000000000       -8.5072797715089190E-005   0.0000000000000000     
  -16.236000000000001        0.0000000000000000       -8.8445648352801390E-005   0.0000000000000000     
  -16.038000000000000        0.0000000000000000       -9.1850716452459503E-005   0.0000000000000000     
  -15.840000000000000        0.0000000000000000       -9.5304855370133442E-005   0.0000000000000000     
  -15.642000000000001        0.0000000000000000       -9.8824082515291896E-005   0.0000000000000000     
  -15.444000000000001        0.0000000000000000       -1.0242372741384287E-004   0.0000000000000000     
  -15.246000000000000        0.0000000000000000       -1.0611860354220187E-004   0.0000000000000000     
  -15.048000000000000        0.0000000000000000       -1.0992316797699800E-004   0.0000000000000000     
  -14.850000000000001        0.0000000000000000       -1.1385168059110751E-004   0.0000000000000000     
  -14.652000000000001        0.0000000000000000       -1.1791834768798086E-004   0.0000000000000000     
  -14.454000000000001        0.0000000000000000       -1.2213747297035152E-004   0.0000000000000000     
  -14.256000000000000        0.0000000000000000       -1.2652358515558406E-004   0.0000000000000000     
  -14.058000000000000        0.0000000000000000       -1.3109157000173251E-004   0.0000000000000000     
  -13.860000000000001        0.0000000000000000       -1.3585679220516787E-004   0.0000000000000000     
  -13.662000000000001        0.0000000000000000       -1.4083522701617047E-004   0.0000000000000000     
  -13.464000000000000        0.0000000000000000       -1.4604357579143588E-004   0.0000000000000000     
  -13.266000000000000        0.0000000000000000       -1.5149938975151430E-004   0.0000000000000000     
  -13.068000000000001        0.0000000000000000       -1.5722119621274850E-004   0.0000000000000000     
  -12.870000000000001        0.0000000000000000       -1.6322863277604309E-004   0.0000000000000000     
  -12.672000000000001        0.0000000000000000       -1.6954257268082337E-004   0.0000000000000000     
  -12.474000000000000        0.0000000000000000       -1.7618526847896945E-004   0.0000000000000000     
  -12.276000000000000        0.0000000000000000       -1.8318049900772489E-004   0.0000000000000000     
  -12.078000000000001        0.0000000000000000       -1.9055372748195796E-004   0.0000000000000000     
  -11.880000000000001        0.0000000000000000       -1.9833226464226815E-004   0.0000000000000000     
  -11.682000000000000        0.0000000000000000       -2.0654543792203548E-004   0.0000000000000000     
  -11.484000000000000        0.0000000000000000       -2.1522479727571710E-004   0.0000000000000000     
  -11.286000000000001        0.0000000000000000       -2.2440429448646664E-004   0.0000000000000000     
  -11.088000000000001        0.0000000000000000       -2.3412051299833794E-004   0.0000000000000000     
  -10.890000000000001        0.0000000000000000       -2.4441288345953524E-004   0.0000000000000000     
  -10.692000000000000        0.0000000000000000       -2.5532394739171500E-004   0.0000000000000000     
  -10.494000000000000        0.0000000000000000       -2.6689958505599477E-004   0.0000000000000000     
  -10.296000000000001        0.0000000000000000       -2.7918931975983314E-004   0.0000000000000000     
  -10.098000000000001        0.0000000000000000       -2.9224657763641149E-004   0.0000000000000000     
  -9.9000000000000004        0.0000000000000000       -3.0612901359710194E-004   0.0000000000000000     
  -9.7020000000000000        0.0000000000000000       -3.2089880473551083E-004   0.0000000000000000     
  -9.5040000000000013        0.0000000000000000       -3.3662298532183174E-004   0.0000000000000000     
  -9.3060000000000009        0.0000000000000000       -3.5337375689114588E-004   0.0000000000000000     
  -9.1080000000000005        0.0000000000000000       -3.7122881959509945E-004   0.0000000000000000     
  -8.9100000000000001        0.0000000000000000       -3.9027168064469672E-004   0.0000000000000000     
  -8.7119999999999997        0.0000000000000000       -4.1059193645444391E-004   0.0000000000000000     
  -8.5140000000000011        0.0000000000000000       -4.3228553855372909E-004   0.0000000000000000     
  -8.3160000000000007        0.0000000000000000       -4.5545495856513362E-004   0.0000000000000000     
  -8.1180000000000003        0.0000000000000000       -4.8020930063782328E-004   0.0000000000000000     
  -7.9199999999999999        0.0000000000000000       -5.0666429363531668E-004   0.0000000000000000     
  -7.7220000000000004        0.0000000000000000       -5.3494205834640101E-004   0.0000000000000000     
  -7.5240000000000000        0.0000000000000000       -5.6517075787556074E-004   0.0000000000000000     
  -7.3260000000000005        0.0000000000000000       -5.9748379506280899E-004   0.0000000000000000     
  -7.1280000000000001        0.0000000000000000       -6.3201873257132276E-004   0.0000000000000000     
  -6.9300000000000006        0.0000000000000000       -6.6891559053450429E-004   0.0000000000000000     
  -6.7320000000000002        0.0000000000000000       -7.0831453404200228E-004   0.0000000000000000     
  -6.5340000000000007        0.0000000000000000       -7.5035256735118147E-004   0.0000000000000000     
  -6.3360000000000003        0.0000000000000000       -7.9515910040533957E-004   0.0000000000000000     
  -6.1379999999999999        0.0000000000000000       -8.4285009252848934E-004   0.0000000000000000     
  -5.9400000000000004        0.0000000000000000       -8.9352015211523336E-004   0.0000000000000000     
  -5.7420000000000000        0.0000000000000000       -9.4723238165531911E-004   0.0000000000000000     
  -5.5440000000000005        0.0000000000000000       -1.0040050316724902E-003   0.0000000000000000     
  -5.3460000000000001        0.0000000000000000       -1.0637944782740654E-003   0.0000000000000000     
  -5.1480000000000006        0.0000000000000000       -1.1264734386921891E-003   0.0000000000000000     
  -4.9500000000000002        0.0000000000000000       -1.1918035091032931E-003   0.0000000000000000     
  -4.7520000000000007        0.0000000000000000       -1.2594010653142499E-003   0.0000000000000000     
  -4.5540000000000003        0.0000000000000000       -1.3286953207124229E-003   0.0000000000000000     
  -4.3559999999999999        0.0000000000000000       -1.3988783705676372E-003   0.0000000000000000     
  -4.1580000000000004        0.0000000000000000       -1.4688470173979773E-003   0.0000000000000000     
  -3.9600000000000000        0.0000000000000000       -1.5371387625468472E-003   0.0000000000000000     
  -3.7620000000000000        0.0000000000000000       -1.6018645612430498E-003   0.0000000000000000     
  -3.5640000000000001        0.0000000000000000       -1.6606396729795261E-003   0.0000000000000000     
  -3.3660000000000001        0.0000000000000000       -1.7104847746036008E-003   0.0000000000000000     
  -3.1680000000000001        0.0000000000000000       -1.7475526292397587E-003   0.0000000000000000     
  -2.9700000000000002        0.0000000000000000       -1.7663814785415515E-003   0.0000000000000000     
  -2.7720000000000002        0.0000000000000000       -1.7602852442743094E-003   0.0000000000000000     
  -2.5740000000000003        0.0000000000000000       -1.7230719428010727E-003   0.0000000000000000     
  -2.3760000000000003        0.0000000000000000       -1.6453193564604596E-003   0.0000000000000000     
  -2.1779999999999999        0.0000000000000000       -1.5139664845435336E-003   0.0000000000000000     
  -1.9800000000000000        0.0000000000000000       -1.3135645177431885E-003   0.0000000000000000     
  -1.7820000000000000        0.0000000000000000       -1.0293523451968842E-003   0.0000000000000000     
  -1.5840000000000001        0.0000000000000000       -6.4770000972811574E-004   0.0000000000000000     
  -1.3860000000000001        0.0000000000000000       -1.5648108633885450E-004   0.0000000000000000     
  -1.1880000000000002        0.0000000000000000        4.4296366186519155E-004   0.0000000000000000     
 -0.98999999999999999        0.0000000000000000        1.1344077158548264E-003   0.0000000000000000     
 -0.79200000000000004        0.0000000000000000        1.8838147796097543E-003   0.0000000000000000     
 -0.59400000000000008        0.0000000000000000        2.6321588675298616E-003   0.0000000000000000     
 -0.39600000000000002        0.0000000000000000        3.2804148977240728E-003   0.0000000000000000     
 -0.19800000000000001        0.0000000000000000        3.7228850511507208E-003   0.0000000000000000     
   0.0000000000000000        0.0000000000000000        3.8813831662336431E-003   0.0000000000000000     
  0.19800000000000001        0.0000000000000000        3.7228850511507208E-003   0.0000000000000000     
  0.39600000000000002        0.0000000000000000        3.2804148977240728E-003   0.0000000000000000     
  0.59400000000000008        0.0000000000000000        2.6321588675298616E-003   0.0000000000000000     
  0.79200000000000004        0.0000000000000000        1.8838147796097543E-003   0.0000000000000000     
  0.98999999999999999        0.0000000000000000        1.1344077158548264E-003   0.0000000000000000     
   1.1880000000000002        0.0000000000000000        4.4296366186519155E-004   0.0000000000000000     
   1.3860000000000001        0.0000000000000000       -1.5648108633885450E-004   0.0000000000000000     
   1.5840000000000001        0.0000000000000000       -6.4770000972811574E-004   0.0000000000000000     
   1.7820000000000000        0.0000000000000000       -1.0293523451968842E-003   0.0000000000000000     
   1.9800000000000000        0.0000000000000000       -1.3135645177431885E-003   0.0000000000000000     
   2.1779999999999999        0.0000000000000000       -1.5139664845435336E-003   0.0000000000000000     
   2.3760000000000003        0.0000000000000000       -1.6453193564604596E-003   0.0000000000000000     
   2.5740000000000003        0.0000000000000000       -1.7230719428010727E-003   0.0000000000000000     
   2.7720000000000002        0.0000000000000000       -1.7602852442743094E-003   0.0000000000000000     
   2.9700000000000002        0.0000000000000000       -1.7663814785415515E-003   0.0000000000000000     
   3.1680000000000001        0.0000000000000000       -1.7475526292397587E-003   0.0000000000000000     
   3.3660000000000001        0.0000000000000000       -1.7104847746036008E-003   0.0000000000000000     
   3.5640000000000001        0.0000000000000000       -1.6606396729795261E-003   0.0000000000000000     
   3.7620000000000000        0.0000000000000000       -1.6018645612430498E-003   0.0000000000000000     
   3.9600000000000000        0.0000000000000000       -1.5371387625468472E-003   0.0000000000000000     
   4.1580000000000004        0.0000000000000000       -1.4688470173979773E-003   0.0000000000000000     
   4.3559999999999999        0.0000000000000000       -1.3988783705676372E-003   0.0000000000000000     
   4.5540000000000003        0.0000000000000000       -1.3286953207124229E-003   0.0000000000000000     
   4.7520000000000007        0.0000000000000000       -1.2594010653142499E-003   0.0000000000000000     
   4.9500000000000002        0.0000000000000000       -1.1918035091032931E-003   0.0000000000000000     
   5.1480000000000006        0.0000000000000000       -1.1264734386921891E-003   0.0000000000000000     
   5.3460000000000001        0.0000000000000000       -1.0637944782740654E-003   0.0000000000000000     
   5.5440000000000005        0.0000000000000000       -1.0040050316724902E-003   0.0000000000000000     
   5.7420000000000000        0.0000000000000000       -9.4723238165531911E-004   0.0000000000000000     
   5.9400000000000004        0.0000000000000000       -8.9352015211523336E-004   0.0000000000000000     
   6.1379999999999999        0.0000000000000000       -8.4285009252848934E-004   0.0000000000000000     
   6.3360000000000003        0.0000000000000000       -7.9515910040533957E-004   0.0000000000000000     
   6.5340000000000007        0.0000000000000000       -7.5035256735118147E-004   0.0000000000000000     
   6.7320000000000002        0.0000000000000000       -7.0831453404200228E-004   0.0000000000000000     
   6.9300000000000006        0.0000000000000000       -6.6891559053450429E-004   0.0000000000000000     
   7.1280000000000001        0.0000000000000000       -6.3201873257132276E-004   0.0000000000000000     
   7.3260000000000005        0.0000000000000000       -5.9748379506280899E-004   0.0000000000000000     
   7.5240000000000000        0.0000000000000000       -5.6517075787556074E-004   0.0000000000000000     
   7.7220000000000004        0.0000000000000000       -5.3494205834640101E-004   0.0000000000000000     
   7.9199999999999999        0.0000000000000000       -5.0666429363531668E-004   0.0000000000000000     
   8.1180000000000003        0.0000000000000000       -4.8020930063782328E-004   0.0000000000000000     
   8.3160000000000007        0.0000000000000000       -4.5545495856513362E-004   0.0000000000000000     
   8.5140000000000011        0.0000000000000000       -4.3228553855372909E-004   0.0000000000000000     
   8.7119999999999997        0.0000000000000000       -4.1059193645444391E-004   0.0000000000000000     
   8.9100000000000001        0.0000000000000000       -3.9027168064469672E-004   0.0000000000000000     
   9.1080000000000005        0.0000000000000000       -3.7122881959509945E-004   0.0000000000000000     
   9.3060000000000009        0.0000000000000000       -3.5337375689114588E-004   0.0000000000000000     
   9.5040000000000013        0.0000000000000000       -3.3662298532183174E-004   0.0000000000000000     
   9.7020000000000000        0.0000000000000000       -3.2089880473551083E-004   0.0000000000000000     
   9.9000000000000004        0.0000000000000000       -3.0612901359710194E-004   0.0000000000000000     
   10.098000000000001        0.0000000000000000       -2.9224657763641149E-004   0.0000000000000000     
   10.296000000000001        0.0000000000000000       -2.7918931975983314E-004   0.0000000000000000     
   10.494000000000000        0.0000000000000000       -2.6689958505599477E-004   0.0000000000000000     
   10.692000000000000        0.0000000000000000       -2.5532394739171500E-004   0.0000000000000000     
   10.890000000000001        0.0000000000000000       -2.4441288345953524E-004   0.0000000000000000     
   11.088000000000001        0.0000000000000000       -2.3412051299833794E-004   0.0000000000000000     
   11.286000000000001        0.0000000000000000       -2.2440429448646664E-004   0.0000000000000000     
   11.484000000000000        0.0000000000000000       -2.1522479727571710E-004   0.0000000000000000     
   11.682000000000000        0.0000000000000000       -2.0654543792203548E-004   0.0000000000000000     
   11.880000000000001        0.0000000000000000       -1.9833226464226815E-004   0.0000000000000000     
   12.078000000000001        0.0000000000000000       -1.9055372748195796E-004   0.0000000000000000     
   12.276000000000000        0.0000000000000000       -1.8318049900772489E-004   0.0000000000000000     
   12.474000000000000        0.0000000000000000       -1.7618526847896945E-004   0.0000000000000000     
   12.672000000000001        0.0000000000000000       -1.6954257268082337E-004   0.0000000000000000     
   12.870000000000001        0.0000000000000000       -1.6322863277604309E-004   0.0000000000000000     
   13.068000000000001        0.0000000000000000       -1.5722119621274850E-004   0.0000000000000000     
   13.266000000000000        0.0000000000000000       -1.5149938975151430E-004   0.0000000000000000     
   13.464000000000000        0.0000000000000000       -1.4604357579143588E-004   0.0000000000000000     
   13.662000000000001        0.0000000000000000       -1.4083522701617047E-004   0.0000000000000000     
   13.860000000000001        0.0000000000000000       -1.3585679220516787E-004   0.0000000000000000     
   14.058000000000000        0.0000000000000000       -1.3109157000173251E-004   0.0000000000000000     
   14.256000000000000        0.0000000000000000       -1.2652358515558406E-004   0.0000000000000000     
   14.454000000000001        0.0000000000000000       -1.2213747297035152E-004   0.0000000000000000     
   14.652000000000001        0.0000000000000000       -1.1791834768798086E-004   0.0000000000000000     
   14.850000000000001        0.0000000000000000       -1.1385168059110751E-004   0.0000000000000000     
   15.048000000000000        0.0000000000000000       -1.0992316797699800E-004   0.0000000000000000     
   15.246000000000000        0.0000000000000000       -1.0611860354220187E-004   0.0000000000000000     
   15.444000000000001        0.0000000000000000       -1.0242372741384287E-004   0.0000000000000000     
   15.642000000000001        0.0000000000000000       -9.8824082515291896E-005   0.0000000000000000     
   15.840000000000000        0.0000000000000000       -9.5304855370133442E-005   0.0000000000000000     
   16.038000000000000        0.0000000000000000       -9.1850716452459503E-005   0.0000000000000000     
   16.236000000000001        0.0000000000000000       -8.8445648352801390E-005   0.0000000000000000     
   16.434000000000001        0.0000000000000000       -8.5072797715089190E-005   0.0000000000000000     
   16.632000000000001        0.0000000000000000       -8.1714336398296382E-005   0.0000000000000000     
   16.830000000000002        0.0000000000000000       -7.8351387621348047E-005   0.0000000000000000     
   17.028000000000002        0.0000000000000000       -7.4970679539256932E-005   0.0000000000000000     
   17.225999999999999        0.0000000000000000       -7.1546353367929775E-005   0.0000000000000000     
   17.423999999999999        0.0000000000000000       -6.8058547967393538E-005   0.0000000000000000     
   17.622000000000000        0.0000000000000000       -6.4503778145674458E-005   0.0000000000000000     
   17.820000000000000        0.0000000000000000       -6.0851847530855681E-005   0.0000000000000000     
   18.018000000000001        0.0000000000000000       -5.7098920461332047E-005   0.0000000000000000     
   18.216000000000001        0.0000000000000000       -5.3240270542475594E-005   0.0000000000000000     
   18.414000000000001        0.0000000000000000       -4.9327724904964259E-005   0.0000000000000000     
   18.612000000000002        0.0000000000000000       -4.5450118949662071E-005   0.0000000000000000     
   18.810000000000002        0.0000000000000000       -4.1811684532320622E-005   0.0000000000000000     
   19.008000000000003        0.0000000000000000       -3.8687163392627679E-005   0.0000000000000000     
   19.206000000000000        0.0000000000000000       -3.6505200777750061E-005   0.0000000000000000     
   19.404000000000000        0.0000000000000000       -3.5541984938308102E-005   0.0000000000000000     
   19.602000000000000        0.0000000000000000       -3.4833884878970651E-005   0.0000000000000000     
