  -19.602000000000000        0.0000000000000000       -3.7879850252361581E-005   0.0000000000000000     
  -19.404000000000000        0.0000000000000000       -3.9998127346118363E-005   0.0000000000000000     
  -19.206000000000000        0.0000000000000000       -4.0482314883545131E-005   0.0000000000000000     
  -19.008000000000003        0.0000000000000000       -4.0346318350646988E-005   0.0000000000000000     
  -18.810000000000002        0.0000000000000000       -4.0266284721504854E-005   0.0000000000000000     
  -18.612000000000002        0.0000000000000000       -4.0512413533927209E-005   0.0000000000000000     
  -18.414000000000001        0.0000000000000000       -4.1086738316145871E-005   0.0000000000000000     
  -18.216000000000001        0.0000000000000000       -4.1950915709443896E-005   0.0000000000000000     
  -18.018000000000001        0.0000000000000000       -4.3026373257552244E-005   0.0000000000000000     
  -17.820000000000000        0.0000000000000000       -4.4244530667505901E-005   0.0000000000000000     
  -17.622000000000000        0.0000000000000000       -4.5556943924614757E-005   0.0000000000000000     
  -17.423999999999999        0.0000000000000000       -4.6923200316161592E-005   0.0000000000000000     
  -17.225999999999999        0.0000000000000000       -4.8324594103012039E-005   0.0000000000000000     
  -17.028000000000002        0.0000000000000000       -4.9744510208263045E-005   0.0000000000000000     
  -16.830000000000002        0.0000000000000000       -5.1171833246153101E-005   0.0000000000000000     
  -16.632000000000001        0.0000000000000000       -5.2606242765084183E-005   0.0000000000000000     
  -16.434000000000001        0.0000000000000000       -5.4038214237849378E-005   0.0000000000000000     
  -16.236000000000001        0.0000000000000000       -5.5484367731755263E-005   0.0000000000000000     
  -16.038000000000000        0.0000000000000000       -5.6923407970709092E-005   0.0000000000000000     
  -15.840000000000000        0.0000000000000000       -5.8355444045076221E-005   0.0000000000000000     
  -15.642000000000001        0.0000000000000000       -5.9781007735282117E-005   0.0000000000000000     
  -15.444000000000001        0.0000000000000000       -6.1200860988812957E-005   0.0000000000000000     
  -15.246000000000000        0.0000000000000000       -6.2615872668770128E-005   0.0000000000000000     
  -15.048000000000000        0.0000000000000000       -6.4026936604675002E-005   0.0000000000000000     
  -14.850000000000001        0.0000000000000000       -6.5434914701508585E-005   0.0000000000000000     
  -14.652000000000001        0.0000000000000000       -6.6840602681995459E-005   0.0000000000000000     
  -14.454000000000001        0.0000000000000000       -6.8244707161712427E-005   0.0000000000000000     
  -14.256000000000000        0.0000000000000000       -6.9647822324532950E-005   0.0000000000000000     
  -14.058000000000000        0.0000000000000000       -7.1050417862485261E-005   0.0000000000000000     
  -13.860000000000001        0.0000000000000000       -7.2452825303000762E-005   0.0000000000000000     
  -13.662000000000001        0.0000000000000000       -7.3855226297803389E-005   0.0000000000000000     
  -13.464000000000000        0.0000000000000000       -7.5257640963107204E-005   0.0000000000000000     
  -13.266000000000000        0.0000000000000000       -7.6659911866487970E-005   0.0000000000000000     
  -13.068000000000001        0.0000000000000000       -7.8061688402167326E-005   0.0000000000000000     
  -12.870000000000001        0.0000000000000000       -7.9462409877964528E-005   0.0000000000000000     
  -12.672000000000001        0.0000000000000000       -8.0861283727063176E-005   0.0000000000000000     
  -12.474000000000000        0.0000000000000000       -8.2257264744367917E-005   0.0000000000000000     
  -12.276000000000000        0.0000000000000000       -8.3649023653443189E-005   0.0000000000000000     
  -12.078000000000001        0.0000000000000000       -8.5034912569752227E-005   0.0000000000000000     
  -11.880000000000001        0.0000000000000000       -8.6412936685697930E-005   0.0000000000000000     
  -11.682000000000000        0.0000000000000000       -8.7780700283529979E-005   0.0000000000000000     
  -11.484000000000000        0.0000000000000000       -8.9135364406929307E-005   0.0000000000000000     
  -11.286000000000001        0.0000000000000000       -9.0473582639267303E-005   0.0000000000000000     
  -11.088000000000001        0.0000000000000000       -9.1791432892422730E-005   0.0000000000000000     
  -10.890000000000001        0.0000000000000000       -9.3084340293165098E-005   0.0000000000000000     
  -10.692000000000000        0.0000000000000000       -9.4346989249795938E-005   0.0000000000000000     
  -10.494000000000000        0.0000000000000000       -9.5573201833566232E-005   0.0000000000000000     
  -10.296000000000001        0.0000000000000000       -9.6755825241205955E-005   0.0000000000000000     
  -10.098000000000001        0.0000000000000000       -9.7886571790335787E-005   0.0000000000000000     
  -9.9000000000000004        0.0000000000000000       -9.8955852254706156E-005   0.0000000000000000     
  -9.7020000000000000        0.0000000000000000       -9.9952571591156061E-005   0.0000000000000000     
  -9.5040000000000013        0.0000000000000000       -1.0086388724889676E-004   0.0000000000000000     
  -9.3060000000000009        0.0000000000000000       -1.0167492418609969E-004   0.0000000000000000     
  -9.1080000000000005        0.0000000000000000       -1.0236843790131404E-004   0.0000000000000000     
  -8.9100000000000001        0.0000000000000000       -1.0292442249325779E-004   0.0000000000000000     
  -8.7119999999999997        0.0000000000000000       -1.0331964645247244E-004   0.0000000000000000     
  -8.5140000000000011        0.0000000000000000       -1.0352708502632447E-004   0.0000000000000000     
  -8.3160000000000007        0.0000000000000000       -1.0351527227307521E-004   0.0000000000000000     
  -8.1180000000000003        0.0000000000000000       -1.0324750419237162E-004   0.0000000000000000     
  -7.9199999999999999        0.0000000000000000       -1.0268092371711488E-004   0.0000000000000000     
  -7.7220000000000004        0.0000000000000000       -1.0176540953134154E-004   0.0000000000000000     
  -7.5240000000000000        0.0000000000000000       -1.0044227802521674E-004   0.0000000000000000     
  -7.3260000000000005        0.0000000000000000       -9.8642725979480709E-005   0.0000000000000000     
  -7.1280000000000001        0.0000000000000000       -9.6286017129855388E-005   0.0000000000000000     
  -6.9300000000000006        0.0000000000000000       -9.3277350404195251E-005   0.0000000000000000     
  -6.7320000000000002        0.0000000000000000       -8.9505368875787599E-005   0.0000000000000000     
  -6.5340000000000007        0.0000000000000000       -8.4839311964009467E-005   0.0000000000000000     
  -6.3360000000000003        0.0000000000000000       -7.9125741049097342E-005   0.0000000000000000     
  -6.1379999999999999        0.0000000000000000       -7.2184942366953567E-005   0.0000000000000000     
  -5.9400000000000004        0.0000000000000000       -6.3807039182341651E-005   0.0000000000000000     
  -5.7420000000000000        0.0000000000000000       -5.3748041254384729E-005   0.0000000000000000     
  -5.5440000000000005        0.0000000000000000       -4.1726268690346665E-005   0.0000000000000000     
  -5.3460000000000001        0.0000000000000000       -2.7419847235688483E-005   0.0000000000000000     
  -5.1480000000000006        0.0000000000000000       -1.0466727060711999E-005   0.0000000000000000     
  -4.9500000000000002        0.0000000000000000        9.5303104977091126E-006   0.0000000000000000     
  -4.7520000000000007        0.0000000000000000        3.2989159816459138E-005   0.0000000000000000     
  -4.5540000000000003        0.0000000000000000        6.0316110210458581E-005   0.0000000000000000     
  -4.3559999999999999        0.0000000000000000        9.1840308688636855E-005   0.0000000000000000     
  -4.1580000000000004        0.0000000000000000        1.2768569992334250E-004   0.0000000000000000     
  -3.9600000000000000        0.0000000000000000        1.6752327054116381E-004   0.0000000000000000     
  -3.7620000000000000        0.0000000000000000        2.1008862187293711E-004   0.0000000000000000     
  -3.5640000000000001        0.0000000000000000        2.5226101463666128E-004   0.0000000000000000     
  -3.3660000000000001        0.0000000000000000        2.8791363919913453E-004   0.0000000000000000     
  -3.1680000000000001        0.0000000000000000        3.1160262138029359E-004   0.0000000000000000     
  -2.9700000000000002        0.0000000000000000        3.2717168784630364E-004   0.0000000000000000     
  -2.7720000000000002        0.0000000000000000        3.4509453737403855E-004   0.0000000000000000     
  -2.5740000000000003        0.0000000000000000        3.7397730112380103E-004   0.0000000000000000     
  -2.3760000000000003        0.0000000000000000        4.1227680457409007E-004   0.0000000000000000     
  -2.1779999999999999        0.0000000000000000        4.5623432923806766E-004   0.0000000000000000     
  -1.9800000000000000        0.0000000000000000        5.0027794485491700E-004   0.0000000000000000     
  -1.7820000000000000        0.0000000000000000        5.3368351339768978E-004   0.0000000000000000     
  -1.5840000000000001        0.0000000000000000        5.4819125120657720E-004   0.0000000000000000     
  -1.3860000000000001        0.0000000000000000        5.3824024525832076E-004   0.0000000000000000     
  -1.1880000000000002        0.0000000000000000        5.0532935159321060E-004   0.0000000000000000     
 -0.98999999999999999        0.0000000000000000        4.5366971356183752E-004   0.0000000000000000     
 -0.79200000000000004        0.0000000000000000        3.7333488072265801E-004   0.0000000000000000     
 -0.59400000000000008        0.0000000000000000        2.5980057203489246E-004   0.0000000000000000     
 -0.39600000000000002        0.0000000000000000        1.3346120150131889E-004   0.0000000000000000     
 -0.19800000000000001        0.0000000000000000        3.3725482865886550E-005   0.0000000000000000     
   0.0000000000000000        0.0000000000000000       -3.8917023030386746E-006   0.0000000000000000     
  0.19800000000000001        0.0000000000000000        3.3725482865886550E-005   0.0000000000000000     
  0.39600000000000002        0.0000000000000000        1.3346120150131889E-004   0.0000000000000000     
  0.59400000000000008        0.0000000000000000        2.5980057203489246E-004   0.0000000000000000     
  0.79200000000000004        0.0000000000000000        3.7333488072265801E-004   0.0000000000000000     
  0.98999999999999999        0.0000000000000000        4.5366971356183752E-004   0.0000000000000000     
   1.1880000000000002        0.0000000000000000        5.0532935159321060E-004   0.0000000000000000     
   1.3860000000000001        0.0000000000000000        5.3824024525832076E-004   0.0000000000000000     
   1.5840000000000001        0.0000000000000000        5.4819125120657720E-004   0.0000000000000000     
   1.7820000000000000        0.0000000000000000        5.3368351339768978E-004   0.0000000000000000     
   1.9800000000000000        0.0000000000000000        5.0027794485491700E-004   0.0000000000000000     
   2.1779999999999999        0.0000000000000000        4.5623432923806766E-004   0.0000000000000000     
   2.3760000000000003        0.0000000000000000        4.1227680457409007E-004   0.0000000000000000     
   2.5740000000000003        0.0000000000000000        3.7397730112380103E-004   0.0000000000000000     
   2.7720000000000002        0.0000000000000000        3.4509453737403855E-004   0.0000000000000000     
   2.9700000000000002        0.0000000000000000        3.2717168784630364E-004   0.0000000000000000     
   3.1680000000000001        0.0000000000000000        3.1160262138029359E-004   0.0000000000000000     
   3.3660000000000001        0.0000000000000000        2.8791363919913453E-004   0.0000000000000000     
   3.5640000000000001        0.0000000000000000        2.5226101463666128E-004   0.0000000000000000     
   3.7620000000000000        0.0000000000000000        2.1008862187293711E-004   0.0000000000000000     
   3.9600000000000000        0.0000000000000000        1.6752327054116381E-004   0.0000000000000000     
   4.1580000000000004        0.0000000000000000        1.2768569992334250E-004   0.0000000000000000     
   4.3559999999999999        0.0000000000000000        9.1840308688636855E-005   0.0000000000000000     
   4.5540000000000003        0.0000000000000000        6.0316110210458581E-005   0.0000000000000000     
   4.7520000000000007        0.0000000000000000        3.2989159816459138E-005   0.0000000000000000     
   4.9500000000000002        0.0000000000000000        9.5303104977091126E-006   0.0000000000000000     
   5.1480000000000006        0.0000000000000000       -1.0466727060711999E-005   0.0000000000000000     
   5.3460000000000001        0.0000000000000000       -2.7419847235688483E-005   0.0000000000000000     
   5.5440000000000005        0.0000000000000000       -4.1726268690346665E-005   0.0000000000000000     
   5.7420000000000000        0.0000000000000000       -5.3748041254384729E-005   0.0000000000000000     
   5.9400000000000004        0.0000000000000000       -6.3807039182341651E-005   0.0000000000000000     
   6.1379999999999999        0.0000000000000000       -7.2184942366953567E-005   0.0000000000000000     
   6.3360000000000003        0.0000000000000000       -7.9125741049097342E-005   0.0000000000000000     
   6.5340000000000007        0.0000000000000000       -8.4839311964009467E-005   0.0000000000000000     
   6.7320000000000002        0.0000000000000000       -8.9505368875787599E-005   0.0000000000000000     
   6.9300000000000006        0.0000000000000000       -9.3277350404195251E-005   0.0000000000000000     
   7.1280000000000001        0.0000000000000000       -9.6286017129855388E-005   0.0000000000000000     
   7.3260000000000005        0.0000000000000000       -9.8642725979480709E-005   0.0000000000000000     
   7.5240000000000000        0.0000000000000000       -1.0044227802521674E-004   0.0000000000000000     
   7.7220000000000004        0.0000000000000000       -1.0176540953134154E-004   0.0000000000000000     
   7.9199999999999999        0.0000000000000000       -1.0268092371711488E-004   0.0000000000000000     
   8.1180000000000003        0.0000000000000000       -1.0324750419237162E-004   0.0000000000000000     
   8.3160000000000007        0.0000000000000000       -1.0351527227307521E-004   0.0000000000000000     
   8.5140000000000011        0.0000000000000000       -1.0352708502632447E-004   0.0000000000000000     
   8.7119999999999997        0.0000000000000000       -1.0331964645247244E-004   0.0000000000000000     
   8.9100000000000001        0.0000000000000000       -1.0292442249325779E-004   0.0000000000000000     
   9.1080000000000005        0.0000000000000000       -1.0236843790131404E-004   0.0000000000000000     
   9.3060000000000009        0.0000000000000000       -1.0167492418609969E-004   0.0000000000000000     
   9.5040000000000013        0.0000000000000000       -1.0086388724889676E-004   0.0000000000000000     
   9.7020000000000000        0.0000000000000000       -9.9952571591156061E-005   0.0000000000000000     
   9.9000000000000004        0.0000000000000000       -9.8955852254706156E-005   0.0000000000000000     
   10.098000000000001        0.0000000000000000       -9.7886571790335787E-005   0.0000000000000000     
   10.296000000000001        0.0000000000000000       -9.6755825241205955E-005   0.0000000000000000     
   10.494000000000000        0.0000000000000000       -9.5573201833566232E-005   0.0000000000000000     
   10.692000000000000        0.0000000000000000       -9.4346989249795938E-005   0.0000000000000000     
   10.890000000000001        0.0000000000000000       -9.3084340293165098E-005   0.0000000000000000     
   11.088000000000001        0.0000000000000000       -9.1791432892422730E-005   0.0000000000000000     
   11.286000000000001        0.0000000000000000       -9.0473582639267303E-005   0.0000000000000000     
   11.484000000000000        0.0000000000000000       -8.9135364406929307E-005   0.0000000000000000     
   11.682000000000000        0.0000000000000000       -8.7780700283529979E-005   0.0000000000000000     
   11.880000000000001        0.0000000000000000       -8.6412936685697930E-005   0.0000000000000000     
   12.078000000000001        0.0000000000000000       -8.5034912569752227E-005   0.0000000000000000     
   12.276000000000000        0.0000000000000000       -8.3649023653443189E-005   0.0000000000000000     
   12.474000000000000        0.0000000000000000       -8.2257264744367917E-005   0.0000000000000000     
   12.672000000000001        0.0000000000000000       -8.0861283727063176E-005   0.0000000000000000     
   12.870000000000001        0.0000000000000000       -7.9462409877964528E-005   0.0000000000000000     
   13.068000000000001        0.0000000000000000       -7.8061688402167326E-005   0.0000000000000000     
   13.266000000000000        0.0000000000000000       -7.6659911866487970E-005   0.0000000000000000     
   13.464000000000000        0.0000000000000000       -7.5257640963107204E-005   0.0000000000000000     
   13.662000000000001        0.0000000000000000       -7.3855226297803389E-005   0.0000000000000000     
   13.860000000000001        0.0000000000000000       -7.2452825303000762E-005   0.0000000000000000     
   14.058000000000000        0.0000000000000000       -7.1050417862485261E-005   0.0000000000000000     
   14.256000000000000        0.0000000000000000       -6.9647822324532950E-005   0.0000000000000000     
   14.454000000000001        0.0000000000000000       -6.8244707161712427E-005   0.0000000000000000     
   14.652000000000001        0.0000000000000000       -6.6840602681995459E-005   0.0000000000000000     
   14.850000000000001        0.0000000000000000       -6.5434914701508585E-005   0.0000000000000000     
   15.048000000000000        0.0000000000000000       -6.4026936604675002E-005   0.0000000000000000     
   15.246000000000000        0.0000000000000000       -6.2615872668770128E-005   0.0000000000000000     
   15.444000000000001        0.0000000000000000       -6.1200860988812957E-005   0.0000000000000000     
   15.642000000000001        0.0000000000000000       -5.9781007735282117E-005   0.0000000000000000     
   15.840000000000000        0.0000000000000000       -5.8355444045076221E-005   0.0000000000000000     
   16.038000000000000        0.0000000000000000       -5.6923407970709092E-005   0.0000000000000000     
   16.236000000000001        0.0000000000000000       -5.5484367731755263E-005   0.0000000000000000     
   16.434000000000001        0.0000000000000000       -5.4038214237849378E-005   0.0000000000000000     
   16.632000000000001        0.0000000000000000       -5.2606242765084183E-005   0.0000000000000000     
   16.830000000000002        0.0000000000000000       -5.1171833246153101E-005   0.0000000000000000     
   17.028000000000002        0.0000000000000000       -4.9744510208263045E-005   0.0000000000000000     
   17.225999999999999        0.0000000000000000       -4.8324594103012039E-005   0.0000000000000000     
   17.423999999999999        0.0000000000000000       -4.6923200316161592E-005   0.0000000000000000     
   17.622000000000000        0.0000000000000000       -4.5556943924614757E-005   0.0000000000000000     
   17.820000000000000        0.0000000000000000       -4.4244530667505901E-005   0.0000000000000000     
   18.018000000000001        0.0000000000000000       -4.3026373257552244E-005   0.0000000000000000     
   18.216000000000001        0.0000000000000000       -4.1950915709443896E-005   0.0000000000000000     
   18.414000000000001        0.0000000000000000       -4.1086738316145871E-005   0.0000000000000000     
   18.612000000000002        0.0000000000000000       -4.0512413533927209E-005   0.0000000000000000     
   18.810000000000002        0.0000000000000000       -4.0266284721504854E-005   0.0000000000000000     
   19.008000000000003        0.0000000000000000       -4.0346318350646988E-005   0.0000000000000000     
   19.206000000000000        0.0000000000000000       -4.0482314883545131E-005   0.0000000000000000     
   19.404000000000000        0.0000000000000000       -3.9998127346118363E-005   0.0000000000000000     
   19.602000000000000        0.0000000000000000       -3.7879850252361581E-005   0.0000000000000000     
