  -19.602000000000000        0.0000000000000000       -9.1552782467944910E-006   0.0000000000000000     
  -19.404000000000000        0.0000000000000000       -1.0119589671782966E-005   0.0000000000000000     
  -19.206000000000000        0.0000000000000000       -1.1187168014508518E-005   0.0000000000000000     
  -19.008000000000003        0.0000000000000000       -1.2504268902403709E-005   0.0000000000000000     
  -18.810000000000002        0.0000000000000000       -1.3939817083865847E-005   0.0000000000000000     
  -18.612000000000002        0.0000000000000000       -1.5363306837208492E-005   0.0000000000000000     
  -18.414000000000001        0.0000000000000000       -1.6712117911719839E-005   0.0000000000000000     
  -18.216000000000001        0.0000000000000000       -1.7972833541665503E-005   0.0000000000000000     
  -18.018000000000001        0.0000000000000000       -1.9155370045163791E-005   0.0000000000000000     
  -17.820000000000000        0.0000000000000000       -2.0266427068682998E-005   0.0000000000000000     
  -17.622000000000000        0.0000000000000000       -2.1321051890695552E-005   0.0000000000000000     
  -17.423999999999999        0.0000000000000000       -2.2333021834983845E-005   0.0000000000000000     
  -17.225999999999999        0.0000000000000000       -2.3314695726992575E-005   0.0000000000000000     
  -17.028000000000002        0.0000000000000000       -2.4274522639687667E-005   0.0000000000000000     
  -16.830000000000002        0.0000000000000000       -2.5219515377697015E-005   0.0000000000000000     
  -16.632000000000001        0.0000000000000000       -2.6163219643515971E-005   0.0000000000000000     
  -16.434000000000001        0.0000000000000000       -2.7112791312721716E-005   0.0000000000000000     
  -16.236000000000001        0.0000000000000000       -2.8074577114024131E-005   0.0000000000000000     
  -16.038000000000000        0.0000000000000000       -2.9054269737853310E-005   0.0000000000000000     
  -15.840000000000000        0.0000000000000000       -3.0057048895576383E-005   0.0000000000000000     
  -15.642000000000001        0.0000000000000000       -3.1087690281303873E-005   0.0000000000000000     
  -15.444000000000001        0.0000000000000000       -3.2150664764556663E-005   0.0000000000000000     
  -15.246000000000000        0.0000000000000000       -3.3250220273624036E-005   0.0000000000000000     
  -15.048000000000000        0.0000000000000000       -3.4390451343525306E-005   0.0000000000000000     
  -14.850000000000001        0.0000000000000000       -3.5575363894792639E-005   0.0000000000000000     
  -14.652000000000001        0.0000000000000000       -3.6808929670242533E-005   0.0000000000000000     
  -14.454000000000001        0.0000000000000000       -3.8095136858677054E-005   0.0000000000000000     
  -14.256000000000000        0.0000000000000000       -3.9438036940620529E-005   0.0000000000000000     
  -14.058000000000000        0.0000000000000000       -4.0841787589745955E-005   0.0000000000000000     
  -13.860000000000001        0.0000000000000000       -4.2310697056935040E-005   0.0000000000000000     
  -13.662000000000001        0.0000000000000000       -4.3849259212256084E-005   0.0000000000000000     
  -13.464000000000000        0.0000000000000000       -4.5462201537742020E-005   0.0000000000000000     
  -13.266000000000000        0.0000000000000000       -4.7154518845657684E-005   0.0000000000000000     
  -13.068000000000001        0.0000000000000000       -4.8931521175902900E-005   0.0000000000000000     
  -12.870000000000001        0.0000000000000000       -5.0798871248371080E-005   0.0000000000000000     
  -12.672000000000001        0.0000000000000000       -5.2762633269159409E-005   0.0000000000000000     
  -12.474000000000000        0.0000000000000000       -5.4829323272060555E-005   0.0000000000000000     
  -12.276000000000000        0.0000000000000000       -5.7005958789390208E-005   0.0000000000000000     
  -12.078000000000001        0.0000000000000000       -5.9300114796079385E-005   0.0000000000000000     
  -11.880000000000001        0.0000000000000000       -6.1719988192780720E-005   0.0000000000000000     
  -11.682000000000000        0.0000000000000000       -6.4274460741892814E-005   0.0000000000000000     
  -11.484000000000000        0.0000000000000000       -6.6973176089938689E-005   0.0000000000000000     
  -11.286000000000001        0.0000000000000000       -6.9826618270134124E-005   0.0000000000000000     
  -11.088000000000001        0.0000000000000000       -7.2846200310981723E-005   0.0000000000000000     
  -10.890000000000001        0.0000000000000000       -7.6044364605155603E-005   0.0000000000000000     
  -10.692000000000000        0.0000000000000000       -7.9434688265975068E-005   0.0000000000000000     
  -10.494000000000000        0.0000000000000000       -8.3032003438989084E-005   0.0000000000000000     
  -10.296000000000001        0.0000000000000000       -8.6852528059014865E-005   0.0000000000000000     
  -10.098000000000001        0.0000000000000000       -9.0914010018370049E-005   0.0000000000000000     
  -9.9000000000000004        0.0000000000000000       -9.5235889489507432E-005   0.0000000000000000     
  -9.7020000000000000        0.0000000000000000       -9.9839469978319897E-005   0.0000000000000000     
  -9.5040000000000013        0.0000000000000000       -1.0474811520744196E-004   0.0000000000000000     
  -9.3060000000000009        0.0000000000000000       -1.0998745557349266E-004   0.0000000000000000     
  -9.1080000000000005        0.0000000000000000       -1.1558561866102982E-004   0.0000000000000000     
  -8.9100000000000001        0.0000000000000000       -1.2157348053663115E-004   0.0000000000000000     
  -8.7119999999999997        0.0000000000000000       -1.2798493335101400E-004   0.0000000000000000     
  -8.5140000000000011        0.0000000000000000       -1.3485717031558374E-004   0.0000000000000000     
  -8.3160000000000007        0.0000000000000000       -1.4223099331560208E-004   0.0000000000000000     
  -8.1180000000000003        0.0000000000000000       -1.5015113363571050E-004   0.0000000000000000     
  -7.9199999999999999        0.0000000000000000       -1.5866658040093341E-004   0.0000000000000000     
  -7.7220000000000004        0.0000000000000000       -1.6783090671882193E-004   0.0000000000000000     
  -7.5240000000000000        0.0000000000000000       -1.7770258751073888E-004   0.0000000000000000     
  -7.3260000000000005        0.0000000000000000       -1.8834529152330357E-004   0.0000000000000000     
  -7.1280000000000001        0.0000000000000000       -1.9982810624638732E-004   0.0000000000000000     
  -6.9300000000000006        0.0000000000000000       -2.1222567439437427E-004   0.0000000000000000     
  -6.7320000000000002        0.0000000000000000       -2.2561817939998995E-004   0.0000000000000000     
  -6.5340000000000007        0.0000000000000000       -2.4009109808445826E-004   0.0000000000000000     
  -6.3360000000000003        0.0000000000000000       -2.5573463689042563E-004   0.0000000000000000     
  -6.1379999999999999        0.0000000000000000       -2.7264264944642076E-004   0.0000000000000000     
  -5.9400000000000004        0.0000000000000000       -2.9091088359928577E-004   0.0000000000000000     
  -5.7420000000000000        0.0000000000000000       -3.1063420252149015E-004   0.0000000000000000     
  -5.5440000000000005        0.0000000000000000       -3.3190239305531146E-004   0.0000000000000000     
  -5.3460000000000001        0.0000000000000000       -3.5479392726059080E-004   0.0000000000000000     
  -5.1480000000000006        0.0000000000000000       -3.7936688975494026E-004   0.0000000000000000     
  -4.9500000000000002        0.0000000000000000       -4.0564585385438400E-004   0.0000000000000000     
  -4.7520000000000007        0.0000000000000000       -4.3360305709267294E-004   0.0000000000000000     
  -4.5540000000000003        0.0000000000000000       -4.6313164109371087E-004   0.0000000000000000     
  -4.3559999999999999        0.0000000000000000       -4.9400783550890889E-004   0.0000000000000000     
  -4.1580000000000004        0.0000000000000000       -5.2583785126364239E-004   0.0000000000000000     
  -3.9600000000000000        0.0000000000000000       -5.5798405526853658E-004   0.0000000000000000     
  -3.7620000000000000        0.0000000000000000       -5.8946272625253913E-004   0.0000000000000000     
  -3.5640000000000001        0.0000000000000000       -6.1880040519640797E-004   0.0000000000000000     
  -3.3660000000000001        0.0000000000000000       -6.4381483162315623E-004   0.0000000000000000     
  -3.1680000000000001        0.0000000000000000       -6.6120756380147754E-004   0.0000000000000000     
  -2.9700000000000002        0.0000000000000000       -6.6566387173826278E-004   0.0000000000000000     
  -2.7720000000000002        0.0000000000000000       -6.4875408857109781E-004   0.0000000000000000     
  -2.5740000000000003        0.0000000000000000       -6.0612449758383209E-004   0.0000000000000000     
  -2.3760000000000003        0.0000000000000000       -5.4619164001659985E-004   0.0000000000000000     
  -2.1779999999999999        0.0000000000000000       -4.7294615567160464E-004   0.0000000000000000     
  -1.9800000000000000        0.0000000000000000       -3.8331251282496703E-004   0.0000000000000000     
  -1.7820000000000000        0.0000000000000000       -2.7532174649356973E-004   0.0000000000000000     
  -1.5840000000000001        0.0000000000000000       -1.4866737072345021E-004   0.0000000000000000     
  -1.3860000000000001        0.0000000000000000        4.7000134715226271E-006   0.0000000000000000     
  -1.1880000000000002        0.0000000000000000        1.9644195147420904E-004   0.0000000000000000     
 -0.98999999999999999        0.0000000000000000        4.2838146297358745E-004   0.0000000000000000     
 -0.79200000000000004        0.0000000000000000        6.9571462537884143E-004   0.0000000000000000     
 -0.59400000000000008        0.0000000000000000        9.7787055695245251E-004   0.0000000000000000     
 -0.39600000000000002        0.0000000000000000        1.2338397038025538E-003   0.0000000000000000     
 -0.19800000000000001        0.0000000000000000        1.4163700347166722E-003   0.0000000000000000     
   0.0000000000000000        0.0000000000000000        1.4825006524270391E-003   0.0000000000000000     
  0.19800000000000001        0.0000000000000000        1.4163700347166722E-003   0.0000000000000000     
  0.39600000000000002        0.0000000000000000        1.2338397038025538E-003   0.0000000000000000     
  0.59400000000000008        0.0000000000000000        9.7787055695245251E-004   0.0000000000000000     
  0.79200000000000004        0.0000000000000000        6.9571462537884143E-004   0.0000000000000000     
  0.98999999999999999        0.0000000000000000        4.2838146297358745E-004   0.0000000000000000     
   1.1880000000000002        0.0000000000000000        1.9644195147420904E-004   0.0000000000000000     
   1.3860000000000001        0.0000000000000000        4.7000134715226271E-006   0.0000000000000000     
   1.5840000000000001        0.0000000000000000       -1.4866737072345021E-004   0.0000000000000000     
   1.7820000000000000        0.0000000000000000       -2.7532174649356973E-004   0.0000000000000000     
   1.9800000000000000        0.0000000000000000       -3.8331251282496703E-004   0.0000000000000000     
   2.1779999999999999        0.0000000000000000       -4.7294615567160464E-004   0.0000000000000000     
   2.3760000000000003        0.0000000000000000       -5.4619164001659985E-004   0.0000000000000000     
   2.5740000000000003        0.0000000000000000       -6.0612449758383209E-004   0.0000000000000000     
   2.7720000000000002        0.0000000000000000       -6.4875408857109781E-004   0.0000000000000000     
   2.9700000000000002        0.0000000000000000       -6.6566387173826278E-004   0.0000000000000000     
   3.1680000000000001        0.0000000000000000       -6.6120756380147754E-004   0.0000000000000000     
   3.3660000000000001        0.0000000000000000       -6.4381483162315623E-004   0.0000000000000000     
   3.5640000000000001        0.0000000000000000       -6.1880040519640797E-004   0.0000000000000000     
   3.7620000000000000        0.0000000000000000       -5.8946272625253913E-004   0.0000000000000000     
   3.9600000000000000        0.0000000000000000       -5.5798405526853658E-004   0.0000000000000000     
   4.1580000000000004        0.0000000000000000       -5.2583785126364239E-004   0.0000000000000000     
   4.3559999999999999        0.0000000000000000       -4.9400783550890889E-004   0.0000000000000000     
   4.5540000000000003        0.0000000000000000       -4.6313164109371087E-004   0.0000000000000000     
   4.7520000000000007        0.0000000000000000       -4.3360305709267294E-004   0.0000000000000000     
   4.9500000000000002        0.0000000000000000       -4.0564585385438400E-004   0.0000000000000000     
   5.1480000000000006        0.0000000000000000       -3.7936688975494026E-004   0.0000000000000000     
   5.3460000000000001        0.0000000000000000       -3.5479392726059080E-004   0.0000000000000000     
   5.5440000000000005        0.0000000000000000       -3.3190239305531146E-004   0.0000000000000000     
   5.7420000000000000        0.0000000000000000       -3.1063420252149015E-004   0.0000000000000000     
   5.9400000000000004        0.0000000000000000       -2.9091088359928577E-004   0.0000000000000000     
   6.1379999999999999        0.0000000000000000       -2.7264264944642076E-004   0.0000000000000000     
   6.3360000000000003        0.0000000000000000       -2.5573463689042563E-004   0.0000000000000000     
   6.5340000000000007        0.0000000000000000       -2.4009109808445826E-004   0.0000000000000000     
   6.7320000000000002        0.0000000000000000       -2.2561817939998995E-004   0.0000000000000000     
   6.9300000000000006        0.0000000000000000       -2.1222567439437427E-004   0.0000000000000000     
   7.1280000000000001        0.0000000000000000       -1.9982810624638732E-004   0.0000000000000000     
   7.3260000000000005        0.0000000000000000       -1.8834529152330357E-004   0.0000000000000000     
   7.5240000000000000        0.0000000000000000       -1.7770258751073888E-004   0.0000000000000000     
   7.7220000000000004        0.0000000000000000       -1.6783090671882193E-004   0.0000000000000000     
   7.9199999999999999        0.0000000000000000       -1.5866658040093341E-004   0.0000000000000000     
   8.1180000000000003        0.0000000000000000       -1.5015113363571050E-004   0.0000000000000000     
   8.3160000000000007        0.0000000000000000       -1.4223099331560208E-004   0.0000000000000000     
   8.5140000000000011        0.0000000000000000       -1.3485717031558374E-004   0.0000000000000000     
   8.7119999999999997        0.0000000000000000       -1.2798493335101400E-004   0.0000000000000000     
   8.9100000000000001        0.0000000000000000       -1.2157348053663115E-004   0.0000000000000000     
   9.1080000000000005        0.0000000000000000       -1.1558561866102982E-004   0.0000000000000000     
   9.3060000000000009        0.0000000000000000       -1.0998745557349266E-004   0.0000000000000000     
   9.5040000000000013        0.0000000000000000       -1.0474811520744196E-004   0.0000000000000000     
   9.7020000000000000        0.0000000000000000       -9.9839469978319897E-005   0.0000000000000000     
   9.9000000000000004        0.0000000000000000       -9.5235889489507432E-005   0.0000000000000000     
   10.098000000000001        0.0000000000000000       -9.0914010018370049E-005   0.0000000000000000     
   10.296000000000001        0.0000000000000000       -8.6852528059014865E-005   0.0000000000000000     
   10.494000000000000        0.0000000000000000       -8.3032003438989084E-005   0.0000000000000000     
   10.692000000000000        0.0000000000000000       -7.9434688265975068E-005   0.0000000000000000     
   10.890000000000001        0.0000000000000000       -7.6044364605155603E-005   0.0000000000000000     
   11.088000000000001        0.0000000000000000       -7.2846200310981723E-005   0.0000000000000000     
   11.286000000000001        0.0000000000000000       -6.9826618270134124E-005   0.0000000000000000     
   11.484000000000000        0.0000000000000000       -6.6973176089938689E-005   0.0000000000000000     
   11.682000000000000        0.0000000000000000       -6.4274460741892814E-005   0.0000000000000000     
   11.880000000000001        0.0000000000000000       -6.1719988192780720E-005   0.0000000000000000     
   12.078000000000001        0.0000000000000000       -5.9300114796079385E-005   0.0000000000000000     
   12.276000000000000        0.0000000000000000       -5.7005958789390208E-005   0.0000000000000000     
   12.474000000000000        0.0000000000000000       -5.4829323272060555E-005   0.0000000000000000     
   12.672000000000001        0.0000000000000000       -5.2762633269159409E-005   0.0000000000000000     
   12.870000000000001        0.0000000000000000       -5.0798871248371080E-005   0.0000000000000000     
   13.068000000000001        0.0000000000000000       -4.8931521175902900E-005   0.0000000000000000     
   13.266000000000000        0.0000000000000000       -4.7154518845657684E-005   0.0000000000000000     
   13.464000000000000        0.0000000000000000       -4.5462201537742020E-005   0.0000000000000000     
   13.662000000000001        0.0000000000000000       -4.3849259212256084E-005   0.0000000000000000     
   13.860000000000001        0.0000000000000000       -4.2310697056935040E-005   0.0000000000000000     
   14.058000000000000        0.0000000000000000       -4.0841787589745955E-005   0.0000000000000000     
   14.256000000000000        0.0000000000000000       -3.9438036940620529E-005   0.0000000000000000     
   14.454000000000001        0.0000000000000000       -3.8095136858677054E-005   0.0000000000000000     
   14.652000000000001        0.0000000000000000       -3.6808929670242533E-005   0.0000000000000000     
   14.850000000000001        0.0000000000000000       -3.5575363894792639E-005   0.0000000000000000     
   15.048000000000000        0.0000000000000000       -3.4390451343525306E-005   0.0000000000000000     
   15.246000000000000        0.0000000000000000       -3.3250220273624036E-005   0.0000000000000000     
   15.444000000000001        0.0000000000000000       -3.2150664764556663E-005   0.0000000000000000     
   15.642000000000001        0.0000000000000000       -3.1087690281303873E-005   0.0000000000000000     
   15.840000000000000        0.0000000000000000       -3.0057048895576383E-005   0.0000000000000000     
   16.038000000000000        0.0000000000000000       -2.9054269737853310E-005   0.0000000000000000     
   16.236000000000001        0.0000000000000000       -2.8074577114024131E-005   0.0000000000000000     
   16.434000000000001        0.0000000000000000       -2.7112791312721716E-005   0.0000000000000000     
   16.632000000000001        0.0000000000000000       -2.6163219643515971E-005   0.0000000000000000     
   16.830000000000002        0.0000000000000000       -2.5219515377697015E-005   0.0000000000000000     
   17.028000000000002        0.0000000000000000       -2.4274522639687667E-005   0.0000000000000000     
   17.225999999999999        0.0000000000000000       -2.3314695726992575E-005   0.0000000000000000     
   17.423999999999999        0.0000000000000000       -2.2333021834983845E-005   0.0000000000000000     
   17.622000000000000        0.0000000000000000       -2.1321051890695552E-005   0.0000000000000000     
   17.820000000000000        0.0000000000000000       -2.0266427068682998E-005   0.0000000000000000     
   18.018000000000001        0.0000000000000000       -1.9155370045163791E-005   0.0000000000000000     
   18.216000000000001        0.0000000000000000       -1.7972833541665503E-005   0.0000000000000000     
   18.414000000000001        0.0000000000000000       -1.6712117911719839E-005   0.0000000000000000     
   18.612000000000002        0.0000000000000000       -1.5363306837208492E-005   0.0000000000000000     
   18.810000000000002        0.0000000000000000       -1.3939817083865847E-005   0.0000000000000000     
   19.008000000000003        0.0000000000000000       -1.2504268902403709E-005   0.0000000000000000     
   19.206000000000000        0.0000000000000000       -1.1187168014508518E-005   0.0000000000000000     
   19.404000000000000        0.0000000000000000       -1.0119589671782966E-005   0.0000000000000000     
   19.602000000000000        0.0000000000000000       -9.1552782467944910E-006   0.0000000000000000     
