  -19.602000000000000        0.0000000000000000       -2.9098305057114658E-002   0.0000000000000000     
  -19.404000000000000        0.0000000000000000       -2.9859383728591950E-002   0.0000000000000000     
  -19.206000000000000        0.0000000000000000       -3.0874311397873538E-002   0.0000000000000000     
  -19.008000000000003        0.0000000000000000       -3.1998468636342411E-002   0.0000000000000000     
  -18.810000000000002        0.0000000000000000       -3.3163548422189965E-002   0.0000000000000000     
  -18.612000000000002        0.0000000000000000       -3.4341297035359312E-002   0.0000000000000000     
  -18.414000000000001        0.0000000000000000       -3.5521790696427719E-002   0.0000000000000000     
  -18.216000000000001        0.0000000000000000       -3.6698821651027724E-002   0.0000000000000000     
  -18.018000000000001        0.0000000000000000       -3.7872197799415294E-002   0.0000000000000000     
  -17.820000000000000        0.0000000000000000       -3.9039219672307085E-002   0.0000000000000000     
  -17.622000000000000        0.0000000000000000       -4.0202197362959234E-002   0.0000000000000000     
  -17.423999999999999        0.0000000000000000       -4.1364436062096693E-002   0.0000000000000000     
  -17.225999999999999        0.0000000000000000       -4.2527326385746911E-002   0.0000000000000000     
  -17.028000000000002        0.0000000000000000       -4.3692203084609291E-002   0.0000000000000000     
  -16.830000000000002        0.0000000000000000       -4.4861448413780036E-002   0.0000000000000000     
  -16.632000000000001        0.0000000000000000       -4.6036058230248637E-002   0.0000000000000000     
  -16.434000000000001        0.0000000000000000       -4.7217532476778762E-002   0.0000000000000000     
  -16.236000000000001        0.0000000000000000       -4.8407318372124655E-002   0.0000000000000000     
  -16.038000000000000        0.0000000000000000       -4.9606815395846528E-002   0.0000000000000000     
  -15.840000000000000        0.0000000000000000       -5.0817380553337566E-002   0.0000000000000000     
  -15.642000000000001        0.0000000000000000       -5.2040335808803163E-002   0.0000000000000000     
  -15.444000000000001        0.0000000000000000       -5.3276974367898050E-002   0.0000000000000000     
  -15.246000000000000        0.0000000000000000       -5.4528566650656161E-002   0.0000000000000000     
  -15.048000000000000        0.0000000000000000       -5.5796364745378850E-002   0.0000000000000000     
  -14.850000000000001        0.0000000000000000       -5.7081610372541364E-002   0.0000000000000000     
  -14.652000000000001        0.0000000000000000       -5.8385535872906964E-002   0.0000000000000000     
  -14.454000000000001        0.0000000000000000       -5.9709372495888861E-002   0.0000000000000000     
  -14.256000000000000        0.0000000000000000       -6.1054350311062253E-002   0.0000000000000000     
  -14.058000000000000        0.0000000000000000       -6.2421703782898803E-002   0.0000000000000000     
  -13.860000000000001        0.0000000000000000       -6.3812675148052833E-002   0.0000000000000000     
  -13.662000000000001        0.0000000000000000       -6.5228515056898209E-002   0.0000000000000000     
  -13.464000000000000        0.0000000000000000       -6.6670494615249626E-002   0.0000000000000000     
  -13.266000000000000        0.0000000000000000       -6.8139893858820480E-002   0.0000000000000000     
  -13.068000000000001        0.0000000000000000       -6.9638009348429800E-002   0.0000000000000000     
  -12.870000000000001        0.0000000000000000       -7.1166157023735271E-002   0.0000000000000000     
  -12.672000000000001        0.0000000000000000       -7.2725675219194166E-002   0.0000000000000000     
  -12.474000000000000        0.0000000000000000       -7.4317922002053838E-002   0.0000000000000000     
  -12.276000000000000        0.0000000000000000       -7.5944281270639277E-002   0.0000000000000000     
  -12.078000000000001        0.0000000000000000       -7.7606160468417049E-002   0.0000000000000000     
  -11.880000000000001        0.0000000000000000       -7.9304992416431075E-002   0.0000000000000000     
  -11.682000000000000        0.0000000000000000       -8.1042233727895485E-002   0.0000000000000000     
  -11.484000000000000        0.0000000000000000       -8.2819368498875168E-002   0.0000000000000000     
  -11.286000000000001        0.0000000000000000       -8.4637903093033220E-002   0.0000000000000000     
  -11.088000000000001        0.0000000000000000       -8.6499368775527205E-002   0.0000000000000000     
  -10.890000000000001        0.0000000000000000       -8.8405318132477193E-002   0.0000000000000000     
  -10.692000000000000        0.0000000000000000       -9.0357324170878647E-002   0.0000000000000000     
  -10.494000000000000        0.0000000000000000       -9.2356975846739797E-002   0.0000000000000000     
  -10.296000000000001        0.0000000000000000       -9.4405876309611961E-002   0.0000000000000000     
  -10.098000000000001        0.0000000000000000       -9.6505636102390491E-002   0.0000000000000000     
  -9.9000000000000004        0.0000000000000000       -9.8657869507964846E-002   0.0000000000000000     
  -9.7020000000000000        0.0000000000000000      -0.10086418501972277        0.0000000000000000     
  -9.5040000000000013        0.0000000000000000      -0.10312617952623947        0.0000000000000000     
  -9.3060000000000009        0.0000000000000000      -0.10544542684288367        0.0000000000000000     
  -9.1080000000000005        0.0000000000000000      -0.10782346609778776        0.0000000000000000     
  -8.9100000000000001        0.0000000000000000      -0.11026178684376725        0.0000000000000000     
  -8.7119999999999997        0.0000000000000000      -0.11276181456843570        0.0000000000000000     
  -8.5140000000000011        0.0000000000000000      -0.11532488844688492        0.0000000000000000     
  -8.3160000000000007        0.0000000000000000      -0.11795224415292049        0.0000000000000000     
  -8.1180000000000003        0.0000000000000000      -0.12064498253436358        0.0000000000000000     
  -7.9199999999999999        0.0000000000000000      -0.12340405025633419        0.0000000000000000     
  -7.7220000000000004        0.0000000000000000      -0.12623019810135272        0.0000000000000000     
  -7.5240000000000000        0.0000000000000000      -0.12912395455571746        0.0000000000000000     
  -7.3260000000000005        0.0000000000000000      -0.13208559208088644        0.0000000000000000     
  -7.1280000000000001        0.0000000000000000      -0.13511509991821213        0.0000000000000000     
  -6.9300000000000006        0.0000000000000000      -0.13821216620702217        0.0000000000000000     
  -6.7320000000000002        0.0000000000000000      -0.14137621944117620        0.0000000000000000     
  -6.5340000000000007        0.0000000000000000      -0.14460658144243307        0.0000000000000000     
  -6.3360000000000003        0.0000000000000000      -0.14790295906530032        0.0000000000000000     
  -6.1379999999999999        0.0000000000000000      -0.15126682394380420        0.0000000000000000     
  -5.9400000000000004        0.0000000000000000      -0.15470344987257237        0.0000000000000000     
  -5.7420000000000000        0.0000000000000000      -0.15820815618733541        0.0000000000000000     
  -5.5440000000000005        0.0000000000000000      -0.16175331102376236        0.0000000000000000     
  -5.3460000000000001        0.0000000000000000      -0.16532837166311651        0.0000000000000000     
  -5.1480000000000006        0.0000000000000000      -0.16893136908117795        0.0000000000000000     
  -4.9500000000000002        0.0000000000000000      -0.17255578467683014        0.0000000000000000     
  -4.7520000000000007        0.0000000000000000      -0.17619154424499570        0.0000000000000000     
  -4.5540000000000003        0.0000000000000000      -0.17982587366518776        0.0000000000000000     
  -4.3559999999999999        0.0000000000000000      -0.18344346036602335        0.0000000000000000     
  -4.1580000000000004        0.0000000000000000      -0.18702630732396158        0.0000000000000000     
  -3.9600000000000000        0.0000000000000000      -0.19055339309667826        0.0000000000000000     
  -3.7620000000000000        0.0000000000000000      -0.19400006482223761        0.0000000000000000     
  -3.5640000000000001        0.0000000000000000      -0.19733690623460950        0.0000000000000000     
  -3.3660000000000001        0.0000000000000000      -0.20052738809377224        0.0000000000000000     
  -3.1680000000000001        0.0000000000000000      -0.20352231916806859        0.0000000000000000     
  -2.9700000000000002        0.0000000000000000      -0.20624608849386136        0.0000000000000000     
  -2.7720000000000002        0.0000000000000000      -0.20857132100318726        0.0000000000000000     
  -2.5740000000000003        0.0000000000000000      -0.21037134316711617        0.0000000000000000     
  -2.3760000000000003        0.0000000000000000      -0.21166577660183453        0.0000000000000000     
  -2.1779999999999999        0.0000000000000000      -0.21247680956886536        0.0000000000000000     
  -1.9800000000000000        0.0000000000000000      -0.21261324306040269        0.0000000000000000     
  -1.7820000000000000        0.0000000000000000      -0.21172169789844306        0.0000000000000000     
  -1.5840000000000001        0.0000000000000000      -0.20962199855945624        0.0000000000000000     
  -1.3860000000000001        0.0000000000000000      -0.20674865969159284        0.0000000000000000     
  -1.1880000000000002        0.0000000000000000      -0.20311626427655496        0.0000000000000000     
 -0.98999999999999999        0.0000000000000000      -0.19842645061806802        0.0000000000000000     
 -0.79200000000000004        0.0000000000000000      -0.19279774076662551        0.0000000000000000     
 -0.59400000000000008        0.0000000000000000      -0.18675254835757005        0.0000000000000000     
 -0.39600000000000002        0.0000000000000000      -0.18157783876832928        0.0000000000000000     
 -0.19800000000000001        0.0000000000000000      -0.17817011318456735        0.0000000000000000     
   0.0000000000000000        0.0000000000000000      -0.17693083846555735        0.0000000000000000     
  0.19800000000000001        0.0000000000000000      -0.17817011318456735        0.0000000000000000     
  0.39600000000000002        0.0000000000000000      -0.18157783876832928        0.0000000000000000     
  0.59400000000000008        0.0000000000000000      -0.18675254835757005        0.0000000000000000     
  0.79200000000000004        0.0000000000000000      -0.19279774076662551        0.0000000000000000     
  0.98999999999999999        0.0000000000000000      -0.19842645061806802        0.0000000000000000     
   1.1880000000000002        0.0000000000000000      -0.20311626427655496        0.0000000000000000     
   1.3860000000000001        0.0000000000000000      -0.20674865969159284        0.0000000000000000     
   1.5840000000000001        0.0000000000000000      -0.20962199855945624        0.0000000000000000     
   1.7820000000000000        0.0000000000000000      -0.21172169789844306        0.0000000000000000     
   1.9800000000000000        0.0000000000000000      -0.21261324306040269        0.0000000000000000     
   2.1779999999999999        0.0000000000000000      -0.21247680956886536        0.0000000000000000     
   2.3760000000000003        0.0000000000000000      -0.21166577660183453        0.0000000000000000     
   2.5740000000000003        0.0000000000000000      -0.21037134316711617        0.0000000000000000     
   2.7720000000000002        0.0000000000000000      -0.20857132100318726        0.0000000000000000     
   2.9700000000000002        0.0000000000000000      -0.20624608849386136        0.0000000000000000     
   3.1680000000000001        0.0000000000000000      -0.20352231916806859        0.0000000000000000     
   3.3660000000000001        0.0000000000000000      -0.20052738809377224        0.0000000000000000     
   3.5640000000000001        0.0000000000000000      -0.19733690623460950        0.0000000000000000     
   3.7620000000000000        0.0000000000000000      -0.19400006482223761        0.0000000000000000     
   3.9600000000000000        0.0000000000000000      -0.19055339309667826        0.0000000000000000     
   4.1580000000000004        0.0000000000000000      -0.18702630732396158        0.0000000000000000     
   4.3559999999999999        0.0000000000000000      -0.18344346036602335        0.0000000000000000     
   4.5540000000000003        0.0000000000000000      -0.17982587366518776        0.0000000000000000     
   4.7520000000000007        0.0000000000000000      -0.17619154424499570        0.0000000000000000     
   4.9500000000000002        0.0000000000000000      -0.17255578467683014        0.0000000000000000     
   5.1480000000000006        0.0000000000000000      -0.16893136908117795        0.0000000000000000     
   5.3460000000000001        0.0000000000000000      -0.16532837166311651        0.0000000000000000     
   5.5440000000000005        0.0000000000000000      -0.16175331102376236        0.0000000000000000     
   5.7420000000000000        0.0000000000000000      -0.15820815618733541        0.0000000000000000     
   5.9400000000000004        0.0000000000000000      -0.15470344987257237        0.0000000000000000     
   6.1379999999999999        0.0000000000000000      -0.15126682394380420        0.0000000000000000     
   6.3360000000000003        0.0000000000000000      -0.14790295906530032        0.0000000000000000     
   6.5340000000000007        0.0000000000000000      -0.14460658144243307        0.0000000000000000     
   6.7320000000000002        0.0000000000000000      -0.14137621944117620        0.0000000000000000     
   6.9300000000000006        0.0000000000000000      -0.13821216620702217        0.0000000000000000     
   7.1280000000000001        0.0000000000000000      -0.13511509991821213        0.0000000000000000     
   7.3260000000000005        0.0000000000000000      -0.13208559208088644        0.0000000000000000     
   7.5240000000000000        0.0000000000000000      -0.12912395455571746        0.0000000000000000     
   7.7220000000000004        0.0000000000000000      -0.12623019810135272        0.0000000000000000     
   7.9199999999999999        0.0000000000000000      -0.12340405025633419        0.0000000000000000     
   8.1180000000000003        0.0000000000000000      -0.12064498253436358        0.0000000000000000     
   8.3160000000000007        0.0000000000000000      -0.11795224415292049        0.0000000000000000     
   8.5140000000000011        0.0000000000000000      -0.11532488844688492        0.0000000000000000     
   8.7119999999999997        0.0000000000000000      -0.11276181456843570        0.0000000000000000     
   8.9100000000000001        0.0000000000000000      -0.11026178684376725        0.0000000000000000     
   9.1080000000000005        0.0000000000000000      -0.10782346609778776        0.0000000000000000     
   9.3060000000000009        0.0000000000000000      -0.10544542684288367        0.0000000000000000     
   9.5040000000000013        0.0000000000000000      -0.10312617952623947        0.0000000000000000     
   9.7020000000000000        0.0000000000000000      -0.10086418501972277        0.0000000000000000     
   9.9000000000000004        0.0000000000000000       -9.8657869507964846E-002   0.0000000000000000     
   10.098000000000001        0.0000000000000000       -9.6505636102390491E-002   0.0000000000000000     
   10.296000000000001        0.0000000000000000       -9.4405876309611961E-002   0.0000000000000000     
   10.494000000000000        0.0000000000000000       -9.2356975846739797E-002   0.0000000000000000     
   10.692000000000000        0.0000000000000000       -9.0357324170878647E-002   0.0000000000000000     
   10.890000000000001        0.0000000000000000       -8.8405318132477193E-002   0.0000000000000000     
   11.088000000000001        0.0000000000000000       -8.6499368775527205E-002   0.0000000000000000     
   11.286000000000001        0.0000000000000000       -8.4637903093033220E-002   0.0000000000000000     
   11.484000000000000        0.0000000000000000       -8.2819368498875168E-002   0.0000000000000000     
   11.682000000000000        0.0000000000000000       -8.1042233727895485E-002   0.0000000000000000     
   11.880000000000001        0.0000000000000000       -7.9304992416431075E-002   0.0000000000000000     
   12.078000000000001        0.0000000000000000       -7.7606160468417049E-002   0.0000000000000000     
   12.276000000000000        0.0000000000000000       -7.5944281270639277E-002   0.0000000000000000     
   12.474000000000000        0.0000000000000000       -7.4317922002053838E-002   0.0000000000000000     
   12.672000000000001        0.0000000000000000       -7.2725675219194166E-002   0.0000000000000000     
   12.870000000000001        0.0000000000000000       -7.1166157023735271E-002   0.0000000000000000     
   13.068000000000001        0.0000000000000000       -6.9638009348429800E-002   0.0000000000000000     
   13.266000000000000        0.0000000000000000       -6.8139893858820480E-002   0.0000000000000000     
   13.464000000000000        0.0000000000000000       -6.6670494615249626E-002   0.0000000000000000     
   13.662000000000001        0.0000000000000000       -6.5228515056898209E-002   0.0000000000000000     
   13.860000000000001        0.0000000000000000       -6.3812675148052833E-002   0.0000000000000000     
   14.058000000000000        0.0000000000000000       -6.2421703782898803E-002   0.0000000000000000     
   14.256000000000000        0.0000000000000000       -6.1054350311062253E-002   0.0000000000000000     
   14.454000000000001        0.0000000000000000       -5.9709372495888861E-002   0.0000000000000000     
   14.652000000000001        0.0000000000000000       -5.8385535872906964E-002   0.0000000000000000     
   14.850000000000001        0.0000000000000000       -5.7081610372541364E-002   0.0000000000000000     
   15.048000000000000        0.0000000000000000       -5.5796364745378850E-002   0.0000000000000000     
   15.246000000000000        0.0000000000000000       -5.4528566650656161E-002   0.0000000000000000     
   15.444000000000001        0.0000000000000000       -5.3276974367898050E-002   0.0000000000000000     
   15.642000000000001        0.0000000000000000       -5.2040335808803163E-002   0.0000000000000000     
   15.840000000000000        0.0000000000000000       -5.0817380553337566E-002   0.0000000000000000     
   16.038000000000000        0.0000000000000000       -4.9606815395846528E-002   0.0000000000000000     
   16.236000000000001        0.0000000000000000       -4.8407318372124655E-002   0.0000000000000000     
   16.434000000000001        0.0000000000000000       -4.7217532476778762E-002   0.0000000000000000     
   16.632000000000001        0.0000000000000000       -4.6036058230248637E-002   0.0000000000000000     
   16.830000000000002        0.0000000000000000       -4.4861448413780036E-002   0.0000000000000000     
   17.028000000000002        0.0000000000000000       -4.3692203084609291E-002   0.0000000000000000     
   17.225999999999999        0.0000000000000000       -4.2527326385746911E-002   0.0000000000000000     
   17.423999999999999        0.0000000000000000       -4.1364436062096693E-002   0.0000000000000000     
   17.622000000000000        0.0000000000000000       -4.0202197362959234E-002   0.0000000000000000     
   17.820000000000000        0.0000000000000000       -3.9039219672307085E-002   0.0000000000000000     
   18.018000000000001        0.0000000000000000       -3.7872197799415294E-002   0.0000000000000000     
   18.216000000000001        0.0000000000000000       -3.6698821651027724E-002   0.0000000000000000     
   18.414000000000001        0.0000000000000000       -3.5521790696427719E-002   0.0000000000000000     
   18.612000000000002        0.0000000000000000       -3.4341297035359312E-002   0.0000000000000000     
   18.810000000000002        0.0000000000000000       -3.3163548422189965E-002   0.0000000000000000     
   19.008000000000003        0.0000000000000000       -3.1998468636342411E-002   0.0000000000000000     
   19.206000000000000        0.0000000000000000       -3.0874311397873538E-002   0.0000000000000000     
   19.404000000000000        0.0000000000000000       -2.9859383728591950E-002   0.0000000000000000     
   19.602000000000000        0.0000000000000000       -2.9098305057114658E-002   0.0000000000000000     
