  -19.602000000000000        0.0000000000000000       -1.7396782073296729E-005   0.0000000000000000     
  -19.404000000000000        0.0000000000000000       -2.0604653800617166E-005   0.0000000000000000     
  -19.206000000000000        0.0000000000000000       -2.1940244071059712E-005   0.0000000000000000     
  -19.008000000000003        0.0000000000000000       -2.2289882888960308E-005   0.0000000000000000     
  -18.810000000000002        0.0000000000000000       -2.2351725164092640E-005   0.0000000000000000     
  -18.612000000000002        0.0000000000000000       -2.2456881265069559E-005   0.0000000000000000     
  -18.414000000000001        0.0000000000000000       -2.2698855676364415E-005   0.0000000000000000     
  -18.216000000000001        0.0000000000000000       -2.3072745505630199E-005   0.0000000000000000     
  -18.018000000000001        0.0000000000000000       -2.3555186686264545E-005   0.0000000000000000     
  -17.820000000000000        0.0000000000000000       -2.4108362610303644E-005   0.0000000000000000     
  -17.622000000000000        0.0000000000000000       -2.4718468829377294E-005   0.0000000000000000     
  -17.423999999999999        0.0000000000000000       -2.5370335621883617E-005   0.0000000000000000     
  -17.225999999999999        0.0000000000000000       -2.6052164466328970E-005   0.0000000000000000     
  -17.028000000000002        0.0000000000000000       -2.6756265195911098E-005   0.0000000000000000     
  -16.830000000000002        0.0000000000000000       -2.7477798008499380E-005   0.0000000000000000     
  -16.632000000000001        0.0000000000000000       -2.8213568201338962E-005   0.0000000000000000     
  -16.434000000000001        0.0000000000000000       -2.8971867600710832E-005   0.0000000000000000     
  -16.236000000000001        0.0000000000000000       -2.9741571499458816E-005   0.0000000000000000     
  -16.038000000000000        0.0000000000000000       -3.0522753185020907E-005   0.0000000000000000     
  -15.840000000000000        0.0000000000000000       -3.1315846794600397E-005   0.0000000000000000     
  -15.642000000000001        0.0000000000000000       -3.2121522216960490E-005   0.0000000000000000     
  -15.444000000000001        0.0000000000000000       -3.2940606398153228E-005   0.0000000000000000     
  -15.246000000000000        0.0000000000000000       -3.3774035379546791E-005   0.0000000000000000     
  -15.048000000000000        0.0000000000000000       -3.4622820642756510E-005   0.0000000000000000     
  -14.850000000000001        0.0000000000000000       -3.5488032570831804E-005   0.0000000000000000     
  -14.652000000000001        0.0000000000000000       -3.6370786348835980E-005   0.0000000000000000     
  -14.454000000000001        0.0000000000000000       -3.7272238513590644E-005   0.0000000000000000     
  -14.256000000000000        0.0000000000000000       -3.8193585263203554E-005   0.0000000000000000     
  -14.058000000000000        0.0000000000000000       -3.9136054728424123E-005   0.0000000000000000     
  -13.860000000000001        0.0000000000000000       -4.0100920079653917E-005   0.0000000000000000     
  -13.662000000000001        0.0000000000000000       -4.1089491589468553E-005   0.0000000000000000     
  -13.464000000000000        0.0000000000000000       -4.2103129179738012E-005   0.0000000000000000     
  -13.266000000000000        0.0000000000000000       -4.3143236646296732E-005   0.0000000000000000     
  -13.068000000000001        0.0000000000000000       -4.4211275295239222E-005   0.0000000000000000     
  -12.870000000000001        0.0000000000000000       -4.5308760635787612E-005   0.0000000000000000     
  -12.672000000000001        0.0000000000000000       -4.6437274966118162E-005   0.0000000000000000     
  -12.474000000000000        0.0000000000000000       -4.7598472171133790E-005   0.0000000000000000     
  -12.276000000000000        0.0000000000000000       -4.8794078638811596E-005   0.0000000000000000     
  -12.078000000000001        0.0000000000000000       -5.0025902004210808E-005   0.0000000000000000     
  -11.880000000000001        0.0000000000000000       -5.1295841479536112E-005   0.0000000000000000     
  -11.682000000000000        0.0000000000000000       -5.2605890484361144E-005   0.0000000000000000     
  -11.484000000000000        0.0000000000000000       -5.3958150230615858E-005   0.0000000000000000     
  -11.286000000000001        0.0000000000000000       -5.5354827787274984E-005   0.0000000000000000     
  -11.088000000000001        0.0000000000000000       -5.6798252909467763E-005   0.0000000000000000     
  -10.890000000000001        0.0000000000000000       -5.8290882027920298E-005   0.0000000000000000     
  -10.692000000000000        0.0000000000000000       -5.9835307171192181E-005   0.0000000000000000     
  -10.494000000000000        0.0000000000000000       -6.1434266374952594E-005   0.0000000000000000     
  -10.296000000000001        0.0000000000000000       -6.3090649298884658E-005   0.0000000000000000     
  -10.098000000000001        0.0000000000000000       -6.4807500225968494E-005   0.0000000000000000     
  -9.9000000000000004        0.0000000000000000       -6.6588033588180936E-005   0.0000000000000000     
  -9.7020000000000000        0.0000000000000000       -6.8435632122998860E-005   0.0000000000000000     
  -9.5040000000000013        0.0000000000000000       -7.0353857214264140E-005   0.0000000000000000     
  -9.3060000000000009        0.0000000000000000       -7.2346432732781779E-005   0.0000000000000000     
  -9.1080000000000005        0.0000000000000000       -7.4417252601137899E-005   0.0000000000000000     
  -8.9100000000000001        0.0000000000000000       -7.6570367828012129E-005   0.0000000000000000     
  -8.7119999999999997        0.0000000000000000       -7.8809967734754701E-005   0.0000000000000000     
  -8.5140000000000011        0.0000000000000000       -8.1140347539366967E-005   0.0000000000000000     
  -8.3160000000000007        0.0000000000000000       -8.3565862206070419E-005   0.0000000000000000     
  -8.1180000000000003        0.0000000000000000       -8.6090874865201440E-005   0.0000000000000000     
  -7.9199999999999999        0.0000000000000000       -8.8719660071034196E-005   0.0000000000000000     
  -7.7220000000000004        0.0000000000000000       -9.1456307342699115E-005   0.0000000000000000     
  -7.5240000000000000        0.0000000000000000       -9.4304548132471917E-005   0.0000000000000000     
  -7.3260000000000005        0.0000000000000000       -9.7267579965357168E-005   0.0000000000000000     
  -7.1280000000000001        0.0000000000000000       -1.0034780401893430E-004   0.0000000000000000     
  -6.9300000000000006        0.0000000000000000       -1.0354650509347747E-004   0.0000000000000000     
  -6.7320000000000002        0.0000000000000000       -1.0686345704377358E-004   0.0000000000000000     
  -6.5340000000000007        0.0000000000000000       -1.1029642333010261E-004   0.0000000000000000     
  -6.3360000000000003        0.0000000000000000       -1.1384057845007858E-004   0.0000000000000000     
  -6.1379999999999999        0.0000000000000000       -1.1748783722085297E-004   0.0000000000000000     
  -5.9400000000000004        0.0000000000000000       -1.2122610094733509E-004   0.0000000000000000     
  -5.7420000000000000        0.0000000000000000       -1.2503853417553755E-004   0.0000000000000000     
  -5.5440000000000005        0.0000000000000000       -1.2890297547210190E-004   0.0000000000000000     
  -5.3460000000000001        0.0000000000000000       -1.3279171708862093E-004   0.0000000000000000     
  -5.1480000000000006        0.0000000000000000       -1.3667214892892812E-004   0.0000000000000000     
  -4.9500000000000002        0.0000000000000000       -1.4050895856813718E-004   0.0000000000000000     
  -4.7520000000000007        0.0000000000000000       -1.4426903119161354E-004   0.0000000000000000     
  -4.5540000000000003        0.0000000000000000       -1.4793081374155732E-004   0.0000000000000000     
  -4.3559999999999999        0.0000000000000000       -1.5150051232485471E-004   0.0000000000000000     
  -4.1580000000000004        0.0000000000000000       -1.5503861004953956E-004   0.0000000000000000     
  -3.9600000000000000        0.0000000000000000       -1.5870272038104481E-004   0.0000000000000000     
  -3.7620000000000000        0.0000000000000000       -1.6282523941765713E-004   0.0000000000000000     
  -3.5640000000000001        0.0000000000000000       -1.6809740560883528E-004   0.0000000000000000     
  -3.3660000000000001        0.0000000000000000       -1.7607995075764399E-004   0.0000000000000000     
  -3.1680000000000001        0.0000000000000000       -1.8993994778131832E-004   0.0000000000000000     
  -2.9700000000000002        0.0000000000000000       -2.1023035062781809E-004   0.0000000000000000     
  -2.7720000000000002        0.0000000000000000       -2.3153039908381219E-004   0.0000000000000000     
  -2.5740000000000003        0.0000000000000000       -2.5407031497663447E-004   0.0000000000000000     
  -2.3760000000000003        0.0000000000000000       -2.8029584403652525E-004   0.0000000000000000     
  -2.1779999999999999        0.0000000000000000       -3.1148454407228793E-004   0.0000000000000000     
  -1.9800000000000000        0.0000000000000000       -3.4836939326317041E-004   0.0000000000000000     
  -1.7820000000000000        0.0000000000000000       -3.9221366760136653E-004   0.0000000000000000     
  -1.5840000000000001        0.0000000000000000       -4.4511020567421163E-004   0.0000000000000000     
  -1.3860000000000001        0.0000000000000000       -5.0665089762544769E-004   0.0000000000000000     
  -1.1880000000000002        0.0000000000000000       -5.7754193193113599E-004   0.0000000000000000     
 -0.98999999999999999        0.0000000000000000       -6.6140587417023717E-004   0.0000000000000000     
 -0.79200000000000004        0.0000000000000000       -7.5479664298787872E-004   0.0000000000000000     
 -0.59400000000000008        0.0000000000000000       -8.4706328383871707E-004   0.0000000000000000     
 -0.39600000000000002        0.0000000000000000       -9.2693183757853179E-004   0.0000000000000000     
 -0.19800000000000001        0.0000000000000000       -9.8154424387042840E-004   0.0000000000000000     
   0.0000000000000000        0.0000000000000000       -1.0008763657161880E-003   0.0000000000000000     
  0.19800000000000001        0.0000000000000000       -9.8154424387042840E-004   0.0000000000000000     
  0.39600000000000002        0.0000000000000000       -9.2693183757853179E-004   0.0000000000000000     
  0.59400000000000008        0.0000000000000000       -8.4706328383871707E-004   0.0000000000000000     
  0.79200000000000004        0.0000000000000000       -7.5479664298787872E-004   0.0000000000000000     
  0.98999999999999999        0.0000000000000000       -6.6140587417023717E-004   0.0000000000000000     
   1.1880000000000002        0.0000000000000000       -5.7754193193113599E-004   0.0000000000000000     
   1.3860000000000001        0.0000000000000000       -5.0665089762544769E-004   0.0000000000000000     
   1.5840000000000001        0.0000000000000000       -4.4511020567421163E-004   0.0000000000000000     
   1.7820000000000000        0.0000000000000000       -3.9221366760136653E-004   0.0000000000000000     
   1.9800000000000000        0.0000000000000000       -3.4836939326317041E-004   0.0000000000000000     
   2.1779999999999999        0.0000000000000000       -3.1148454407228793E-004   0.0000000000000000     
   2.3760000000000003        0.0000000000000000       -2.8029584403652525E-004   0.0000000000000000     
   2.5740000000000003        0.0000000000000000       -2.5407031497663447E-004   0.0000000000000000     
   2.7720000000000002        0.0000000000000000       -2.3153039908381219E-004   0.0000000000000000     
   2.9700000000000002        0.0000000000000000       -2.1023035062781809E-004   0.0000000000000000     
   3.1680000000000001        0.0000000000000000       -1.8993994778131832E-004   0.0000000000000000     
   3.3660000000000001        0.0000000000000000       -1.7607995075764399E-004   0.0000000000000000     
   3.5640000000000001        0.0000000000000000       -1.6809740560883528E-004   0.0000000000000000     
   3.7620000000000000        0.0000000000000000       -1.6282523941765713E-004   0.0000000000000000     
   3.9600000000000000        0.0000000000000000       -1.5870272038104481E-004   0.0000000000000000     
   4.1580000000000004        0.0000000000000000       -1.5503861004953956E-004   0.0000000000000000     
   4.3559999999999999        0.0000000000000000       -1.5150051232485471E-004   0.0000000000000000     
   4.5540000000000003        0.0000000000000000       -1.4793081374155732E-004   0.0000000000000000     
   4.7520000000000007        0.0000000000000000       -1.4426903119161354E-004   0.0000000000000000     
   4.9500000000000002        0.0000000000000000       -1.4050895856813718E-004   0.0000000000000000     
   5.1480000000000006        0.0000000000000000       -1.3667214892892812E-004   0.0000000000000000     
   5.3460000000000001        0.0000000000000000       -1.3279171708862093E-004   0.0000000000000000     
   5.5440000000000005        0.0000000000000000       -1.2890297547210190E-004   0.0000000000000000     
   5.7420000000000000        0.0000000000000000       -1.2503853417553755E-004   0.0000000000000000     
   5.9400000000000004        0.0000000000000000       -1.2122610094733509E-004   0.0000000000000000     
   6.1379999999999999        0.0000000000000000       -1.1748783722085297E-004   0.0000000000000000     
   6.3360000000000003        0.0000000000000000       -1.1384057845007858E-004   0.0000000000000000     
   6.5340000000000007        0.0000000000000000       -1.1029642333010261E-004   0.0000000000000000     
   6.7320000000000002        0.0000000000000000       -1.0686345704377358E-004   0.0000000000000000     
   6.9300000000000006        0.0000000000000000       -1.0354650509347747E-004   0.0000000000000000     
   7.1280000000000001        0.0000000000000000       -1.0034780401893430E-004   0.0000000000000000     
   7.3260000000000005        0.0000000000000000       -9.7267579965357168E-005   0.0000000000000000     
   7.5240000000000000        0.0000000000000000       -9.4304548132471917E-005   0.0000000000000000     
   7.7220000000000004        0.0000000000000000       -9.1456307342699115E-005   0.0000000000000000     
   7.9199999999999999        0.0000000000000000       -8.8719660071034196E-005   0.0000000000000000     
   8.1180000000000003        0.0000000000000000       -8.6090874865201440E-005   0.0000000000000000     
   8.3160000000000007        0.0000000000000000       -8.3565862206070419E-005   0.0000000000000000     
   8.5140000000000011        0.0000000000000000       -8.1140347539366967E-005   0.0000000000000000     
   8.7119999999999997        0.0000000000000000       -7.8809967734754701E-005   0.0000000000000000     
   8.9100000000000001        0.0000000000000000       -7.6570367828012129E-005   0.0000000000000000     
   9.1080000000000005        0.0000000000000000       -7.4417252601137899E-005   0.0000000000000000     
   9.3060000000000009        0.0000000000000000       -7.2346432732781779E-005   0.0000000000000000     
   9.5040000000000013        0.0000000000000000       -7.0353857214264140E-005   0.0000000000000000     
   9.7020000000000000        0.0000000000000000       -6.8435632122998860E-005   0.0000000000000000     
   9.9000000000000004        0.0000000000000000       -6.6588033588180936E-005   0.0000000000000000     
   10.098000000000001        0.0000000000000000       -6.4807500225968494E-005   0.0000000000000000     
   10.296000000000001        0.0000000000000000       -6.3090649298884658E-005   0.0000000000000000     
   10.494000000000000        0.0000000000000000       -6.1434266374952594E-005   0.0000000000000000     
   10.692000000000000        0.0000000000000000       -5.9835307171192181E-005   0.0000000000000000     
   10.890000000000001        0.0000000000000000       -5.8290882027920298E-005   0.0000000000000000     
   11.088000000000001        0.0000000000000000       -5.6798252909467763E-005   0.0000000000000000     
   11.286000000000001        0.0000000000000000       -5.5354827787274984E-005   0.0000000000000000     
   11.484000000000000        0.0000000000000000       -5.3958150230615858E-005   0.0000000000000000     
   11.682000000000000        0.0000000000000000       -5.2605890484361144E-005   0.0000000000000000     
   11.880000000000001        0.0000000000000000       -5.1295841479536112E-005   0.0000000000000000     
   12.078000000000001        0.0000000000000000       -5.0025902004210808E-005   0.0000000000000000     
   12.276000000000000        0.0000000000000000       -4.8794078638811596E-005   0.0000000000000000     
   12.474000000000000        0.0000000000000000       -4.7598472171133790E-005   0.0000000000000000     
   12.672000000000001        0.0000000000000000       -4.6437274966118162E-005   0.0000000000000000     
   12.870000000000001        0.0000000000000000       -4.5308760635787612E-005   0.0000000000000000     
   13.068000000000001        0.0000000000000000       -4.4211275295239222E-005   0.0000000000000000     
   13.266000000000000        0.0000000000000000       -4.3143236646296732E-005   0.0000000000000000     
   13.464000000000000        0.0000000000000000       -4.2103129179738012E-005   0.0000000000000000     
   13.662000000000001        0.0000000000000000       -4.1089491589468553E-005   0.0000000000000000     
   13.860000000000001        0.0000000000000000       -4.0100920079653917E-005   0.0000000000000000     
   14.058000000000000        0.0000000000000000       -3.9136054728424123E-005   0.0000000000000000     
   14.256000000000000        0.0000000000000000       -3.8193585263203554E-005   0.0000000000000000     
   14.454000000000001        0.0000000000000000       -3.7272238513590644E-005   0.0000000000000000     
   14.652000000000001        0.0000000000000000       -3.6370786348835980E-005   0.0000000000000000     
   14.850000000000001        0.0000000000000000       -3.5488032570831804E-005   0.0000000000000000     
   15.048000000000000        0.0000000000000000       -3.4622820642756510E-005   0.0000000000000000     
   15.246000000000000        0.0000000000000000       -3.3774035379546791E-005   0.0000000000000000     
   15.444000000000001        0.0000000000000000       -3.2940606398153228E-005   0.0000000000000000     
   15.642000000000001        0.0000000000000000       -3.2121522216960490E-005   0.0000000000000000     
   15.840000000000000        0.0000000000000000       -3.1315846794600397E-005   0.0000000000000000     
   16.038000000000000        0.0000000000000000       -3.0522753185020907E-005   0.0000000000000000     
   16.236000000000001        0.0000000000000000       -2.9741571499458816E-005   0.0000000000000000     
   16.434000000000001        0.0000000000000000       -2.8971867600710832E-005   0.0000000000000000     
   16.632000000000001        0.0000000000000000       -2.8213568201338962E-005   0.0000000000000000     
   16.830000000000002        0.0000000000000000       -2.7477798008499380E-005   0.0000000000000000     
   17.028000000000002        0.0000000000000000       -2.6756265195911098E-005   0.0000000000000000     
   17.225999999999999        0.0000000000000000       -2.6052164466328970E-005   0.0000000000000000     
   17.423999999999999        0.0000000000000000       -2.5370335621883617E-005   0.0000000000000000     
   17.622000000000000        0.0000000000000000       -2.4718468829377294E-005   0.0000000000000000     
   17.820000000000000        0.0000000000000000       -2.4108362610303644E-005   0.0000000000000000     
   18.018000000000001        0.0000000000000000       -2.3555186686264545E-005   0.0000000000000000     
   18.216000000000001        0.0000000000000000       -2.3072745505630199E-005   0.0000000000000000     
   18.414000000000001        0.0000000000000000       -2.2698855676364415E-005   0.0000000000000000     
   18.612000000000002        0.0000000000000000       -2.2456881265069559E-005   0.0000000000000000     
   18.810000000000002        0.0000000000000000       -2.2351725164092640E-005   0.0000000000000000     
   19.008000000000003        0.0000000000000000       -2.2289882888960308E-005   0.0000000000000000     
   19.206000000000000        0.0000000000000000       -2.1940244071059712E-005   0.0000000000000000     
   19.404000000000000        0.0000000000000000       -2.0604653800617166E-005   0.0000000000000000     
   19.602000000000000        0.0000000000000000       -1.7396782073296729E-005   0.0000000000000000     
