  -19.602000000000000        0.0000000000000000       -4.7491584287611156E-005   0.0000000000000000     
  -19.404000000000000        0.0000000000000000       -6.3845200034872045E-005   0.0000000000000000     
  -19.206000000000000        0.0000000000000000       -7.0724317661442516E-005   0.0000000000000000     
  -19.008000000000003        0.0000000000000000       -7.3659089002132142E-005   0.0000000000000000     
  -18.810000000000002        0.0000000000000000       -7.5420379875872193E-005   0.0000000000000000     
  -18.612000000000002        0.0000000000000000       -7.7101936215341830E-005   0.0000000000000000     
  -18.414000000000001        0.0000000000000000       -7.9158882329793392E-005   0.0000000000000000     
  -18.216000000000001        0.0000000000000000       -8.1734404895657421E-005   0.0000000000000000     
  -18.018000000000001        0.0000000000000000       -8.4828884469009759E-005   0.0000000000000000     
  -17.820000000000000        0.0000000000000000       -8.8364418265409608E-005   0.0000000000000000     
  -17.622000000000000        0.0000000000000000       -9.2352821400086552E-005   0.0000000000000000     
  -17.423999999999999        0.0000000000000000       -9.6774911028734418E-005   0.0000000000000000     
  -17.225999999999999        0.0000000000000000       -1.0159236155834681E-004   0.0000000000000000     
  -17.028000000000002        0.0000000000000000       -1.0677640677043532E-004   0.0000000000000000     
  -16.830000000000002        0.0000000000000000       -1.1229127624051812E-004   0.0000000000000000     
  -16.632000000000001        0.0000000000000000       -1.1812511370954083E-004   0.0000000000000000     
  -16.434000000000001        0.0000000000000000       -1.2427435142243562E-004   0.0000000000000000     
  -16.236000000000001        0.0000000000000000       -1.3073096200186162E-004   0.0000000000000000     
  -16.038000000000000        0.0000000000000000       -1.3749119338537450E-004   0.0000000000000000     
  -15.840000000000000        0.0000000000000000       -1.4456174398217925E-004   0.0000000000000000     
  -15.642000000000001        0.0000000000000000       -1.5193726651052488E-004   0.0000000000000000     
  -15.444000000000001        0.0000000000000000       -1.5962336356027120E-004   0.0000000000000000     
  -15.246000000000000        0.0000000000000000       -1.6762789697975631E-004   0.0000000000000000     
  -15.048000000000000        0.0000000000000000       -1.7596063762445003E-004   0.0000000000000000     
  -14.850000000000001        0.0000000000000000       -1.8463310749358534E-004   0.0000000000000000     
  -14.652000000000001        0.0000000000000000       -1.9365833504916087E-004   0.0000000000000000     
  -14.454000000000001        0.0000000000000000       -2.0305074142141778E-004   0.0000000000000000     
  -14.256000000000000        0.0000000000000000       -2.1282597924689029E-004   0.0000000000000000     
  -14.058000000000000        0.0000000000000000       -2.2300086501261178E-004   0.0000000000000000     
  -13.860000000000001        0.0000000000000000       -2.3359329884059893E-004   0.0000000000000000     
  -13.662000000000001        0.0000000000000000       -2.4462218683842370E-004   0.0000000000000000     
  -13.464000000000000        0.0000000000000000       -2.5610739412813160E-004   0.0000000000000000     
  -13.266000000000000        0.0000000000000000       -2.6806970340048495E-004   0.0000000000000000     
  -13.068000000000001        0.0000000000000000       -2.8053076857274828E-004   0.0000000000000000     
  -12.870000000000001        0.0000000000000000       -2.9351311802323964E-004   0.0000000000000000     
  -12.672000000000001        0.0000000000000000       -3.0704008125129743E-004   0.0000000000000000     
  -12.474000000000000        0.0000000000000000       -3.2113580026067864E-004   0.0000000000000000     
  -12.276000000000000        0.0000000000000000       -3.3582516416936288E-004   0.0000000000000000     
  -12.078000000000001        0.0000000000000000       -3.5113378986465030E-004   0.0000000000000000     
  -11.880000000000001        0.0000000000000000       -3.6708800181358564E-004   0.0000000000000000     
  -11.682000000000000        0.0000000000000000       -3.8371476755975318E-004   0.0000000000000000     
  -11.484000000000000        0.0000000000000000       -4.0104168162030321E-004   0.0000000000000000     
  -11.286000000000001        0.0000000000000000       -4.1909685491135952E-004   0.0000000000000000     
  -11.088000000000001        0.0000000000000000       -4.3790888840730343E-004   0.0000000000000000     
  -10.890000000000001        0.0000000000000000       -4.5750675688058533E-004   0.0000000000000000     
  -10.692000000000000        0.0000000000000000       -4.7791977631338368E-004   0.0000000000000000     
  -10.494000000000000        0.0000000000000000       -4.9917743979724393E-004   0.0000000000000000     
  -10.296000000000001        0.0000000000000000       -5.2130929697205499E-004   0.0000000000000000     
  -10.098000000000001        0.0000000000000000       -5.4434484968290638E-004   0.0000000000000000     
  -9.9000000000000004        0.0000000000000000       -5.6831332942186878E-004   0.0000000000000000     
  -9.7020000000000000        0.0000000000000000       -5.9324359702017432E-004   0.0000000000000000     
  -9.5040000000000013        0.0000000000000000       -6.1916390040700519E-004   0.0000000000000000     
  -9.3060000000000009        0.0000000000000000       -6.4610165615514687E-004   0.0000000000000000     
  -9.1080000000000005        0.0000000000000000       -6.7408319109109294E-004   0.0000000000000000     
  -8.9100000000000001        0.0000000000000000       -7.0313353207429542E-004   0.0000000000000000     
  -8.7119999999999997        0.0000000000000000       -7.3327615654719929E-004   0.0000000000000000     
  -8.5140000000000011        0.0000000000000000       -7.6453267761233555E-004   0.0000000000000000     
  -8.3160000000000007        0.0000000000000000       -7.9692257170742092E-004   0.0000000000000000     
  -8.1180000000000003        0.0000000000000000       -8.3046295990288224E-004   0.0000000000000000     
  -7.9199999999999999        0.0000000000000000       -8.6516826634703366E-004   0.0000000000000000     
  -7.7220000000000004        0.0000000000000000       -9.0105026087050123E-004   0.0000000000000000     
  -7.5240000000000000        0.0000000000000000       -9.3811769578932766E-004   0.0000000000000000     
  -7.3260000000000005        0.0000000000000000       -9.7637641395162107E-004   0.0000000000000000     
  -7.1280000000000001        0.0000000000000000       -1.0158294573349778E-003   0.0000000000000000     
  -6.9300000000000006        0.0000000000000000       -1.0564774191581471E-003   0.0000000000000000     
  -6.7320000000000002        0.0000000000000000       -1.0983189946141775E-003   0.0000000000000000     
  -6.5340000000000007        0.0000000000000000       -1.1413520229538083E-003   0.0000000000000000     
  -6.3360000000000003        0.0000000000000000       -1.1855745855019577E-003   0.0000000000000000     
  -6.1379999999999999        0.0000000000000000       -1.2309872356868613E-003   0.0000000000000000     
  -5.9400000000000004        0.0000000000000000       -1.2775952249741175E-003   0.0000000000000000     
  -5.7420000000000000        0.0000000000000000       -1.3254118001610553E-003   0.0000000000000000     
  -5.5440000000000005        0.0000000000000000       -1.3744620949911247E-003   0.0000000000000000     
  -5.3460000000000001        0.0000000000000000       -1.4247873177296397E-003   0.0000000000000000     
  -5.1480000000000006        0.0000000000000000       -1.4764491974696464E-003   0.0000000000000000     
  -4.9500000000000002        0.0000000000000000       -1.5295324692260754E-003   0.0000000000000000     
  -4.7520000000000007        0.0000000000000000       -1.5841425059966896E-003   0.0000000000000000     
  -4.5540000000000003        0.0000000000000000       -1.6403897165423039E-003   0.0000000000000000     
  -4.3559999999999999        0.0000000000000000       -1.6983419310088183E-003   0.0000000000000000     
  -4.1580000000000004        0.0000000000000000       -1.7579009184203948E-003   0.0000000000000000     
  -3.9600000000000000        0.0000000000000000       -1.8185144039592589E-003   0.0000000000000000     
  -3.7620000000000000        0.0000000000000000       -1.8788535296723511E-003   0.0000000000000000     
  -3.5640000000000001        0.0000000000000000       -1.9395922342041818E-003   0.0000000000000000     
  -3.3660000000000001        0.0000000000000000       -2.0057488055482083E-003   0.0000000000000000     
  -3.1680000000000001        0.0000000000000000       -2.0787767744133647E-003   0.0000000000000000     
  -2.9700000000000002        0.0000000000000000       -2.1577400564401312E-003   0.0000000000000000     
  -2.7720000000000002        0.0000000000000000       -2.2470791713067478E-003   0.0000000000000000     
  -2.5740000000000003        0.0000000000000000       -2.3586366549186782E-003   0.0000000000000000     
  -2.3760000000000003        0.0000000000000000       -2.4939883659685002E-003   0.0000000000000000     
  -2.1779999999999999        0.0000000000000000       -2.6489262795735416E-003   0.0000000000000000     
  -1.9800000000000000        0.0000000000000000       -2.8271960885994990E-003   0.0000000000000000     
  -1.7820000000000000        0.0000000000000000       -3.0249798043972555E-003   0.0000000000000000     
  -1.5840000000000001        0.0000000000000000       -3.2442064891120459E-003   0.0000000000000000     
  -1.3860000000000001        0.0000000000000000       -3.5411939715019550E-003   0.0000000000000000     
  -1.1880000000000002        0.0000000000000000       -3.9385800082807872E-003   0.0000000000000000     
 -0.98999999999999999        0.0000000000000000       -4.4267201655820154E-003   0.0000000000000000     
 -0.79200000000000004        0.0000000000000000       -4.9842680478449806E-003   0.0000000000000000     
 -0.59400000000000008        0.0000000000000000       -5.5483497760611478E-003   0.0000000000000000     
 -0.39600000000000002        0.0000000000000000       -6.0369740905760576E-003   0.0000000000000000     
 -0.19800000000000001        0.0000000000000000       -6.3632438633236419E-003   0.0000000000000000     
   0.0000000000000000        0.0000000000000000       -6.4718670119668070E-003   0.0000000000000000     
  0.19800000000000001        0.0000000000000000       -6.3632438633236419E-003   0.0000000000000000     
  0.39600000000000002        0.0000000000000000       -6.0369740905760576E-003   0.0000000000000000     
  0.59400000000000008        0.0000000000000000       -5.5483497760611478E-003   0.0000000000000000     
  0.79200000000000004        0.0000000000000000       -4.9842680478449806E-003   0.0000000000000000     
  0.98999999999999999        0.0000000000000000       -4.4267201655820154E-003   0.0000000000000000     
   1.1880000000000002        0.0000000000000000       -3.9385800082807872E-003   0.0000000000000000     
   1.3860000000000001        0.0000000000000000       -3.5411939715019550E-003   0.0000000000000000     
   1.5840000000000001        0.0000000000000000       -3.2442064891120459E-003   0.0000000000000000     
   1.7820000000000000        0.0000000000000000       -3.0249798043972555E-003   0.0000000000000000     
   1.9800000000000000        0.0000000000000000       -2.8271960885994990E-003   0.0000000000000000     
   2.1779999999999999        0.0000000000000000       -2.6489262795735416E-003   0.0000000000000000     
   2.3760000000000003        0.0000000000000000       -2.4939883659685002E-003   0.0000000000000000     
   2.5740000000000003        0.0000000000000000       -2.3586366549186782E-003   0.0000000000000000     
   2.7720000000000002        0.0000000000000000       -2.2470791713067478E-003   0.0000000000000000     
   2.9700000000000002        0.0000000000000000       -2.1577400564401312E-003   0.0000000000000000     
   3.1680000000000001        0.0000000000000000       -2.0787767744133647E-003   0.0000000000000000     
   3.3660000000000001        0.0000000000000000       -2.0057488055482083E-003   0.0000000000000000     
   3.5640000000000001        0.0000000000000000       -1.9395922342041818E-003   0.0000000000000000     
   3.7620000000000000        0.0000000000000000       -1.8788535296723511E-003   0.0000000000000000     
   3.9600000000000000        0.0000000000000000       -1.8185144039592589E-003   0.0000000000000000     
   4.1580000000000004        0.0000000000000000       -1.7579009184203948E-003   0.0000000000000000     
   4.3559999999999999        0.0000000000000000       -1.6983419310088183E-003   0.0000000000000000     
   4.5540000000000003        0.0000000000000000       -1.6403897165423039E-003   0.0000000000000000     
   4.7520000000000007        0.0000000000000000       -1.5841425059966896E-003   0.0000000000000000     
   4.9500000000000002        0.0000000000000000       -1.5295324692260754E-003   0.0000000000000000     
   5.1480000000000006        0.0000000000000000       -1.4764491974696464E-003   0.0000000000000000     
   5.3460000000000001        0.0000000000000000       -1.4247873177296397E-003   0.0000000000000000     
   5.5440000000000005        0.0000000000000000       -1.3744620949911247E-003   0.0000000000000000     
   5.7420000000000000        0.0000000000000000       -1.3254118001610553E-003   0.0000000000000000     
   5.9400000000000004        0.0000000000000000       -1.2775952249741175E-003   0.0000000000000000     
   6.1379999999999999        0.0000000000000000       -1.2309872356868613E-003   0.0000000000000000     
   6.3360000000000003        0.0000000000000000       -1.1855745855019577E-003   0.0000000000000000     
   6.5340000000000007        0.0000000000000000       -1.1413520229538083E-003   0.0000000000000000     
   6.7320000000000002        0.0000000000000000       -1.0983189946141775E-003   0.0000000000000000     
   6.9300000000000006        0.0000000000000000       -1.0564774191581471E-003   0.0000000000000000     
   7.1280000000000001        0.0000000000000000       -1.0158294573349778E-003   0.0000000000000000     
   7.3260000000000005        0.0000000000000000       -9.7637641395162107E-004   0.0000000000000000     
   7.5240000000000000        0.0000000000000000       -9.3811769578932766E-004   0.0000000000000000     
   7.7220000000000004        0.0000000000000000       -9.0105026087050123E-004   0.0000000000000000     
   7.9199999999999999        0.0000000000000000       -8.6516826634703366E-004   0.0000000000000000     
   8.1180000000000003        0.0000000000000000       -8.3046295990288224E-004   0.0000000000000000     
   8.3160000000000007        0.0000000000000000       -7.9692257170742092E-004   0.0000000000000000     
   8.5140000000000011        0.0000000000000000       -7.6453267761233555E-004   0.0000000000000000     
   8.7119999999999997        0.0000000000000000       -7.3327615654719929E-004   0.0000000000000000     
   8.9100000000000001        0.0000000000000000       -7.0313353207429542E-004   0.0000000000000000     
   9.1080000000000005        0.0000000000000000       -6.7408319109109294E-004   0.0000000000000000     
   9.3060000000000009        0.0000000000000000       -6.4610165615514687E-004   0.0000000000000000     
   9.5040000000000013        0.0000000000000000       -6.1916390040700519E-004   0.0000000000000000     
   9.7020000000000000        0.0000000000000000       -5.9324359702017432E-004   0.0000000000000000     
   9.9000000000000004        0.0000000000000000       -5.6831332942186878E-004   0.0000000000000000     
   10.098000000000001        0.0000000000000000       -5.4434484968290638E-004   0.0000000000000000     
   10.296000000000001        0.0000000000000000       -5.2130929697205499E-004   0.0000000000000000     
   10.494000000000000        0.0000000000000000       -4.9917743979724393E-004   0.0000000000000000     
   10.692000000000000        0.0000000000000000       -4.7791977631338368E-004   0.0000000000000000     
   10.890000000000001        0.0000000000000000       -4.5750675688058533E-004   0.0000000000000000     
   11.088000000000001        0.0000000000000000       -4.3790888840730343E-004   0.0000000000000000     
   11.286000000000001        0.0000000000000000       -4.1909685491135952E-004   0.0000000000000000     
   11.484000000000000        0.0000000000000000       -4.0104168162030321E-004   0.0000000000000000     
   11.682000000000000        0.0000000000000000       -3.8371476755975318E-004   0.0000000000000000     
   11.880000000000001        0.0000000000000000       -3.6708800181358564E-004   0.0000000000000000     
   12.078000000000001        0.0000000000000000       -3.5113378986465030E-004   0.0000000000000000     
   12.276000000000000        0.0000000000000000       -3.3582516416936288E-004   0.0000000000000000     
   12.474000000000000        0.0000000000000000       -3.2113580026067864E-004   0.0000000000000000     
   12.672000000000001        0.0000000000000000       -3.0704008125129743E-004   0.0000000000000000     
   12.870000000000001        0.0000000000000000       -2.9351311802323964E-004   0.0000000000000000     
   13.068000000000001        0.0000000000000000       -2.8053076857274828E-004   0.0000000000000000     
   13.266000000000000        0.0000000000000000       -2.6806970340048495E-004   0.0000000000000000     
   13.464000000000000        0.0000000000000000       -2.5610739412813160E-004   0.0000000000000000     
   13.662000000000001        0.0000000000000000       -2.4462218683842370E-004   0.0000000000000000     
   13.860000000000001        0.0000000000000000       -2.3359329884059893E-004   0.0000000000000000     
   14.058000000000000        0.0000000000000000       -2.2300086501261178E-004   0.0000000000000000     
   14.256000000000000        0.0000000000000000       -2.1282597924689029E-004   0.0000000000000000     
   14.454000000000001        0.0000000000000000       -2.0305074142141778E-004   0.0000000000000000     
   14.652000000000001        0.0000000000000000       -1.9365833504916087E-004   0.0000000000000000     
   14.850000000000001        0.0000000000000000       -1.8463310749358534E-004   0.0000000000000000     
   15.048000000000000        0.0000000000000000       -1.7596063762445003E-004   0.0000000000000000     
   15.246000000000000        0.0000000000000000       -1.6762789697975631E-004   0.0000000000000000     
   15.444000000000001        0.0000000000000000       -1.5962336356027120E-004   0.0000000000000000     
   15.642000000000001        0.0000000000000000       -1.5193726651052488E-004   0.0000000000000000     
   15.840000000000000        0.0000000000000000       -1.4456174398217925E-004   0.0000000000000000     
   16.038000000000000        0.0000000000000000       -1.3749119338537450E-004   0.0000000000000000     
   16.236000000000001        0.0000000000000000       -1.3073096200186162E-004   0.0000000000000000     
   16.434000000000001        0.0000000000000000       -1.2427435142243562E-004   0.0000000000000000     
   16.632000000000001        0.0000000000000000       -1.1812511370954083E-004   0.0000000000000000     
   16.830000000000002        0.0000000000000000       -1.1229127624051812E-004   0.0000000000000000     
   17.028000000000002        0.0000000000000000       -1.0677640677043532E-004   0.0000000000000000     
   17.225999999999999        0.0000000000000000       -1.0159236155834681E-004   0.0000000000000000     
   17.423999999999999        0.0000000000000000       -9.6774911028734418E-005   0.0000000000000000     
   17.622000000000000        0.0000000000000000       -9.2352821400086552E-005   0.0000000000000000     
   17.820000000000000        0.0000000000000000       -8.8364418265409608E-005   0.0000000000000000     
   18.018000000000001        0.0000000000000000       -8.4828884469009759E-005   0.0000000000000000     
   18.216000000000001        0.0000000000000000       -8.1734404895657421E-005   0.0000000000000000     
   18.414000000000001        0.0000000000000000       -7.9158882329793392E-005   0.0000000000000000     
   18.612000000000002        0.0000000000000000       -7.7101936215341830E-005   0.0000000000000000     
   18.810000000000002        0.0000000000000000       -7.5420379875872193E-005   0.0000000000000000     
   19.008000000000003        0.0000000000000000       -7.3659089002132142E-005   0.0000000000000000     
   19.206000000000000        0.0000000000000000       -7.0724317661442516E-005   0.0000000000000000     
   19.404000000000000        0.0000000000000000       -6.3845200034872045E-005   0.0000000000000000     
   19.602000000000000        0.0000000000000000       -4.7491584287611156E-005   0.0000000000000000     
