  -19.602000000000000        0.0000000000000000        2.5807284379958158E-006   0.0000000000000000     
  -19.404000000000000        0.0000000000000000       -8.5463281383238343E-006   0.0000000000000000     
  -19.206000000000000        0.0000000000000000       -9.2107006819260696E-006   0.0000000000000000     
  -19.008000000000003        0.0000000000000000       -6.6592622083192264E-006   0.0000000000000000     
  -18.810000000000002        0.0000000000000000       -4.1296074140336681E-006   0.0000000000000000     
  -18.612000000000002        0.0000000000000000       -2.5450014626100261E-006   0.0000000000000000     
  -18.414000000000001        0.0000000000000000       -2.0732101291746494E-006   0.0000000000000000     
  -18.216000000000001        0.0000000000000000       -2.7664473910598034E-006   0.0000000000000000     
  -18.018000000000001        0.0000000000000000       -4.3556062138650255E-006   0.0000000000000000     
  -17.820000000000000        0.0000000000000000       -6.7252290909630492E-006   0.0000000000000000     
  -17.622000000000000        0.0000000000000000       -9.7494724305164442E-006   0.0000000000000000     
  -17.423999999999999        0.0000000000000000       -1.3366083276166393E-005   0.0000000000000000     
  -17.225999999999999        0.0000000000000000       -1.7506552824458894E-005   0.0000000000000000     
  -17.028000000000002        0.0000000000000000       -2.2046374327341797E-005   0.0000000000000000     
  -16.830000000000002        0.0000000000000000       -2.6988630179031713E-005   0.0000000000000000     
  -16.632000000000001        0.0000000000000000       -3.2285136414010770E-005   0.0000000000000000     
  -16.434000000000001        0.0000000000000000       -3.7926589194506717E-005   0.0000000000000000     
  -16.236000000000001        0.0000000000000000       -4.3895229438612734E-005   0.0000000000000000     
  -16.038000000000000        0.0000000000000000       -5.0180299523172999E-005   0.0000000000000000     
  -15.840000000000000        0.0000000000000000       -5.6788877388653368E-005   0.0000000000000000     
  -15.642000000000001        0.0000000000000000       -6.3705349455808529E-005   0.0000000000000000     
  -15.444000000000001        0.0000000000000000       -7.0932718171582253E-005   0.0000000000000000     
  -15.246000000000000        0.0000000000000000       -7.8476855956431655E-005   0.0000000000000000     
  -15.048000000000000        0.0000000000000000       -8.6345993104670725E-005   0.0000000000000000     
  -14.850000000000001        0.0000000000000000       -9.4550295146618416E-005   0.0000000000000000     
  -14.652000000000001        0.0000000000000000       -1.0310155449607406E-004   0.0000000000000000     
  -14.454000000000001        0.0000000000000000       -1.1201286316099313E-004   0.0000000000000000     
  -14.256000000000000        0.0000000000000000       -1.2129844322504204E-004   0.0000000000000000     
  -14.058000000000000        0.0000000000000000       -1.3097338598154444E-004   0.0000000000000000     
  -13.860000000000001        0.0000000000000000       -1.4105352793514033E-004   0.0000000000000000     
  -13.662000000000001        0.0000000000000000       -1.5155530394741500E-004   0.0000000000000000     
  -13.464000000000000        0.0000000000000000       -1.6249556765348346E-004   0.0000000000000000     
  -13.266000000000000        0.0000000000000000       -1.7389148823246828E-004   0.0000000000000000     
  -13.068000000000001        0.0000000000000000       -1.8576038632457998E-004   0.0000000000000000     
  -12.870000000000001        0.0000000000000000       -1.9811962179654513E-004   0.0000000000000000     
  -12.672000000000001        0.0000000000000000       -2.1098644429324272E-004   0.0000000000000000     
  -12.474000000000000        0.0000000000000000       -2.2437782873891717E-004   0.0000000000000000     
  -12.276000000000000        0.0000000000000000       -2.3831026222786425E-004   0.0000000000000000     
  -12.078000000000001        0.0000000000000000       -2.5279959956197006E-004   0.0000000000000000     
  -11.880000000000001        0.0000000000000000       -2.6786080523406625E-004   0.0000000000000000     
  -11.682000000000000        0.0000000000000000       -2.8350770362420736E-004   0.0000000000000000     
  -11.484000000000000        0.0000000000000000       -2.9975270436725053E-004   0.0000000000000000     
  -11.286000000000001        0.0000000000000000       -3.1660640651231842E-004   0.0000000000000000     
  -11.088000000000001        0.0000000000000000       -3.3407728525975913E-004   0.0000000000000000     
  -10.890000000000001        0.0000000000000000       -3.5217121093539223E-004   0.0000000000000000     
  -10.692000000000000        0.0000000000000000       -3.7089095622866691E-004   0.0000000000000000     
  -10.494000000000000        0.0000000000000000       -3.9023562716243788E-004   0.0000000000000000     
  -10.296000000000001        0.0000000000000000       -4.1019997400591155E-004   0.0000000000000000     
  -10.098000000000001        0.0000000000000000       -4.3077366073501641E-004   0.0000000000000000     
  -9.9000000000000004        0.0000000000000000       -4.5194041517653769E-004   0.0000000000000000     
  -9.7020000000000000        0.0000000000000000       -4.7367704751483022E-004   0.0000000000000000     
  -9.5040000000000013        0.0000000000000000       -4.9595231078146374E-004   0.0000000000000000     
  -9.3060000000000009        0.0000000000000000       -5.1872563325041732E-004   0.0000000000000000     
  -9.1080000000000005        0.0000000000000000       -5.4194570609739383E-004   0.0000000000000000     
  -8.9100000000000001        0.0000000000000000       -5.6554883503775663E-004   0.0000000000000000     
  -8.7119999999999997        0.0000000000000000       -5.8945711441110206E-004   0.0000000000000000     
  -8.5140000000000011        0.0000000000000000       -6.1357631600022361E-004   0.0000000000000000     
  -8.3160000000000007        0.0000000000000000       -6.3779349779248355E-004   0.0000000000000000     
  -8.1180000000000003        0.0000000000000000       -6.6197435377308501E-004   0.0000000000000000     
  -7.9199999999999999        0.0000000000000000       -6.8596024366393636E-004   0.0000000000000000     
  -7.7220000000000004        0.0000000000000000       -7.0956479787646670E-004   0.0000000000000000     
  -7.5240000000000000        0.0000000000000000       -7.3257007430275578E-004   0.0000000000000000     
  -7.3260000000000005        0.0000000000000000       -7.5472232343559785E-004   0.0000000000000000     
  -7.1280000000000001        0.0000000000000000       -7.7572729393869579E-004   0.0000000000000000     
  -6.9300000000000006        0.0000000000000000       -7.9524477160166729E-004   0.0000000000000000     
  -6.7320000000000002        0.0000000000000000       -8.1288281256059727E-004   0.0000000000000000     
  -6.5340000000000007        0.0000000000000000       -8.2819100833529799E-004   0.0000000000000000     
  -6.3360000000000003        0.0000000000000000       -8.4065336023494378E-004   0.0000000000000000     
  -6.1379999999999999        0.0000000000000000       -8.4967995463427874E-004   0.0000000000000000     
  -5.9400000000000004        0.0000000000000000       -8.5459812824975417E-004   0.0000000000000000     
  -5.7420000000000000        0.0000000000000000       -8.5464260784408189E-004   0.0000000000000000     
  -5.5440000000000005        0.0000000000000000       -8.4894414903001871E-004   0.0000000000000000     
  -5.3460000000000001        0.0000000000000000       -8.3651686037691222E-004   0.0000000000000000     
  -5.1480000000000006        0.0000000000000000       -8.1624319690501077E-004   0.0000000000000000     
  -4.9500000000000002        0.0000000000000000       -7.8685461224115775E-004   0.0000000000000000     
  -4.7520000000000007        0.0000000000000000       -7.4690460207970440E-004   0.0000000000000000     
  -4.5540000000000003        0.0000000000000000       -6.9472397871325493E-004   0.0000000000000000     
  -4.3559999999999999        0.0000000000000000       -6.2833550665839183E-004   0.0000000000000000     
  -4.1580000000000004        0.0000000000000000       -5.4526744942468106E-004   0.0000000000000000     
  -3.9600000000000000        0.0000000000000000       -4.4212983414684788E-004   0.0000000000000000     
  -3.7620000000000000        0.0000000000000000       -3.1409004195697565E-004   0.0000000000000000     
  -3.5640000000000001        0.0000000000000000       -1.5869079193936778E-004   0.0000000000000000     
  -3.3660000000000001        0.0000000000000000        2.0503629328901105E-005   0.0000000000000000     
  -3.1680000000000001        0.0000000000000000        2.2423818895872080E-004   0.0000000000000000     
  -2.9700000000000002        0.0000000000000000        4.5513273189501857E-004   0.0000000000000000     
  -2.7720000000000002        0.0000000000000000        7.1215994904696176E-004   0.0000000000000000     
  -2.5740000000000003        0.0000000000000000        9.9089343873226521E-004   0.0000000000000000     
  -2.3760000000000003        0.0000000000000000        1.2986115924890735E-003   0.0000000000000000     
  -2.1779999999999999        0.0000000000000000        1.6530527246425958E-003   0.0000000000000000     
  -1.9800000000000000        0.0000000000000000        2.0451738260165919E-003   0.0000000000000000     
  -1.7820000000000000        0.0000000000000000        2.4718329370399081E-003   0.0000000000000000     
  -1.5840000000000001        0.0000000000000000        2.9140499663046666E-003   0.0000000000000000     
  -1.3860000000000001        0.0000000000000000        3.2771381011330305E-003   0.0000000000000000     
  -1.1880000000000002        0.0000000000000000        3.5390317424119980E-003   0.0000000000000000     
 -0.98999999999999999        0.0000000000000000        3.7486682185738484E-003   0.0000000000000000     
 -0.79200000000000004        0.0000000000000000        3.9589522820214461E-003   0.0000000000000000     
 -0.59400000000000008        0.0000000000000000        4.1471329265947605E-003   0.0000000000000000     
 -0.39600000000000002        0.0000000000000000        4.2709771581283563E-003   0.0000000000000000     
 -0.19800000000000001        0.0000000000000000        4.3435919911298353E-003   0.0000000000000000     
   0.0000000000000000        0.0000000000000000        4.3734881528395830E-003   0.0000000000000000     
  0.19800000000000001        0.0000000000000000        4.3435919911298353E-003   0.0000000000000000     
  0.39600000000000002        0.0000000000000000        4.2709771581283563E-003   0.0000000000000000     
  0.59400000000000008        0.0000000000000000        4.1471329265947605E-003   0.0000000000000000     
  0.79200000000000004        0.0000000000000000        3.9589522820214461E-003   0.0000000000000000     
  0.98999999999999999        0.0000000000000000        3.7486682185738484E-003   0.0000000000000000     
   1.1880000000000002        0.0000000000000000        3.5390317424119980E-003   0.0000000000000000     
   1.3860000000000001        0.0000000000000000        3.2771381011330305E-003   0.0000000000000000     
   1.5840000000000001        0.0000000000000000        2.9140499663046666E-003   0.0000000000000000     
   1.7820000000000000        0.0000000000000000        2.4718329370399081E-003   0.0000000000000000     
   1.9800000000000000        0.0000000000000000        2.0451738260165919E-003   0.0000000000000000     
   2.1779999999999999        0.0000000000000000        1.6530527246425958E-003   0.0000000000000000     
   2.3760000000000003        0.0000000000000000        1.2986115924890735E-003   0.0000000000000000     
   2.5740000000000003        0.0000000000000000        9.9089343873226521E-004   0.0000000000000000     
   2.7720000000000002        0.0000000000000000        7.1215994904696176E-004   0.0000000000000000     
   2.9700000000000002        0.0000000000000000        4.5513273189501857E-004   0.0000000000000000     
   3.1680000000000001        0.0000000000000000        2.2423818895872080E-004   0.0000000000000000     
   3.3660000000000001        0.0000000000000000        2.0503629328901105E-005   0.0000000000000000     
   3.5640000000000001        0.0000000000000000       -1.5869079193936778E-004   0.0000000000000000     
   3.7620000000000000        0.0000000000000000       -3.1409004195697565E-004   0.0000000000000000     
   3.9600000000000000        0.0000000000000000       -4.4212983414684788E-004   0.0000000000000000     
   4.1580000000000004        0.0000000000000000       -5.4526744942468106E-004   0.0000000000000000     
   4.3559999999999999        0.0000000000000000       -6.2833550665839183E-004   0.0000000000000000     
   4.5540000000000003        0.0000000000000000       -6.9472397871325493E-004   0.0000000000000000     
   4.7520000000000007        0.0000000000000000       -7.4690460207970440E-004   0.0000000000000000     
   4.9500000000000002        0.0000000000000000       -7.8685461224115775E-004   0.0000000000000000     
   5.1480000000000006        0.0000000000000000       -8.1624319690501077E-004   0.0000000000000000     
   5.3460000000000001        0.0000000000000000       -8.3651686037691222E-004   0.0000000000000000     
   5.5440000000000005        0.0000000000000000       -8.4894414903001871E-004   0.0000000000000000     
   5.7420000000000000        0.0000000000000000       -8.5464260784408189E-004   0.0000000000000000     
   5.9400000000000004        0.0000000000000000       -8.5459812824975417E-004   0.0000000000000000     
   6.1379999999999999        0.0000000000000000       -8.4967995463427874E-004   0.0000000000000000     
   6.3360000000000003        0.0000000000000000       -8.4065336023494378E-004   0.0000000000000000     
   6.5340000000000007        0.0000000000000000       -8.2819100833529799E-004   0.0000000000000000     
   6.7320000000000002        0.0000000000000000       -8.1288281256059727E-004   0.0000000000000000     
   6.9300000000000006        0.0000000000000000       -7.9524477160166729E-004   0.0000000000000000     
   7.1280000000000001        0.0000000000000000       -7.7572729393869579E-004   0.0000000000000000     
   7.3260000000000005        0.0000000000000000       -7.5472232343559785E-004   0.0000000000000000     
   7.5240000000000000        0.0000000000000000       -7.3257007430275578E-004   0.0000000000000000     
   7.7220000000000004        0.0000000000000000       -7.0956479787646670E-004   0.0000000000000000     
   7.9199999999999999        0.0000000000000000       -6.8596024366393636E-004   0.0000000000000000     
   8.1180000000000003        0.0000000000000000       -6.6197435377308501E-004   0.0000000000000000     
   8.3160000000000007        0.0000000000000000       -6.3779349779248355E-004   0.0000000000000000     
   8.5140000000000011        0.0000000000000000       -6.1357631600022361E-004   0.0000000000000000     
   8.7119999999999997        0.0000000000000000       -5.8945711441110206E-004   0.0000000000000000     
   8.9100000000000001        0.0000000000000000       -5.6554883503775663E-004   0.0000000000000000     
   9.1080000000000005        0.0000000000000000       -5.4194570609739383E-004   0.0000000000000000     
   9.3060000000000009        0.0000000000000000       -5.1872563325041732E-004   0.0000000000000000     
   9.5040000000000013        0.0000000000000000       -4.9595231078146374E-004   0.0000000000000000     
   9.7020000000000000        0.0000000000000000       -4.7367704751483022E-004   0.0000000000000000     
   9.9000000000000004        0.0000000000000000       -4.5194041517653769E-004   0.0000000000000000     
   10.098000000000001        0.0000000000000000       -4.3077366073501641E-004   0.0000000000000000     
   10.296000000000001        0.0000000000000000       -4.1019997400591155E-004   0.0000000000000000     
   10.494000000000000        0.0000000000000000       -3.9023562716243788E-004   0.0000000000000000     
   10.692000000000000        0.0000000000000000       -3.7089095622866691E-004   0.0000000000000000     
   10.890000000000001        0.0000000000000000       -3.5217121093539223E-004   0.0000000000000000     
   11.088000000000001        0.0000000000000000       -3.3407728525975913E-004   0.0000000000000000     
   11.286000000000001        0.0000000000000000       -3.1660640651231842E-004   0.0000000000000000     
   11.484000000000000        0.0000000000000000       -2.9975270436725053E-004   0.0000000000000000     
   11.682000000000000        0.0000000000000000       -2.8350770362420736E-004   0.0000000000000000     
   11.880000000000001        0.0000000000000000       -2.6786080523406625E-004   0.0000000000000000     
   12.078000000000001        0.0000000000000000       -2.5279959956197006E-004   0.0000000000000000     
   12.276000000000000        0.0000000000000000       -2.3831026222786425E-004   0.0000000000000000     
   12.474000000000000        0.0000000000000000       -2.2437782873891717E-004   0.0000000000000000     
   12.672000000000001        0.0000000000000000       -2.1098644429324272E-004   0.0000000000000000     
   12.870000000000001        0.0000000000000000       -1.9811962179654513E-004   0.0000000000000000     
   13.068000000000001        0.0000000000000000       -1.8576038632457998E-004   0.0000000000000000     
   13.266000000000000        0.0000000000000000       -1.7389148823246828E-004   0.0000000000000000     
   13.464000000000000        0.0000000000000000       -1.6249556765348346E-004   0.0000000000000000     
   13.662000000000001        0.0000000000000000       -1.5155530394741500E-004   0.0000000000000000     
   13.860000000000001        0.0000000000000000       -1.4105352793514033E-004   0.0000000000000000     
   14.058000000000000        0.0000000000000000       -1.3097338598154444E-004   0.0000000000000000     
   14.256000000000000        0.0000000000000000       -1.2129844322504204E-004   0.0000000000000000     
   14.454000000000001        0.0000000000000000       -1.1201286316099313E-004   0.0000000000000000     
   14.652000000000001        0.0000000000000000       -1.0310155449607406E-004   0.0000000000000000     
   14.850000000000001        0.0000000000000000       -9.4550295146618416E-005   0.0000000000000000     
   15.048000000000000        0.0000000000000000       -8.6345993104670725E-005   0.0000000000000000     
   15.246000000000000        0.0000000000000000       -7.8476855956431655E-005   0.0000000000000000     
   15.444000000000001        0.0000000000000000       -7.0932718171582253E-005   0.0000000000000000     
   15.642000000000001        0.0000000000000000       -6.3705349455808529E-005   0.0000000000000000     
   15.840000000000000        0.0000000000000000       -5.6788877388653368E-005   0.0000000000000000     
   16.038000000000000        0.0000000000000000       -5.0180299523172999E-005   0.0000000000000000     
   16.236000000000001        0.0000000000000000       -4.3895229438612734E-005   0.0000000000000000     
   16.434000000000001        0.0000000000000000       -3.7926589194506717E-005   0.0000000000000000     
   16.632000000000001        0.0000000000000000       -3.2285136414010770E-005   0.0000000000000000     
   16.830000000000002        0.0000000000000000       -2.6988630179031713E-005   0.0000000000000000     
   17.028000000000002        0.0000000000000000       -2.2046374327341797E-005   0.0000000000000000     
   17.225999999999999        0.0000000000000000       -1.7506552824458894E-005   0.0000000000000000     
   17.423999999999999        0.0000000000000000       -1.3366083276166393E-005   0.0000000000000000     
   17.622000000000000        0.0000000000000000       -9.7494724305164442E-006   0.0000000000000000     
   17.820000000000000        0.0000000000000000       -6.7252290909630492E-006   0.0000000000000000     
   18.018000000000001        0.0000000000000000       -4.3556062138650255E-006   0.0000000000000000     
   18.216000000000001        0.0000000000000000       -2.7664473910598034E-006   0.0000000000000000     
   18.414000000000001        0.0000000000000000       -2.0732101291746494E-006   0.0000000000000000     
   18.612000000000002        0.0000000000000000       -2.5450014626100261E-006   0.0000000000000000     
   18.810000000000002        0.0000000000000000       -4.1296074140336681E-006   0.0000000000000000     
   19.008000000000003        0.0000000000000000       -6.6592622083192264E-006   0.0000000000000000     
   19.206000000000000        0.0000000000000000       -9.2107006819260696E-006   0.0000000000000000     
   19.404000000000000        0.0000000000000000       -8.5463281383238343E-006   0.0000000000000000     
   19.602000000000000        0.0000000000000000        2.5807284379958158E-006   0.0000000000000000     
