  -19.602000000000000        0.0000000000000000        5.1954412737535112E-005   0.0000000000000000     
  -19.404000000000000        0.0000000000000000        5.4357995421425471E-005   0.0000000000000000     
  -19.206000000000000        0.0000000000000000        5.8163877482981410E-005   0.0000000000000000     
  -19.008000000000003        0.0000000000000000        6.2174549032363672E-005   0.0000000000000000     
  -18.810000000000002        0.0000000000000000        6.5937031206771626E-005   0.0000000000000000     
  -18.612000000000002        0.0000000000000000        6.9338031891483451E-005   0.0000000000000000     
  -18.414000000000001        0.0000000000000000        7.2415538469151880E-005   0.0000000000000000     
  -18.216000000000001        0.0000000000000000        7.5177220305847108E-005   0.0000000000000000     
  -18.018000000000001        0.0000000000000000        7.7694948641081140E-005   0.0000000000000000     
  -17.820000000000000        0.0000000000000000        8.0028550808847331E-005   0.0000000000000000     
  -17.622000000000000        0.0000000000000000        8.2204337961977849E-005   0.0000000000000000     
  -17.423999999999999        0.0000000000000000        8.4273102997921862E-005   0.0000000000000000     
  -17.225999999999999        0.0000000000000000        8.6251069772195547E-005   0.0000000000000000     
  -17.028000000000002        0.0000000000000000        8.8178926112020400E-005   0.0000000000000000     
  -16.830000000000002        0.0000000000000000        9.0068164927489355E-005   0.0000000000000000     
  -16.632000000000001        0.0000000000000000        9.1933440834457495E-005   0.0000000000000000     
  -16.434000000000001        0.0000000000000000        9.3788715179708238E-005   0.0000000000000000     
  -16.236000000000001        0.0000000000000000        9.5645671083917884E-005   0.0000000000000000     
  -16.038000000000000        0.0000000000000000        9.7514232029331704E-005   0.0000000000000000     
  -15.840000000000000        0.0000000000000000        9.9402979521614489E-005   0.0000000000000000     
  -15.642000000000001        0.0000000000000000        1.0131943819950790E-004   0.0000000000000000     
  -15.444000000000001        0.0000000000000000        1.0326752558942375E-004   0.0000000000000000     
  -15.246000000000000        0.0000000000000000        1.0525691901746888E-004   0.0000000000000000     
  -15.048000000000000        0.0000000000000000        1.0729350669531502E-004   0.0000000000000000     
  -14.850000000000001        0.0000000000000000        1.0938300852986513E-004   0.0000000000000000     
  -14.652000000000001        0.0000000000000000        1.1153109030647038E-004   0.0000000000000000     
  -14.454000000000001        0.0000000000000000        1.1374347401820399E-004   0.0000000000000000     
  -14.256000000000000        0.0000000000000000        1.1602604452327582E-004   0.0000000000000000     
  -14.058000000000000        0.0000000000000000        1.1838492764059433E-004   0.0000000000000000     
  -13.860000000000001        0.0000000000000000        1.2082657920470601E-004   0.0000000000000000     
  -13.662000000000001        0.0000000000000000        1.2335787233259669E-004   0.0000000000000000     
  -13.464000000000000        0.0000000000000000        1.2598616667859288E-004   0.0000000000000000     
  -13.266000000000000        0.0000000000000000        1.2871940247205323E-004   0.0000000000000000     
  -13.068000000000001        0.0000000000000000        1.3156617901653321E-004   0.0000000000000000     
  -12.870000000000001        0.0000000000000000        1.3453585188377893E-004   0.0000000000000000     
  -12.672000000000001        0.0000000000000000        1.3763860933957642E-004   0.0000000000000000     
  -12.474000000000000        0.0000000000000000        1.4088560271826933E-004   0.0000000000000000     
  -12.276000000000000        0.0000000000000000        1.4428903704158730E-004   0.0000000000000000     
  -12.078000000000001        0.0000000000000000        1.4786231023320595E-004   0.0000000000000000     
  -11.880000000000001        0.0000000000000000        1.5162013012290482E-004   0.0000000000000000     
  -11.682000000000000        0.0000000000000000        1.5557867589465095E-004   0.0000000000000000     
  -11.484000000000000        0.0000000000000000        1.5975576162639398E-004   0.0000000000000000     
  -11.286000000000001        0.0000000000000000        1.6417102068531927E-004   0.0000000000000000     
  -11.088000000000001        0.0000000000000000        1.6884609567035684E-004   0.0000000000000000     
  -10.890000000000001        0.0000000000000000        1.7380489644165328E-004   0.0000000000000000     
  -10.692000000000000        0.0000000000000000        1.7907380511856765E-004   0.0000000000000000     
  -10.494000000000000        0.0000000000000000        1.8468201818931882E-004   0.0000000000000000     
  -10.296000000000001        0.0000000000000000        1.9066181083136706E-004   0.0000000000000000     
  -10.098000000000001        0.0000000000000000        1.9704891889478872E-004   0.0000000000000000     
  -9.9000000000000004        0.0000000000000000        2.0388293057602868E-004   0.0000000000000000     
  -9.7020000000000000        0.0000000000000000        2.1120772848606912E-004   0.0000000000000000     
  -9.5040000000000013        0.0000000000000000        2.1907197146616588E-004   0.0000000000000000     
  -9.3060000000000009        0.0000000000000000        2.2752968453989411E-004   0.0000000000000000     
  -9.1080000000000005        0.0000000000000000        2.3664085886042469E-004   0.0000000000000000     
  -8.9100000000000001        0.0000000000000000        2.4647216397046028E-004   0.0000000000000000     
  -8.7119999999999997        0.0000000000000000        2.5709772171174703E-004   0.0000000000000000     
  -8.5140000000000011        0.0000000000000000        2.6859999918235600E-004   0.0000000000000000     
  -8.3160000000000007        0.0000000000000000        2.8107080165730967E-004   0.0000000000000000     
  -8.1180000000000003        0.0000000000000000        2.9461238920358161E-004   0.0000000000000000     
  -7.9199999999999999        0.0000000000000000        3.0933869933160764E-004   0.0000000000000000     
  -7.7220000000000004        0.0000000000000000        3.2537677365513913E-004   0.0000000000000000     
  -7.5240000000000000        0.0000000000000000        3.4286829876328638E-004   0.0000000000000000     
  -7.3260000000000005        0.0000000000000000        3.6197138564891747E-004   0.0000000000000000     
  -7.1280000000000001        0.0000000000000000        3.8286250260445532E-004   0.0000000000000000     
  -6.9300000000000006        0.0000000000000000        4.0573870501838693E-004   0.0000000000000000     
  -6.7320000000000002        0.0000000000000000        4.3082003346579551E-004   0.0000000000000000     
  -6.5340000000000007        0.0000000000000000        4.5835226187966192E-004   0.0000000000000000     
  -6.3360000000000003        0.0000000000000000        4.8860989855037547E-004   0.0000000000000000     
  -6.1379999999999999        0.0000000000000000        5.2189957621199352E-004   0.0000000000000000     
  -5.9400000000000004        0.0000000000000000        5.5856371881122797E-004   0.0000000000000000     
  -5.7420000000000000        0.0000000000000000        5.9898467227774194E-004   0.0000000000000000     
  -5.5440000000000005        0.0000000000000000        6.4358933369367325E-004   0.0000000000000000     
  -5.3460000000000001        0.0000000000000000        6.9285444415217285E-004   0.0000000000000000     
  -5.1480000000000006        0.0000000000000000        7.4731288706321073E-004   0.0000000000000000     
  -4.9500000000000002        0.0000000000000000        8.0756223290699843E-004   0.0000000000000000     
  -4.7520000000000007        0.0000000000000000        8.7427821531016166E-004   0.0000000000000000     
  -4.5540000000000003        0.0000000000000000        9.4824083976182457E-004   0.0000000000000000     
  -4.3559999999999999        0.0000000000000000        1.0303918432459666E-003   0.0000000000000000     
  -4.1580000000000004        0.0000000000000000        1.1219117536179588E-003   0.0000000000000000     
  -3.9600000000000000        0.0000000000000000        1.2237636721528849E-003   0.0000000000000000     
  -3.7620000000000000        0.0000000000000000        1.3362389631652342E-003   0.0000000000000000     
  -3.5640000000000001        0.0000000000000000        1.4602563309175356E-003   0.0000000000000000     
  -3.3660000000000001        0.0000000000000000        1.5970818942487276E-003   0.0000000000000000     
  -3.1680000000000001        0.0000000000000000        1.7477995913911751E-003   0.0000000000000000     
  -2.9700000000000002        0.0000000000000000        1.9131271025030656E-003   0.0000000000000000     
  -2.7720000000000002        0.0000000000000000        2.0931323247936015E-003   0.0000000000000000     
  -2.5740000000000003        0.0000000000000000        2.2883433623588282E-003   0.0000000000000000     
  -2.3760000000000003        0.0000000000000000        2.5016263015656911E-003   0.0000000000000000     
  -2.1779999999999999        0.0000000000000000        2.7337215738096167E-003   0.0000000000000000     
  -1.9800000000000000        0.0000000000000000        2.9809864311811664E-003   0.0000000000000000     
  -1.7820000000000000        0.0000000000000000        3.2440400341091041E-003   0.0000000000000000     
  -1.5840000000000001        0.0000000000000000        3.5275466593758780E-003   0.0000000000000000     
  -1.3860000000000001        0.0000000000000000        3.8340834470636993E-003   0.0000000000000000     
  -1.1880000000000002        0.0000000000000000        4.1574817287726093E-003   0.0000000000000000     
 -0.98999999999999999        0.0000000000000000        4.4814688998248741E-003   0.0000000000000000     
 -0.79200000000000004        0.0000000000000000        4.7905500547732382E-003   0.0000000000000000     
 -0.59400000000000008        0.0000000000000000        5.0733571768215883E-003   0.0000000000000000     
 -0.39600000000000002        0.0000000000000000        5.3088052623665198E-003   0.0000000000000000     
 -0.19800000000000001        0.0000000000000000        5.4648824892007432E-003   0.0000000000000000     
   0.0000000000000000        0.0000000000000000        5.5192408680128004E-003   0.0000000000000000     
  0.19800000000000001        0.0000000000000000        5.4648824892007432E-003   0.0000000000000000     
  0.39600000000000002        0.0000000000000000        5.3088052623665198E-003   0.0000000000000000     
  0.59400000000000008        0.0000000000000000        5.0733571768215883E-003   0.0000000000000000     
  0.79200000000000004        0.0000000000000000        4.7905500547732382E-003   0.0000000000000000     
  0.98999999999999999        0.0000000000000000        4.4814688998248741E-003   0.0000000000000000     
   1.1880000000000002        0.0000000000000000        4.1574817287726093E-003   0.0000000000000000     
   1.3860000000000001        0.0000000000000000        3.8340834470636993E-003   0.0000000000000000     
   1.5840000000000001        0.0000000000000000        3.5275466593758780E-003   0.0000000000000000     
   1.7820000000000000        0.0000000000000000        3.2440400341091041E-003   0.0000000000000000     
   1.9800000000000000        0.0000000000000000        2.9809864311811664E-003   0.0000000000000000     
   2.1779999999999999        0.0000000000000000        2.7337215738096167E-003   0.0000000000000000     
   2.3760000000000003        0.0000000000000000        2.5016263015656911E-003   0.0000000000000000     
   2.5740000000000003        0.0000000000000000        2.2883433623588282E-003   0.0000000000000000     
   2.7720000000000002        0.0000000000000000        2.0931323247936015E-003   0.0000000000000000     
   2.9700000000000002        0.0000000000000000        1.9131271025030656E-003   0.0000000000000000     
   3.1680000000000001        0.0000000000000000        1.7477995913911751E-003   0.0000000000000000     
   3.3660000000000001        0.0000000000000000        1.5970818942487276E-003   0.0000000000000000     
   3.5640000000000001        0.0000000000000000        1.4602563309175356E-003   0.0000000000000000     
   3.7620000000000000        0.0000000000000000        1.3362389631652342E-003   0.0000000000000000     
   3.9600000000000000        0.0000000000000000        1.2237636721528849E-003   0.0000000000000000     
   4.1580000000000004        0.0000000000000000        1.1219117536179588E-003   0.0000000000000000     
   4.3559999999999999        0.0000000000000000        1.0303918432459666E-003   0.0000000000000000     
   4.5540000000000003        0.0000000000000000        9.4824083976182457E-004   0.0000000000000000     
   4.7520000000000007        0.0000000000000000        8.7427821531016166E-004   0.0000000000000000     
   4.9500000000000002        0.0000000000000000        8.0756223290699843E-004   0.0000000000000000     
   5.1480000000000006        0.0000000000000000        7.4731288706321073E-004   0.0000000000000000     
   5.3460000000000001        0.0000000000000000        6.9285444415217285E-004   0.0000000000000000     
   5.5440000000000005        0.0000000000000000        6.4358933369367325E-004   0.0000000000000000     
   5.7420000000000000        0.0000000000000000        5.9898467227774194E-004   0.0000000000000000     
   5.9400000000000004        0.0000000000000000        5.5856371881122797E-004   0.0000000000000000     
   6.1379999999999999        0.0000000000000000        5.2189957621199352E-004   0.0000000000000000     
   6.3360000000000003        0.0000000000000000        4.8860989855037547E-004   0.0000000000000000     
   6.5340000000000007        0.0000000000000000        4.5835226187966192E-004   0.0000000000000000     
   6.7320000000000002        0.0000000000000000        4.3082003346579551E-004   0.0000000000000000     
   6.9300000000000006        0.0000000000000000        4.0573870501838693E-004   0.0000000000000000     
   7.1280000000000001        0.0000000000000000        3.8286250260445532E-004   0.0000000000000000     
   7.3260000000000005        0.0000000000000000        3.6197138564891747E-004   0.0000000000000000     
   7.5240000000000000        0.0000000000000000        3.4286829876328638E-004   0.0000000000000000     
   7.7220000000000004        0.0000000000000000        3.2537677365513913E-004   0.0000000000000000     
   7.9199999999999999        0.0000000000000000        3.0933869933160764E-004   0.0000000000000000     
   8.1180000000000003        0.0000000000000000        2.9461238920358161E-004   0.0000000000000000     
   8.3160000000000007        0.0000000000000000        2.8107080165730967E-004   0.0000000000000000     
   8.5140000000000011        0.0000000000000000        2.6859999918235600E-004   0.0000000000000000     
   8.7119999999999997        0.0000000000000000        2.5709772171174703E-004   0.0000000000000000     
   8.9100000000000001        0.0000000000000000        2.4647216397046028E-004   0.0000000000000000     
   9.1080000000000005        0.0000000000000000        2.3664085886042469E-004   0.0000000000000000     
   9.3060000000000009        0.0000000000000000        2.2752968453989411E-004   0.0000000000000000     
   9.5040000000000013        0.0000000000000000        2.1907197146616588E-004   0.0000000000000000     
   9.7020000000000000        0.0000000000000000        2.1120772848606912E-004   0.0000000000000000     
   9.9000000000000004        0.0000000000000000        2.0388293057602868E-004   0.0000000000000000     
   10.098000000000001        0.0000000000000000        1.9704891889478872E-004   0.0000000000000000     
   10.296000000000001        0.0000000000000000        1.9066181083136706E-004   0.0000000000000000     
   10.494000000000000        0.0000000000000000        1.8468201818931882E-004   0.0000000000000000     
   10.692000000000000        0.0000000000000000        1.7907380511856765E-004   0.0000000000000000     
   10.890000000000001        0.0000000000000000        1.7380489644165328E-004   0.0000000000000000     
   11.088000000000001        0.0000000000000000        1.6884609567035684E-004   0.0000000000000000     
   11.286000000000001        0.0000000000000000        1.6417102068531927E-004   0.0000000000000000     
   11.484000000000000        0.0000000000000000        1.5975576162639398E-004   0.0000000000000000     
   11.682000000000000        0.0000000000000000        1.5557867589465095E-004   0.0000000000000000     
   11.880000000000001        0.0000000000000000        1.5162013012290482E-004   0.0000000000000000     
   12.078000000000001        0.0000000000000000        1.4786231023320595E-004   0.0000000000000000     
   12.276000000000000        0.0000000000000000        1.4428903704158730E-004   0.0000000000000000     
   12.474000000000000        0.0000000000000000        1.4088560271826933E-004   0.0000000000000000     
   12.672000000000001        0.0000000000000000        1.3763860933957642E-004   0.0000000000000000     
   12.870000000000001        0.0000000000000000        1.3453585188377893E-004   0.0000000000000000     
   13.068000000000001        0.0000000000000000        1.3156617901653321E-004   0.0000000000000000     
   13.266000000000000        0.0000000000000000        1.2871940247205323E-004   0.0000000000000000     
   13.464000000000000        0.0000000000000000        1.2598616667859288E-004   0.0000000000000000     
   13.662000000000001        0.0000000000000000        1.2335787233259669E-004   0.0000000000000000     
   13.860000000000001        0.0000000000000000        1.2082657920470601E-004   0.0000000000000000     
   14.058000000000000        0.0000000000000000        1.1838492764059433E-004   0.0000000000000000     
   14.256000000000000        0.0000000000000000        1.1602604452327582E-004   0.0000000000000000     
   14.454000000000001        0.0000000000000000        1.1374347401820399E-004   0.0000000000000000     
   14.652000000000001        0.0000000000000000        1.1153109030647038E-004   0.0000000000000000     
   14.850000000000001        0.0000000000000000        1.0938300852986513E-004   0.0000000000000000     
   15.048000000000000        0.0000000000000000        1.0729350669531502E-004   0.0000000000000000     
   15.246000000000000        0.0000000000000000        1.0525691901746888E-004   0.0000000000000000     
   15.444000000000001        0.0000000000000000        1.0326752558942375E-004   0.0000000000000000     
   15.642000000000001        0.0000000000000000        1.0131943819950790E-004   0.0000000000000000     
   15.840000000000000        0.0000000000000000        9.9402979521614489E-005   0.0000000000000000     
   16.038000000000000        0.0000000000000000        9.7514232029331704E-005   0.0000000000000000     
   16.236000000000001        0.0000000000000000        9.5645671083917884E-005   0.0000000000000000     
   16.434000000000001        0.0000000000000000        9.3788715179708238E-005   0.0000000000000000     
   16.632000000000001        0.0000000000000000        9.1933440834457495E-005   0.0000000000000000     
   16.830000000000002        0.0000000000000000        9.0068164927489355E-005   0.0000000000000000     
   17.028000000000002        0.0000000000000000        8.8178926112020400E-005   0.0000000000000000     
   17.225999999999999        0.0000000000000000        8.6251069772195547E-005   0.0000000000000000     
   17.423999999999999        0.0000000000000000        8.4273102997921862E-005   0.0000000000000000     
   17.622000000000000        0.0000000000000000        8.2204337961977849E-005   0.0000000000000000     
   17.820000000000000        0.0000000000000000        8.0028550808847331E-005   0.0000000000000000     
   18.018000000000001        0.0000000000000000        7.7694948641081140E-005   0.0000000000000000     
   18.216000000000001        0.0000000000000000        7.5177220305847108E-005   0.0000000000000000     
   18.414000000000001        0.0000000000000000        7.2415538469151880E-005   0.0000000000000000     
   18.612000000000002        0.0000000000000000        6.9338031891483451E-005   0.0000000000000000     
   18.810000000000002        0.0000000000000000        6.5937031206771626E-005   0.0000000000000000     
   19.008000000000003        0.0000000000000000        6.2174549032363672E-005   0.0000000000000000     
   19.206000000000000        0.0000000000000000        5.8163877482981410E-005   0.0000000000000000     
   19.404000000000000        0.0000000000000000        5.4357995421425471E-005   0.0000000000000000     
   19.602000000000000        0.0000000000000000        5.1954412737535112E-005   0.0000000000000000     
