  -19.602000000000000        0.0000000000000000        1.8283578668211504E-005   0.0000000000000000     
  -19.404000000000000        0.0000000000000000        2.0567544510905838E-005   0.0000000000000000     
  -19.206000000000000        0.0000000000000000        2.2832261115053398E-005   0.0000000000000000     
  -19.008000000000003        0.0000000000000000        2.4212689979003421E-005   0.0000000000000000     
  -18.810000000000002        0.0000000000000000        2.4983986298507568E-005   0.0000000000000000     
  -18.612000000000002        0.0000000000000000        2.5490050234797501E-005   0.0000000000000000     
  -18.414000000000001        0.0000000000000000        2.5935066226155448E-005   0.0000000000000000     
  -18.216000000000001        0.0000000000000000        2.6407898637718549E-005   0.0000000000000000     
  -18.018000000000001        0.0000000000000000        2.6934468202904947E-005   0.0000000000000000     
  -17.820000000000000        0.0000000000000000        2.7516868541372143E-005   0.0000000000000000     
  -17.622000000000000        0.0000000000000000        2.8147411402234186E-005   0.0000000000000000     
  -17.423999999999999        0.0000000000000000        2.8810195096405299E-005   0.0000000000000000     
  -17.225999999999999        0.0000000000000000        2.9502085401123629E-005   0.0000000000000000     
  -17.028000000000002        0.0000000000000000        3.0217502776990755E-005   0.0000000000000000     
  -16.830000000000002        0.0000000000000000        3.0960880950010120E-005   0.0000000000000000     
  -16.632000000000001        0.0000000000000000        3.1728050519939122E-005   0.0000000000000000     
  -16.434000000000001        0.0000000000000000        3.2509371939050627E-005   0.0000000000000000     
  -16.236000000000001        0.0000000000000000        3.3304631882895886E-005   0.0000000000000000     
  -16.038000000000000        0.0000000000000000        3.4114150617643038E-005   0.0000000000000000     
  -15.840000000000000        0.0000000000000000        3.4938587535465175E-005   0.0000000000000000     
  -15.642000000000001        0.0000000000000000        3.5778812426725485E-005   0.0000000000000000     
  -15.444000000000001        0.0000000000000000        3.6635825402970999E-005   0.0000000000000000     
  -15.246000000000000        0.0000000000000000        3.7510701640860516E-005   0.0000000000000000     
  -15.048000000000000        0.0000000000000000        3.8404566273521638E-005   0.0000000000000000     
  -14.850000000000001        0.0000000000000000        3.9318571368443829E-005   0.0000000000000000     
  -14.652000000000001        0.0000000000000000        4.0253894002518522E-005   0.0000000000000000     
  -14.454000000000001        0.0000000000000000        4.1211734902820160E-005   0.0000000000000000     
  -14.256000000000000        0.0000000000000000        4.2193318826467493E-005   0.0000000000000000     
  -14.058000000000000        0.0000000000000000        4.3199900824169495E-005   0.0000000000000000     
  -13.860000000000001        0.0000000000000000        4.4232771904950033E-005   0.0000000000000000     
  -13.662000000000001        0.0000000000000000        4.5293264341039551E-005   0.0000000000000000     
  -13.464000000000000        0.0000000000000000        4.6382758211366146E-005   0.0000000000000000     
  -13.266000000000000        0.0000000000000000        4.7502689700666899E-005   0.0000000000000000     
  -13.068000000000001        0.0000000000000000        4.8654557167139830E-005   0.0000000000000000     
  -12.870000000000001        0.0000000000000000        4.9839929274915883E-005   0.0000000000000000     
  -12.672000000000001        0.0000000000000000        5.1060450325054830E-005   0.0000000000000000     
  -12.474000000000000        0.0000000000000000        5.2317851203558011E-005   0.0000000000000000     
  -12.276000000000000        0.0000000000000000        5.3613954309661964E-005   0.0000000000000000     
  -12.078000000000001        0.0000000000000000        5.4950684742389560E-005   0.0000000000000000     
  -11.880000000000001        0.0000000000000000        5.6330080257278231E-005   0.0000000000000000     
  -11.682000000000000        0.0000000000000000        5.7754298565992875E-005   0.0000000000000000     
  -11.484000000000000        0.0000000000000000        5.9225631478615454E-005   0.0000000000000000     
  -11.286000000000001        0.0000000000000000        6.0746515554609919E-005   0.0000000000000000     
  -11.088000000000001        0.0000000000000000        6.2319546019963250E-005   0.0000000000000000     
  -10.890000000000001        0.0000000000000000        6.3947491497494657E-005   0.0000000000000000     
  -10.692000000000000        0.0000000000000000        6.5633308748641765E-005   0.0000000000000000     
  -10.494000000000000        0.0000000000000000        6.7380166133263093E-005   0.0000000000000000     
  -10.296000000000001        0.0000000000000000        6.9191454788988067E-005   0.0000000000000000     
  -10.098000000000001        0.0000000000000000        7.1070820670075796E-005   0.0000000000000000     
  -9.9000000000000004        0.0000000000000000        7.3022181201896769E-005   0.0000000000000000     
  -9.7020000000000000        0.0000000000000000        7.5049756663585934E-005   0.0000000000000000     
  -9.5040000000000013        0.0000000000000000        7.7158098987279916E-005   0.0000000000000000     
  -9.3060000000000009        0.0000000000000000        7.9352123490026278E-005   0.0000000000000000     
  -9.1080000000000005        0.0000000000000000        8.1637144800368410E-005   0.0000000000000000     
  -8.9100000000000001        0.0000000000000000        8.4018915924635799E-005   0.0000000000000000     
  -8.7119999999999997        0.0000000000000000        8.6503671200960272E-005   0.0000000000000000     
  -8.5140000000000011        0.0000000000000000        8.9098169809131959E-005   0.0000000000000000     
  -8.3160000000000007        0.0000000000000000        9.1809739379470885E-005   0.0000000000000000     
  -8.1180000000000003        0.0000000000000000        9.4646334742586787E-005   0.0000000000000000     
  -7.9199999999999999        0.0000000000000000        9.7616574932537120E-005   0.0000000000000000     
  -7.7220000000000004        0.0000000000000000        1.0072981362721920E-004   0.0000000000000000     
  -7.5240000000000000        0.0000000000000000        1.0399617256040016E-004   0.0000000000000000     
  -7.3260000000000005        0.0000000000000000        1.0742661168441414E-004   0.0000000000000000     
  -7.1280000000000001        0.0000000000000000        1.1103297104490489E-004   0.0000000000000000     
  -6.9300000000000006        0.0000000000000000        1.1482803562006603E-004   0.0000000000000000     
  -6.7320000000000002        0.0000000000000000        1.1882559569156173E-004   0.0000000000000000     
  -6.5340000000000007        0.0000000000000000        1.2304054039478980E-004   0.0000000000000000     
  -6.3360000000000003        0.0000000000000000        1.2748896354352129E-004   0.0000000000000000     
  -6.1379999999999999        0.0000000000000000        1.3218837563923745E-004   0.0000000000000000     
  -5.9400000000000004        0.0000000000000000        1.3715800693192752E-004   0.0000000000000000     
  -5.7420000000000000        0.0000000000000000        1.4241934004305011E-004   0.0000000000000000     
  -5.5440000000000005        0.0000000000000000        1.4799698895706499E-004   0.0000000000000000     
  -5.3460000000000001        0.0000000000000000        1.5392010365800321E-004   0.0000000000000000     
  -5.1480000000000006        0.0000000000000000        1.6022461361740585E-004   0.0000000000000000     
  -4.9500000000000002        0.0000000000000000        1.6695662685367883E-004   0.0000000000000000     
  -4.7520000000000007        0.0000000000000000        1.7417747597854030E-004   0.0000000000000000     
  -4.5540000000000003        0.0000000000000000        1.8197050829093806E-004   0.0000000000000000     
  -4.3559999999999999        0.0000000000000000        1.9044945607900760E-004   0.0000000000000000     
  -4.1580000000000004        0.0000000000000000        1.9976602011479003E-004   0.0000000000000000     
  -3.9600000000000000        0.0000000000000000        2.1011002397823114E-004   0.0000000000000000     
  -3.7620000000000000        0.0000000000000000        2.2168524572097815E-004   0.0000000000000000     
  -3.5640000000000001        0.0000000000000000        2.3462636578121617E-004   0.0000000000000000     
  -3.3660000000000001        0.0000000000000000        2.4880855458291230E-004   0.0000000000000000     
  -3.1680000000000001        0.0000000000000000        2.6358387368072685E-004   0.0000000000000000     
  -2.9700000000000002        0.0000000000000000        2.7793390699027353E-004   0.0000000000000000     
  -2.7720000000000002        0.0000000000000000        2.9182441414038441E-004   0.0000000000000000     
  -2.5740000000000003        0.0000000000000000        3.0610806300923469E-004   0.0000000000000000     
  -2.3760000000000003        0.0000000000000000        3.2063304339326291E-004   0.0000000000000000     
  -2.1779999999999999        0.0000000000000000        3.3623336375566878E-004   0.0000000000000000     
  -1.9800000000000000        0.0000000000000000        3.5704773942788685E-004   0.0000000000000000     
  -1.7820000000000000        0.0000000000000000        3.8870689307208590E-004   0.0000000000000000     
  -1.5840000000000001        0.0000000000000000        4.3569207622371229E-004   0.0000000000000000     
  -1.3860000000000001        0.0000000000000000        4.9944083237511900E-004   0.0000000000000000     
  -1.1880000000000002        0.0000000000000000        5.7731647136374396E-004   0.0000000000000000     
 -0.98999999999999999        0.0000000000000000        6.6527098709374467E-004   0.0000000000000000     
 -0.79200000000000004        0.0000000000000000        7.5871762483731015E-004   0.0000000000000000     
 -0.59400000000000008        0.0000000000000000        8.4978478543457699E-004   0.0000000000000000     
 -0.39600000000000002        0.0000000000000000        9.2729303023874254E-004   0.0000000000000000     
 -0.19800000000000001        0.0000000000000000        9.7785533319880678E-004   0.0000000000000000     
   0.0000000000000000        0.0000000000000000        9.9514289652492317E-004   0.0000000000000000     
  0.19800000000000001        0.0000000000000000        9.7785533319880678E-004   0.0000000000000000     
  0.39600000000000002        0.0000000000000000        9.2729303023874254E-004   0.0000000000000000     
  0.59400000000000008        0.0000000000000000        8.4978478543457699E-004   0.0000000000000000     
  0.79200000000000004        0.0000000000000000        7.5871762483731015E-004   0.0000000000000000     
  0.98999999999999999        0.0000000000000000        6.6527098709374467E-004   0.0000000000000000     
   1.1880000000000002        0.0000000000000000        5.7731647136374396E-004   0.0000000000000000     
   1.3860000000000001        0.0000000000000000        4.9944083237511900E-004   0.0000000000000000     
   1.5840000000000001        0.0000000000000000        4.3569207622371229E-004   0.0000000000000000     
   1.7820000000000000        0.0000000000000000        3.8870689307208590E-004   0.0000000000000000     
   1.9800000000000000        0.0000000000000000        3.5704773942788685E-004   0.0000000000000000     
   2.1779999999999999        0.0000000000000000        3.3623336375566878E-004   0.0000000000000000     
   2.3760000000000003        0.0000000000000000        3.2063304339326291E-004   0.0000000000000000     
   2.5740000000000003        0.0000000000000000        3.0610806300923469E-004   0.0000000000000000     
   2.7720000000000002        0.0000000000000000        2.9182441414038441E-004   0.0000000000000000     
   2.9700000000000002        0.0000000000000000        2.7793390699027353E-004   0.0000000000000000     
   3.1680000000000001        0.0000000000000000        2.6358387368072685E-004   0.0000000000000000     
   3.3660000000000001        0.0000000000000000        2.4880855458291230E-004   0.0000000000000000     
   3.5640000000000001        0.0000000000000000        2.3462636578121617E-004   0.0000000000000000     
   3.7620000000000000        0.0000000000000000        2.2168524572097815E-004   0.0000000000000000     
   3.9600000000000000        0.0000000000000000        2.1011002397823114E-004   0.0000000000000000     
   4.1580000000000004        0.0000000000000000        1.9976602011479003E-004   0.0000000000000000     
   4.3559999999999999        0.0000000000000000        1.9044945607900760E-004   0.0000000000000000     
   4.5540000000000003        0.0000000000000000        1.8197050829093806E-004   0.0000000000000000     
   4.7520000000000007        0.0000000000000000        1.7417747597854030E-004   0.0000000000000000     
   4.9500000000000002        0.0000000000000000        1.6695662685367883E-004   0.0000000000000000     
   5.1480000000000006        0.0000000000000000        1.6022461361740585E-004   0.0000000000000000     
   5.3460000000000001        0.0000000000000000        1.5392010365800321E-004   0.0000000000000000     
   5.5440000000000005        0.0000000000000000        1.4799698895706499E-004   0.0000000000000000     
   5.7420000000000000        0.0000000000000000        1.4241934004305011E-004   0.0000000000000000     
   5.9400000000000004        0.0000000000000000        1.3715800693192752E-004   0.0000000000000000     
   6.1379999999999999        0.0000000000000000        1.3218837563923745E-004   0.0000000000000000     
   6.3360000000000003        0.0000000000000000        1.2748896354352129E-004   0.0000000000000000     
   6.5340000000000007        0.0000000000000000        1.2304054039478980E-004   0.0000000000000000     
   6.7320000000000002        0.0000000000000000        1.1882559569156173E-004   0.0000000000000000     
   6.9300000000000006        0.0000000000000000        1.1482803562006603E-004   0.0000000000000000     
   7.1280000000000001        0.0000000000000000        1.1103297104490489E-004   0.0000000000000000     
   7.3260000000000005        0.0000000000000000        1.0742661168441414E-004   0.0000000000000000     
   7.5240000000000000        0.0000000000000000        1.0399617256040016E-004   0.0000000000000000     
   7.7220000000000004        0.0000000000000000        1.0072981362721920E-004   0.0000000000000000     
   7.9199999999999999        0.0000000000000000        9.7616574932537120E-005   0.0000000000000000     
   8.1180000000000003        0.0000000000000000        9.4646334742586787E-005   0.0000000000000000     
   8.3160000000000007        0.0000000000000000        9.1809739379470885E-005   0.0000000000000000     
   8.5140000000000011        0.0000000000000000        8.9098169809131959E-005   0.0000000000000000     
   8.7119999999999997        0.0000000000000000        8.6503671200960272E-005   0.0000000000000000     
   8.9100000000000001        0.0000000000000000        8.4018915924635799E-005   0.0000000000000000     
   9.1080000000000005        0.0000000000000000        8.1637144800368410E-005   0.0000000000000000     
   9.3060000000000009        0.0000000000000000        7.9352123490026278E-005   0.0000000000000000     
   9.5040000000000013        0.0000000000000000        7.7158098987279916E-005   0.0000000000000000     
   9.7020000000000000        0.0000000000000000        7.5049756663585934E-005   0.0000000000000000     
   9.9000000000000004        0.0000000000000000        7.3022181201896769E-005   0.0000000000000000     
   10.098000000000001        0.0000000000000000        7.1070820670075796E-005   0.0000000000000000     
   10.296000000000001        0.0000000000000000        6.9191454788988067E-005   0.0000000000000000     
   10.494000000000000        0.0000000000000000        6.7380166133263093E-005   0.0000000000000000     
   10.692000000000000        0.0000000000000000        6.5633308748641765E-005   0.0000000000000000     
   10.890000000000001        0.0000000000000000        6.3947491497494657E-005   0.0000000000000000     
   11.088000000000001        0.0000000000000000        6.2319546019963250E-005   0.0000000000000000     
   11.286000000000001        0.0000000000000000        6.0746515554609919E-005   0.0000000000000000     
   11.484000000000000        0.0000000000000000        5.9225631478615454E-005   0.0000000000000000     
   11.682000000000000        0.0000000000000000        5.7754298565992875E-005   0.0000000000000000     
   11.880000000000001        0.0000000000000000        5.6330080257278231E-005   0.0000000000000000     
   12.078000000000001        0.0000000000000000        5.4950684742389560E-005   0.0000000000000000     
   12.276000000000000        0.0000000000000000        5.3613954309661964E-005   0.0000000000000000     
   12.474000000000000        0.0000000000000000        5.2317851203558011E-005   0.0000000000000000     
   12.672000000000001        0.0000000000000000        5.1060450325054830E-005   0.0000000000000000     
   12.870000000000001        0.0000000000000000        4.9839929274915883E-005   0.0000000000000000     
   13.068000000000001        0.0000000000000000        4.8654557167139830E-005   0.0000000000000000     
   13.266000000000000        0.0000000000000000        4.7502689700666899E-005   0.0000000000000000     
   13.464000000000000        0.0000000000000000        4.6382758211366146E-005   0.0000000000000000     
   13.662000000000001        0.0000000000000000        4.5293264341039551E-005   0.0000000000000000     
   13.860000000000001        0.0000000000000000        4.4232771904950033E-005   0.0000000000000000     
   14.058000000000000        0.0000000000000000        4.3199900824169495E-005   0.0000000000000000     
   14.256000000000000        0.0000000000000000        4.2193318826467493E-005   0.0000000000000000     
   14.454000000000001        0.0000000000000000        4.1211734902820160E-005   0.0000000000000000     
   14.652000000000001        0.0000000000000000        4.0253894002518522E-005   0.0000000000000000     
   14.850000000000001        0.0000000000000000        3.9318571368443829E-005   0.0000000000000000     
   15.048000000000000        0.0000000000000000        3.8404566273521638E-005   0.0000000000000000     
   15.246000000000000        0.0000000000000000        3.7510701640860516E-005   0.0000000000000000     
   15.444000000000001        0.0000000000000000        3.6635825402970999E-005   0.0000000000000000     
   15.642000000000001        0.0000000000000000        3.5778812426725485E-005   0.0000000000000000     
   15.840000000000000        0.0000000000000000        3.4938587535465175E-005   0.0000000000000000     
   16.038000000000000        0.0000000000000000        3.4114150617643038E-005   0.0000000000000000     
   16.236000000000001        0.0000000000000000        3.3304631882895886E-005   0.0000000000000000     
   16.434000000000001        0.0000000000000000        3.2509371939050627E-005   0.0000000000000000     
   16.632000000000001        0.0000000000000000        3.1728050519939122E-005   0.0000000000000000     
   16.830000000000002        0.0000000000000000        3.0960880950010120E-005   0.0000000000000000     
   17.028000000000002        0.0000000000000000        3.0217502776990755E-005   0.0000000000000000     
   17.225999999999999        0.0000000000000000        2.9502085401123629E-005   0.0000000000000000     
   17.423999999999999        0.0000000000000000        2.8810195096405299E-005   0.0000000000000000     
   17.622000000000000        0.0000000000000000        2.8147411402234186E-005   0.0000000000000000     
   17.820000000000000        0.0000000000000000        2.7516868541372143E-005   0.0000000000000000     
   18.018000000000001        0.0000000000000000        2.6934468202904947E-005   0.0000000000000000     
   18.216000000000001        0.0000000000000000        2.6407898637718549E-005   0.0000000000000000     
   18.414000000000001        0.0000000000000000        2.5935066226155448E-005   0.0000000000000000     
   18.612000000000002        0.0000000000000000        2.5490050234797501E-005   0.0000000000000000     
   18.810000000000002        0.0000000000000000        2.4983986298507568E-005   0.0000000000000000     
   19.008000000000003        0.0000000000000000        2.4212689979003421E-005   0.0000000000000000     
   19.206000000000000        0.0000000000000000        2.2832261115053398E-005   0.0000000000000000     
   19.404000000000000        0.0000000000000000        2.0567544510905838E-005   0.0000000000000000     
   19.602000000000000        0.0000000000000000        1.8283578668211504E-005   0.0000000000000000     
