  -19.602000000000000        0.0000000000000000       -3.4541785262115756E-005   0.0000000000000000     
  -19.404000000000000        0.0000000000000000       -3.6052627247141976E-005   0.0000000000000000     
  -19.206000000000000        0.0000000000000000       -3.6210921219897871E-005   0.0000000000000000     
  -19.008000000000003        0.0000000000000000       -3.5891052995006677E-005   0.0000000000000000     
  -18.810000000000002        0.0000000000000000       -3.5702378712916934E-005   0.0000000000000000     
  -18.612000000000002        0.0000000000000000       -3.5852035924611005E-005   0.0000000000000000     
  -18.414000000000001        0.0000000000000000       -3.6333963194497196E-005   0.0000000000000000     
  -18.216000000000001        0.0000000000000000       -3.7098344741008163E-005   0.0000000000000000     
  -18.018000000000001        0.0000000000000000       -3.8066955675438990E-005   0.0000000000000000     
  -17.820000000000000        0.0000000000000000       -3.9172664686134716E-005   0.0000000000000000     
  -17.622000000000000        0.0000000000000000       -4.0368551966628041E-005   0.0000000000000000     
  -17.423999999999999        0.0000000000000000       -4.1615365613111225E-005   0.0000000000000000     
  -17.225999999999999        0.0000000000000000       -4.2895069050596426E-005   0.0000000000000000     
  -17.028000000000002        0.0000000000000000       -4.4191495387945974E-005   0.0000000000000000     
  -16.830000000000002        0.0000000000000000       -4.5494151722028348E-005   0.0000000000000000     
  -16.632000000000001        0.0000000000000000       -4.6796490866637963E-005   0.0000000000000000     
  -16.434000000000001        0.0000000000000000       -4.8096298436422013E-005   0.0000000000000000     
  -16.236000000000001        0.0000000000000000       -4.9410613102089208E-005   0.0000000000000000     
  -16.038000000000000        0.0000000000000000       -5.0715630188691912E-005   0.0000000000000000     
  -15.840000000000000        0.0000000000000000       -5.2011230178585794E-005   0.0000000000000000     
  -15.642000000000001        0.0000000000000000       -5.3297708989018456E-005   0.0000000000000000     
  -15.444000000000001        0.0000000000000000       -5.4575590524147165E-005   0.0000000000000000     
  -15.246000000000000        0.0000000000000000       -5.5845500762764871E-005   0.0000000000000000     
  -15.048000000000000        0.0000000000000000       -5.7108090961534721E-005   0.0000000000000000     
  -14.850000000000001        0.0000000000000000       -5.8363973163205751E-005   0.0000000000000000     
  -14.652000000000001        0.0000000000000000       -5.9613690661057174E-005   0.0000000000000000     
  -14.454000000000001        0.0000000000000000       -6.0857688603315248E-005   0.0000000000000000     
  -14.256000000000000        0.0000000000000000       -6.2096290618752096E-005   0.0000000000000000     
  -14.058000000000000        0.0000000000000000       -6.3329685971054783E-005   0.0000000000000000     
  -13.860000000000001        0.0000000000000000       -6.4557913614783150E-005   0.0000000000000000     
  -13.662000000000001        0.0000000000000000       -6.5780849271313794E-005   0.0000000000000000     
  -13.464000000000000        0.0000000000000000       -6.6998190892511933E-005   0.0000000000000000     
  -13.266000000000000        0.0000000000000000       -6.8209441718991053E-005   0.0000000000000000     
  -13.068000000000001        0.0000000000000000       -6.9413892294316906E-005   0.0000000000000000     
  -12.870000000000001        0.0000000000000000       -7.0610603815926732E-005   0.0000000000000000     
  -12.672000000000001        0.0000000000000000       -7.1798384013045137E-005   0.0000000000000000     
  -12.474000000000000        0.0000000000000000       -7.2975760615812235E-005   0.0000000000000000     
  -12.276000000000000        0.0000000000000000       -7.4140947527836891E-005   0.0000000000000000     
  -12.078000000000001        0.0000000000000000       -7.5291817062126177E-005   0.0000000000000000     
  -11.880000000000001        0.0000000000000000       -7.6425855292096222E-005   0.0000000000000000     
  -11.682000000000000        0.0000000000000000       -7.7540118012881185E-005   0.0000000000000000     
  -11.484000000000000        0.0000000000000000       -7.8631174424665371E-005   0.0000000000000000     
  -11.286000000000001        0.0000000000000000       -7.9695044293565115E-005   0.0000000000000000     
  -11.088000000000001        0.0000000000000000       -8.0727126811373930E-005   0.0000000000000000     
  -10.890000000000001        0.0000000000000000       -8.1722117400116770E-005   0.0000000000000000     
  -10.692000000000000        0.0000000000000000       -8.2673909535604438E-005   0.0000000000000000     
  -10.494000000000000        0.0000000000000000       -8.3575480610293085E-005   0.0000000000000000     
  -10.296000000000001        0.0000000000000000       -8.4418756035927524E-005   0.0000000000000000     
  -10.098000000000001        0.0000000000000000       -8.5194456739410573E-005   0.0000000000000000     
  -9.9000000000000004        0.0000000000000000       -8.5891917239122703E-005   0.0000000000000000     
  -9.7020000000000000        0.0000000000000000       -8.6498869630727805E-005   0.0000000000000000     
  -9.5040000000000013        0.0000000000000000       -8.7001197490247384E-005   0.0000000000000000     
  -9.3060000000000009        0.0000000000000000       -8.7382633367752123E-005   0.0000000000000000     
  -9.1080000000000005        0.0000000000000000       -8.7624411311612468E-005   0.0000000000000000     
  -8.9100000000000001        0.0000000000000000       -8.7704856252982715E-005   0.0000000000000000     
  -8.7119999999999997        0.0000000000000000       -8.7598904167339060E-005   0.0000000000000000     
  -8.5140000000000011        0.0000000000000000       -8.7277503881360612E-005   0.0000000000000000     
  -8.3160000000000007        0.0000000000000000       -8.6706950425588077E-005   0.0000000000000000     
  -8.1180000000000003        0.0000000000000000       -8.5848056595031296E-005   0.0000000000000000     
  -7.9199999999999999        0.0000000000000000       -8.4655199472443685E-005   0.0000000000000000     
  -7.7220000000000004        0.0000000000000000       -8.3075164008519344E-005   0.0000000000000000     
  -7.5240000000000000        0.0000000000000000       -8.1045797382623018E-005   0.0000000000000000     
  -7.3260000000000005        0.0000000000000000       -7.8494379054541198E-005   0.0000000000000000     
  -7.1280000000000001        0.0000000000000000       -7.5335750248898146E-005   0.0000000000000000     
  -6.9300000000000006        0.0000000000000000       -7.1470068269963364E-005   0.0000000000000000     
  -6.7320000000000002        0.0000000000000000       -6.6780225093001890E-005   0.0000000000000000     
  -6.5340000000000007        0.0000000000000000       -6.1128847474642371E-005   0.0000000000000000     
  -6.3360000000000003        0.0000000000000000       -5.4354887646722179E-005   0.0000000000000000     
  -6.1379999999999999        0.0000000000000000       -4.6269820938441446E-005   0.0000000000000000     
  -5.9400000000000004        0.0000000000000000       -3.6653552457270858E-005   0.0000000000000000     
  -5.7420000000000000        0.0000000000000000       -2.5250260226827822E-005   0.0000000000000000     
  -5.5440000000000005        0.0000000000000000       -1.1764615492683033E-005   0.0000000000000000     
  -5.3460000000000001        0.0000000000000000        4.1407247861900360E-006   0.0000000000000000     
  -5.1480000000000006        0.0000000000000000        2.2844727173695665E-005   0.0000000000000000     
  -4.9500000000000002        0.0000000000000000        4.4761597129385001E-005   0.0000000000000000     
  -4.7520000000000007        0.0000000000000000        7.0322583838731818E-005   0.0000000000000000     
  -4.5540000000000003        0.0000000000000000        9.9934779103070289E-005   0.0000000000000000     
  -4.3559999999999999        0.0000000000000000        1.3389535811173634E-004   0.0000000000000000     
  -4.1580000000000004        0.0000000000000000        1.7221923512857390E-004   0.0000000000000000     
  -3.9600000000000000        0.0000000000000000        2.1430001886732524E-004   0.0000000000000000     
  -3.7620000000000000        0.0000000000000000        2.5826240144070678E-004   0.0000000000000000     
  -3.5640000000000001        0.0000000000000000        2.9986029442143427E-004   0.0000000000000000     
  -3.3660000000000001        0.0000000000000000        3.3184445935324292E-004   0.0000000000000000     
  -3.1680000000000001        0.0000000000000000        3.5251693771844037E-004   0.0000000000000000     
  -2.9700000000000002        0.0000000000000000        3.7447455584566129E-004   0.0000000000000000     
  -2.7720000000000002        0.0000000000000000        4.0654812051371078E-004   0.0000000000000000     
  -2.5740000000000003        0.0000000000000000        4.4833920300975551E-004   0.0000000000000000     
  -2.3760000000000003        0.0000000000000000        4.9739084694825372E-004   0.0000000000000000     
  -2.1779999999999999        0.0000000000000000        5.5211949949132537E-004   0.0000000000000000     
  -1.9800000000000000        0.0000000000000000        6.0783640082244809E-004   0.0000000000000000     
  -1.7820000000000000        0.0000000000000000        6.5405519511515305E-004   0.0000000000000000     
  -1.5840000000000001        0.0000000000000000        6.8239268622097304E-004   0.0000000000000000     
  -1.3860000000000001        0.0000000000000000        6.8681937211524603E-004   0.0000000000000000     
  -1.1880000000000002        0.0000000000000000        6.6769112143032563E-004   0.0000000000000000     
 -0.98999999999999999        0.0000000000000000        6.2602107801798166E-004   0.0000000000000000     
 -0.79200000000000004        0.0000000000000000        5.4963715260229122E-004   0.0000000000000000     
 -0.59400000000000008        0.0000000000000000        4.4475813004199352E-004   0.0000000000000000     
 -0.39600000000000002        0.0000000000000000        3.4094394469135348E-004   0.0000000000000000     
 -0.19800000000000001        0.0000000000000000        2.6296708648825565E-004   0.0000000000000000     
   0.0000000000000000        0.0000000000000000        2.3332084424618893E-004   0.0000000000000000     
  0.19800000000000001        0.0000000000000000        2.6296708648825565E-004   0.0000000000000000     
  0.39600000000000002        0.0000000000000000        3.4094394469135348E-004   0.0000000000000000     
  0.59400000000000008        0.0000000000000000        4.4475813004199352E-004   0.0000000000000000     
  0.79200000000000004        0.0000000000000000        5.4963715260229122E-004   0.0000000000000000     
  0.98999999999999999        0.0000000000000000        6.2602107801798166E-004   0.0000000000000000     
   1.1880000000000002        0.0000000000000000        6.6769112143032563E-004   0.0000000000000000     
   1.3860000000000001        0.0000000000000000        6.8681937211524603E-004   0.0000000000000000     
   1.5840000000000001        0.0000000000000000        6.8239268622097304E-004   0.0000000000000000     
   1.7820000000000000        0.0000000000000000        6.5405519511515305E-004   0.0000000000000000     
   1.9800000000000000        0.0000000000000000        6.0783640082244809E-004   0.0000000000000000     
   2.1779999999999999        0.0000000000000000        5.5211949949132537E-004   0.0000000000000000     
   2.3760000000000003        0.0000000000000000        4.9739084694825372E-004   0.0000000000000000     
   2.5740000000000003        0.0000000000000000        4.4833920300975551E-004   0.0000000000000000     
   2.7720000000000002        0.0000000000000000        4.0654812051371078E-004   0.0000000000000000     
   2.9700000000000002        0.0000000000000000        3.7447455584566129E-004   0.0000000000000000     
   3.1680000000000001        0.0000000000000000        3.5251693771844037E-004   0.0000000000000000     
   3.3660000000000001        0.0000000000000000        3.3184445935324292E-004   0.0000000000000000     
   3.5640000000000001        0.0000000000000000        2.9986029442143427E-004   0.0000000000000000     
   3.7620000000000000        0.0000000000000000        2.5826240144070678E-004   0.0000000000000000     
   3.9600000000000000        0.0000000000000000        2.1430001886732524E-004   0.0000000000000000     
   4.1580000000000004        0.0000000000000000        1.7221923512857390E-004   0.0000000000000000     
   4.3559999999999999        0.0000000000000000        1.3389535811173634E-004   0.0000000000000000     
   4.5540000000000003        0.0000000000000000        9.9934779103070289E-005   0.0000000000000000     
   4.7520000000000007        0.0000000000000000        7.0322583838731818E-005   0.0000000000000000     
   4.9500000000000002        0.0000000000000000        4.4761597129385001E-005   0.0000000000000000     
   5.1480000000000006        0.0000000000000000        2.2844727173695665E-005   0.0000000000000000     
   5.3460000000000001        0.0000000000000000        4.1407247861900360E-006   0.0000000000000000     
   5.5440000000000005        0.0000000000000000       -1.1764615492683033E-005   0.0000000000000000     
   5.7420000000000000        0.0000000000000000       -2.5250260226827822E-005   0.0000000000000000     
   5.9400000000000004        0.0000000000000000       -3.6653552457270858E-005   0.0000000000000000     
   6.1379999999999999        0.0000000000000000       -4.6269820938441446E-005   0.0000000000000000     
   6.3360000000000003        0.0000000000000000       -5.4354887646722179E-005   0.0000000000000000     
   6.5340000000000007        0.0000000000000000       -6.1128847474642371E-005   0.0000000000000000     
   6.7320000000000002        0.0000000000000000       -6.6780225093001890E-005   0.0000000000000000     
   6.9300000000000006        0.0000000000000000       -7.1470068269963364E-005   0.0000000000000000     
   7.1280000000000001        0.0000000000000000       -7.5335750248898146E-005   0.0000000000000000     
   7.3260000000000005        0.0000000000000000       -7.8494379054541198E-005   0.0000000000000000     
   7.5240000000000000        0.0000000000000000       -8.1045797382623018E-005   0.0000000000000000     
   7.7220000000000004        0.0000000000000000       -8.3075164008519344E-005   0.0000000000000000     
   7.9199999999999999        0.0000000000000000       -8.4655199472443685E-005   0.0000000000000000     
   8.1180000000000003        0.0000000000000000       -8.5848056595031296E-005   0.0000000000000000     
   8.3160000000000007        0.0000000000000000       -8.6706950425588077E-005   0.0000000000000000     
   8.5140000000000011        0.0000000000000000       -8.7277503881360612E-005   0.0000000000000000     
   8.7119999999999997        0.0000000000000000       -8.7598904167339060E-005   0.0000000000000000     
   8.9100000000000001        0.0000000000000000       -8.7704856252982715E-005   0.0000000000000000     
   9.1080000000000005        0.0000000000000000       -8.7624411311612468E-005   0.0000000000000000     
   9.3060000000000009        0.0000000000000000       -8.7382633367752123E-005   0.0000000000000000     
   9.5040000000000013        0.0000000000000000       -8.7001197490247384E-005   0.0000000000000000     
   9.7020000000000000        0.0000000000000000       -8.6498869630727805E-005   0.0000000000000000     
   9.9000000000000004        0.0000000000000000       -8.5891917239122703E-005   0.0000000000000000     
   10.098000000000001        0.0000000000000000       -8.5194456739410573E-005   0.0000000000000000     
   10.296000000000001        0.0000000000000000       -8.4418756035927524E-005   0.0000000000000000     
   10.494000000000000        0.0000000000000000       -8.3575480610293085E-005   0.0000000000000000     
   10.692000000000000        0.0000000000000000       -8.2673909535604438E-005   0.0000000000000000     
   10.890000000000001        0.0000000000000000       -8.1722117400116770E-005   0.0000000000000000     
   11.088000000000001        0.0000000000000000       -8.0727126811373930E-005   0.0000000000000000     
   11.286000000000001        0.0000000000000000       -7.9695044293565115E-005   0.0000000000000000     
   11.484000000000000        0.0000000000000000       -7.8631174424665371E-005   0.0000000000000000     
   11.682000000000000        0.0000000000000000       -7.7540118012881185E-005   0.0000000000000000     
   11.880000000000001        0.0000000000000000       -7.6425855292096222E-005   0.0000000000000000     
   12.078000000000001        0.0000000000000000       -7.5291817062126177E-005   0.0000000000000000     
   12.276000000000000        0.0000000000000000       -7.4140947527836891E-005   0.0000000000000000     
   12.474000000000000        0.0000000000000000       -7.2975760615812235E-005   0.0000000000000000     
   12.672000000000001        0.0000000000000000       -7.1798384013045137E-005   0.0000000000000000     
   12.870000000000001        0.0000000000000000       -7.0610603815926732E-005   0.0000000000000000     
   13.068000000000001        0.0000000000000000       -6.9413892294316906E-005   0.0000000000000000     
   13.266000000000000        0.0000000000000000       -6.8209441718991053E-005   0.0000000000000000     
   13.464000000000000        0.0000000000000000       -6.6998190892511933E-005   0.0000000000000000     
   13.662000000000001        0.0000000000000000       -6.5780849271313794E-005   0.0000000000000000     
   13.860000000000001        0.0000000000000000       -6.4557913614783150E-005   0.0000000000000000     
   14.058000000000000        0.0000000000000000       -6.3329685971054783E-005   0.0000000000000000     
   14.256000000000000        0.0000000000000000       -6.2096290618752096E-005   0.0000000000000000     
   14.454000000000001        0.0000000000000000       -6.0857688603315248E-005   0.0000000000000000     
   14.652000000000001        0.0000000000000000       -5.9613690661057174E-005   0.0000000000000000     
   14.850000000000001        0.0000000000000000       -5.8363973163205751E-005   0.0000000000000000     
   15.048000000000000        0.0000000000000000       -5.7108090961534721E-005   0.0000000000000000     
   15.246000000000000        0.0000000000000000       -5.5845500762764871E-005   0.0000000000000000     
   15.444000000000001        0.0000000000000000       -5.4575590524147165E-005   0.0000000000000000     
   15.642000000000001        0.0000000000000000       -5.3297708989018456E-005   0.0000000000000000     
   15.840000000000000        0.0000000000000000       -5.2011230178585794E-005   0.0000000000000000     
   16.038000000000000        0.0000000000000000       -5.0715630188691912E-005   0.0000000000000000     
   16.236000000000001        0.0000000000000000       -4.9410613102089208E-005   0.0000000000000000     
   16.434000000000001        0.0000000000000000       -4.8096298436422013E-005   0.0000000000000000     
   16.632000000000001        0.0000000000000000       -4.6796490866637963E-005   0.0000000000000000     
   16.830000000000002        0.0000000000000000       -4.5494151722028348E-005   0.0000000000000000     
   17.028000000000002        0.0000000000000000       -4.4191495387945974E-005   0.0000000000000000     
   17.225999999999999        0.0000000000000000       -4.2895069050596426E-005   0.0000000000000000     
   17.423999999999999        0.0000000000000000       -4.1615365613111225E-005   0.0000000000000000     
   17.622000000000000        0.0000000000000000       -4.0368551966628041E-005   0.0000000000000000     
   17.820000000000000        0.0000000000000000       -3.9172664686134716E-005   0.0000000000000000     
   18.018000000000001        0.0000000000000000       -3.8066955675438990E-005   0.0000000000000000     
   18.216000000000001        0.0000000000000000       -3.7098344741008163E-005   0.0000000000000000     
   18.414000000000001        0.0000000000000000       -3.6333963194497196E-005   0.0000000000000000     
   18.612000000000002        0.0000000000000000       -3.5852035924611005E-005   0.0000000000000000     
   18.810000000000002        0.0000000000000000       -3.5702378712916934E-005   0.0000000000000000     
   19.008000000000003        0.0000000000000000       -3.5891052995006677E-005   0.0000000000000000     
   19.206000000000000        0.0000000000000000       -3.6210921219897871E-005   0.0000000000000000     
   19.404000000000000        0.0000000000000000       -3.6052627247141976E-005   0.0000000000000000     
   19.602000000000000        0.0000000000000000       -3.4541785262115756E-005   0.0000000000000000     
