  -19.602000000000000        0.0000000000000000        1.8351309970214867E-004   0.0000000000000000     
  -19.404000000000000        0.0000000000000000        2.0483815011080946E-004   0.0000000000000000     
  -19.206000000000000        0.0000000000000000        2.2804949987428728E-004   0.0000000000000000     
  -19.008000000000003        0.0000000000000000        2.4615388565357065E-004   0.0000000000000000     
  -18.810000000000002        0.0000000000000000        2.5882134341923885E-004   0.0000000000000000     
  -18.612000000000002        0.0000000000000000        2.6740123473529111E-004   0.0000000000000000     
  -18.414000000000001        0.0000000000000000        2.7325821384690223E-004   0.0000000000000000     
  -18.216000000000001        0.0000000000000000        2.7717035409558920E-004   0.0000000000000000     
  -18.018000000000001        0.0000000000000000        2.7993603064950019E-004   0.0000000000000000     
  -17.820000000000000        0.0000000000000000        2.8197309228142017E-004   0.0000000000000000     
  -17.622000000000000        0.0000000000000000        2.8356355426728753E-004   0.0000000000000000     
  -17.423999999999999        0.0000000000000000        2.8494380503936185E-004   0.0000000000000000     
  -17.225999999999999        0.0000000000000000        2.8618670602944239E-004   0.0000000000000000     
  -17.028000000000002        0.0000000000000000        2.8735786820078288E-004   0.0000000000000000     
  -16.830000000000002        0.0000000000000000        2.8852250494872198E-004   0.0000000000000000     
  -16.632000000000001        0.0000000000000000        2.8971032707549179E-004   0.0000000000000000     
  -16.434000000000001        0.0000000000000000        2.9092913624258920E-004   0.0000000000000000     
  -16.236000000000001        0.0000000000000000        2.9218527372716494E-004   0.0000000000000000     
  -16.038000000000000        0.0000000000000000        2.9344838872483615E-004   0.0000000000000000     
  -15.840000000000000        0.0000000000000000        2.9475282639624333E-004   0.0000000000000000     
  -15.642000000000001        0.0000000000000000        2.9609279667158940E-004   0.0000000000000000     
  -15.444000000000001        0.0000000000000000        2.9746180932854066E-004   0.0000000000000000     
  -15.246000000000000        0.0000000000000000        2.9885318728547632E-004   0.0000000000000000     
  -15.048000000000000        0.0000000000000000        3.0026065862411342E-004   0.0000000000000000     
  -14.850000000000001        0.0000000000000000        3.0167861533616960E-004   0.0000000000000000     
  -14.652000000000001        0.0000000000000000        3.0310235242436229E-004   0.0000000000000000     
  -14.454000000000001        0.0000000000000000        3.0452834555931595E-004   0.0000000000000000     
  -14.256000000000000        0.0000000000000000        3.0595438590507129E-004   0.0000000000000000     
  -14.058000000000000        0.0000000000000000        3.0737977500901588E-004   0.0000000000000000     
  -13.860000000000001        0.0000000000000000        3.0880549234374113E-004   0.0000000000000000     
  -13.662000000000001        0.0000000000000000        3.1023436856899005E-004   0.0000000000000000     
  -13.464000000000000        0.0000000000000000        3.1167134137305257E-004   0.0000000000000000     
  -13.266000000000000        0.0000000000000000        3.1312364479579906E-004   0.0000000000000000     
  -13.068000000000001        0.0000000000000000        3.1460117761139631E-004   0.0000000000000000     
  -12.870000000000001        0.0000000000000000        3.1611669874784357E-004   0.0000000000000000     
  -12.672000000000001        0.0000000000000000        3.1768630123488553E-004   0.0000000000000000     
  -12.474000000000000        0.0000000000000000        3.1932972918285150E-004   0.0000000000000000     
  -12.276000000000000        0.0000000000000000        3.2107095204542135E-004   0.0000000000000000     
  -12.078000000000001        0.0000000000000000        3.2293870293870333E-004   0.0000000000000000     
  -11.880000000000001        0.0000000000000000        3.2496711090483946E-004   0.0000000000000000     
  -11.682000000000000        0.0000000000000000        3.2719643957994338E-004   0.0000000000000000     
  -11.484000000000000        0.0000000000000000        3.2967388204548407E-004   0.0000000000000000     
  -11.286000000000001        0.0000000000000000        3.3245475092791196E-004   0.0000000000000000     
  -11.088000000000001        0.0000000000000000        3.3560331130997180E-004   0.0000000000000000     
  -10.890000000000001        0.0000000000000000        3.3919432915822446E-004   0.0000000000000000     
  -10.692000000000000        0.0000000000000000        3.4331438541583851E-004   0.0000000000000000     
  -10.494000000000000        0.0000000000000000        3.4806368104073050E-004   0.0000000000000000     
  -10.296000000000001        0.0000000000000000        3.5355806627881210E-004   0.0000000000000000     
  -10.098000000000001        0.0000000000000000        3.5993117571056792E-004   0.0000000000000000     
  -9.9000000000000004        0.0000000000000000        3.6733715218865466E-004   0.0000000000000000     
  -9.7020000000000000        0.0000000000000000        3.7595372079775969E-004   0.0000000000000000     
  -9.5040000000000013        0.0000000000000000        3.8598551093761132E-004   0.0000000000000000     
  -9.3060000000000009        0.0000000000000000        3.9766837195446739E-004   0.0000000000000000     
  -9.1080000000000005        0.0000000000000000        4.1127387579751728E-004   0.0000000000000000     
  -8.9100000000000001        0.0000000000000000        4.2711480180542395E-004   0.0000000000000000     
  -8.7119999999999997        0.0000000000000000        4.4555149339305588E-004   0.0000000000000000     
  -8.5140000000000011        0.0000000000000000        4.6699911966472681E-004   0.0000000000000000     
  -8.3160000000000007        0.0000000000000000        4.9193631240344491E-004   0.0000000000000000     
  -8.1180000000000003        0.0000000000000000        5.2091494182542107E-004   0.0000000000000000     
  -7.9199999999999999        0.0000000000000000        5.5457172530050337E-004   0.0000000000000000     
  -7.7220000000000004        0.0000000000000000        5.9364188301255208E-004   0.0000000000000000     
  -7.5240000000000000        0.0000000000000000        6.3897446694211025E-004   0.0000000000000000     
  -7.3260000000000005        0.0000000000000000        6.9155113373497209E-004   0.0000000000000000     
  -7.1280000000000001        0.0000000000000000        7.5250733694622388E-004   0.0000000000000000     
  -6.9300000000000006        0.0000000000000000        8.2315750688135214E-004   0.0000000000000000     
  -6.7320000000000002        0.0000000000000000        9.0502423423152018E-004   0.0000000000000000     
  -6.5340000000000007        0.0000000000000000        9.9987254934629801E-004   0.0000000000000000     
  -6.3360000000000003        0.0000000000000000        1.1097497162191549E-003   0.0000000000000000     
  -6.1379999999999999        0.0000000000000000        1.2370313962954990E-003   0.0000000000000000     
  -5.9400000000000004        0.0000000000000000        1.3844760827610996E-003   0.0000000000000000     
  -5.7420000000000000        0.0000000000000000        1.5552863000687272E-003   0.0000000000000000     
  -5.5440000000000005        0.0000000000000000        1.7531801840937457E-003   0.0000000000000000     
  -5.3460000000000001        0.0000000000000000        1.9824721421120078E-003   0.0000000000000000     
  -5.1480000000000006        0.0000000000000000        2.2481627503180466E-003   0.0000000000000000     
  -4.9500000000000002        0.0000000000000000        2.5560371829628985E-003   0.0000000000000000     
  -4.7520000000000007        0.0000000000000000        2.9127695214051941E-003   0.0000000000000000     
  -4.5540000000000003        0.0000000000000000        3.3260272880049455E-003   0.0000000000000000     
  -4.3559999999999999        0.0000000000000000        3.8045731765195315E-003   0.0000000000000000     
  -4.1580000000000004        0.0000000000000000        4.3583657972469346E-003   0.0000000000000000     
  -3.9600000000000000        0.0000000000000000        4.9987154049931292E-003   0.0000000000000000     
  -3.7620000000000000        0.0000000000000000        5.7387206669138506E-003   0.0000000000000000     
  -3.5640000000000001        0.0000000000000000        6.5941416212511325E-003   0.0000000000000000     
  -3.3660000000000001        0.0000000000000000        7.5795490390176508E-003   0.0000000000000000     
  -3.1680000000000001        0.0000000000000000        8.7024834725931508E-003   0.0000000000000000     
  -2.9700000000000002        0.0000000000000000        9.9735107198336836E-003   0.0000000000000000     
  -2.7720000000000002        0.0000000000000000        1.1410046168768362E-002   0.0000000000000000     
  -2.5740000000000003        0.0000000000000000        1.3033995826705310E-002   0.0000000000000000     
  -2.3760000000000003        0.0000000000000000        1.4864427980252637E-002   0.0000000000000000     
  -2.1779999999999999        0.0000000000000000        1.6928881418484688E-002   0.0000000000000000     
  -1.9800000000000000        0.0000000000000000        1.9257554162705658E-002   0.0000000000000000     
  -1.7820000000000000        0.0000000000000000        2.1916811928275035E-002   0.0000000000000000     
  -1.5840000000000001        0.0000000000000000        2.4950298977351151E-002   0.0000000000000000     
  -1.3860000000000001        0.0000000000000000        2.8355797869075917E-002   0.0000000000000000     
  -1.1880000000000002        0.0000000000000000        3.2077651540742956E-002   0.0000000000000000     
 -0.98999999999999999        0.0000000000000000        3.6006878732211249E-002   0.0000000000000000     
 -0.79200000000000004        0.0000000000000000        4.0002625319844366E-002   0.0000000000000000     
 -0.59400000000000008        0.0000000000000000        4.3794965394509736E-002   0.0000000000000000     
 -0.39600000000000002        0.0000000000000000        4.6992814766586490E-002   0.0000000000000000     
 -0.19800000000000001        0.0000000000000000        4.9154286846806360E-002   0.0000000000000000     
   0.0000000000000000        0.0000000000000000        4.9923456400862584E-002   0.0000000000000000     
  0.19800000000000001        0.0000000000000000        4.9154286846806360E-002   0.0000000000000000     
  0.39600000000000002        0.0000000000000000        4.6992814766586490E-002   0.0000000000000000     
  0.59400000000000008        0.0000000000000000        4.3794965394509736E-002   0.0000000000000000     
  0.79200000000000004        0.0000000000000000        4.0002625319844366E-002   0.0000000000000000     
  0.98999999999999999        0.0000000000000000        3.6006878732211249E-002   0.0000000000000000     
   1.1880000000000002        0.0000000000000000        3.2077651540742956E-002   0.0000000000000000     
   1.3860000000000001        0.0000000000000000        2.8355797869075917E-002   0.0000000000000000     
   1.5840000000000001        0.0000000000000000        2.4950298977351151E-002   0.0000000000000000     
   1.7820000000000000        0.0000000000000000        2.1916811928275035E-002   0.0000000000000000     
   1.9800000000000000        0.0000000000000000        1.9257554162705658E-002   0.0000000000000000     
   2.1779999999999999        0.0000000000000000        1.6928881418484688E-002   0.0000000000000000     
   2.3760000000000003        0.0000000000000000        1.4864427980252637E-002   0.0000000000000000     
   2.5740000000000003        0.0000000000000000        1.3033995826705310E-002   0.0000000000000000     
   2.7720000000000002        0.0000000000000000        1.1410046168768362E-002   0.0000000000000000     
   2.9700000000000002        0.0000000000000000        9.9735107198336836E-003   0.0000000000000000     
   3.1680000000000001        0.0000000000000000        8.7024834725931508E-003   0.0000000000000000     
   3.3660000000000001        0.0000000000000000        7.5795490390176508E-003   0.0000000000000000     
   3.5640000000000001        0.0000000000000000        6.5941416212511325E-003   0.0000000000000000     
   3.7620000000000000        0.0000000000000000        5.7387206669138506E-003   0.0000000000000000     
   3.9600000000000000        0.0000000000000000        4.9987154049931292E-003   0.0000000000000000     
   4.1580000000000004        0.0000000000000000        4.3583657972469346E-003   0.0000000000000000     
   4.3559999999999999        0.0000000000000000        3.8045731765195315E-003   0.0000000000000000     
   4.5540000000000003        0.0000000000000000        3.3260272880049455E-003   0.0000000000000000     
   4.7520000000000007        0.0000000000000000        2.9127695214051941E-003   0.0000000000000000     
   4.9500000000000002        0.0000000000000000        2.5560371829628985E-003   0.0000000000000000     
   5.1480000000000006        0.0000000000000000        2.2481627503180466E-003   0.0000000000000000     
   5.3460000000000001        0.0000000000000000        1.9824721421120078E-003   0.0000000000000000     
   5.5440000000000005        0.0000000000000000        1.7531801840937457E-003   0.0000000000000000     
   5.7420000000000000        0.0000000000000000        1.5552863000687272E-003   0.0000000000000000     
   5.9400000000000004        0.0000000000000000        1.3844760827610996E-003   0.0000000000000000     
   6.1379999999999999        0.0000000000000000        1.2370313962954990E-003   0.0000000000000000     
   6.3360000000000003        0.0000000000000000        1.1097497162191549E-003   0.0000000000000000     
   6.5340000000000007        0.0000000000000000        9.9987254934629801E-004   0.0000000000000000     
   6.7320000000000002        0.0000000000000000        9.0502423423152018E-004   0.0000000000000000     
   6.9300000000000006        0.0000000000000000        8.2315750688135214E-004   0.0000000000000000     
   7.1280000000000001        0.0000000000000000        7.5250733694622388E-004   0.0000000000000000     
   7.3260000000000005        0.0000000000000000        6.9155113373497209E-004   0.0000000000000000     
   7.5240000000000000        0.0000000000000000        6.3897446694211025E-004   0.0000000000000000     
   7.7220000000000004        0.0000000000000000        5.9364188301255208E-004   0.0000000000000000     
   7.9199999999999999        0.0000000000000000        5.5457172530050337E-004   0.0000000000000000     
   8.1180000000000003        0.0000000000000000        5.2091494182542107E-004   0.0000000000000000     
   8.3160000000000007        0.0000000000000000        4.9193631240344491E-004   0.0000000000000000     
   8.5140000000000011        0.0000000000000000        4.6699911966472681E-004   0.0000000000000000     
   8.7119999999999997        0.0000000000000000        4.4555149339305588E-004   0.0000000000000000     
   8.9100000000000001        0.0000000000000000        4.2711480180542395E-004   0.0000000000000000     
   9.1080000000000005        0.0000000000000000        4.1127387579751728E-004   0.0000000000000000     
   9.3060000000000009        0.0000000000000000        3.9766837195446739E-004   0.0000000000000000     
   9.5040000000000013        0.0000000000000000        3.8598551093761132E-004   0.0000000000000000     
   9.7020000000000000        0.0000000000000000        3.7595372079775969E-004   0.0000000000000000     
   9.9000000000000004        0.0000000000000000        3.6733715218865466E-004   0.0000000000000000     
   10.098000000000001        0.0000000000000000        3.5993117571056792E-004   0.0000000000000000     
   10.296000000000001        0.0000000000000000        3.5355806627881210E-004   0.0000000000000000     
   10.494000000000000        0.0000000000000000        3.4806368104073050E-004   0.0000000000000000     
   10.692000000000000        0.0000000000000000        3.4331438541583851E-004   0.0000000000000000     
   10.890000000000001        0.0000000000000000        3.3919432915822446E-004   0.0000000000000000     
   11.088000000000001        0.0000000000000000        3.3560331130997180E-004   0.0000000000000000     
   11.286000000000001        0.0000000000000000        3.3245475092791196E-004   0.0000000000000000     
   11.484000000000000        0.0000000000000000        3.2967388204548407E-004   0.0000000000000000     
   11.682000000000000        0.0000000000000000        3.2719643957994338E-004   0.0000000000000000     
   11.880000000000001        0.0000000000000000        3.2496711090483946E-004   0.0000000000000000     
   12.078000000000001        0.0000000000000000        3.2293870293870333E-004   0.0000000000000000     
   12.276000000000000        0.0000000000000000        3.2107095204542135E-004   0.0000000000000000     
   12.474000000000000        0.0000000000000000        3.1932972918285150E-004   0.0000000000000000     
   12.672000000000001        0.0000000000000000        3.1768630123488553E-004   0.0000000000000000     
   12.870000000000001        0.0000000000000000        3.1611669874784357E-004   0.0000000000000000     
   13.068000000000001        0.0000000000000000        3.1460117761139631E-004   0.0000000000000000     
   13.266000000000000        0.0000000000000000        3.1312364479579906E-004   0.0000000000000000     
   13.464000000000000        0.0000000000000000        3.1167134137305257E-004   0.0000000000000000     
   13.662000000000001        0.0000000000000000        3.1023436856899005E-004   0.0000000000000000     
   13.860000000000001        0.0000000000000000        3.0880549234374113E-004   0.0000000000000000     
   14.058000000000000        0.0000000000000000        3.0737977500901588E-004   0.0000000000000000     
   14.256000000000000        0.0000000000000000        3.0595438590507129E-004   0.0000000000000000     
   14.454000000000001        0.0000000000000000        3.0452834555931595E-004   0.0000000000000000     
   14.652000000000001        0.0000000000000000        3.0310235242436229E-004   0.0000000000000000     
   14.850000000000001        0.0000000000000000        3.0167861533616960E-004   0.0000000000000000     
   15.048000000000000        0.0000000000000000        3.0026065862411342E-004   0.0000000000000000     
   15.246000000000000        0.0000000000000000        2.9885318728547632E-004   0.0000000000000000     
   15.444000000000001        0.0000000000000000        2.9746180932854066E-004   0.0000000000000000     
   15.642000000000001        0.0000000000000000        2.9609279667158940E-004   0.0000000000000000     
   15.840000000000000        0.0000000000000000        2.9475282639624333E-004   0.0000000000000000     
   16.038000000000000        0.0000000000000000        2.9344838872483615E-004   0.0000000000000000     
   16.236000000000001        0.0000000000000000        2.9218527372716494E-004   0.0000000000000000     
   16.434000000000001        0.0000000000000000        2.9092913624258920E-004   0.0000000000000000     
   16.632000000000001        0.0000000000000000        2.8971032707549179E-004   0.0000000000000000     
   16.830000000000002        0.0000000000000000        2.8852250494872198E-004   0.0000000000000000     
   17.028000000000002        0.0000000000000000        2.8735786820078288E-004   0.0000000000000000     
   17.225999999999999        0.0000000000000000        2.8618670602944239E-004   0.0000000000000000     
   17.423999999999999        0.0000000000000000        2.8494380503936185E-004   0.0000000000000000     
   17.622000000000000        0.0000000000000000        2.8356355426728753E-004   0.0000000000000000     
   17.820000000000000        0.0000000000000000        2.8197309228142017E-004   0.0000000000000000     
   18.018000000000001        0.0000000000000000        2.7993603064950019E-004   0.0000000000000000     
   18.216000000000001        0.0000000000000000        2.7717035409558920E-004   0.0000000000000000     
   18.414000000000001        0.0000000000000000        2.7325821384690223E-004   0.0000000000000000     
   18.612000000000002        0.0000000000000000        2.6740123473529111E-004   0.0000000000000000     
   18.810000000000002        0.0000000000000000        2.5882134341923885E-004   0.0000000000000000     
   19.008000000000003        0.0000000000000000        2.4615388565357065E-004   0.0000000000000000     
   19.206000000000000        0.0000000000000000        2.2804949987428728E-004   0.0000000000000000     
   19.404000000000000        0.0000000000000000        2.0483815011080946E-004   0.0000000000000000     
   19.602000000000000        0.0000000000000000        1.8351309970214867E-004   0.0000000000000000     
