  -19.602000000000000        0.0000000000000000       -1.3851906509829887E-005   0.0000000000000000     
  -19.404000000000000        0.0000000000000000       -1.9758047299608687E-005   0.0000000000000000     
  -19.206000000000000        0.0000000000000000       -2.2857297266539948E-005   0.0000000000000000     
  -19.008000000000003        0.0000000000000000       -2.4419714037602250E-005   0.0000000000000000     
  -18.810000000000002        0.0000000000000000       -2.5347857649294601E-005   0.0000000000000000     
  -18.612000000000002        0.0000000000000000       -2.6056723670497421E-005   0.0000000000000000     
  -18.414000000000001        0.0000000000000000       -2.6721450469628176E-005   0.0000000000000000     
  -18.216000000000001        0.0000000000000000       -2.7386569074958734E-005   0.0000000000000000     
  -18.018000000000001        0.0000000000000000       -2.8067503990852698E-005   0.0000000000000000     
  -17.820000000000000        0.0000000000000000       -2.8766731620564582E-005   0.0000000000000000     
  -17.622000000000000        0.0000000000000000       -2.9481303192568248E-005   0.0000000000000000     
  -17.423999999999999        0.0000000000000000       -3.0213941530646010E-005   0.0000000000000000     
  -17.225999999999999        0.0000000000000000       -3.0963626024137600E-005   0.0000000000000000     
  -17.028000000000002        0.0000000000000000       -3.1732638115593135E-005   0.0000000000000000     
  -16.830000000000002        0.0000000000000000       -3.2523889795941457E-005   0.0000000000000000     
  -16.632000000000001        0.0000000000000000       -3.3340667372720112E-005   0.0000000000000000     
  -16.434000000000001        0.0000000000000000       -3.4184714030723271E-005   0.0000000000000000     
  -16.236000000000001        0.0000000000000000       -3.5060968896169702E-005   0.0000000000000000     
  -16.038000000000000        0.0000000000000000       -3.5972497532816026E-005   0.0000000000000000     
  -15.840000000000000        0.0000000000000000       -3.6922262899597793E-005   0.0000000000000000     
  -15.642000000000001        0.0000000000000000       -3.7913146824824679E-005   0.0000000000000000     
  -15.444000000000001        0.0000000000000000       -3.8947980359967927E-005   0.0000000000000000     
  -15.246000000000000        0.0000000000000000       -4.0029587005239188E-005   0.0000000000000000     
  -15.048000000000000        0.0000000000000000       -4.1160820768337287E-005   0.0000000000000000     
  -14.850000000000001        0.0000000000000000       -4.2344609640323609E-005   0.0000000000000000     
  -14.652000000000001        0.0000000000000000       -4.3583985490138760E-005   0.0000000000000000     
  -14.454000000000001        0.0000000000000000       -4.4882128859555820E-005   0.0000000000000000     
  -14.256000000000000        0.0000000000000000       -4.6242388913064604E-005   0.0000000000000000     
  -14.058000000000000        0.0000000000000000       -4.7668325066009583E-005   0.0000000000000000     
  -13.860000000000001        0.0000000000000000       -4.9163727357478829E-005   0.0000000000000000     
  -13.662000000000001        0.0000000000000000       -5.0732656448314687E-005   0.0000000000000000     
  -13.464000000000000        0.0000000000000000       -5.2379465103593173E-005   0.0000000000000000     
  -13.266000000000000        0.0000000000000000       -5.4108833942956057E-005   0.0000000000000000     
  -13.068000000000001        0.0000000000000000       -5.5925801430817208E-005   0.0000000000000000     
  -12.870000000000001        0.0000000000000000       -5.7835806706580840E-005   0.0000000000000000     
  -12.672000000000001        0.0000000000000000       -5.9844717989390047E-005   0.0000000000000000     
  -12.474000000000000        0.0000000000000000       -6.1958886796219470E-005   0.0000000000000000     
  -12.276000000000000        0.0000000000000000       -6.4185181249263248E-005   0.0000000000000000     
  -12.078000000000001        0.0000000000000000       -6.6531044452359549E-005   0.0000000000000000     
  -11.880000000000001        0.0000000000000000       -6.9004554802839404E-005   0.0000000000000000     
  -11.682000000000000        0.0000000000000000       -7.1614489202179548E-005   0.0000000000000000     
  -11.484000000000000        0.0000000000000000       -7.4370388826442650E-005   0.0000000000000000     
  -11.286000000000001        0.0000000000000000       -7.7282643321784105E-005   0.0000000000000000     
  -11.088000000000001        0.0000000000000000       -8.0362576386632244E-005   0.0000000000000000     
  -10.890000000000001        0.0000000000000000       -8.3622565421878948E-005   0.0000000000000000     
  -10.692000000000000        0.0000000000000000       -8.7076129971920153E-005   0.0000000000000000     
  -10.494000000000000        0.0000000000000000       -9.0738086521680809E-005   0.0000000000000000     
  -10.296000000000001        0.0000000000000000       -9.4624678821117868E-005   0.0000000000000000     
  -10.098000000000001        0.0000000000000000       -9.8753748952421357E-005   0.0000000000000000     
  -9.9000000000000004        0.0000000000000000       -1.0314494351321943E-004   0.0000000000000000     
  -9.7020000000000000        0.0000000000000000       -1.0781990813311761E-004   0.0000000000000000     
  -9.5040000000000013        0.0000000000000000       -1.1280254426957834E-004   0.0000000000000000     
  -9.3060000000000009        0.0000000000000000       -1.1811929698667692E-004   0.0000000000000000     
  -9.1080000000000005        0.0000000000000000       -1.2379946955176310E-004   0.0000000000000000     
  -8.9100000000000001        0.0000000000000000       -1.2987560225240054E-004   0.0000000000000000     
  -8.7119999999999997        0.0000000000000000       -1.3638388468255181E-004   0.0000000000000000     
  -8.5140000000000011        0.0000000000000000       -1.4336466731182444E-004   0.0000000000000000     
  -8.3160000000000007        0.0000000000000000       -1.5086297821468553E-004   0.0000000000000000     
  -8.1180000000000003        0.0000000000000000       -1.5892921934303558E-004   0.0000000000000000     
  -7.9199999999999999        0.0000000000000000       -1.6761985445477631E-004   0.0000000000000000     
  -7.7220000000000004        0.0000000000000000       -1.7699832860556446E-004   0.0000000000000000     
  -7.5240000000000000        0.0000000000000000       -1.8713597168752100E-004   0.0000000000000000     
  -7.3260000000000005        0.0000000000000000       -1.9811322215759707E-004   0.0000000000000000     
  -7.1280000000000001        0.0000000000000000       -2.1002087967341909E-004   0.0000000000000000     
  -6.9300000000000006        0.0000000000000000       -2.2296164704966909E-004   0.0000000000000000     
  -6.7320000000000002        0.0000000000000000       -2.3705191988957039E-004   0.0000000000000000     
  -6.5340000000000007        0.0000000000000000       -2.5242379785095955E-004   0.0000000000000000     
  -6.3360000000000003        0.0000000000000000       -2.6922749719224650E-004   0.0000000000000000     
  -6.1379999999999999        0.0000000000000000       -2.8763411017977469E-004   0.0000000000000000     
  -5.9400000000000004        0.0000000000000000       -3.0783891766485117E-004   0.0000000000000000     
  -5.7420000000000000        0.0000000000000000       -3.3006513938730751E-004   0.0000000000000000     
  -5.5440000000000005        0.0000000000000000       -3.5456845347428908E-004   0.0000000000000000     
  -5.3460000000000001        0.0000000000000000       -3.8164213891675436E-004   0.0000000000000000     
  -5.1480000000000006        0.0000000000000000       -4.1162287592027733E-004   0.0000000000000000     
  -4.9500000000000002        0.0000000000000000       -4.4489696474898471E-004   0.0000000000000000     
  -4.7520000000000007        0.0000000000000000       -4.8190557551373397E-004   0.0000000000000000     
  -4.5540000000000003        0.0000000000000000       -5.2314632662869571E-004   0.0000000000000000     
  -4.3559999999999999        0.0000000000000000       -5.6916335375843978E-004   0.0000000000000000     
  -4.1580000000000004        0.0000000000000000       -6.2050845089805433E-004   0.0000000000000000     
  -3.9600000000000000        0.0000000000000000       -6.7763370639936486E-004   0.0000000000000000     
  -3.7620000000000000        0.0000000000000000       -7.4063785511822096E-004   0.0000000000000000     
  -3.5640000000000001        0.0000000000000000       -8.0875600646624767E-004   0.0000000000000000     
  -3.3660000000000001        0.0000000000000000       -8.7965191735934751E-004   0.0000000000000000     
  -3.1680000000000001        0.0000000000000000       -9.4975075092497288E-004   0.0000000000000000     
  -2.9700000000000002        0.0000000000000000       -1.0209806829066096E-003   0.0000000000000000     
  -2.7720000000000002        0.0000000000000000       -1.1034485695585992E-003   0.0000000000000000     
  -2.5740000000000003        0.0000000000000000       -1.2010044814247762E-003   0.0000000000000000     
  -2.3760000000000003        0.0000000000000000       -1.3125584737030441E-003   0.0000000000000000     
  -2.1779999999999999        0.0000000000000000       -1.4367189537951063E-003   0.0000000000000000     
  -1.9800000000000000        0.0000000000000000       -1.5730046948959633E-003   0.0000000000000000     
  -1.7820000000000000        0.0000000000000000       -1.7244733110822605E-003   0.0000000000000000     
  -1.5840000000000001        0.0000000000000000       -1.8943603706424990E-003   0.0000000000000000     
  -1.3860000000000001        0.0000000000000000       -2.0766404598044188E-003   0.0000000000000000     
  -1.1880000000000002        0.0000000000000000       -2.2688707181279335E-003   0.0000000000000000     
 -0.98999999999999999        0.0000000000000000       -2.4692460230507363E-003   0.0000000000000000     
 -0.79200000000000004        0.0000000000000000       -2.6572809084607556E-003   0.0000000000000000     
 -0.59400000000000008        0.0000000000000000       -2.8074153254876023E-003   0.0000000000000000     
 -0.39600000000000002        0.0000000000000000       -2.9135875228934057E-003   0.0000000000000000     
 -0.19800000000000001        0.0000000000000000       -2.9824053072729077E-003   0.0000000000000000     
   0.0000000000000000        0.0000000000000000       -3.0065580205348146E-003   0.0000000000000000     
  0.19800000000000001        0.0000000000000000       -2.9824053072729077E-003   0.0000000000000000     
  0.39600000000000002        0.0000000000000000       -2.9135875228934057E-003   0.0000000000000000     
  0.59400000000000008        0.0000000000000000       -2.8074153254876023E-003   0.0000000000000000     
  0.79200000000000004        0.0000000000000000       -2.6572809084607556E-003   0.0000000000000000     
  0.98999999999999999        0.0000000000000000       -2.4692460230507363E-003   0.0000000000000000     
   1.1880000000000002        0.0000000000000000       -2.2688707181279335E-003   0.0000000000000000     
   1.3860000000000001        0.0000000000000000       -2.0766404598044188E-003   0.0000000000000000     
   1.5840000000000001        0.0000000000000000       -1.8943603706424990E-003   0.0000000000000000     
   1.7820000000000000        0.0000000000000000       -1.7244733110822605E-003   0.0000000000000000     
   1.9800000000000000        0.0000000000000000       -1.5730046948959633E-003   0.0000000000000000     
   2.1779999999999999        0.0000000000000000       -1.4367189537951063E-003   0.0000000000000000     
   2.3760000000000003        0.0000000000000000       -1.3125584737030441E-003   0.0000000000000000     
   2.5740000000000003        0.0000000000000000       -1.2010044814247762E-003   0.0000000000000000     
   2.7720000000000002        0.0000000000000000       -1.1034485695585992E-003   0.0000000000000000     
   2.9700000000000002        0.0000000000000000       -1.0209806829066096E-003   0.0000000000000000     
   3.1680000000000001        0.0000000000000000       -9.4975075092497288E-004   0.0000000000000000     
   3.3660000000000001        0.0000000000000000       -8.7965191735934751E-004   0.0000000000000000     
   3.5640000000000001        0.0000000000000000       -8.0875600646624767E-004   0.0000000000000000     
   3.7620000000000000        0.0000000000000000       -7.4063785511822096E-004   0.0000000000000000     
   3.9600000000000000        0.0000000000000000       -6.7763370639936486E-004   0.0000000000000000     
   4.1580000000000004        0.0000000000000000       -6.2050845089805433E-004   0.0000000000000000     
   4.3559999999999999        0.0000000000000000       -5.6916335375843978E-004   0.0000000000000000     
   4.5540000000000003        0.0000000000000000       -5.2314632662869571E-004   0.0000000000000000     
   4.7520000000000007        0.0000000000000000       -4.8190557551373397E-004   0.0000000000000000     
   4.9500000000000002        0.0000000000000000       -4.4489696474898471E-004   0.0000000000000000     
   5.1480000000000006        0.0000000000000000       -4.1162287592027733E-004   0.0000000000000000     
   5.3460000000000001        0.0000000000000000       -3.8164213891675436E-004   0.0000000000000000     
   5.5440000000000005        0.0000000000000000       -3.5456845347428908E-004   0.0000000000000000     
   5.7420000000000000        0.0000000000000000       -3.3006513938730751E-004   0.0000000000000000     
   5.9400000000000004        0.0000000000000000       -3.0783891766485117E-004   0.0000000000000000     
   6.1379999999999999        0.0000000000000000       -2.8763411017977469E-004   0.0000000000000000     
   6.3360000000000003        0.0000000000000000       -2.6922749719224650E-004   0.0000000000000000     
   6.5340000000000007        0.0000000000000000       -2.5242379785095955E-004   0.0000000000000000     
   6.7320000000000002        0.0000000000000000       -2.3705191988957039E-004   0.0000000000000000     
   6.9300000000000006        0.0000000000000000       -2.2296164704966909E-004   0.0000000000000000     
   7.1280000000000001        0.0000000000000000       -2.1002087967341909E-004   0.0000000000000000     
   7.3260000000000005        0.0000000000000000       -1.9811322215759707E-004   0.0000000000000000     
   7.5240000000000000        0.0000000000000000       -1.8713597168752100E-004   0.0000000000000000     
   7.7220000000000004        0.0000000000000000       -1.7699832860556446E-004   0.0000000000000000     
   7.9199999999999999        0.0000000000000000       -1.6761985445477631E-004   0.0000000000000000     
   8.1180000000000003        0.0000000000000000       -1.5892921934303558E-004   0.0000000000000000     
   8.3160000000000007        0.0000000000000000       -1.5086297821468553E-004   0.0000000000000000     
   8.5140000000000011        0.0000000000000000       -1.4336466731182444E-004   0.0000000000000000     
   8.7119999999999997        0.0000000000000000       -1.3638388468255181E-004   0.0000000000000000     
   8.9100000000000001        0.0000000000000000       -1.2987560225240054E-004   0.0000000000000000     
   9.1080000000000005        0.0000000000000000       -1.2379946955176310E-004   0.0000000000000000     
   9.3060000000000009        0.0000000000000000       -1.1811929698667692E-004   0.0000000000000000     
   9.5040000000000013        0.0000000000000000       -1.1280254426957834E-004   0.0000000000000000     
   9.7020000000000000        0.0000000000000000       -1.0781990813311761E-004   0.0000000000000000     
   9.9000000000000004        0.0000000000000000       -1.0314494351321943E-004   0.0000000000000000     
   10.098000000000001        0.0000000000000000       -9.8753748952421357E-005   0.0000000000000000     
   10.296000000000001        0.0000000000000000       -9.4624678821117868E-005   0.0000000000000000     
   10.494000000000000        0.0000000000000000       -9.0738086521680809E-005   0.0000000000000000     
   10.692000000000000        0.0000000000000000       -8.7076129971920153E-005   0.0000000000000000     
   10.890000000000001        0.0000000000000000       -8.3622565421878948E-005   0.0000000000000000     
   11.088000000000001        0.0000000000000000       -8.0362576386632244E-005   0.0000000000000000     
   11.286000000000001        0.0000000000000000       -7.7282643321784105E-005   0.0000000000000000     
   11.484000000000000        0.0000000000000000       -7.4370388826442650E-005   0.0000000000000000     
   11.682000000000000        0.0000000000000000       -7.1614489202179548E-005   0.0000000000000000     
   11.880000000000001        0.0000000000000000       -6.9004554802839404E-005   0.0000000000000000     
   12.078000000000001        0.0000000000000000       -6.6531044452359549E-005   0.0000000000000000     
   12.276000000000000        0.0000000000000000       -6.4185181249263248E-005   0.0000000000000000     
   12.474000000000000        0.0000000000000000       -6.1958886796219470E-005   0.0000000000000000     
   12.672000000000001        0.0000000000000000       -5.9844717989390047E-005   0.0000000000000000     
   12.870000000000001        0.0000000000000000       -5.7835806706580840E-005   0.0000000000000000     
   13.068000000000001        0.0000000000000000       -5.5925801430817208E-005   0.0000000000000000     
   13.266000000000000        0.0000000000000000       -5.4108833942956057E-005   0.0000000000000000     
   13.464000000000000        0.0000000000000000       -5.2379465103593173E-005   0.0000000000000000     
   13.662000000000001        0.0000000000000000       -5.0732656448314687E-005   0.0000000000000000     
   13.860000000000001        0.0000000000000000       -4.9163727357478829E-005   0.0000000000000000     
   14.058000000000000        0.0000000000000000       -4.7668325066009583E-005   0.0000000000000000     
   14.256000000000000        0.0000000000000000       -4.6242388913064604E-005   0.0000000000000000     
   14.454000000000001        0.0000000000000000       -4.4882128859555820E-005   0.0000000000000000     
   14.652000000000001        0.0000000000000000       -4.3583985490138760E-005   0.0000000000000000     
   14.850000000000001        0.0000000000000000       -4.2344609640323609E-005   0.0000000000000000     
   15.048000000000000        0.0000000000000000       -4.1160820768337287E-005   0.0000000000000000     
   15.246000000000000        0.0000000000000000       -4.0029587005239188E-005   0.0000000000000000     
   15.444000000000001        0.0000000000000000       -3.8947980359967927E-005   0.0000000000000000     
   15.642000000000001        0.0000000000000000       -3.7913146824824679E-005   0.0000000000000000     
   15.840000000000000        0.0000000000000000       -3.6922262899597793E-005   0.0000000000000000     
   16.038000000000000        0.0000000000000000       -3.5972497532816026E-005   0.0000000000000000     
   16.236000000000001        0.0000000000000000       -3.5060968896169702E-005   0.0000000000000000     
   16.434000000000001        0.0000000000000000       -3.4184714030723271E-005   0.0000000000000000     
   16.632000000000001        0.0000000000000000       -3.3340667372720112E-005   0.0000000000000000     
   16.830000000000002        0.0000000000000000       -3.2523889795941457E-005   0.0000000000000000     
   17.028000000000002        0.0000000000000000       -3.1732638115593135E-005   0.0000000000000000     
   17.225999999999999        0.0000000000000000       -3.0963626024137600E-005   0.0000000000000000     
   17.423999999999999        0.0000000000000000       -3.0213941530646010E-005   0.0000000000000000     
   17.622000000000000        0.0000000000000000       -2.9481303192568248E-005   0.0000000000000000     
   17.820000000000000        0.0000000000000000       -2.8766731620564582E-005   0.0000000000000000     
   18.018000000000001        0.0000000000000000       -2.8067503990852698E-005   0.0000000000000000     
   18.216000000000001        0.0000000000000000       -2.7386569074958734E-005   0.0000000000000000     
   18.414000000000001        0.0000000000000000       -2.6721450469628176E-005   0.0000000000000000     
   18.612000000000002        0.0000000000000000       -2.6056723670497421E-005   0.0000000000000000     
   18.810000000000002        0.0000000000000000       -2.5347857649294601E-005   0.0000000000000000     
   19.008000000000003        0.0000000000000000       -2.4419714037602250E-005   0.0000000000000000     
   19.206000000000000        0.0000000000000000       -2.2857297266539948E-005   0.0000000000000000     
   19.404000000000000        0.0000000000000000       -1.9758047299608687E-005   0.0000000000000000     
   19.602000000000000        0.0000000000000000       -1.3851906509829887E-005   0.0000000000000000     
