  -19.602000000000000        0.0000000000000000       -1.9826394125497236E-005   0.0000000000000000     
  -19.404000000000000        0.0000000000000000       -2.2435930405133513E-005   0.0000000000000000     
  -19.206000000000000        0.0000000000000000       -2.4875203615290740E-005   0.0000000000000000     
  -19.008000000000003        0.0000000000000000       -2.6345560913810746E-005   0.0000000000000000     
  -18.810000000000002        0.0000000000000000       -2.7169407500379757E-005   0.0000000000000000     
  -18.612000000000002        0.0000000000000000       -2.7703966115185691E-005   0.0000000000000000     
  -18.414000000000001        0.0000000000000000       -2.8177656218151339E-005   0.0000000000000000     
  -18.216000000000001        0.0000000000000000       -2.8683588329565288E-005   0.0000000000000000     
  -18.018000000000001        0.0000000000000000       -2.9248435719541548E-005   0.0000000000000000     
  -17.820000000000000        0.0000000000000000       -2.9873788197740867E-005   0.0000000000000000     
  -17.622000000000000        0.0000000000000000       -3.0550597712701840E-005   0.0000000000000000     
  -17.423999999999999        0.0000000000000000       -3.1269055764218189E-005   0.0000000000000000     
  -17.225999999999999        0.0000000000000000       -3.2015738675805294E-005   0.0000000000000000     
  -17.028000000000002        0.0000000000000000       -3.2788142142078440E-005   0.0000000000000000     
  -16.830000000000002        0.0000000000000000       -3.3589904242378755E-005   0.0000000000000000     
  -16.632000000000001        0.0000000000000000       -3.4418186979041545E-005   0.0000000000000000     
  -16.434000000000001        0.0000000000000000       -3.5262637135227100E-005   0.0000000000000000     
  -16.236000000000001        0.0000000000000000       -3.6123083656392821E-005   0.0000000000000000     
  -16.038000000000000        0.0000000000000000       -3.6999914260167670E-005   0.0000000000000000     
  -15.840000000000000        0.0000000000000000       -3.7893874587912289E-005   0.0000000000000000     
  -15.642000000000001        0.0000000000000000       -3.8805929596013148E-005   0.0000000000000000     
  -15.444000000000001        0.0000000000000000       -3.9737183006750354E-005   0.0000000000000000     
  -15.246000000000000        0.0000000000000000       -4.0688819409399946E-005   0.0000000000000000     
  -15.048000000000000        0.0000000000000000       -4.1662078453753587E-005   0.0000000000000000     
  -14.850000000000001        0.0000000000000000       -4.2658232577494871E-005   0.0000000000000000     
  -14.652000000000001        0.0000000000000000       -4.3678586718265400E-005   0.0000000000000000     
  -14.454000000000001        0.0000000000000000       -4.4724474544307896E-005   0.0000000000000000     
  -14.256000000000000        0.0000000000000000       -4.5797263961327861E-005   0.0000000000000000     
  -14.058000000000000        0.0000000000000000       -4.6898358926735742E-005   0.0000000000000000     
  -13.860000000000001        0.0000000000000000       -4.8029211892575416E-005   0.0000000000000000     
  -13.662000000000001        0.0000000000000000       -4.9191323022060547E-005   0.0000000000000000     
  -13.464000000000000        0.0000000000000000       -5.0386257506225356E-005   0.0000000000000000     
  -13.266000000000000        0.0000000000000000       -5.1615643835421310E-005   0.0000000000000000     
  -13.068000000000001        0.0000000000000000       -5.2881188471904652E-005   0.0000000000000000     
  -12.870000000000001        0.0000000000000000       -5.4184681641931493E-005   0.0000000000000000     
  -12.672000000000001        0.0000000000000000       -5.5528006607138225E-005   0.0000000000000000     
  -12.474000000000000        0.0000000000000000       -5.6913147546210522E-005   0.0000000000000000     
  -12.276000000000000        0.0000000000000000       -5.8342199839939462E-005   0.0000000000000000     
  -12.078000000000001        0.0000000000000000       -5.9817382786668878E-005   0.0000000000000000     
  -11.880000000000001        0.0000000000000000       -6.1341045855602336E-005   0.0000000000000000     
  -11.682000000000000        0.0000000000000000       -6.2915685821962036E-005   0.0000000000000000     
  -11.484000000000000        0.0000000000000000       -6.4543955934290027E-005   0.0000000000000000     
  -11.286000000000001        0.0000000000000000       -6.6228684591105393E-005   0.0000000000000000     
  -11.088000000000001        0.0000000000000000       -6.7972885967790362E-005   0.0000000000000000     
  -10.890000000000001        0.0000000000000000       -6.9779781118238082E-005   0.0000000000000000     
  -10.692000000000000        0.0000000000000000       -7.1652818071713477E-005   0.0000000000000000     
  -10.494000000000000        0.0000000000000000       -7.3595688812737279E-005   0.0000000000000000     
  -10.296000000000001        0.0000000000000000       -7.5612359137318443E-005   0.0000000000000000     
  -10.098000000000001        0.0000000000000000       -7.7707087200890666E-005   0.0000000000000000     
  -9.9000000000000004        0.0000000000000000       -7.9884462869498504E-005   0.0000000000000000     
  -9.7020000000000000        0.0000000000000000       -8.2149426322192788E-005   0.0000000000000000     
  -9.5040000000000013        0.0000000000000000       -8.4507321854493709E-005   0.0000000000000000     
  -9.3060000000000009        0.0000000000000000       -8.6963912550753523E-005   0.0000000000000000     
  -9.1080000000000005        0.0000000000000000       -8.9525444156640890E-005   0.0000000000000000     
  -8.9100000000000001        0.0000000000000000       -9.2198681156950059E-005   0.0000000000000000     
  -8.7119999999999997        0.0000000000000000       -9.4990957525772563E-005   0.0000000000000000     
  -8.5140000000000011        0.0000000000000000       -9.7910231840571415E-005   0.0000000000000000     
  -8.3160000000000007        0.0000000000000000       -1.0096514471232835E-004   0.0000000000000000     
  -8.1180000000000003        0.0000000000000000       -1.0416507975866146E-004   0.0000000000000000     
  -7.9199999999999999        0.0000000000000000       -1.0752022950343623E-004   0.0000000000000000     
  -7.7220000000000004        0.0000000000000000       -1.1104165845892268E-004   0.0000000000000000     
  -7.5240000000000000        0.0000000000000000       -1.1474137545874227E-004   0.0000000000000000     
  -7.3260000000000005        0.0000000000000000       -1.1863241145469442E-004   0.0000000000000000     
  -7.1280000000000001        0.0000000000000000       -1.2272888821761860E-004   0.0000000000000000     
  -6.9300000000000006        0.0000000000000000       -1.2704611740914633E-004   0.0000000000000000     
  -6.7320000000000002        0.0000000000000000       -1.3160069176638354E-004   0.0000000000000000     
  -6.5340000000000007        0.0000000000000000       -1.3641063183093645E-004   0.0000000000000000     
  -6.3360000000000003        0.0000000000000000       -1.4149556781599507E-004   0.0000000000000000     
  -6.1379999999999999        0.0000000000000000       -1.4687701560157305E-004   0.0000000000000000     
  -5.9400000000000004        0.0000000000000000       -1.5257882178776867E-004   0.0000000000000000     
  -5.7420000000000000        0.0000000000000000       -1.5862785769751070E-004   0.0000000000000000     
  -5.5440000000000005        0.0000000000000000       -1.6505511383938521E-004   0.0000000000000000     
  -5.3460000000000001        0.0000000000000000       -1.7189740301066337E-004   0.0000000000000000     
  -5.1480000000000006        0.0000000000000000       -1.7919994669455419E-004   0.0000000000000000     
  -4.9500000000000002        0.0000000000000000       -1.8702015770867393E-004   0.0000000000000000     
  -4.7520000000000007        0.0000000000000000       -1.9543284530665350E-004   0.0000000000000000     
  -4.5540000000000003        0.0000000000000000       -2.0453673187463504E-004   0.0000000000000000     
  -4.3559999999999999        0.0000000000000000       -2.1446090439876506E-004   0.0000000000000000     
  -4.1580000000000004        0.0000000000000000       -2.2536685652499984E-004   0.0000000000000000     
  -3.9600000000000000        0.0000000000000000       -2.3743501496193304E-004   0.0000000000000000     
  -3.7620000000000000        0.0000000000000000       -2.5080988308920620E-004   0.0000000000000000     
  -3.5640000000000001        0.0000000000000000       -2.6545418281922876E-004   0.0000000000000000     
  -3.3660000000000001        0.0000000000000000       -2.8084877403702913E-004   0.0000000000000000     
  -3.1680000000000001        0.0000000000000000       -2.9562464187850041E-004   0.0000000000000000     
  -2.9700000000000002        0.0000000000000000       -3.0803135927224277E-004   0.0000000000000000     
  -2.7720000000000002        0.0000000000000000       -3.1923622220227625E-004   0.0000000000000000     
  -2.5740000000000003        0.0000000000000000       -3.3336835876153096E-004   0.0000000000000000     
  -2.3760000000000003        0.0000000000000000       -3.5171491592722544E-004   0.0000000000000000     
  -2.1779999999999999        0.0000000000000000       -3.7408721007376556E-004   0.0000000000000000     
  -1.9800000000000000        0.0000000000000000       -4.0346051321930930E-004   0.0000000000000000     
  -1.7820000000000000        0.0000000000000000       -4.4419257645208235E-004   0.0000000000000000     
  -1.5840000000000001        0.0000000000000000       -5.0016674996149430E-004   0.0000000000000000     
  -1.3860000000000001        0.0000000000000000       -5.7169098854337652E-004   0.0000000000000000     
  -1.1880000000000002        0.0000000000000000       -6.5477356344877330E-004   0.0000000000000000     
 -0.98999999999999999        0.0000000000000000       -7.4394930176497178E-004   0.0000000000000000     
 -0.79200000000000004        0.0000000000000000       -8.3538612364633842E-004   0.0000000000000000     
 -0.59400000000000008        0.0000000000000000       -9.2793431254973430E-004   0.0000000000000000     
 -0.39600000000000002        0.0000000000000000       -1.0194862337581021E-003   0.0000000000000000     
 -0.19800000000000001        0.0000000000000000       -1.0910802241391815E-003   0.0000000000000000     
   0.0000000000000000        0.0000000000000000       -1.1183497490955326E-003   0.0000000000000000     
  0.19800000000000001        0.0000000000000000       -1.0910802241391815E-003   0.0000000000000000     
  0.39600000000000002        0.0000000000000000       -1.0194862337581021E-003   0.0000000000000000     
  0.59400000000000008        0.0000000000000000       -9.2793431254973430E-004   0.0000000000000000     
  0.79200000000000004        0.0000000000000000       -8.3538612364633842E-004   0.0000000000000000     
  0.98999999999999999        0.0000000000000000       -7.4394930176497178E-004   0.0000000000000000     
   1.1880000000000002        0.0000000000000000       -6.5477356344877330E-004   0.0000000000000000     
   1.3860000000000001        0.0000000000000000       -5.7169098854337652E-004   0.0000000000000000     
   1.5840000000000001        0.0000000000000000       -5.0016674996149430E-004   0.0000000000000000     
   1.7820000000000000        0.0000000000000000       -4.4419257645208235E-004   0.0000000000000000     
   1.9800000000000000        0.0000000000000000       -4.0346051321930930E-004   0.0000000000000000     
   2.1779999999999999        0.0000000000000000       -3.7408721007376556E-004   0.0000000000000000     
   2.3760000000000003        0.0000000000000000       -3.5171491592722544E-004   0.0000000000000000     
   2.5740000000000003        0.0000000000000000       -3.3336835876153096E-004   0.0000000000000000     
   2.7720000000000002        0.0000000000000000       -3.1923622220227625E-004   0.0000000000000000     
   2.9700000000000002        0.0000000000000000       -3.0803135927224277E-004   0.0000000000000000     
   3.1680000000000001        0.0000000000000000       -2.9562464187850041E-004   0.0000000000000000     
   3.3660000000000001        0.0000000000000000       -2.8084877403702913E-004   0.0000000000000000     
   3.5640000000000001        0.0000000000000000       -2.6545418281922876E-004   0.0000000000000000     
   3.7620000000000000        0.0000000000000000       -2.5080988308920620E-004   0.0000000000000000     
   3.9600000000000000        0.0000000000000000       -2.3743501496193304E-004   0.0000000000000000     
   4.1580000000000004        0.0000000000000000       -2.2536685652499984E-004   0.0000000000000000     
   4.3559999999999999        0.0000000000000000       -2.1446090439876506E-004   0.0000000000000000     
   4.5540000000000003        0.0000000000000000       -2.0453673187463504E-004   0.0000000000000000     
   4.7520000000000007        0.0000000000000000       -1.9543284530665350E-004   0.0000000000000000     
   4.9500000000000002        0.0000000000000000       -1.8702015770867393E-004   0.0000000000000000     
   5.1480000000000006        0.0000000000000000       -1.7919994669455419E-004   0.0000000000000000     
   5.3460000000000001        0.0000000000000000       -1.7189740301066337E-004   0.0000000000000000     
   5.5440000000000005        0.0000000000000000       -1.6505511383938521E-004   0.0000000000000000     
   5.7420000000000000        0.0000000000000000       -1.5862785769751070E-004   0.0000000000000000     
   5.9400000000000004        0.0000000000000000       -1.5257882178776867E-004   0.0000000000000000     
   6.1379999999999999        0.0000000000000000       -1.4687701560157305E-004   0.0000000000000000     
   6.3360000000000003        0.0000000000000000       -1.4149556781599507E-004   0.0000000000000000     
   6.5340000000000007        0.0000000000000000       -1.3641063183093645E-004   0.0000000000000000     
   6.7320000000000002        0.0000000000000000       -1.3160069176638354E-004   0.0000000000000000     
   6.9300000000000006        0.0000000000000000       -1.2704611740914633E-004   0.0000000000000000     
   7.1280000000000001        0.0000000000000000       -1.2272888821761860E-004   0.0000000000000000     
   7.3260000000000005        0.0000000000000000       -1.1863241145469442E-004   0.0000000000000000     
   7.5240000000000000        0.0000000000000000       -1.1474137545874227E-004   0.0000000000000000     
   7.7220000000000004        0.0000000000000000       -1.1104165845892268E-004   0.0000000000000000     
   7.9199999999999999        0.0000000000000000       -1.0752022950343623E-004   0.0000000000000000     
   8.1180000000000003        0.0000000000000000       -1.0416507975866146E-004   0.0000000000000000     
   8.3160000000000007        0.0000000000000000       -1.0096514471232835E-004   0.0000000000000000     
   8.5140000000000011        0.0000000000000000       -9.7910231840571415E-005   0.0000000000000000     
   8.7119999999999997        0.0000000000000000       -9.4990957525772563E-005   0.0000000000000000     
   8.9100000000000001        0.0000000000000000       -9.2198681156950059E-005   0.0000000000000000     
   9.1080000000000005        0.0000000000000000       -8.9525444156640890E-005   0.0000000000000000     
   9.3060000000000009        0.0000000000000000       -8.6963912550753523E-005   0.0000000000000000     
   9.5040000000000013        0.0000000000000000       -8.4507321854493709E-005   0.0000000000000000     
   9.7020000000000000        0.0000000000000000       -8.2149426322192788E-005   0.0000000000000000     
   9.9000000000000004        0.0000000000000000       -7.9884462869498504E-005   0.0000000000000000     
   10.098000000000001        0.0000000000000000       -7.7707087200890666E-005   0.0000000000000000     
   10.296000000000001        0.0000000000000000       -7.5612359137318443E-005   0.0000000000000000     
   10.494000000000000        0.0000000000000000       -7.3595688812737279E-005   0.0000000000000000     
   10.692000000000000        0.0000000000000000       -7.1652818071713477E-005   0.0000000000000000     
   10.890000000000001        0.0000000000000000       -6.9779781118238082E-005   0.0000000000000000     
   11.088000000000001        0.0000000000000000       -6.7972885967790362E-005   0.0000000000000000     
   11.286000000000001        0.0000000000000000       -6.6228684591105393E-005   0.0000000000000000     
   11.484000000000000        0.0000000000000000       -6.4543955934290027E-005   0.0000000000000000     
   11.682000000000000        0.0000000000000000       -6.2915685821962036E-005   0.0000000000000000     
   11.880000000000001        0.0000000000000000       -6.1341045855602336E-005   0.0000000000000000     
   12.078000000000001        0.0000000000000000       -5.9817382786668878E-005   0.0000000000000000     
   12.276000000000000        0.0000000000000000       -5.8342199839939462E-005   0.0000000000000000     
   12.474000000000000        0.0000000000000000       -5.6913147546210522E-005   0.0000000000000000     
   12.672000000000001        0.0000000000000000       -5.5528006607138225E-005   0.0000000000000000     
   12.870000000000001        0.0000000000000000       -5.4184681641931493E-005   0.0000000000000000     
   13.068000000000001        0.0000000000000000       -5.2881188471904652E-005   0.0000000000000000     
   13.266000000000000        0.0000000000000000       -5.1615643835421310E-005   0.0000000000000000     
   13.464000000000000        0.0000000000000000       -5.0386257506225356E-005   0.0000000000000000     
   13.662000000000001        0.0000000000000000       -4.9191323022060547E-005   0.0000000000000000     
   13.860000000000001        0.0000000000000000       -4.8029211892575416E-005   0.0000000000000000     
   14.058000000000000        0.0000000000000000       -4.6898358926735742E-005   0.0000000000000000     
   14.256000000000000        0.0000000000000000       -4.5797263961327861E-005   0.0000000000000000     
   14.454000000000001        0.0000000000000000       -4.4724474544307896E-005   0.0000000000000000     
   14.652000000000001        0.0000000000000000       -4.3678586718265400E-005   0.0000000000000000     
   14.850000000000001        0.0000000000000000       -4.2658232577494871E-005   0.0000000000000000     
   15.048000000000000        0.0000000000000000       -4.1662078453753587E-005   0.0000000000000000     
   15.246000000000000        0.0000000000000000       -4.0688819409399946E-005   0.0000000000000000     
   15.444000000000001        0.0000000000000000       -3.9737183006750354E-005   0.0000000000000000     
   15.642000000000001        0.0000000000000000       -3.8805929596013148E-005   0.0000000000000000     
   15.840000000000000        0.0000000000000000       -3.7893874587912289E-005   0.0000000000000000     
   16.038000000000000        0.0000000000000000       -3.6999914260167670E-005   0.0000000000000000     
   16.236000000000001        0.0000000000000000       -3.6123083656392821E-005   0.0000000000000000     
   16.434000000000001        0.0000000000000000       -3.5262637135227100E-005   0.0000000000000000     
   16.632000000000001        0.0000000000000000       -3.4418186979041545E-005   0.0000000000000000     
   16.830000000000002        0.0000000000000000       -3.3589904242378755E-005   0.0000000000000000     
   17.028000000000002        0.0000000000000000       -3.2788142142078440E-005   0.0000000000000000     
   17.225999999999999        0.0000000000000000       -3.2015738675805294E-005   0.0000000000000000     
   17.423999999999999        0.0000000000000000       -3.1269055764218189E-005   0.0000000000000000     
   17.622000000000000        0.0000000000000000       -3.0550597712701840E-005   0.0000000000000000     
   17.820000000000000        0.0000000000000000       -2.9873788197740867E-005   0.0000000000000000     
   18.018000000000001        0.0000000000000000       -2.9248435719541548E-005   0.0000000000000000     
   18.216000000000001        0.0000000000000000       -2.8683588329565288E-005   0.0000000000000000     
   18.414000000000001        0.0000000000000000       -2.8177656218151339E-005   0.0000000000000000     
   18.612000000000002        0.0000000000000000       -2.7703966115185691E-005   0.0000000000000000     
   18.810000000000002        0.0000000000000000       -2.7169407500379757E-005   0.0000000000000000     
   19.008000000000003        0.0000000000000000       -2.6345560913810746E-005   0.0000000000000000     
   19.206000000000000        0.0000000000000000       -2.4875203615290740E-005   0.0000000000000000     
   19.404000000000000        0.0000000000000000       -2.2435930405133513E-005   0.0000000000000000     
   19.602000000000000        0.0000000000000000       -1.9826394125497236E-005   0.0000000000000000     
