  -19.602000000000000        0.0000000000000000        1.1228556195842390E-006   0.0000000000000000     
  -19.404000000000000        0.0000000000000000        6.4448596841368947E-006   0.0000000000000000     
  -19.206000000000000        0.0000000000000000        9.5675884232736108E-006   0.0000000000000000     
  -19.008000000000003        0.0000000000000000        1.1401909942671771E-005   0.0000000000000000     
  -18.810000000000002        0.0000000000000000        1.2553448911151073E-005   0.0000000000000000     
  -18.612000000000002        0.0000000000000000        1.3314732281204231E-005   0.0000000000000000     
  -18.414000000000001        0.0000000000000000        1.3859044096037188E-005   0.0000000000000000     
  -18.216000000000001        0.0000000000000000        1.4265268118044461E-005   0.0000000000000000     
  -18.018000000000001        0.0000000000000000        1.4588381541866525E-005   0.0000000000000000     
  -17.820000000000000        0.0000000000000000        1.4862925047725968E-005   0.0000000000000000     
  -17.622000000000000        0.0000000000000000        1.5111117966303668E-005   0.0000000000000000     
  -17.423999999999999        0.0000000000000000        1.5351648789956966E-005   0.0000000000000000     
  -17.225999999999999        0.0000000000000000        1.5593971798581772E-005   0.0000000000000000     
  -17.028000000000002        0.0000000000000000        1.5848002653964157E-005   0.0000000000000000     
  -16.830000000000002        0.0000000000000000        1.6116880800606770E-005   0.0000000000000000     
  -16.632000000000001        0.0000000000000000        1.6410910743105816E-005   0.0000000000000000     
  -16.434000000000001        0.0000000000000000        1.6734166661671896E-005   0.0000000000000000     
  -16.236000000000001        0.0000000000000000        1.7083016404868375E-005   0.0000000000000000     
  -16.038000000000000        0.0000000000000000        1.7470390327896968E-005   0.0000000000000000     
  -15.840000000000000        0.0000000000000000        1.7899177013867481E-005   0.0000000000000000     
  -15.642000000000001        0.0000000000000000        1.8372035010250168E-005   0.0000000000000000     
  -15.444000000000001        0.0000000000000000        1.8891514953339779E-005   0.0000000000000000     
  -15.246000000000000        0.0000000000000000        1.9460129226871794E-005   0.0000000000000000     
  -15.048000000000000        0.0000000000000000        2.0080436033759315E-005   0.0000000000000000     
  -14.850000000000001        0.0000000000000000        2.0755085123455973E-005   0.0000000000000000     
  -14.652000000000001        0.0000000000000000        2.1486870618761895E-005   0.0000000000000000     
  -14.454000000000001        0.0000000000000000        2.2278775325458294E-005   0.0000000000000000     
  -14.256000000000000        0.0000000000000000        2.3133999607156818E-005   0.0000000000000000     
  -14.058000000000000        0.0000000000000000        2.4056006611956769E-005   0.0000000000000000     
  -13.860000000000001        0.0000000000000000        2.5048542044466222E-005   0.0000000000000000     
  -13.662000000000001        0.0000000000000000        2.6115686318286975E-005   0.0000000000000000     
  -13.464000000000000        0.0000000000000000        2.7261865105488160E-005   0.0000000000000000     
  -13.266000000000000        0.0000000000000000        2.8491909721479207E-005   0.0000000000000000     
  -13.068000000000001        0.0000000000000000        2.9811071801760578E-005   0.0000000000000000     
  -12.870000000000001        0.0000000000000000        3.1225084616083807E-005   0.0000000000000000     
  -12.672000000000001        0.0000000000000000        3.2740195434062964E-005   0.0000000000000000     
  -12.474000000000000        0.0000000000000000        3.4363222020071215E-005   0.0000000000000000     
  -12.276000000000000        0.0000000000000000        3.6101609481894443E-005   0.0000000000000000     
  -12.078000000000001        0.0000000000000000        3.7963481469175024E-005   0.0000000000000000     
  -11.880000000000001        0.0000000000000000        3.9957729300362746E-005   0.0000000000000000     
  -11.682000000000000        0.0000000000000000        4.2094075421132671E-005   0.0000000000000000     
  -11.484000000000000        0.0000000000000000        4.4383170818070346E-005   0.0000000000000000     
  -11.286000000000001        0.0000000000000000        4.6836689672512652E-005   0.0000000000000000     
  -11.088000000000001        0.0000000000000000        4.9467440436632897E-005   0.0000000000000000     
  -10.890000000000001        0.0000000000000000        5.2289509968248918E-005   0.0000000000000000     
  -10.692000000000000        0.0000000000000000        5.5318389813056584E-005   0.0000000000000000     
  -10.494000000000000        0.0000000000000000        5.8571161149308997E-005   0.0000000000000000     
  -10.296000000000001        0.0000000000000000        6.2066672910297143E-005   0.0000000000000000     
  -10.098000000000001        0.0000000000000000        6.5825761336676456E-005   0.0000000000000000     
  -9.9000000000000004        0.0000000000000000        6.9871511174561578E-005   0.0000000000000000     
  -9.7020000000000000        0.0000000000000000        7.4229527848638168E-005   0.0000000000000000     
  -9.5040000000000013        0.0000000000000000        7.8928284230173469E-005   0.0000000000000000     
  -9.3060000000000009        0.0000000000000000        8.3999486685906006E-005   0.0000000000000000     
  -9.1080000000000005        0.0000000000000000        8.9478523937907206E-005   0.0000000000000000     
  -8.9100000000000001        0.0000000000000000        9.5404986757648122E-005   0.0000000000000000     
  -8.7119999999999997        0.0000000000000000        1.0182324150864939E-004   0.0000000000000000     
  -8.5140000000000011        0.0000000000000000        1.0878314019521075E-004   0.0000000000000000     
  -8.3160000000000007        0.0000000000000000        1.1634080154967925E-004   0.0000000000000000     
  -8.1180000000000003        0.0000000000000000        1.2455956758496985E-004   0.0000000000000000     
  -7.9199999999999999        0.0000000000000000        1.3351105379636550E-004   0.0000000000000000     
  -7.7220000000000004        0.0000000000000000        1.4327648004201088E-004   0.0000000000000000     
  -7.5240000000000000        0.0000000000000000        1.5394807681774601E-004   0.0000000000000000     
  -7.3260000000000005        0.0000000000000000        1.6563089929759695E-004   0.0000000000000000     
  -7.1280000000000001        0.0000000000000000        1.7844475669363455E-004   0.0000000000000000     
  -6.9300000000000006        0.0000000000000000        1.9252666199682364E-004   0.0000000000000000     
  -6.7320000000000002        0.0000000000000000        2.0803347173486752E-004   0.0000000000000000     
  -6.5340000000000007        0.0000000000000000        2.2514511902638369E-004   0.0000000000000000     
  -6.3360000000000003        0.0000000000000000        2.4406824793769520E-004   0.0000000000000000     
  -6.1379999999999999        0.0000000000000000        2.6504035186677950E-004   0.0000000000000000     
  -5.9400000000000004        0.0000000000000000        2.8833453697345941E-004   0.0000000000000000     
  -5.7420000000000000        0.0000000000000000        3.1426460717377174E-004   0.0000000000000000     
  -5.5440000000000005        0.0000000000000000        3.4319065871718724E-004   0.0000000000000000     
  -5.3460000000000001        0.0000000000000000        3.7552436827528014E-004   0.0000000000000000     
  -5.1480000000000006        0.0000000000000000        4.1173345448491092E-004   0.0000000000000000     
  -4.9500000000000002        0.0000000000000000        4.5234310498760332E-004   0.0000000000000000     
  -4.7520000000000007        0.0000000000000000        4.9793072875378155E-004   0.0000000000000000     
  -4.5540000000000003        0.0000000000000000        5.4910563828756813E-004   0.0000000000000000     
  -4.3559999999999999        0.0000000000000000        6.0645656631519939E-004   0.0000000000000000     
  -4.1580000000000004        0.0000000000000000        6.7043076014601272E-004   0.0000000000000000     
  -3.9600000000000000        0.0000000000000000        7.4107044694098154E-004   0.0000000000000000     
  -3.7620000000000000        0.0000000000000000        8.1747553942512123E-004   0.0000000000000000     
  -3.5640000000000001        0.0000000000000000        8.9690020618801811E-004   0.0000000000000000     
  -3.3660000000000001        0.0000000000000000        9.7443960464663919E-004   0.0000000000000000     
  -3.1680000000000001        0.0000000000000000        1.0495842448536496E-003   0.0000000000000000     
  -2.9700000000000002        0.0000000000000000        1.1311292572721760E-003   0.0000000000000000     
  -2.7720000000000002        0.0000000000000000        1.2230996547416648E-003   0.0000000000000000     
  -2.5740000000000003        0.0000000000000000        1.3272927057391599E-003   0.0000000000000000     
  -2.3760000000000003        0.0000000000000000        1.4502180467495375E-003   0.0000000000000000     
  -2.1779999999999999        0.0000000000000000        1.5939834759822805E-003   0.0000000000000000     
  -1.9800000000000000        0.0000000000000000        1.7546658342336670E-003   0.0000000000000000     
  -1.7820000000000000        0.0000000000000000        1.9234241890016828E-003   0.0000000000000000     
  -1.5840000000000001        0.0000000000000000        2.0932849855099093E-003   0.0000000000000000     
  -1.3860000000000001        0.0000000000000000        2.2577168970821901E-003   0.0000000000000000     
  -1.1880000000000002        0.0000000000000000        2.4160314281691181E-003   0.0000000000000000     
 -0.98999999999999999        0.0000000000000000        2.5683590618942407E-003   0.0000000000000000     
 -0.79200000000000004        0.0000000000000000        2.7042476839733470E-003   0.0000000000000000     
 -0.59400000000000008        0.0000000000000000        2.8185204860662031E-003   0.0000000000000000     
 -0.39600000000000002        0.0000000000000000        2.8974361336755704E-003   0.0000000000000000     
 -0.19800000000000001        0.0000000000000000        2.9408908124268131E-003   0.0000000000000000     
   0.0000000000000000        0.0000000000000000        2.9548840438904434E-003   0.0000000000000000     
  0.19800000000000001        0.0000000000000000        2.9408908124268131E-003   0.0000000000000000     
  0.39600000000000002        0.0000000000000000        2.8974361336755704E-003   0.0000000000000000     
  0.59400000000000008        0.0000000000000000        2.8185204860662031E-003   0.0000000000000000     
  0.79200000000000004        0.0000000000000000        2.7042476839733470E-003   0.0000000000000000     
  0.98999999999999999        0.0000000000000000        2.5683590618942407E-003   0.0000000000000000     
   1.1880000000000002        0.0000000000000000        2.4160314281691181E-003   0.0000000000000000     
   1.3860000000000001        0.0000000000000000        2.2577168970821901E-003   0.0000000000000000     
   1.5840000000000001        0.0000000000000000        2.0932849855099093E-003   0.0000000000000000     
   1.7820000000000000        0.0000000000000000        1.9234241890016828E-003   0.0000000000000000     
   1.9800000000000000        0.0000000000000000        1.7546658342336670E-003   0.0000000000000000     
   2.1779999999999999        0.0000000000000000        1.5939834759822805E-003   0.0000000000000000     
   2.3760000000000003        0.0000000000000000        1.4502180467495375E-003   0.0000000000000000     
   2.5740000000000003        0.0000000000000000        1.3272927057391599E-003   0.0000000000000000     
   2.7720000000000002        0.0000000000000000        1.2230996547416648E-003   0.0000000000000000     
   2.9700000000000002        0.0000000000000000        1.1311292572721760E-003   0.0000000000000000     
   3.1680000000000001        0.0000000000000000        1.0495842448536496E-003   0.0000000000000000     
   3.3660000000000001        0.0000000000000000        9.7443960464663919E-004   0.0000000000000000     
   3.5640000000000001        0.0000000000000000        8.9690020618801811E-004   0.0000000000000000     
   3.7620000000000000        0.0000000000000000        8.1747553942512123E-004   0.0000000000000000     
   3.9600000000000000        0.0000000000000000        7.4107044694098154E-004   0.0000000000000000     
   4.1580000000000004        0.0000000000000000        6.7043076014601272E-004   0.0000000000000000     
   4.3559999999999999        0.0000000000000000        6.0645656631519939E-004   0.0000000000000000     
   4.5540000000000003        0.0000000000000000        5.4910563828756813E-004   0.0000000000000000     
   4.7520000000000007        0.0000000000000000        4.9793072875378155E-004   0.0000000000000000     
   4.9500000000000002        0.0000000000000000        4.5234310498760332E-004   0.0000000000000000     
   5.1480000000000006        0.0000000000000000        4.1173345448491092E-004   0.0000000000000000     
   5.3460000000000001        0.0000000000000000        3.7552436827528014E-004   0.0000000000000000     
   5.5440000000000005        0.0000000000000000        3.4319065871718724E-004   0.0000000000000000     
   5.7420000000000000        0.0000000000000000        3.1426460717377174E-004   0.0000000000000000     
   5.9400000000000004        0.0000000000000000        2.8833453697345941E-004   0.0000000000000000     
   6.1379999999999999        0.0000000000000000        2.6504035186677950E-004   0.0000000000000000     
   6.3360000000000003        0.0000000000000000        2.4406824793769520E-004   0.0000000000000000     
   6.5340000000000007        0.0000000000000000        2.2514511902638369E-004   0.0000000000000000     
   6.7320000000000002        0.0000000000000000        2.0803347173486752E-004   0.0000000000000000     
   6.9300000000000006        0.0000000000000000        1.9252666199682364E-004   0.0000000000000000     
   7.1280000000000001        0.0000000000000000        1.7844475669363455E-004   0.0000000000000000     
   7.3260000000000005        0.0000000000000000        1.6563089929759695E-004   0.0000000000000000     
   7.5240000000000000        0.0000000000000000        1.5394807681774601E-004   0.0000000000000000     
   7.7220000000000004        0.0000000000000000        1.4327648004201088E-004   0.0000000000000000     
   7.9199999999999999        0.0000000000000000        1.3351105379636550E-004   0.0000000000000000     
   8.1180000000000003        0.0000000000000000        1.2455956758496985E-004   0.0000000000000000     
   8.3160000000000007        0.0000000000000000        1.1634080154967925E-004   0.0000000000000000     
   8.5140000000000011        0.0000000000000000        1.0878314019521075E-004   0.0000000000000000     
   8.7119999999999997        0.0000000000000000        1.0182324150864939E-004   0.0000000000000000     
   8.9100000000000001        0.0000000000000000        9.5404986757648122E-005   0.0000000000000000     
   9.1080000000000005        0.0000000000000000        8.9478523937907206E-005   0.0000000000000000     
   9.3060000000000009        0.0000000000000000        8.3999486685906006E-005   0.0000000000000000     
   9.5040000000000013        0.0000000000000000        7.8928284230173469E-005   0.0000000000000000     
   9.7020000000000000        0.0000000000000000        7.4229527848638168E-005   0.0000000000000000     
   9.9000000000000004        0.0000000000000000        6.9871511174561578E-005   0.0000000000000000     
   10.098000000000001        0.0000000000000000        6.5825761336676456E-005   0.0000000000000000     
   10.296000000000001        0.0000000000000000        6.2066672910297143E-005   0.0000000000000000     
   10.494000000000000        0.0000000000000000        5.8571161149308997E-005   0.0000000000000000     
   10.692000000000000        0.0000000000000000        5.5318389813056584E-005   0.0000000000000000     
   10.890000000000001        0.0000000000000000        5.2289509968248918E-005   0.0000000000000000     
   11.088000000000001        0.0000000000000000        4.9467440436632897E-005   0.0000000000000000     
   11.286000000000001        0.0000000000000000        4.6836689672512652E-005   0.0000000000000000     
   11.484000000000000        0.0000000000000000        4.4383170818070346E-005   0.0000000000000000     
   11.682000000000000        0.0000000000000000        4.2094075421132671E-005   0.0000000000000000     
   11.880000000000001        0.0000000000000000        3.9957729300362746E-005   0.0000000000000000     
   12.078000000000001        0.0000000000000000        3.7963481469175024E-005   0.0000000000000000     
   12.276000000000000        0.0000000000000000        3.6101609481894443E-005   0.0000000000000000     
   12.474000000000000        0.0000000000000000        3.4363222020071215E-005   0.0000000000000000     
   12.672000000000001        0.0000000000000000        3.2740195434062964E-005   0.0000000000000000     
   12.870000000000001        0.0000000000000000        3.1225084616083807E-005   0.0000000000000000     
   13.068000000000001        0.0000000000000000        2.9811071801760578E-005   0.0000000000000000     
   13.266000000000000        0.0000000000000000        2.8491909721479207E-005   0.0000000000000000     
   13.464000000000000        0.0000000000000000        2.7261865105488160E-005   0.0000000000000000     
   13.662000000000001        0.0000000000000000        2.6115686318286975E-005   0.0000000000000000     
   13.860000000000001        0.0000000000000000        2.5048542044466222E-005   0.0000000000000000     
   14.058000000000000        0.0000000000000000        2.4056006611956769E-005   0.0000000000000000     
   14.256000000000000        0.0000000000000000        2.3133999607156818E-005   0.0000000000000000     
   14.454000000000001        0.0000000000000000        2.2278775325458294E-005   0.0000000000000000     
   14.652000000000001        0.0000000000000000        2.1486870618761895E-005   0.0000000000000000     
   14.850000000000001        0.0000000000000000        2.0755085123455973E-005   0.0000000000000000     
   15.048000000000000        0.0000000000000000        2.0080436033759315E-005   0.0000000000000000     
   15.246000000000000        0.0000000000000000        1.9460129226871794E-005   0.0000000000000000     
   15.444000000000001        0.0000000000000000        1.8891514953339779E-005   0.0000000000000000     
   15.642000000000001        0.0000000000000000        1.8372035010250168E-005   0.0000000000000000     
   15.840000000000000        0.0000000000000000        1.7899177013867481E-005   0.0000000000000000     
   16.038000000000000        0.0000000000000000        1.7470390327896968E-005   0.0000000000000000     
   16.236000000000001        0.0000000000000000        1.7083016404868375E-005   0.0000000000000000     
   16.434000000000001        0.0000000000000000        1.6734166661671896E-005   0.0000000000000000     
   16.632000000000001        0.0000000000000000        1.6410910743105816E-005   0.0000000000000000     
   16.830000000000002        0.0000000000000000        1.6116880800606770E-005   0.0000000000000000     
   17.028000000000002        0.0000000000000000        1.5848002653964157E-005   0.0000000000000000     
   17.225999999999999        0.0000000000000000        1.5593971798581772E-005   0.0000000000000000     
   17.423999999999999        0.0000000000000000        1.5351648789956966E-005   0.0000000000000000     
   17.622000000000000        0.0000000000000000        1.5111117966303668E-005   0.0000000000000000     
   17.820000000000000        0.0000000000000000        1.4862925047725968E-005   0.0000000000000000     
   18.018000000000001        0.0000000000000000        1.4588381541866525E-005   0.0000000000000000     
   18.216000000000001        0.0000000000000000        1.4265268118044461E-005   0.0000000000000000     
   18.414000000000001        0.0000000000000000        1.3859044096037188E-005   0.0000000000000000     
   18.612000000000002        0.0000000000000000        1.3314732281204231E-005   0.0000000000000000     
   18.810000000000002        0.0000000000000000        1.2553448911151073E-005   0.0000000000000000     
   19.008000000000003        0.0000000000000000        1.1401909942671771E-005   0.0000000000000000     
   19.206000000000000        0.0000000000000000        9.5675884232736108E-006   0.0000000000000000     
   19.404000000000000        0.0000000000000000        6.4448596841368947E-006   0.0000000000000000     
   19.602000000000000        0.0000000000000000        1.1228556195842390E-006   0.0000000000000000     
