  -19.602000000000000        0.0000000000000000       -1.6354353184700554E-005   0.0000000000000000     
  -19.404000000000000        0.0000000000000000       -2.0472763380571324E-005   0.0000000000000000     
  -19.206000000000000        0.0000000000000000       -2.2204241696657459E-005   0.0000000000000000     
  -19.008000000000003        0.0000000000000000       -2.2580930963629158E-005   0.0000000000000000     
  -18.810000000000002        0.0000000000000000       -2.2532036409744767E-005   0.0000000000000000     
  -18.612000000000002        0.0000000000000000       -2.2420050756996702E-005   0.0000000000000000     
  -18.414000000000001        0.0000000000000000       -2.2397651525598818E-005   0.0000000000000000     
  -18.216000000000001        0.0000000000000000       -2.2499017494751628E-005   0.0000000000000000     
  -18.018000000000001        0.0000000000000000       -2.2705200674264349E-005   0.0000000000000000     
  -17.820000000000000        0.0000000000000000       -2.2993557368451291E-005   0.0000000000000000     
  -17.622000000000000        0.0000000000000000       -2.3341129803054893E-005   0.0000000000000000     
  -17.423999999999999        0.0000000000000000       -2.3733247609627441E-005   0.0000000000000000     
  -17.225999999999999        0.0000000000000000       -2.4157227124551160E-005   0.0000000000000000     
  -17.028000000000002        0.0000000000000000       -2.4604541929776198E-005   0.0000000000000000     
  -16.830000000000002        0.0000000000000000       -2.5069621826648397E-005   0.0000000000000000     
  -16.632000000000001        0.0000000000000000       -2.5549709852660805E-005   0.0000000000000000     
  -16.434000000000001        0.0000000000000000       -2.6041102702187358E-005   0.0000000000000000     
  -16.236000000000001        0.0000000000000000       -2.6542279808316556E-005   0.0000000000000000     
  -16.038000000000000        0.0000000000000000       -2.7052408460693221E-005   0.0000000000000000     
  -15.840000000000000        0.0000000000000000       -2.7571133758272386E-005   0.0000000000000000     
  -15.642000000000001        0.0000000000000000       -2.8098439108682413E-005   0.0000000000000000     
  -15.444000000000001        0.0000000000000000       -2.8634555068746775E-005   0.0000000000000000     
  -15.246000000000000        0.0000000000000000       -2.9179888657902351E-005   0.0000000000000000     
  -15.048000000000000        0.0000000000000000       -2.9734980058527467E-005   0.0000000000000000     
  -14.850000000000001        0.0000000000000000       -3.0300473715888505E-005   0.0000000000000000     
  -14.652000000000001        0.0000000000000000       -3.0877095332235557E-005   0.0000000000000000     
  -14.454000000000001        0.0000000000000000       -3.1465643778100047E-005   0.0000000000000000     
  -14.256000000000000        0.0000000000000000       -3.2066976565755678E-005   0.0000000000000000     
  -14.058000000000000        0.0000000000000000       -3.2682006258540273E-005   0.0000000000000000     
  -13.860000000000001        0.0000000000000000       -3.3311704737542832E-005   0.0000000000000000     
  -13.662000000000001        0.0000000000000000       -3.3957096433863736E-005   0.0000000000000000     
  -13.464000000000000        0.0000000000000000       -3.4619264684988311E-005   0.0000000000000000     
  -13.266000000000000        0.0000000000000000       -3.5299347019377510E-005   0.0000000000000000     
  -13.068000000000001        0.0000000000000000       -3.5998554550990763E-005   0.0000000000000000     
  -12.870000000000001        0.0000000000000000       -3.6718153814361160E-005   0.0000000000000000     
  -12.672000000000001        0.0000000000000000       -3.7459497498244025E-005   0.0000000000000000     
  -12.474000000000000        0.0000000000000000       -3.8224013476000662E-005   0.0000000000000000     
  -12.276000000000000        0.0000000000000000       -3.9013219551097599E-005   0.0000000000000000     
  -12.078000000000001        0.0000000000000000       -3.9828721492202746E-005   0.0000000000000000     
  -11.880000000000001        0.0000000000000000       -4.0672236551384674E-005   0.0000000000000000     
  -11.682000000000000        0.0000000000000000       -4.1545592180618462E-005   0.0000000000000000     
  -11.484000000000000        0.0000000000000000       -4.2450732694078391E-005   0.0000000000000000     
  -11.286000000000001        0.0000000000000000       -4.3389739619265146E-005   0.0000000000000000     
  -11.088000000000001        0.0000000000000000       -4.4364828280892533E-005   0.0000000000000000     
  -10.890000000000001        0.0000000000000000       -4.5378373302281866E-005   0.0000000000000000     
  -10.692000000000000        0.0000000000000000       -4.6432905621181133E-005   0.0000000000000000     
  -10.494000000000000        0.0000000000000000       -4.7531132009650542E-005   0.0000000000000000     
  -10.296000000000001        0.0000000000000000       -4.8675948305067946E-005   0.0000000000000000     
  -10.098000000000001        0.0000000000000000       -4.9870431140722348E-005   0.0000000000000000     
  -9.9000000000000004        0.0000000000000000       -5.1117875494459853E-005   0.0000000000000000     
  -9.7020000000000000        0.0000000000000000       -5.2421789361175848E-005   0.0000000000000000     
  -9.5040000000000013        0.0000000000000000       -5.3785896300225168E-005   0.0000000000000000     
  -9.3060000000000009        0.0000000000000000       -5.5214157877385614E-005   0.0000000000000000     
  -9.1080000000000005        0.0000000000000000       -5.6710752036175430E-005   0.0000000000000000     
  -8.9100000000000001        0.0000000000000000       -5.8280100102651440E-005   0.0000000000000000     
  -8.7119999999999997        0.0000000000000000       -5.9926842477895235E-005   0.0000000000000000     
  -8.5140000000000011        0.0000000000000000       -6.1655837587994017E-005   0.0000000000000000     
  -8.3160000000000007        0.0000000000000000       -6.3472138481172376E-005   0.0000000000000000     
  -8.1180000000000003        0.0000000000000000       -6.5380962668436137E-005   0.0000000000000000     
  -7.9199999999999999        0.0000000000000000       -6.7387669515082057E-005   0.0000000000000000     
  -7.7220000000000004        0.0000000000000000       -6.9497704857930204E-005   0.0000000000000000     
  -7.5240000000000000        0.0000000000000000       -7.1716557215073062E-005   0.0000000000000000     
  -7.3260000000000005        0.0000000000000000       -7.4049675412712042E-005   0.0000000000000000     
  -7.1280000000000001        0.0000000000000000       -7.6502410908820662E-005   0.0000000000000000     
  -6.9300000000000006        0.0000000000000000       -7.9079948918217026E-005   0.0000000000000000     
  -6.7320000000000002        0.0000000000000000       -8.1787255400665577E-005   0.0000000000000000     
  -6.5340000000000007        0.0000000000000000       -8.4629068205476144E-005   0.0000000000000000     
  -6.3360000000000003        0.0000000000000000       -8.7609935729578614E-005   0.0000000000000000     
  -6.1379999999999999        0.0000000000000000       -9.0734432574472176E-005   0.0000000000000000     
  -5.9400000000000004        0.0000000000000000       -9.4007558307395158E-005   0.0000000000000000     
  -5.7420000000000000        0.0000000000000000       -9.7435539493390314E-005   0.0000000000000000     
  -5.5440000000000005        0.0000000000000000       -1.0102719522429026E-004   0.0000000000000000     
  -5.3460000000000001        0.0000000000000000       -1.0479620128579836E-004   0.0000000000000000     
  -5.1480000000000006        0.0000000000000000       -1.0876480282779035E-004   0.0000000000000000     
  -4.9500000000000002        0.0000000000000000       -1.1296959227045300E-004   0.0000000000000000     
  -4.7520000000000007        0.0000000000000000       -1.1747044164728954E-004   0.0000000000000000     
  -4.5540000000000003        0.0000000000000000       -1.2236386449014232E-004   0.0000000000000000     
  -4.3559999999999999        0.0000000000000000       -1.2780263485740701E-004   0.0000000000000000     
  -4.1580000000000004        0.0000000000000000       -1.3402295132176005E-004   0.0000000000000000     
  -3.9600000000000000        0.0000000000000000       -1.4137955115578794E-004   0.0000000000000000     
  -3.7620000000000000        0.0000000000000000       -1.5038442591942626E-004   0.0000000000000000     
  -3.5640000000000001        0.0000000000000000       -1.6173822125454794E-004   0.0000000000000000     
  -3.3660000000000001        0.0000000000000000       -1.7635489075349490E-004   0.0000000000000000     
  -3.1680000000000001        0.0000000000000000       -1.9550280283352602E-004   0.0000000000000000     
  -2.9700000000000002        0.0000000000000000       -2.2122863059876775E-004   0.0000000000000000     
  -2.7720000000000002        0.0000000000000000       -2.5387712075535955E-004   0.0000000000000000     
  -2.5740000000000003        0.0000000000000000       -2.8942373934591248E-004   0.0000000000000000     
  -2.3760000000000003        0.0000000000000000       -3.2850547075848145E-004   0.0000000000000000     
  -2.1779999999999999        0.0000000000000000       -3.7631320097419478E-004   0.0000000000000000     
  -1.9800000000000000        0.0000000000000000       -4.3655022460643969E-004   0.0000000000000000     
  -1.7820000000000000        0.0000000000000000       -5.1154548338816247E-004   0.0000000000000000     
  -1.5840000000000001        0.0000000000000000       -6.0522869639176996E-004   0.0000000000000000     
  -1.3860000000000001        0.0000000000000000       -7.2268433960575359E-004   0.0000000000000000     
  -1.1880000000000002        0.0000000000000000       -8.7130122197881835E-004   0.0000000000000000     
 -0.98999999999999999        0.0000000000000000       -1.0601522895209775E-003   0.0000000000000000     
 -0.79200000000000004        0.0000000000000000       -1.3017365526461057E-003   0.0000000000000000     
 -0.59400000000000008        0.0000000000000000       -1.5843732845614174E-003   0.0000000000000000     
 -0.39600000000000002        0.0000000000000000       -1.8473897864611740E-003   0.0000000000000000     
 -0.19800000000000001        0.0000000000000000       -2.0318441629348124E-003   0.0000000000000000     
   0.0000000000000000        0.0000000000000000       -2.0983006056251633E-003   0.0000000000000000     
  0.19800000000000001        0.0000000000000000       -2.0318441629348124E-003   0.0000000000000000     
  0.39600000000000002        0.0000000000000000       -1.8473897864611740E-003   0.0000000000000000     
  0.59400000000000008        0.0000000000000000       -1.5843732845614174E-003   0.0000000000000000     
  0.79200000000000004        0.0000000000000000       -1.3017365526461057E-003   0.0000000000000000     
  0.98999999999999999        0.0000000000000000       -1.0601522895209775E-003   0.0000000000000000     
   1.1880000000000002        0.0000000000000000       -8.7130122197881835E-004   0.0000000000000000     
   1.3860000000000001        0.0000000000000000       -7.2268433960575359E-004   0.0000000000000000     
   1.5840000000000001        0.0000000000000000       -6.0522869639176996E-004   0.0000000000000000     
   1.7820000000000000        0.0000000000000000       -5.1154548338816247E-004   0.0000000000000000     
   1.9800000000000000        0.0000000000000000       -4.3655022460643969E-004   0.0000000000000000     
   2.1779999999999999        0.0000000000000000       -3.7631320097419478E-004   0.0000000000000000     
   2.3760000000000003        0.0000000000000000       -3.2850547075848145E-004   0.0000000000000000     
   2.5740000000000003        0.0000000000000000       -2.8942373934591248E-004   0.0000000000000000     
   2.7720000000000002        0.0000000000000000       -2.5387712075535955E-004   0.0000000000000000     
   2.9700000000000002        0.0000000000000000       -2.2122863059876775E-004   0.0000000000000000     
   3.1680000000000001        0.0000000000000000       -1.9550280283352602E-004   0.0000000000000000     
   3.3660000000000001        0.0000000000000000       -1.7635489075349490E-004   0.0000000000000000     
   3.5640000000000001        0.0000000000000000       -1.6173822125454794E-004   0.0000000000000000     
   3.7620000000000000        0.0000000000000000       -1.5038442591942626E-004   0.0000000000000000     
   3.9600000000000000        0.0000000000000000       -1.4137955115578794E-004   0.0000000000000000     
   4.1580000000000004        0.0000000000000000       -1.3402295132176005E-004   0.0000000000000000     
   4.3559999999999999        0.0000000000000000       -1.2780263485740701E-004   0.0000000000000000     
   4.5540000000000003        0.0000000000000000       -1.2236386449014232E-004   0.0000000000000000     
   4.7520000000000007        0.0000000000000000       -1.1747044164728954E-004   0.0000000000000000     
   4.9500000000000002        0.0000000000000000       -1.1296959227045300E-004   0.0000000000000000     
   5.1480000000000006        0.0000000000000000       -1.0876480282779035E-004   0.0000000000000000     
   5.3460000000000001        0.0000000000000000       -1.0479620128579836E-004   0.0000000000000000     
   5.5440000000000005        0.0000000000000000       -1.0102719522429026E-004   0.0000000000000000     
   5.7420000000000000        0.0000000000000000       -9.7435539493390314E-005   0.0000000000000000     
   5.9400000000000004        0.0000000000000000       -9.4007558307395158E-005   0.0000000000000000     
   6.1379999999999999        0.0000000000000000       -9.0734432574472176E-005   0.0000000000000000     
   6.3360000000000003        0.0000000000000000       -8.7609935729578614E-005   0.0000000000000000     
   6.5340000000000007        0.0000000000000000       -8.4629068205476144E-005   0.0000000000000000     
   6.7320000000000002        0.0000000000000000       -8.1787255400665577E-005   0.0000000000000000     
   6.9300000000000006        0.0000000000000000       -7.9079948918217026E-005   0.0000000000000000     
   7.1280000000000001        0.0000000000000000       -7.6502410908820662E-005   0.0000000000000000     
   7.3260000000000005        0.0000000000000000       -7.4049675412712042E-005   0.0000000000000000     
   7.5240000000000000        0.0000000000000000       -7.1716557215073062E-005   0.0000000000000000     
   7.7220000000000004        0.0000000000000000       -6.9497704857930204E-005   0.0000000000000000     
   7.9199999999999999        0.0000000000000000       -6.7387669515082057E-005   0.0000000000000000     
   8.1180000000000003        0.0000000000000000       -6.5380962668436137E-005   0.0000000000000000     
   8.3160000000000007        0.0000000000000000       -6.3472138481172376E-005   0.0000000000000000     
   8.5140000000000011        0.0000000000000000       -6.1655837587994017E-005   0.0000000000000000     
   8.7119999999999997        0.0000000000000000       -5.9926842477895235E-005   0.0000000000000000     
   8.9100000000000001        0.0000000000000000       -5.8280100102651440E-005   0.0000000000000000     
   9.1080000000000005        0.0000000000000000       -5.6710752036175430E-005   0.0000000000000000     
   9.3060000000000009        0.0000000000000000       -5.5214157877385614E-005   0.0000000000000000     
   9.5040000000000013        0.0000000000000000       -5.3785896300225168E-005   0.0000000000000000     
   9.7020000000000000        0.0000000000000000       -5.2421789361175848E-005   0.0000000000000000     
   9.9000000000000004        0.0000000000000000       -5.1117875494459853E-005   0.0000000000000000     
   10.098000000000001        0.0000000000000000       -4.9870431140722348E-005   0.0000000000000000     
   10.296000000000001        0.0000000000000000       -4.8675948305067946E-005   0.0000000000000000     
   10.494000000000000        0.0000000000000000       -4.7531132009650542E-005   0.0000000000000000     
   10.692000000000000        0.0000000000000000       -4.6432905621181133E-005   0.0000000000000000     
   10.890000000000001        0.0000000000000000       -4.5378373302281866E-005   0.0000000000000000     
   11.088000000000001        0.0000000000000000       -4.4364828280892533E-005   0.0000000000000000     
   11.286000000000001        0.0000000000000000       -4.3389739619265146E-005   0.0000000000000000     
   11.484000000000000        0.0000000000000000       -4.2450732694078391E-005   0.0000000000000000     
   11.682000000000000        0.0000000000000000       -4.1545592180618462E-005   0.0000000000000000     
   11.880000000000001        0.0000000000000000       -4.0672236551384674E-005   0.0000000000000000     
   12.078000000000001        0.0000000000000000       -3.9828721492202746E-005   0.0000000000000000     
   12.276000000000000        0.0000000000000000       -3.9013219551097599E-005   0.0000000000000000     
   12.474000000000000        0.0000000000000000       -3.8224013476000662E-005   0.0000000000000000     
   12.672000000000001        0.0000000000000000       -3.7459497498244025E-005   0.0000000000000000     
   12.870000000000001        0.0000000000000000       -3.6718153814361160E-005   0.0000000000000000     
   13.068000000000001        0.0000000000000000       -3.5998554550990763E-005   0.0000000000000000     
   13.266000000000000        0.0000000000000000       -3.5299347019377510E-005   0.0000000000000000     
   13.464000000000000        0.0000000000000000       -3.4619264684988311E-005   0.0000000000000000     
   13.662000000000001        0.0000000000000000       -3.3957096433863736E-005   0.0000000000000000     
   13.860000000000001        0.0000000000000000       -3.3311704737542832E-005   0.0000000000000000     
   14.058000000000000        0.0000000000000000       -3.2682006258540273E-005   0.0000000000000000     
   14.256000000000000        0.0000000000000000       -3.2066976565755678E-005   0.0000000000000000     
   14.454000000000001        0.0000000000000000       -3.1465643778100047E-005   0.0000000000000000     
   14.652000000000001        0.0000000000000000       -3.0877095332235557E-005   0.0000000000000000     
   14.850000000000001        0.0000000000000000       -3.0300473715888505E-005   0.0000000000000000     
   15.048000000000000        0.0000000000000000       -2.9734980058527467E-005   0.0000000000000000     
   15.246000000000000        0.0000000000000000       -2.9179888657902351E-005   0.0000000000000000     
   15.444000000000001        0.0000000000000000       -2.8634555068746775E-005   0.0000000000000000     
   15.642000000000001        0.0000000000000000       -2.8098439108682413E-005   0.0000000000000000     
   15.840000000000000        0.0000000000000000       -2.7571133758272386E-005   0.0000000000000000     
   16.038000000000000        0.0000000000000000       -2.7052408460693221E-005   0.0000000000000000     
   16.236000000000001        0.0000000000000000       -2.6542279808316556E-005   0.0000000000000000     
   16.434000000000001        0.0000000000000000       -2.6041102702187358E-005   0.0000000000000000     
   16.632000000000001        0.0000000000000000       -2.5549709852660805E-005   0.0000000000000000     
   16.830000000000002        0.0000000000000000       -2.5069621826648397E-005   0.0000000000000000     
   17.028000000000002        0.0000000000000000       -2.4604541929776198E-005   0.0000000000000000     
   17.225999999999999        0.0000000000000000       -2.4157227124551160E-005   0.0000000000000000     
   17.423999999999999        0.0000000000000000       -2.3733247609627441E-005   0.0000000000000000     
   17.622000000000000        0.0000000000000000       -2.3341129803054893E-005   0.0000000000000000     
   17.820000000000000        0.0000000000000000       -2.2993557368451291E-005   0.0000000000000000     
   18.018000000000001        0.0000000000000000       -2.2705200674264349E-005   0.0000000000000000     
   18.216000000000001        0.0000000000000000       -2.2499017494751628E-005   0.0000000000000000     
   18.414000000000001        0.0000000000000000       -2.2397651525598818E-005   0.0000000000000000     
   18.612000000000002        0.0000000000000000       -2.2420050756996702E-005   0.0000000000000000     
   18.810000000000002        0.0000000000000000       -2.2532036409744767E-005   0.0000000000000000     
   19.008000000000003        0.0000000000000000       -2.2580930963629158E-005   0.0000000000000000     
   19.206000000000000        0.0000000000000000       -2.2204241696657459E-005   0.0000000000000000     
   19.404000000000000        0.0000000000000000       -2.0472763380571324E-005   0.0000000000000000     
   19.602000000000000        0.0000000000000000       -1.6354353184700554E-005   0.0000000000000000     
