  -19.602000000000000        0.0000000000000000       -2.6659005368488356E-004   0.0000000000000000     
  -19.404000000000000        0.0000000000000000       -2.9468988540239913E-004   0.0000000000000000     
  -19.206000000000000        0.0000000000000000       -3.2402406327652509E-004   0.0000000000000000     
  -19.008000000000003        0.0000000000000000       -3.4747437113795881E-004   0.0000000000000000     
  -18.810000000000002        0.0000000000000000       -3.6477833679532260E-004   0.0000000000000000     
  -18.612000000000002        0.0000000000000000       -3.7743923930149776E-004   0.0000000000000000     
  -18.414000000000001        0.0000000000000000       -3.8702324531246290E-004   0.0000000000000000     
  -18.216000000000001        0.0000000000000000       -3.9441273455043048E-004   0.0000000000000000     
  -18.018000000000001        0.0000000000000000       -4.0053157809175944E-004   0.0000000000000000     
  -17.820000000000000        0.0000000000000000       -4.0595273481353489E-004   0.0000000000000000     
  -17.622000000000000        0.0000000000000000       -4.1095016760472756E-004   0.0000000000000000     
  -17.423999999999999        0.0000000000000000       -4.1571193737426375E-004   0.0000000000000000     
  -17.225999999999999        0.0000000000000000       -4.2039348265872687E-004   0.0000000000000000     
  -17.028000000000002        0.0000000000000000       -4.2509829590491787E-004   0.0000000000000000     
  -16.830000000000002        0.0000000000000000       -4.2987915656856099E-004   0.0000000000000000     
  -16.632000000000001        0.0000000000000000       -4.3478537249276843E-004   0.0000000000000000     
  -16.434000000000001        0.0000000000000000       -4.3982884419959030E-004   0.0000000000000000     
  -16.236000000000001        0.0000000000000000       -4.4502167123649828E-004   0.0000000000000000     
  -16.038000000000000        0.0000000000000000       -4.5033368025008193E-004   0.0000000000000000     
  -15.840000000000000        0.0000000000000000       -4.5581078283046881E-004   0.0000000000000000     
  -15.642000000000001        0.0000000000000000       -4.6145275413225529E-004   0.0000000000000000     
  -15.444000000000001        0.0000000000000000       -4.6725911636390894E-004   0.0000000000000000     
  -15.246000000000000        0.0000000000000000       -4.7322993664518712E-004   0.0000000000000000     
  -15.048000000000000        0.0000000000000000       -4.7936639554093036E-004   0.0000000000000000     
  -14.850000000000001        0.0000000000000000       -4.8567113798706727E-004   0.0000000000000000     
  -14.652000000000001        0.0000000000000000       -4.9214860680421558E-004   0.0000000000000000     
  -14.454000000000001        0.0000000000000000       -4.9880536337746728E-004   0.0000000000000000     
  -14.256000000000000        0.0000000000000000       -5.0565025159123435E-004   0.0000000000000000     
  -14.058000000000000        0.0000000000000000       -5.1269467466882499E-004   0.0000000000000000     
  -13.860000000000001        0.0000000000000000       -5.1995289656617282E-004   0.0000000000000000     
  -13.662000000000001        0.0000000000000000       -5.2744220892531914E-004   0.0000000000000000     
  -13.464000000000000        0.0000000000000000       -5.3518333609327751E-004   0.0000000000000000     
  -13.266000000000000        0.0000000000000000       -5.4320076141692309E-004   0.0000000000000000     
  -13.068000000000001        0.0000000000000000       -5.5152313576207047E-004   0.0000000000000000     
  -12.870000000000001        0.0000000000000000       -5.6018373891606789E-004   0.0000000000000000     
  -12.672000000000001        0.0000000000000000       -5.6922096396163832E-004   0.0000000000000000     
  -12.474000000000000        0.0000000000000000       -5.7867905175869446E-004   0.0000000000000000     
  -12.276000000000000        0.0000000000000000       -5.8860863455266759E-004   0.0000000000000000     
  -12.078000000000001        0.0000000000000000       -5.9906767538736973E-004   0.0000000000000000     
  -11.880000000000001        0.0000000000000000       -6.1012227059860738E-004   0.0000000000000000     
  -11.682000000000000        0.0000000000000000       -6.2184775622260735E-004   0.0000000000000000     
  -11.484000000000000        0.0000000000000000       -6.3432992660165705E-004   0.0000000000000000     
  -11.286000000000001        0.0000000000000000       -6.4766629585037206E-004   0.0000000000000000     
  -11.088000000000001        0.0000000000000000       -6.6196784095801369E-004   0.0000000000000000     
  -10.890000000000001        0.0000000000000000       -6.7736063595279228E-004   0.0000000000000000     
  -10.692000000000000        0.0000000000000000       -6.9398799399815491E-004   0.0000000000000000     
  -10.494000000000000        0.0000000000000000       -7.1201273683775361E-004   0.0000000000000000     
  -10.296000000000001        0.0000000000000000       -7.3162008352347882E-004   0.0000000000000000     
  -10.098000000000001        0.0000000000000000       -7.5302053719917910E-004   0.0000000000000000     
  -9.9000000000000004        0.0000000000000000       -7.7645359368925583E-004   0.0000000000000000     
  -9.7020000000000000        0.0000000000000000       -8.0219189431868557E-004   0.0000000000000000     
  -9.5040000000000013        0.0000000000000000       -8.3054578980628333E-004   0.0000000000000000     
  -9.3060000000000009        0.0000000000000000       -8.6186896862976202E-004   0.0000000000000000     
  -9.1080000000000005        0.0000000000000000       -8.9656483821080955E-004   0.0000000000000000     
  -8.9100000000000001        0.0000000000000000       -9.3509353970858697E-004   0.0000000000000000     
  -8.7119999999999997        0.0000000000000000       -9.7798077512903890E-004   0.0000000000000000     
  -8.5140000000000011        0.0000000000000000       -1.0258274203903577E-003   0.0000000000000000     
  -8.3160000000000007        0.0000000000000000       -1.0793208993743933E-003   0.0000000000000000     
  -8.1180000000000003        0.0000000000000000       -1.1392484789071666E-003   0.0000000000000000     
  -7.9199999999999999        0.0000000000000000       -1.2065128003881313E-003   0.0000000000000000     
  -7.7220000000000004        0.0000000000000000       -1.2821494131070664E-003   0.0000000000000000     
  -7.5240000000000000        0.0000000000000000       -1.3673482309874928E-003   0.0000000000000000     
  -7.3260000000000005        0.0000000000000000       -1.4634772724320586E-003   0.0000000000000000     
  -7.1280000000000001        0.0000000000000000       -1.5721115367701864E-003   0.0000000000000000     
  -6.9300000000000006        0.0000000000000000       -1.6950656843358971E-003   0.0000000000000000     
  -6.7320000000000002        0.0000000000000000       -1.8344331092427757E-003   0.0000000000000000     
  -6.5340000000000007        0.0000000000000000       -1.9926305579807024E-003   0.0000000000000000     
  -6.3360000000000003        0.0000000000000000       -2.1724504568862487E-003   0.0000000000000000     
  -6.1379999999999999        0.0000000000000000       -2.3771218671674419E-003   0.0000000000000000     
  -5.9400000000000004        0.0000000000000000       -2.6103804424220897E-003   0.0000000000000000     
  -5.7420000000000000        0.0000000000000000       -2.8765492988913899E-003   0.0000000000000000     
  -5.5440000000000005        0.0000000000000000       -3.1806313061616795E-003   0.0000000000000000     
  -5.3460000000000001        0.0000000000000000       -3.5284134255428117E-003   0.0000000000000000     
  -5.1480000000000006        0.0000000000000000       -3.9265829206856272E-003   0.0000000000000000     
  -4.9500000000000002        0.0000000000000000       -4.3828538301865236E-003   0.0000000000000000     
  -4.7520000000000007        0.0000000000000000       -4.9061009259302180E-003   0.0000000000000000     
  -4.5540000000000003        0.0000000000000000       -5.5064953223316832E-003   0.0000000000000000     
  -4.3559999999999999        0.0000000000000000       -6.1956348846324439E-003   0.0000000000000000     
  -4.1580000000000004        0.0000000000000000       -6.9866731614164545E-003   0.0000000000000000     
  -3.9600000000000000        0.0000000000000000       -7.8944993816156030E-003   0.0000000000000000     
  -3.7620000000000000        0.0000000000000000       -8.9361943385067501E-003   0.0000000000000000     
  -3.5640000000000001        0.0000000000000000       -1.0131937045811041E-002   0.0000000000000000     
  -3.3660000000000001        0.0000000000000000       -1.1501478356642376E-002   0.0000000000000000     
  -3.1680000000000001        0.0000000000000000       -1.3058154561357612E-002   0.0000000000000000     
  -2.9700000000000002        0.0000000000000000       -1.4817117344895405E-002   0.0000000000000000     
  -2.7720000000000002        0.0000000000000000       -1.6799153653455783E-002   0.0000000000000000     
  -2.5740000000000003        0.0000000000000000       -1.9047892521525948E-002   0.0000000000000000     
  -2.3760000000000003        0.0000000000000000       -2.1617421939774579E-002   0.0000000000000000     
  -2.1779999999999999        0.0000000000000000       -2.4520517711448368E-002   0.0000000000000000     
  -1.9800000000000000        0.0000000000000000       -2.7737793050618725E-002   0.0000000000000000     
  -1.7820000000000000        0.0000000000000000       -3.1309430469489204E-002   0.0000000000000000     
  -1.5840000000000001        0.0000000000000000       -3.5378261272990472E-002   0.0000000000000000     
  -1.3860000000000001        0.0000000000000000       -3.9973578110967002E-002   0.0000000000000000     
  -1.1880000000000002        0.0000000000000000       -4.5010697447799120E-002   0.0000000000000000     
 -0.98999999999999999        0.0000000000000000       -5.0320634761644313E-002   0.0000000000000000     
 -0.79200000000000004        0.0000000000000000       -5.5649804957535014E-002   0.0000000000000000     
 -0.59400000000000008        0.0000000000000000       -6.0665281579870223E-002   0.0000000000000000     
 -0.39600000000000002        0.0000000000000000       -6.4880161734554520E-002   0.0000000000000000     
 -0.19800000000000001        0.0000000000000000       -6.7728486355927847E-002   0.0000000000000000     
   0.0000000000000000        0.0000000000000000       -6.8741572388099831E-002   0.0000000000000000     
  0.19800000000000001        0.0000000000000000       -6.7728486355927847E-002   0.0000000000000000     
  0.39600000000000002        0.0000000000000000       -6.4880161734554520E-002   0.0000000000000000     
  0.59400000000000008        0.0000000000000000       -6.0665281579870223E-002   0.0000000000000000     
  0.79200000000000004        0.0000000000000000       -5.5649804957535014E-002   0.0000000000000000     
  0.98999999999999999        0.0000000000000000       -5.0320634761644313E-002   0.0000000000000000     
   1.1880000000000002        0.0000000000000000       -4.5010697447799120E-002   0.0000000000000000     
   1.3860000000000001        0.0000000000000000       -3.9973578110967002E-002   0.0000000000000000     
   1.5840000000000001        0.0000000000000000       -3.5378261272990472E-002   0.0000000000000000     
   1.7820000000000000        0.0000000000000000       -3.1309430469489204E-002   0.0000000000000000     
   1.9800000000000000        0.0000000000000000       -2.7737793050618725E-002   0.0000000000000000     
   2.1779999999999999        0.0000000000000000       -2.4520517711448368E-002   0.0000000000000000     
   2.3760000000000003        0.0000000000000000       -2.1617421939774579E-002   0.0000000000000000     
   2.5740000000000003        0.0000000000000000       -1.9047892521525948E-002   0.0000000000000000     
   2.7720000000000002        0.0000000000000000       -1.6799153653455783E-002   0.0000000000000000     
   2.9700000000000002        0.0000000000000000       -1.4817117344895405E-002   0.0000000000000000     
   3.1680000000000001        0.0000000000000000       -1.3058154561357612E-002   0.0000000000000000     
   3.3660000000000001        0.0000000000000000       -1.1501478356642376E-002   0.0000000000000000     
   3.5640000000000001        0.0000000000000000       -1.0131937045811041E-002   0.0000000000000000     
   3.7620000000000000        0.0000000000000000       -8.9361943385067501E-003   0.0000000000000000     
   3.9600000000000000        0.0000000000000000       -7.8944993816156030E-003   0.0000000000000000     
   4.1580000000000004        0.0000000000000000       -6.9866731614164545E-003   0.0000000000000000     
   4.3559999999999999        0.0000000000000000       -6.1956348846324439E-003   0.0000000000000000     
   4.5540000000000003        0.0000000000000000       -5.5064953223316832E-003   0.0000000000000000     
   4.7520000000000007        0.0000000000000000       -4.9061009259302180E-003   0.0000000000000000     
   4.9500000000000002        0.0000000000000000       -4.3828538301865236E-003   0.0000000000000000     
   5.1480000000000006        0.0000000000000000       -3.9265829206856272E-003   0.0000000000000000     
   5.3460000000000001        0.0000000000000000       -3.5284134255428117E-003   0.0000000000000000     
   5.5440000000000005        0.0000000000000000       -3.1806313061616795E-003   0.0000000000000000     
   5.7420000000000000        0.0000000000000000       -2.8765492988913899E-003   0.0000000000000000     
   5.9400000000000004        0.0000000000000000       -2.6103804424220897E-003   0.0000000000000000     
   6.1379999999999999        0.0000000000000000       -2.3771218671674419E-003   0.0000000000000000     
   6.3360000000000003        0.0000000000000000       -2.1724504568862487E-003   0.0000000000000000     
   6.5340000000000007        0.0000000000000000       -1.9926305579807024E-003   0.0000000000000000     
   6.7320000000000002        0.0000000000000000       -1.8344331092427757E-003   0.0000000000000000     
   6.9300000000000006        0.0000000000000000       -1.6950656843358971E-003   0.0000000000000000     
   7.1280000000000001        0.0000000000000000       -1.5721115367701864E-003   0.0000000000000000     
   7.3260000000000005        0.0000000000000000       -1.4634772724320586E-003   0.0000000000000000     
   7.5240000000000000        0.0000000000000000       -1.3673482309874928E-003   0.0000000000000000     
   7.7220000000000004        0.0000000000000000       -1.2821494131070664E-003   0.0000000000000000     
   7.9199999999999999        0.0000000000000000       -1.2065128003881313E-003   0.0000000000000000     
   8.1180000000000003        0.0000000000000000       -1.1392484789071666E-003   0.0000000000000000     
   8.3160000000000007        0.0000000000000000       -1.0793208993743933E-003   0.0000000000000000     
   8.5140000000000011        0.0000000000000000       -1.0258274203903577E-003   0.0000000000000000     
   8.7119999999999997        0.0000000000000000       -9.7798077512903890E-004   0.0000000000000000     
   8.9100000000000001        0.0000000000000000       -9.3509353970858697E-004   0.0000000000000000     
   9.1080000000000005        0.0000000000000000       -8.9656483821080955E-004   0.0000000000000000     
   9.3060000000000009        0.0000000000000000       -8.6186896862976202E-004   0.0000000000000000     
   9.5040000000000013        0.0000000000000000       -8.3054578980628333E-004   0.0000000000000000     
   9.7020000000000000        0.0000000000000000       -8.0219189431868557E-004   0.0000000000000000     
   9.9000000000000004        0.0000000000000000       -7.7645359368925583E-004   0.0000000000000000     
   10.098000000000001        0.0000000000000000       -7.5302053719917910E-004   0.0000000000000000     
   10.296000000000001        0.0000000000000000       -7.3162008352347882E-004   0.0000000000000000     
   10.494000000000000        0.0000000000000000       -7.1201273683775361E-004   0.0000000000000000     
   10.692000000000000        0.0000000000000000       -6.9398799399815491E-004   0.0000000000000000     
   10.890000000000001        0.0000000000000000       -6.7736063595279228E-004   0.0000000000000000     
   11.088000000000001        0.0000000000000000       -6.6196784095801369E-004   0.0000000000000000     
   11.286000000000001        0.0000000000000000       -6.4766629585037206E-004   0.0000000000000000     
   11.484000000000000        0.0000000000000000       -6.3432992660165705E-004   0.0000000000000000     
   11.682000000000000        0.0000000000000000       -6.2184775622260735E-004   0.0000000000000000     
   11.880000000000001        0.0000000000000000       -6.1012227059860738E-004   0.0000000000000000     
   12.078000000000001        0.0000000000000000       -5.9906767538736973E-004   0.0000000000000000     
   12.276000000000000        0.0000000000000000       -5.8860863455266759E-004   0.0000000000000000     
   12.474000000000000        0.0000000000000000       -5.7867905175869446E-004   0.0000000000000000     
   12.672000000000001        0.0000000000000000       -5.6922096396163832E-004   0.0000000000000000     
   12.870000000000001        0.0000000000000000       -5.6018373891606789E-004   0.0000000000000000     
   13.068000000000001        0.0000000000000000       -5.5152313576207047E-004   0.0000000000000000     
   13.266000000000000        0.0000000000000000       -5.4320076141692309E-004   0.0000000000000000     
   13.464000000000000        0.0000000000000000       -5.3518333609327751E-004   0.0000000000000000     
   13.662000000000001        0.0000000000000000       -5.2744220892531914E-004   0.0000000000000000     
   13.860000000000001        0.0000000000000000       -5.1995289656617282E-004   0.0000000000000000     
   14.058000000000000        0.0000000000000000       -5.1269467466882499E-004   0.0000000000000000     
   14.256000000000000        0.0000000000000000       -5.0565025159123435E-004   0.0000000000000000     
   14.454000000000001        0.0000000000000000       -4.9880536337746728E-004   0.0000000000000000     
   14.652000000000001        0.0000000000000000       -4.9214860680421558E-004   0.0000000000000000     
   14.850000000000001        0.0000000000000000       -4.8567113798706727E-004   0.0000000000000000     
   15.048000000000000        0.0000000000000000       -4.7936639554093036E-004   0.0000000000000000     
   15.246000000000000        0.0000000000000000       -4.7322993664518712E-004   0.0000000000000000     
   15.444000000000001        0.0000000000000000       -4.6725911636390894E-004   0.0000000000000000     
   15.642000000000001        0.0000000000000000       -4.6145275413225529E-004   0.0000000000000000     
   15.840000000000000        0.0000000000000000       -4.5581078283046881E-004   0.0000000000000000     
   16.038000000000000        0.0000000000000000       -4.5033368025008193E-004   0.0000000000000000     
   16.236000000000001        0.0000000000000000       -4.4502167123649828E-004   0.0000000000000000     
   16.434000000000001        0.0000000000000000       -4.3982884419959030E-004   0.0000000000000000     
   16.632000000000001        0.0000000000000000       -4.3478537249276843E-004   0.0000000000000000     
   16.830000000000002        0.0000000000000000       -4.2987915656856099E-004   0.0000000000000000     
   17.028000000000002        0.0000000000000000       -4.2509829590491787E-004   0.0000000000000000     
   17.225999999999999        0.0000000000000000       -4.2039348265872687E-004   0.0000000000000000     
   17.423999999999999        0.0000000000000000       -4.1571193737426375E-004   0.0000000000000000     
   17.622000000000000        0.0000000000000000       -4.1095016760472756E-004   0.0000000000000000     
   17.820000000000000        0.0000000000000000       -4.0595273481353489E-004   0.0000000000000000     
   18.018000000000001        0.0000000000000000       -4.0053157809175944E-004   0.0000000000000000     
   18.216000000000001        0.0000000000000000       -3.9441273455043048E-004   0.0000000000000000     
   18.414000000000001        0.0000000000000000       -3.8702324531246290E-004   0.0000000000000000     
   18.612000000000002        0.0000000000000000       -3.7743923930149776E-004   0.0000000000000000     
   18.810000000000002        0.0000000000000000       -3.6477833679532260E-004   0.0000000000000000     
   19.008000000000003        0.0000000000000000       -3.4747437113795881E-004   0.0000000000000000     
   19.206000000000000        0.0000000000000000       -3.2402406327652509E-004   0.0000000000000000     
   19.404000000000000        0.0000000000000000       -2.9468988540239913E-004   0.0000000000000000     
   19.602000000000000        0.0000000000000000       -2.6659005368488356E-004   0.0000000000000000     
