  -19.602000000000000        0.0000000000000000        2.3082649969613223E-005   0.0000000000000000     
  -19.404000000000000        0.0000000000000000        3.8699943112118298E-005   0.0000000000000000     
  -19.206000000000000        0.0000000000000000        4.8869913903747448E-005   0.0000000000000000     
  -19.008000000000003        0.0000000000000000        5.4518734959257925E-005   0.0000000000000000     
  -18.810000000000002        0.0000000000000000        5.7265456018919838E-005   0.0000000000000000     
  -18.612000000000002        0.0000000000000000        5.8376495511511581E-005   0.0000000000000000     
  -18.414000000000001        0.0000000000000000        5.8554642087265940E-005   0.0000000000000000     
  -18.216000000000001        0.0000000000000000        5.8256456913705750E-005   0.0000000000000000     
  -18.018000000000001        0.0000000000000000        5.7736950720589444E-005   0.0000000000000000     
  -17.820000000000000        0.0000000000000000        5.7150247224392467E-005   0.0000000000000000     
  -17.622000000000000        0.0000000000000000        5.6566800438179822E-005   0.0000000000000000     
  -17.423999999999999        0.0000000000000000        5.6037650639483011E-005   0.0000000000000000     
  -17.225999999999999        0.0000000000000000        5.5595412614223705E-005   0.0000000000000000     
  -17.028000000000002        0.0000000000000000        5.5244724874079226E-005   0.0000000000000000     
  -16.830000000000002        0.0000000000000000        5.4988903308162736E-005   0.0000000000000000     
  -16.632000000000001        0.0000000000000000        5.4827063657293841E-005   0.0000000000000000     
  -16.434000000000001        0.0000000000000000        5.4757826668989994E-005   0.0000000000000000     
  -16.236000000000001        0.0000000000000000        5.4770990662211314E-005   0.0000000000000000     
  -16.038000000000000        0.0000000000000000        5.4864517391966525E-005   0.0000000000000000     
  -15.840000000000000        0.0000000000000000        5.5033041648767876E-005   0.0000000000000000     
  -15.642000000000001        0.0000000000000000        5.5271397940085391E-005   0.0000000000000000     
  -15.444000000000001        0.0000000000000000        5.5574774278309206E-005   0.0000000000000000     
  -15.246000000000000        0.0000000000000000        5.5938800164516499E-005   0.0000000000000000     
  -15.048000000000000        0.0000000000000000        5.6359587563069027E-005   0.0000000000000000     
  -14.850000000000001        0.0000000000000000        5.6833735618372595E-005   0.0000000000000000     
  -14.652000000000001        0.0000000000000000        5.7358339029825625E-005   0.0000000000000000     
  -14.454000000000001        0.0000000000000000        5.7930968191021160E-005   0.0000000000000000     
  -14.256000000000000        0.0000000000000000        5.8549659291753195E-005   0.0000000000000000     
  -14.058000000000000        0.0000000000000000        5.9212911448354536E-005   0.0000000000000000     
  -13.860000000000001        0.0000000000000000        5.9919673633592369E-005   0.0000000000000000     
  -13.662000000000001        0.0000000000000000        6.0669336717586672E-005   0.0000000000000000     
  -13.464000000000000        0.0000000000000000        6.1461741875163976E-005   0.0000000000000000     
  -13.266000000000000        0.0000000000000000        6.2297187979647829E-005   0.0000000000000000     
  -13.068000000000001        0.0000000000000000        6.3176459968226125E-005   0.0000000000000000     
  -12.870000000000001        0.0000000000000000        6.4100823302459207E-005   0.0000000000000000     
  -12.672000000000001        0.0000000000000000        6.5072103199937368E-005   0.0000000000000000     
  -12.474000000000000        0.0000000000000000        6.6092708248795769E-005   0.0000000000000000     
  -12.276000000000000        0.0000000000000000        6.7165689220006016E-005   0.0000000000000000     
  -12.078000000000001        0.0000000000000000        6.8294811446933633E-005   0.0000000000000000     
  -11.880000000000001        0.0000000000000000        6.9484665246061350E-005   0.0000000000000000     
  -11.682000000000000        0.0000000000000000        7.0740743317583175E-005   0.0000000000000000     
  -11.484000000000000        0.0000000000000000        7.2069602920776622E-005   0.0000000000000000     
  -11.286000000000001        0.0000000000000000        7.3479006507204869E-005   0.0000000000000000     
  -11.088000000000001        0.0000000000000000        7.4978095513233037E-005   0.0000000000000000     
  -10.890000000000001        0.0000000000000000        7.6577628761642912E-005   0.0000000000000000     
  -10.692000000000000        0.0000000000000000        7.8290238134553632E-005   0.0000000000000000     
  -10.494000000000000        0.0000000000000000        8.0130724444354081E-005   0.0000000000000000     
  -10.296000000000001        0.0000000000000000        8.2116420689569577E-005   0.0000000000000000     
  -10.098000000000001        0.0000000000000000        8.4267626087451521E-005   0.0000000000000000     
  -9.9000000000000004        0.0000000000000000        8.6608114566387445E-005   0.0000000000000000     
  -9.7020000000000000        0.0000000000000000        8.9165727011199835E-005   0.0000000000000000     
  -9.5040000000000013        0.0000000000000000        9.1973057815730009E-005   0.0000000000000000     
  -9.3060000000000009        0.0000000000000000        9.5068332381676848E-005   0.0000000000000000     
  -9.1080000000000005        0.0000000000000000        9.8496302301289185E-005   0.0000000000000000     
  -8.9100000000000001        0.0000000000000000        1.0230955067754088E-004   0.0000000000000000     
  -8.7119999999999997        0.0000000000000000        1.0656977356998676E-004   0.0000000000000000     
  -8.5140000000000011        0.0000000000000000        1.1134944902072221E-004   0.0000000000000000     
  -8.3160000000000007        0.0000000000000000        1.1673379694873375E-004   0.0000000000000000     
  -8.1180000000000003        0.0000000000000000        1.2282312763420321E-004   0.0000000000000000     
  -7.9199999999999999        0.0000000000000000        1.2973552857638036E-004   0.0000000000000000     
  -7.7220000000000004        0.0000000000000000        1.3761027920434837E-004   0.0000000000000000     
  -7.5240000000000000        0.0000000000000000        1.4661164480149645E-004   0.0000000000000000     
  -7.3260000000000005        0.0000000000000000        1.5693369268212254E-004   0.0000000000000000     
  -7.1280000000000001        0.0000000000000000        1.6880572065393039E-004   0.0000000000000000     
  -6.9300000000000006        0.0000000000000000        1.8249915483758731E-004   0.0000000000000000     
  -6.7320000000000002        0.0000000000000000        1.9833532079233714E-004   0.0000000000000000     
  -6.5340000000000007        0.0000000000000000        2.1669518568470891E-004   0.0000000000000000     
  -6.3360000000000003        0.0000000000000000        2.3803061623146293E-004   0.0000000000000000     
  -6.1379999999999999        0.0000000000000000        2.6287810615221400E-004   0.0000000000000000     
  -5.9400000000000004        0.0000000000000000        2.9187500571377958E-004   0.0000000000000000     
  -5.7420000000000000        0.0000000000000000        3.2577872508608832E-004   0.0000000000000000     
  -5.5440000000000005        0.0000000000000000        3.6548971390697768E-004   0.0000000000000000     
  -5.3460000000000001        0.0000000000000000        4.1207808336249981E-004   0.0000000000000000     
  -5.1480000000000006        0.0000000000000000        4.6681476383000372E-004   0.0000000000000000     
  -4.9500000000000002        0.0000000000000000        5.3120687659787469E-004   0.0000000000000000     
  -4.7520000000000007        0.0000000000000000        6.0703644660722227E-004   0.0000000000000000     
  -4.5540000000000003        0.0000000000000000        6.9640074500076075E-004   0.0000000000000000     
  -4.3559999999999999        0.0000000000000000        8.0174940853033221E-004   0.0000000000000000     
  -4.1580000000000004        0.0000000000000000        9.2590834517334859E-004   0.0000000000000000     
  -3.9600000000000000        0.0000000000000000        1.0720776657008762E-003   0.0000000000000000     
  -3.7620000000000000        0.0000000000000000        1.2437931291777030E-003   0.0000000000000000     
  -3.5640000000000001        0.0000000000000000        1.4449174642989795E-003   0.0000000000000000     
  -3.3660000000000001        0.0000000000000000        1.6800107916809578E-003   0.0000000000000000     
  -3.1680000000000001        0.0000000000000000        1.9557686725645003E-003   0.0000000000000000     
  -2.9700000000000002        0.0000000000000000        2.2788361779296253E-003   0.0000000000000000     
  -2.7720000000000002        0.0000000000000000        2.6518087108339350E-003   0.0000000000000000     
  -2.5740000000000003        0.0000000000000000        3.0817104216206244E-003   0.0000000000000000     
  -2.3760000000000003        0.0000000000000000        3.5792760625451888E-003   0.0000000000000000     
  -2.1779999999999999        0.0000000000000000        4.1517669701487013E-003   0.0000000000000000     
  -1.9800000000000000        0.0000000000000000        4.8080644247097317E-003   0.0000000000000000     
  -1.7820000000000000        0.0000000000000000        5.5757382070475703E-003   0.0000000000000000     
  -1.5840000000000001        0.0000000000000000        6.4693975970681441E-003   0.0000000000000000     
  -1.3860000000000001        0.0000000000000000        7.4805184983557415E-003   0.0000000000000000     
  -1.1880000000000002        0.0000000000000000        8.5896014528283431E-003   0.0000000000000000     
 -0.98999999999999999        0.0000000000000000        9.7701924350655171E-003   0.0000000000000000     
 -0.79200000000000004        0.0000000000000000        1.0975290289473074E-002   0.0000000000000000     
 -0.59400000000000008        0.0000000000000000        1.2121406280523356E-002   0.0000000000000000     
 -0.39600000000000002        0.0000000000000000        1.3100944848182656E-002   0.0000000000000000     
 -0.19800000000000001        0.0000000000000000        1.3774904493496469E-002   0.0000000000000000     
   0.0000000000000000        0.0000000000000000        1.4014882372992565E-002   0.0000000000000000     
  0.19800000000000001        0.0000000000000000        1.3774904493496469E-002   0.0000000000000000     
  0.39600000000000002        0.0000000000000000        1.3100944848182656E-002   0.0000000000000000     
  0.59400000000000008        0.0000000000000000        1.2121406280523356E-002   0.0000000000000000     
  0.79200000000000004        0.0000000000000000        1.0975290289473074E-002   0.0000000000000000     
  0.98999999999999999        0.0000000000000000        9.7701924350655171E-003   0.0000000000000000     
   1.1880000000000002        0.0000000000000000        8.5896014528283431E-003   0.0000000000000000     
   1.3860000000000001        0.0000000000000000        7.4805184983557415E-003   0.0000000000000000     
   1.5840000000000001        0.0000000000000000        6.4693975970681441E-003   0.0000000000000000     
   1.7820000000000000        0.0000000000000000        5.5757382070475703E-003   0.0000000000000000     
   1.9800000000000000        0.0000000000000000        4.8080644247097317E-003   0.0000000000000000     
   2.1779999999999999        0.0000000000000000        4.1517669701487013E-003   0.0000000000000000     
   2.3760000000000003        0.0000000000000000        3.5792760625451888E-003   0.0000000000000000     
   2.5740000000000003        0.0000000000000000        3.0817104216206244E-003   0.0000000000000000     
   2.7720000000000002        0.0000000000000000        2.6518087108339350E-003   0.0000000000000000     
   2.9700000000000002        0.0000000000000000        2.2788361779296253E-003   0.0000000000000000     
   3.1680000000000001        0.0000000000000000        1.9557686725645003E-003   0.0000000000000000     
   3.3660000000000001        0.0000000000000000        1.6800107916809578E-003   0.0000000000000000     
   3.5640000000000001        0.0000000000000000        1.4449174642989795E-003   0.0000000000000000     
   3.7620000000000000        0.0000000000000000        1.2437931291777030E-003   0.0000000000000000     
   3.9600000000000000        0.0000000000000000        1.0720776657008762E-003   0.0000000000000000     
   4.1580000000000004        0.0000000000000000        9.2590834517334859E-004   0.0000000000000000     
   4.3559999999999999        0.0000000000000000        8.0174940853033221E-004   0.0000000000000000     
   4.5540000000000003        0.0000000000000000        6.9640074500076075E-004   0.0000000000000000     
   4.7520000000000007        0.0000000000000000        6.0703644660722227E-004   0.0000000000000000     
   4.9500000000000002        0.0000000000000000        5.3120687659787469E-004   0.0000000000000000     
   5.1480000000000006        0.0000000000000000        4.6681476383000372E-004   0.0000000000000000     
   5.3460000000000001        0.0000000000000000        4.1207808336249981E-004   0.0000000000000000     
   5.5440000000000005        0.0000000000000000        3.6548971390697768E-004   0.0000000000000000     
   5.7420000000000000        0.0000000000000000        3.2577872508608832E-004   0.0000000000000000     
   5.9400000000000004        0.0000000000000000        2.9187500571377958E-004   0.0000000000000000     
   6.1379999999999999        0.0000000000000000        2.6287810615221400E-004   0.0000000000000000     
   6.3360000000000003        0.0000000000000000        2.3803061623146293E-004   0.0000000000000000     
   6.5340000000000007        0.0000000000000000        2.1669518568470891E-004   0.0000000000000000     
   6.7320000000000002        0.0000000000000000        1.9833532079233714E-004   0.0000000000000000     
   6.9300000000000006        0.0000000000000000        1.8249915483758731E-004   0.0000000000000000     
   7.1280000000000001        0.0000000000000000        1.6880572065393039E-004   0.0000000000000000     
   7.3260000000000005        0.0000000000000000        1.5693369268212254E-004   0.0000000000000000     
   7.5240000000000000        0.0000000000000000        1.4661164480149645E-004   0.0000000000000000     
   7.7220000000000004        0.0000000000000000        1.3761027920434837E-004   0.0000000000000000     
   7.9199999999999999        0.0000000000000000        1.2973552857638036E-004   0.0000000000000000     
   8.1180000000000003        0.0000000000000000        1.2282312763420321E-004   0.0000000000000000     
   8.3160000000000007        0.0000000000000000        1.1673379694873375E-004   0.0000000000000000     
   8.5140000000000011        0.0000000000000000        1.1134944902072221E-004   0.0000000000000000     
   8.7119999999999997        0.0000000000000000        1.0656977356998676E-004   0.0000000000000000     
   8.9100000000000001        0.0000000000000000        1.0230955067754088E-004   0.0000000000000000     
   9.1080000000000005        0.0000000000000000        9.8496302301289185E-005   0.0000000000000000     
   9.3060000000000009        0.0000000000000000        9.5068332381676848E-005   0.0000000000000000     
   9.5040000000000013        0.0000000000000000        9.1973057815730009E-005   0.0000000000000000     
   9.7020000000000000        0.0000000000000000        8.9165727011199835E-005   0.0000000000000000     
   9.9000000000000004        0.0000000000000000        8.6608114566387445E-005   0.0000000000000000     
   10.098000000000001        0.0000000000000000        8.4267626087451521E-005   0.0000000000000000     
   10.296000000000001        0.0000000000000000        8.2116420689569577E-005   0.0000000000000000     
   10.494000000000000        0.0000000000000000        8.0130724444354081E-005   0.0000000000000000     
   10.692000000000000        0.0000000000000000        7.8290238134553632E-005   0.0000000000000000     
   10.890000000000001        0.0000000000000000        7.6577628761642912E-005   0.0000000000000000     
   11.088000000000001        0.0000000000000000        7.4978095513233037E-005   0.0000000000000000     
   11.286000000000001        0.0000000000000000        7.3479006507204869E-005   0.0000000000000000     
   11.484000000000000        0.0000000000000000        7.2069602920776622E-005   0.0000000000000000     
   11.682000000000000        0.0000000000000000        7.0740743317583175E-005   0.0000000000000000     
   11.880000000000001        0.0000000000000000        6.9484665246061350E-005   0.0000000000000000     
   12.078000000000001        0.0000000000000000        6.8294811446933633E-005   0.0000000000000000     
   12.276000000000000        0.0000000000000000        6.7165689220006016E-005   0.0000000000000000     
   12.474000000000000        0.0000000000000000        6.6092708248795769E-005   0.0000000000000000     
   12.672000000000001        0.0000000000000000        6.5072103199937368E-005   0.0000000000000000     
   12.870000000000001        0.0000000000000000        6.4100823302459207E-005   0.0000000000000000     
   13.068000000000001        0.0000000000000000        6.3176459968226125E-005   0.0000000000000000     
   13.266000000000000        0.0000000000000000        6.2297187979647829E-005   0.0000000000000000     
   13.464000000000000        0.0000000000000000        6.1461741875163976E-005   0.0000000000000000     
   13.662000000000001        0.0000000000000000        6.0669336717586672E-005   0.0000000000000000     
   13.860000000000001        0.0000000000000000        5.9919673633592369E-005   0.0000000000000000     
   14.058000000000000        0.0000000000000000        5.9212911448354536E-005   0.0000000000000000     
   14.256000000000000        0.0000000000000000        5.8549659291753195E-005   0.0000000000000000     
   14.454000000000001        0.0000000000000000        5.7930968191021160E-005   0.0000000000000000     
   14.652000000000001        0.0000000000000000        5.7358339029825625E-005   0.0000000000000000     
   14.850000000000001        0.0000000000000000        5.6833735618372595E-005   0.0000000000000000     
   15.048000000000000        0.0000000000000000        5.6359587563069027E-005   0.0000000000000000     
   15.246000000000000        0.0000000000000000        5.5938800164516499E-005   0.0000000000000000     
   15.444000000000001        0.0000000000000000        5.5574774278309206E-005   0.0000000000000000     
   15.642000000000001        0.0000000000000000        5.5271397940085391E-005   0.0000000000000000     
   15.840000000000000        0.0000000000000000        5.5033041648767876E-005   0.0000000000000000     
   16.038000000000000        0.0000000000000000        5.4864517391966525E-005   0.0000000000000000     
   16.236000000000001        0.0000000000000000        5.4770990662211314E-005   0.0000000000000000     
   16.434000000000001        0.0000000000000000        5.4757826668989994E-005   0.0000000000000000     
   16.632000000000001        0.0000000000000000        5.4827063657293841E-005   0.0000000000000000     
   16.830000000000002        0.0000000000000000        5.4988903308162736E-005   0.0000000000000000     
   17.028000000000002        0.0000000000000000        5.5244724874079226E-005   0.0000000000000000     
   17.225999999999999        0.0000000000000000        5.5595412614223705E-005   0.0000000000000000     
   17.423999999999999        0.0000000000000000        5.6037650639483011E-005   0.0000000000000000     
   17.622000000000000        0.0000000000000000        5.6566800438179822E-005   0.0000000000000000     
   17.820000000000000        0.0000000000000000        5.7150247224392467E-005   0.0000000000000000     
   18.018000000000001        0.0000000000000000        5.7736950720589444E-005   0.0000000000000000     
   18.216000000000001        0.0000000000000000        5.8256456913705750E-005   0.0000000000000000     
   18.414000000000001        0.0000000000000000        5.8554642087265940E-005   0.0000000000000000     
   18.612000000000002        0.0000000000000000        5.8376495511511581E-005   0.0000000000000000     
   18.810000000000002        0.0000000000000000        5.7265456018919838E-005   0.0000000000000000     
   19.008000000000003        0.0000000000000000        5.4518734959257925E-005   0.0000000000000000     
   19.206000000000000        0.0000000000000000        4.8869913903747448E-005   0.0000000000000000     
   19.404000000000000        0.0000000000000000        3.8699943112118298E-005   0.0000000000000000     
   19.602000000000000        0.0000000000000000        2.3082649969613223E-005   0.0000000000000000     
