  -19.602000000000000        0.0000000000000000        9.9691871708537135E-006   0.0000000000000000     
  -19.404000000000000        0.0000000000000000        1.1956706139639200E-005   0.0000000000000000     
  -19.206000000000000        0.0000000000000000        1.3151618226341397E-005   0.0000000000000000     
  -19.008000000000003        0.0000000000000000        1.3810611202279142E-005   0.0000000000000000     
  -18.810000000000002        0.0000000000000000        1.4189932424547901E-005   0.0000000000000000     
  -18.612000000000002        0.0000000000000000        1.4445124036968926E-005   0.0000000000000000     
  -18.414000000000001        0.0000000000000000        1.4653900128055307E-005   0.0000000000000000     
  -18.216000000000001        0.0000000000000000        1.4849797410121010E-005   0.0000000000000000     
  -18.018000000000001        0.0000000000000000        1.5049790461445391E-005   0.0000000000000000     
  -17.820000000000000        0.0000000000000000        1.5258727781598574E-005   0.0000000000000000     
  -17.622000000000000        0.0000000000000000        1.5477047751517165E-005   0.0000000000000000     
  -17.423999999999999        0.0000000000000000        1.5708107111423280E-005   0.0000000000000000     
  -17.225999999999999        0.0000000000000000        1.5947157750734525E-005   0.0000000000000000     
  -17.028000000000002        0.0000000000000000        1.6194044787713937E-005   0.0000000000000000     
  -16.830000000000002        0.0000000000000000        1.6449518852114418E-005   0.0000000000000000     
  -16.632000000000001        0.0000000000000000        1.6710906011596311E-005   0.0000000000000000     
  -16.434000000000001        0.0000000000000000        1.6978388725763644E-005   0.0000000000000000     
  -16.236000000000001        0.0000000000000000        1.7252266387175925E-005   0.0000000000000000     
  -16.038000000000000        0.0000000000000000        1.7532916029803600E-005   0.0000000000000000     
  -15.840000000000000        0.0000000000000000        1.7820759122857079E-005   0.0000000000000000     
  -15.642000000000001        0.0000000000000000        1.8116248310041380E-005   0.0000000000000000     
  -15.444000000000001        0.0000000000000000        1.8419854728433803E-005   0.0000000000000000     
  -15.246000000000000        0.0000000000000000        1.8732066689398855E-005   0.0000000000000000     
  -15.048000000000000        0.0000000000000000        1.9053387813818479E-005   0.0000000000000000     
  -14.850000000000001        0.0000000000000000        1.9384341864105241E-005   0.0000000000000000     
  -14.652000000000001        0.0000000000000000        1.9725472689560706E-005   0.0000000000000000     
  -14.454000000000001        0.0000000000000000        2.0077350199976383E-005   0.0000000000000000     
  -14.256000000000000        0.0000000000000000        2.0440575457391426E-005   0.0000000000000000     
  -14.058000000000000        0.0000000000000000        2.0815781469580978E-005   0.0000000000000000     
  -13.860000000000001        0.0000000000000000        2.1203641069861665E-005   0.0000000000000000     
  -13.662000000000001        0.0000000000000000        2.1604870390870460E-005   0.0000000000000000     
  -13.464000000000000        0.0000000000000000        2.2020232369521614E-005   0.0000000000000000     
  -13.266000000000000        0.0000000000000000        2.2450542817130532E-005   0.0000000000000000     
  -13.068000000000001        0.0000000000000000        2.2896673350208337E-005   0.0000000000000000     
  -12.870000000000001        0.0000000000000000        2.3359558561825184E-005   0.0000000000000000     
  -12.672000000000001        0.0000000000000000        2.3840201878529856E-005   0.0000000000000000     
  -12.474000000000000        0.0000000000000000        2.4339678093371715E-005   0.0000000000000000     
  -12.276000000000000        0.0000000000000000        2.4859145749018788E-005   0.0000000000000000     
  -12.078000000000001        0.0000000000000000        2.5399847822184384E-005   0.0000000000000000     
  -11.880000000000001        0.0000000000000000        2.5963124266077888E-005   0.0000000000000000     
  -11.682000000000000        0.0000000000000000        2.6550421448424446E-005   0.0000000000000000     
  -11.484000000000000        0.0000000000000000        2.7163295863029748E-005   0.0000000000000000     
  -11.286000000000001        0.0000000000000000        2.7803433161192880E-005   0.0000000000000000     
  -11.088000000000001        0.0000000000000000        2.8472651841498836E-005   0.0000000000000000     
  -10.890000000000001        0.0000000000000000        2.9172924121437052E-005   0.0000000000000000     
  -10.692000000000000        0.0000000000000000        2.9906386956019305E-005   0.0000000000000000     
  -10.494000000000000        0.0000000000000000        3.0675358216337845E-005   0.0000000000000000     
  -10.296000000000001        0.0000000000000000        3.1482359770589677E-005   0.0000000000000000     
  -10.098000000000001        0.0000000000000000        3.2330132973264294E-005   0.0000000000000000     
  -9.9000000000000004        0.0000000000000000        3.3221668107407809E-005   0.0000000000000000     
  -9.7020000000000000        0.0000000000000000        3.4160231639014520E-005   0.0000000000000000     
  -9.5040000000000013        0.0000000000000000        3.5149393174243968E-005   0.0000000000000000     
  -9.3060000000000009        0.0000000000000000        3.6193065679190829E-005   0.0000000000000000     
  -9.1080000000000005        0.0000000000000000        3.7295541772814512E-005   0.0000000000000000     
  -8.9100000000000001        0.0000000000000000        3.8461546430959850E-005   0.0000000000000000     
  -8.7119999999999997        0.0000000000000000        3.9696285563508455E-005   0.0000000000000000     
  -8.5140000000000011        0.0000000000000000        4.1005510978809400E-005   0.0000000000000000     
  -8.3160000000000007        0.0000000000000000        4.2395593367564417E-005   0.0000000000000000     
  -8.1180000000000003        0.0000000000000000        4.3873597362152025E-005   0.0000000000000000     
  -7.9199999999999999        0.0000000000000000        4.5447392917735078E-005   0.0000000000000000     
  -7.7220000000000004        0.0000000000000000        4.7125753573334085E-005   0.0000000000000000     
  -7.5240000000000000        0.0000000000000000        4.8918504716394765E-005   0.0000000000000000     
  -7.3260000000000005        0.0000000000000000        5.0836659253835657E-005   0.0000000000000000     
  -7.1280000000000001        0.0000000000000000        5.2892622305541565E-005   0.0000000000000000     
  -6.9300000000000006        0.0000000000000000        5.5100386967856587E-005   0.0000000000000000     
  -6.7320000000000002        0.0000000000000000        5.7475804851512444E-005   0.0000000000000000     
  -6.5340000000000007        0.0000000000000000        6.0036884279913581E-005   0.0000000000000000     
  -6.3360000000000003        0.0000000000000000        6.2804140366530536E-005   0.0000000000000000     
  -6.1379999999999999        0.0000000000000000        6.5801043618163676E-005   0.0000000000000000     
  -5.9400000000000004        0.0000000000000000        6.9054507061794360E-005   0.0000000000000000     
  -5.7420000000000000        0.0000000000000000        7.2595503581283273E-005   0.0000000000000000     
  -5.5440000000000005        0.0000000000000000        7.6459790110288388E-005   0.0000000000000000     
  -5.3460000000000001        0.0000000000000000        8.0688728775940661E-005   0.0000000000000000     
  -5.1480000000000006        0.0000000000000000        8.5330282510496033E-005   0.0000000000000000     
  -4.9500000000000002        0.0000000000000000        9.0440099861134507E-005   0.0000000000000000     
  -4.7520000000000007        0.0000000000000000        9.6082704021296683E-005   0.0000000000000000     
  -4.5540000000000003        0.0000000000000000        1.0233263200718353E-004   0.0000000000000000     
  -4.3559999999999999        0.0000000000000000        1.0927533949961219E-004   0.0000000000000000     
  -4.1580000000000004        0.0000000000000000        1.1700731232468472E-004   0.0000000000000000     
  -3.9600000000000000        0.0000000000000000        1.2563452541080838E-004   0.0000000000000000     
  -3.7620000000000000        0.0000000000000000        1.3526716337615002E-004   0.0000000000000000     
  -3.5640000000000001        0.0000000000000000        1.4600623571395764E-004   0.0000000000000000     
  -3.3660000000000001        0.0000000000000000        1.5791120068861709E-004   0.0000000000000000     
  -3.1680000000000001        0.0000000000000000        1.7092120850984002E-004   0.0000000000000000     
  -2.9700000000000002        0.0000000000000000        1.8467827139114715E-004   0.0000000000000000     
  -2.7720000000000002        0.0000000000000000        1.9834937637332515E-004   0.0000000000000000     
  -2.5740000000000003        0.0000000000000000        2.1206589790726522E-004   0.0000000000000000     
  -2.3760000000000003        0.0000000000000000        2.2823091928515207E-004   0.0000000000000000     
  -2.1779999999999999        0.0000000000000000        2.4766352452343783E-004   0.0000000000000000     
  -1.9800000000000000        0.0000000000000000        2.6979998916100179E-004   0.0000000000000000     
  -1.7820000000000000        0.0000000000000000        2.9462489472542185E-004   0.0000000000000000     
  -1.5840000000000001        0.0000000000000000        3.2142979482607516E-004   0.0000000000000000     
  -1.3860000000000001        0.0000000000000000        3.4930940814209002E-004   0.0000000000000000     
  -1.1880000000000002        0.0000000000000000        3.7686328323577789E-004   0.0000000000000000     
 -0.98999999999999999        0.0000000000000000        4.0190368678664915E-004   0.0000000000000000     
 -0.79200000000000004        0.0000000000000000        4.2406418103899536E-004   0.0000000000000000     
 -0.59400000000000008        0.0000000000000000        4.4269836461913647E-004   0.0000000000000000     
 -0.39600000000000002        0.0000000000000000        4.5606598195021121E-004   0.0000000000000000     
 -0.19800000000000001        0.0000000000000000        4.6460125655015691E-004   0.0000000000000000     
   0.0000000000000000        0.0000000000000000        4.6747404961425021E-004   0.0000000000000000     
  0.19800000000000001        0.0000000000000000        4.6460125655015691E-004   0.0000000000000000     
  0.39600000000000002        0.0000000000000000        4.5606598195021121E-004   0.0000000000000000     
  0.59400000000000008        0.0000000000000000        4.4269836461913647E-004   0.0000000000000000     
  0.79200000000000004        0.0000000000000000        4.2406418103899536E-004   0.0000000000000000     
  0.98999999999999999        0.0000000000000000        4.0190368678664915E-004   0.0000000000000000     
   1.1880000000000002        0.0000000000000000        3.7686328323577789E-004   0.0000000000000000     
   1.3860000000000001        0.0000000000000000        3.4930940814209002E-004   0.0000000000000000     
   1.5840000000000001        0.0000000000000000        3.2142979482607516E-004   0.0000000000000000     
   1.7820000000000000        0.0000000000000000        2.9462489472542185E-004   0.0000000000000000     
   1.9800000000000000        0.0000000000000000        2.6979998916100179E-004   0.0000000000000000     
   2.1779999999999999        0.0000000000000000        2.4766352452343783E-004   0.0000000000000000     
   2.3760000000000003        0.0000000000000000        2.2823091928515207E-004   0.0000000000000000     
   2.5740000000000003        0.0000000000000000        2.1206589790726522E-004   0.0000000000000000     
   2.7720000000000002        0.0000000000000000        1.9834937637332515E-004   0.0000000000000000     
   2.9700000000000002        0.0000000000000000        1.8467827139114715E-004   0.0000000000000000     
   3.1680000000000001        0.0000000000000000        1.7092120850984002E-004   0.0000000000000000     
   3.3660000000000001        0.0000000000000000        1.5791120068861709E-004   0.0000000000000000     
   3.5640000000000001        0.0000000000000000        1.4600623571395764E-004   0.0000000000000000     
   3.7620000000000000        0.0000000000000000        1.3526716337615002E-004   0.0000000000000000     
   3.9600000000000000        0.0000000000000000        1.2563452541080838E-004   0.0000000000000000     
   4.1580000000000004        0.0000000000000000        1.1700731232468472E-004   0.0000000000000000     
   4.3559999999999999        0.0000000000000000        1.0927533949961219E-004   0.0000000000000000     
   4.5540000000000003        0.0000000000000000        1.0233263200718353E-004   0.0000000000000000     
   4.7520000000000007        0.0000000000000000        9.6082704021296683E-005   0.0000000000000000     
   4.9500000000000002        0.0000000000000000        9.0440099861134507E-005   0.0000000000000000     
   5.1480000000000006        0.0000000000000000        8.5330282510496033E-005   0.0000000000000000     
   5.3460000000000001        0.0000000000000000        8.0688728775940661E-005   0.0000000000000000     
   5.5440000000000005        0.0000000000000000        7.6459790110288388E-005   0.0000000000000000     
   5.7420000000000000        0.0000000000000000        7.2595503581283273E-005   0.0000000000000000     
   5.9400000000000004        0.0000000000000000        6.9054507061794360E-005   0.0000000000000000     
   6.1379999999999999        0.0000000000000000        6.5801043618163676E-005   0.0000000000000000     
   6.3360000000000003        0.0000000000000000        6.2804140366530536E-005   0.0000000000000000     
   6.5340000000000007        0.0000000000000000        6.0036884279913581E-005   0.0000000000000000     
   6.7320000000000002        0.0000000000000000        5.7475804851512444E-005   0.0000000000000000     
   6.9300000000000006        0.0000000000000000        5.5100386967856587E-005   0.0000000000000000     
   7.1280000000000001        0.0000000000000000        5.2892622305541565E-005   0.0000000000000000     
   7.3260000000000005        0.0000000000000000        5.0836659253835657E-005   0.0000000000000000     
   7.5240000000000000        0.0000000000000000        4.8918504716394765E-005   0.0000000000000000     
   7.7220000000000004        0.0000000000000000        4.7125753573334085E-005   0.0000000000000000     
   7.9199999999999999        0.0000000000000000        4.5447392917735078E-005   0.0000000000000000     
   8.1180000000000003        0.0000000000000000        4.3873597362152025E-005   0.0000000000000000     
   8.3160000000000007        0.0000000000000000        4.2395593367564417E-005   0.0000000000000000     
   8.5140000000000011        0.0000000000000000        4.1005510978809400E-005   0.0000000000000000     
   8.7119999999999997        0.0000000000000000        3.9696285563508455E-005   0.0000000000000000     
   8.9100000000000001        0.0000000000000000        3.8461546430959850E-005   0.0000000000000000     
   9.1080000000000005        0.0000000000000000        3.7295541772814512E-005   0.0000000000000000     
   9.3060000000000009        0.0000000000000000        3.6193065679190829E-005   0.0000000000000000     
   9.5040000000000013        0.0000000000000000        3.5149393174243968E-005   0.0000000000000000     
   9.7020000000000000        0.0000000000000000        3.4160231639014520E-005   0.0000000000000000     
   9.9000000000000004        0.0000000000000000        3.3221668107407809E-005   0.0000000000000000     
   10.098000000000001        0.0000000000000000        3.2330132973264294E-005   0.0000000000000000     
   10.296000000000001        0.0000000000000000        3.1482359770589677E-005   0.0000000000000000     
   10.494000000000000        0.0000000000000000        3.0675358216337845E-005   0.0000000000000000     
   10.692000000000000        0.0000000000000000        2.9906386956019305E-005   0.0000000000000000     
   10.890000000000001        0.0000000000000000        2.9172924121437052E-005   0.0000000000000000     
   11.088000000000001        0.0000000000000000        2.8472651841498836E-005   0.0000000000000000     
   11.286000000000001        0.0000000000000000        2.7803433161192880E-005   0.0000000000000000     
   11.484000000000000        0.0000000000000000        2.7163295863029748E-005   0.0000000000000000     
   11.682000000000000        0.0000000000000000        2.6550421448424446E-005   0.0000000000000000     
   11.880000000000001        0.0000000000000000        2.5963124266077888E-005   0.0000000000000000     
   12.078000000000001        0.0000000000000000        2.5399847822184384E-005   0.0000000000000000     
   12.276000000000000        0.0000000000000000        2.4859145749018788E-005   0.0000000000000000     
   12.474000000000000        0.0000000000000000        2.4339678093371715E-005   0.0000000000000000     
   12.672000000000001        0.0000000000000000        2.3840201878529856E-005   0.0000000000000000     
   12.870000000000001        0.0000000000000000        2.3359558561825184E-005   0.0000000000000000     
   13.068000000000001        0.0000000000000000        2.2896673350208337E-005   0.0000000000000000     
   13.266000000000000        0.0000000000000000        2.2450542817130532E-005   0.0000000000000000     
   13.464000000000000        0.0000000000000000        2.2020232369521614E-005   0.0000000000000000     
   13.662000000000001        0.0000000000000000        2.1604870390870460E-005   0.0000000000000000     
   13.860000000000001        0.0000000000000000        2.1203641069861665E-005   0.0000000000000000     
   14.058000000000000        0.0000000000000000        2.0815781469580978E-005   0.0000000000000000     
   14.256000000000000        0.0000000000000000        2.0440575457391426E-005   0.0000000000000000     
   14.454000000000001        0.0000000000000000        2.0077350199976383E-005   0.0000000000000000     
   14.652000000000001        0.0000000000000000        1.9725472689560706E-005   0.0000000000000000     
   14.850000000000001        0.0000000000000000        1.9384341864105241E-005   0.0000000000000000     
   15.048000000000000        0.0000000000000000        1.9053387813818479E-005   0.0000000000000000     
   15.246000000000000        0.0000000000000000        1.8732066689398855E-005   0.0000000000000000     
   15.444000000000001        0.0000000000000000        1.8419854728433803E-005   0.0000000000000000     
   15.642000000000001        0.0000000000000000        1.8116248310041380E-005   0.0000000000000000     
   15.840000000000000        0.0000000000000000        1.7820759122857079E-005   0.0000000000000000     
   16.038000000000000        0.0000000000000000        1.7532916029803600E-005   0.0000000000000000     
   16.236000000000001        0.0000000000000000        1.7252266387175925E-005   0.0000000000000000     
   16.434000000000001        0.0000000000000000        1.6978388725763644E-005   0.0000000000000000     
   16.632000000000001        0.0000000000000000        1.6710906011596311E-005   0.0000000000000000     
   16.830000000000002        0.0000000000000000        1.6449518852114418E-005   0.0000000000000000     
   17.028000000000002        0.0000000000000000        1.6194044787713937E-005   0.0000000000000000     
   17.225999999999999        0.0000000000000000        1.5947157750734525E-005   0.0000000000000000     
   17.423999999999999        0.0000000000000000        1.5708107111423280E-005   0.0000000000000000     
   17.622000000000000        0.0000000000000000        1.5477047751517165E-005   0.0000000000000000     
   17.820000000000000        0.0000000000000000        1.5258727781598574E-005   0.0000000000000000     
   18.018000000000001        0.0000000000000000        1.5049790461445391E-005   0.0000000000000000     
   18.216000000000001        0.0000000000000000        1.4849797410121010E-005   0.0000000000000000     
   18.414000000000001        0.0000000000000000        1.4653900128055307E-005   0.0000000000000000     
   18.612000000000002        0.0000000000000000        1.4445124036968926E-005   0.0000000000000000     
   18.810000000000002        0.0000000000000000        1.4189932424547901E-005   0.0000000000000000     
   19.008000000000003        0.0000000000000000        1.3810611202279142E-005   0.0000000000000000     
   19.206000000000000        0.0000000000000000        1.3151618226341397E-005   0.0000000000000000     
   19.404000000000000        0.0000000000000000        1.1956706139639200E-005   0.0000000000000000     
   19.602000000000000        0.0000000000000000        9.9691871708537135E-006   0.0000000000000000     
